node1,node2,length,startLon,startLat,endLon,endLat,endNodeL,startNodeL,startYear,endYear,tipLabel
1332,1333,0.00218570213424818,-96.1196383980627,39.039482803319,-97.2854362383818,40.1606029960372,0.285425032801182,0.283239330666934,2024.79391661599,2024.79610231813,NA
987,988,0.0129586974992517,-115.871602895153,44.018235010487,-115.348210297716,42.916844210756,0.299236326755046,0.286277629255794,2024.79695491458,2024.80991361208,NA
857,858,0.0250868636399348,-92.1492804936544,40.4836373497998,-96.9335305300272,41.574192919569,0.306764492109127,0.281677628469193,2024.79235491379,2024.81744177743,NA
730,731,0.00731007330287881,-70.2719129003787,41.9784933210879,-71.9884994990317,42.3264269451243,0.307816363775035,0.300506290472156,2024.8111835758,2024.8184936491,NA
1232,1233,0.00526786085054387,-79.2777943039532,34.5121650529011,-79.0396675738411,34.6355789118796,0.311007460190608,0.305739599340064,2024.81641688466,2024.82168474552,NA
1241,1242,0.0107548713643653,-146.176886314258,61.7592964786968,-144.985059553238,61.464046731383,0.317971821206054,0.307216949841688,2024.81789423517,2024.82864910653,NA
731,732,0.0106707913455046,-71.9884994990317,42.3264269451243,-72.6265611961941,39.5451519962651,0.31848715512054,0.307816363775035,2024.8184936491,2024.82916444045,NA
777,778,0.000419032153928134,-72.8952203035842,42.5414504357219,-72.7662403968319,42.5764448021701,0.318864970627198,0.31844593847327,2024.8291232238,2024.82954225595,NA
1233,1234,0.00853928950160476,-79.0396675738411,34.6355789118796,-77.174370594874,34.4697361056356,0.319546749692213,0.311007460190608,2024.82168474552,2024.83022403502,NA
900,901,0.0286917877390398,-83.9816953141978,40.9876997910834,-81.8630355478618,41.7595150967758,0.321533026062501,0.292841238323461,2024.80351852365,2024.83221031139,NA
699,701,0.0110300525109071,-93.378171891148,41.6986316083968,-91.5749974037117,42.1779232196419,0.321706895810186,0.310676843299279,2024.82135412862,2024.83238418114,NA
1333,1334,0.0379255498048903,-97.2854362383818,40.1606029960372,-97.4518133685828,40.3799313202722,0.323350582606072,0.285425032801182,2024.79610231813,2024.83402786793,NA
1201,1220,0.0190581903347928,-76.5699598937059,35.9352438042978,-76.349692907673,35.9604943107674,0.324186243055126,0.305128052720333,2024.81580533805,2024.83486352838,NA
946,947,0.0459189698960989,-89.9267963000025,43.49866611929,-90.7675201040354,44.2441147426379,0.32521227324831,0.279293303352211,2024.78997058868,2024.83588955857,NA
699,700,0.0147535215946224,-93.378171891148,41.6986316083968,-93.4035066346562,42.015903569947,0.325430364893901,0.310676843299279,2024.82135412862,2024.83610765022,NA
848,849,0.0120256771403224,-88.0805902735233,38.8344522462785,-87.4587875653935,37.524315996587,0.329843687903966,0.317818010763643,2024.82849529609,2024.84052097323,NA
1003,1004,0.00836007128346017,-104.803904804301,45.6935066387683,-104.910119166848,45.8184456846248,0.33096575766754,0.32260568638408,2024.83328297171,2024.84164304299,NA
1334,1335,0.00795862154737259,-97.4518133685828,40.3799313202722,-95.1949346783461,40.0019345504835,0.331309204153445,0.323350582606072,2024.83402786793,2024.84198648948,NA
1004,1009,0.000642584984755112,-104.910119166848,45.8184456846248,-104.747571846055,45.8077870159162,0.331608342652295,0.33096575766754,2024.84164304299,2024.84228562798,NA
1220,1221,0.00747152601264034,-76.349692907673,35.9604943107674,-76.0085961409208,36.114281490075,0.331657769067767,0.324186243055126,2024.83486352838,2024.84233505439,NA
1221,1231,0.000157471579285362,-76.0085961409208,36.114281490075,-75.8421014569188,35.8119107739418,0.331815240647052,0.331657769067767,2024.84233505439,2024.84249252597,NA
947,948,0.00955750968553382,-90.7675201040354,44.2441147426379,-90.0372627119868,42.052647422334,0.334769782933844,0.32521227324831,2024.83588955857,2024.84544706826,NA
731,736,0.0272136973673431,-71.9884994990317,42.3264269451243,-73.4107708549544,41.2364897709058,0.335030061142378,0.307816363775035,2024.8184936491,2024.84570734647,NA
778,782,0.0172131133825095,-72.7662403968319,42.5764448021701,-72.3849851237106,41.7778370650378,0.336078084009708,0.318864970627198,2024.82954225595,2024.84675536933,NA
1009,1115,0.00452750306738725,-104.747571846055,45.8077870159162,-103.650230970084,45.3808186816629,0.336135845719682,0.331608342652295,2024.84228562798,2024.84681313104,NA
992,993,0.0595955469269664,-96.0718516374249,38.1639206540807,-94.304535536686,37.2815909647914,0.336255629477823,0.276660082550856,2024.78733736788,2024.8469329148,NA
1293,1294,0.0146899632911373,-108.371648011281,34.6466072072398,-106.778012100132,36.0187257256676,0.337727294672183,0.323037331381045,2024.83371461671,2024.84840458,NA
1009,1010,0.0106783430247621,-104.747571846055,45.8077870159162,-104.593153497438,45.5738111702556,0.342286685677057,0.331608342652295,2024.84228562798,2024.852963971,NA
1322,1323,0.0142901929229819,-97.9120407505067,38.9287195627038,-98.387141015341,38.480722047495,0.34588275160083,0.331592558677848,2024.842269844,2024.85656003693,NA
858,859,0.041451106068455,-96.9335305300272,41.574192919569,-94.3982085732262,41.0029507664196,0.348215598177583,0.306764492109127,2024.81744177743,2024.8588928835,NA
948,949,0.0139778519463225,-90.0372627119868,42.052647422334,-92.885811377471,44.9472192553104,0.348747634880166,0.334769782933844,2024.84544706826,2024.8594249202,NA
730,738,0.0488344408477805,-70.2719129003787,41.9784933210879,-70.7636046022758,42.9420892964113,0.349340731319937,0.300506290472156,2024.8111835758,2024.86001801664,NA
1234,1237,0.0303426076659115,-77.174370594874,34.4697361056356,-78.0476974658384,35.4884436879399,0.349889357358124,0.319546749692213,2024.83022403502,2024.86056664268,NA
851,852,0.028212096374286,-91.0413349975722,41.1222005686893,-91.3568937047977,39.8826023867412,0.35013112712596,0.321919030751674,2024.83259631608,2024.86080841245,NA
1334,1337,0.0273686927469468,-97.4518133685828,40.3799313202722,-99.5664832669248,43.9739939421068,0.350719275353019,0.323350582606072,2024.83402786793,2024.86139656068,NA
1115,1173,0.0160146030316846,-103.650230970084,45.3808186816629,-105.956394964206,46.3970640275781,0.352150448751367,0.336135845719682,2024.84681313104,2024.86282773408,NA
1201,1202,0.0471858221033015,-76.5699598937059,35.9352438042978,-77.2921123480997,36.1468579658499,0.352313874823635,0.305128052720333,2024.81580533805,2024.86299116015,NA
713,714,0.0136386392007728,-91.9953491381309,44.8809672321323,-88.0874054253164,43.9662753481557,0.352476970064206,0.338838330863434,2024.84951561619,2024.86315425539,NA
1332,1339,0.0714685812481544,-96.1196383980627,39.039482803319,-94.7144400585847,39.8621782726295,0.354707911915088,0.283239330666934,2024.79391661599,2024.86538519724,NA
1004,1005,0.0248570311859988,-104.910119166848,45.8184456846248,-101.215161437421,44.7163725674103,0.355822788853539,0.33096575766754,2024.84164304299,2024.86650007418,NA
1005,1006,0.000259296920414931,-101.215161437421,44.7163725674103,-101.249744123991,44.7153164535164,0.356082085773954,0.355822788853539,2024.86650007418,2024.8667593711,NA
782,786,0.0206658170186693,-72.3849851237106,41.7778370650378,-71.1755368571349,42.1553474889992,0.356743901028377,0.336078084009708,2024.84675536933,2024.86742118635,NA
1173,1174,0.00551565795481812,-105.956394964206,46.3970640275781,-107.361067725814,47.3127120522285,0.357666106706185,0.352150448751367,2024.86282773408,2024.86834339203,NA
901,903,0.0362240828653018,-81.8630355478618,41.7595150967758,-82.4465650751091,41.3889147837683,0.357757108927802,0.321533026062501,2024.83221031139,2024.86843439425,NA
942,944,0.0216977271066714,-82.4143466088053,38.0794783075682,-84.2426866510084,36.570238470033,0.358723869149562,0.337026142042891,2024.84770342737,2024.86940115447,NA
738,739,0.0116362800344583,-70.7636046022758,42.9420892964113,-71.6440317525618,43.8297651621663,0.360977011354395,0.349340731319937,2024.86001801664,2024.87165429668,NA
1335,1336,0.0310638735935704,-95.1949346783461,40.0019345504835,-94.7341498318417,40.9171511706272,0.362373077747015,0.331309204153445,2024.84198648948,2024.87305036307,NA
769,770,0.00149323999268502,-74.4871799535266,42.6771602130475,-74.4701840936385,41.9981139049623,0.362464135705334,0.360970895712649,2024.87164818104,2024.87314142103,NA
1010,1012,0.0205180399371141,-104.593153497438,45.5738111702556,-95.1708800564237,44.1611427029642,0.362804725614171,0.342286685677057,2024.852963971,2024.87348201094,NA
1237,1238,0.0135006088902387,-78.0476974658384,35.4884436879399,-80.6710698473217,37.5078479689993,0.363389966248363,0.349889357358124,2024.86056664268,2024.87406725157,NA
693,694,0.0764170794409849,-97.0211346568593,42.1156496481303,-118.2560723566,43.4316748093071,0.363464331466965,0.28704725202598,2024.79772453735,2024.87414161679,NA
770,771,0.00202955500403235,-74.4701840936385,41.9981139049623,-74.9782007263119,41.6997597703622,0.364493690709367,0.362464135705334,2024.87314142103,2024.87517097603,NA
1202,1203,0.0124857563651168,-77.2921123480997,36.1468579658499,-72.7650991394945,37.6844844250047,0.364799631188752,0.352313874823635,2024.86299116015,2024.87547691651,NA
799,800,0.0118642030546585,-70.9687211466275,47.0878264919393,-70.0930098848488,47.920264339725,0.36492359187481,0.353059388820152,2024.86373667415,2024.8756008772,NA
736,737,0.0327798960813095,-73.4107708549544,41.2364897709058,-75.5404873695991,41.7168824408938,0.367809957223688,0.335030061142378,2024.84570734647,2024.87848724255,NA
701,708,0.0465991569166857,-91.5749974037117,42.1779232196419,-91.4111508849415,41.6773782699518,0.368306052726872,0.321706895810186,2024.83238418114,2024.87898333805,NA
732,733,0.0500507763219615,-72.6265611961941,39.5451519962651,-72.5549145881541,42.0744983700273,0.368537931442501,0.31848715512054,2024.82916444045,2024.87921521677,NA
746,747,0.0172418647243648,-72.7610728692295,41.7757570260679,-73.0716718804838,41.5805108037326,0.370563537559969,0.353321672835604,2024.86399895816,2024.88124082288,NA
1115,1116,0.0350796656767278,-103.650230970084,45.3808186816629,-103.621730376518,45.4624778884698,0.37121551139641,0.336135845719682,2024.84681313104,2024.88189279672,NA
942,943,0.0358611340743946,-82.4143466088053,38.0794783075682,-76.3753692676538,39.9532616978039,0.372887276117286,0.337026142042891,2024.84770342737,2024.88356456144,NA
852,853,0.0232560193660292,-91.3568937047977,39.8826023867412,-91.047063142098,42.0768025949245,0.373387146491989,0.35013112712596,2024.86080841245,2024.88406443182,NA
1339,1340,0.0187923287831324,-94.7144400585847,39.8621782726295,-95.6055147659718,40.7602951183638,0.37350024069822,0.354707911915088,2024.86538519724,2024.88417752602,NA
901,902,0.0521218520837707,-81.8630355478618,41.7595150967758,-81.9624961022213,41.03185183287,0.373654878146271,0.321533026062501,2024.83221031139,2024.88433216347,NA
1265,1266,0.0203622736442859,-82.3617724146708,30.1980995540035,-81.6364023174311,30.6863277873387,0.374232908448944,0.353870634804659,2024.86454792013,2024.88491019377,NA
859,860,0.0260776477746669,-94.3982085732262,41.0029507664196,-90.9491160417809,41.7799782686287,0.374293245952249,0.348215598177583,2024.8588928835,2024.88497053128,NA
1234,1235,0.0551243403577528,-77.174370594874,34.4697361056356,-80.2707897730468,31.457266375022,0.374671090049966,0.319546749692213,2024.83022403502,2024.88534837537,NA
782,783,0.0389939037961995,-72.3849851237106,41.7778370650378,-71.2722879439529,43.886337388945,0.375071987805907,0.336078084009708,2024.84675536933,2024.88574927313,NA
783,784,0.000306225629791879,-71.2722879439529,43.886337388945,-71.2721649148995,43.9358458366582,0.375378213435699,0.375071987805907,2024.88574927313,2024.88605549876,NA
1012,1013,0.0128252171560383,-95.1708800564237,44.1611427029642,-99.979194816426,44.4749845393264,0.37562994277021,0.362804725614171,2024.87348201094,2024.8863072281,NA
1010,1011,0.0334740075491693,-104.593153497438,45.5738111702556,-104.734844912514,45.9291113148749,0.375760693226227,0.342286685677057,2024.852963971,2024.88643797855,NA
1013,1014,0.000767888752493784,-99.979194816426,44.4749845393264,-100.736942713746,44.104625109029,0.376397831522703,0.37562994277021,2024.8863072281,2024.88707511685,NA
903,904,0.0190645055699774,-82.4465650751091,41.3889147837683,-84.6733905901491,40.6477080572266,0.37682161449778,0.357757108927802,2024.86843439425,2024.88749889982,NA
747,748,0.00628545191201613,-73.0716718804838,41.5805108037326,-74.7814553731071,41.7694391274283,0.376848989471985,0.370563537559969,2024.88124082288,2024.8875262748,NA
694,695,0.0137494437049916,-118.2560723566,43.4316748093071,-116.278926581758,42.8930335009608,0.377213775171957,0.363464331466965,2024.87414161679,2024.8878910605,NA
1242,571,0.0593290355456093,-144.985059553238,61.464046731383,-145.069960778967,60.9620954344982,0.377300856751663,0.317971821206054,2024.82864910653,2024.88797814208,SRR31914376|A/chicken/AK/24-035126-001-original/2024|H5N1|USA-AK|Unknown|2024-11-21|domestic_avian|D1.1
1006,1007,0.0226439247396455,-101.249744123991,44.7153164535164,-101.588951806456,42.3874629173598,0.378726010513599,0.356082085773954,2024.8667593711,2024.88940329584,NA
1286,1287,0.0584266916240794,-89.6701229507701,39.2553724477377,-87.4676163252294,38.4718201762686,0.378767169771932,0.320340478147852,2024.83101776347,2024.8894444551,NA
965,287,0.0413448141907151,-114.81181745044,34.9475017843073,-111.796085664011,32.8830125997287,0.380033097188789,0.338688282998074,2024.84936556832,2024.89071038251,SRR36617849|A/house_sparrow/AZ/24-036612-005/2024|H5N1|USA-AZ|Pinal|2024-11-22|wild_avian|D1.1
1279,1280,0.0728406467575953,-87.823095301821,38.9140129967083,-87.6154479199569,38.8466140820544,0.382682378812546,0.309841732054951,2024.82051901738,2024.89335966414,NA
940,137,0.106188409617223,-88.2081249346927,35.849911595613,-80.7885424958654,26.768440241645,0.382765337625915,0.276576928008692,2024.78725421333,2024.89344262295,SRR34491475|A/blue_winged_teal/FL/24-036665-004/2024|H5N1|USA-FL|Palm_Beach|2024-11-23|wild_avian|D1.1
944,136,0.0240414684763528,-84.2426866510084,36.570238470033,-84.8592689154913,31.0590289710824,0.382765337625915,0.358723869149562,2024.86940115447,2024.89344262295,SRR36617264|A/ring_necked_duck/GA/24-036176-004/2024|H5N1|USA-GA|Seminole|2024-11-23|wild_avian|D1.1
1351,662,0.0881318226673418,-93.7226869814148,30.9836930329799,-93.8273205724999,29.8981384817751,0.388229818500395,0.300097995833053,2024.81077528116,2024.89890710383,SRR34491454|A/blue_winged_teal/LA/24-035708-014/2024|H5N1|USA-LA|Cameron|2024-11-25|wild_avian|D1.1
726,46,0.0559611498100865,-90.2154247105742,39.6551947886383,-100.520525803138,43.6778644885489,0.388229818500395,0.332268668690308,2024.84294595402,2024.89890710383,SRR31914406|A/Turkey/SD/24-035288-003-original/2024|H5N1|USA-SD|Unknown|2024-11-25|domestic_avian|D1.1
965,288,0.049541535502321,-114.81181745044,34.9475017843073,-110.643780438233,32.7579044140425,0.388229818500395,0.338688282998074,2024.84936556832,2024.89890710383,SRR36617855|A/black_necked_stilt/AZ/24-036610-002/2024|H5N1|USA-AZ|Pinal|2024-11-25|wild_avian|D1.1
1221,1222,0.0584913181715776,-76.0085961409208,36.114281490075,-76.5528494602729,36.3624066428551,0.390149087239344,0.331657769067767,2024.84233505439,2024.90082637256,NA
948,128,0.0561922760036773,-90.0372627119868,42.052647422334,-90.6320715123256,42.0760853801921,0.390962058937521,0.334769782933844,2024.84544706826,2024.90163934426,SRR36628221|A/mallard_duck/IA/24-037337-003/2024|H5N1|USA-IA|Jackson|2024-11-26|wild_avian|D1.1
993,612,0.0547064294596986,-94.304535536686,37.2815909647914,-84.4140543522705,35.0030088416534,0.390962058937521,0.336255629477823,2024.8469329148,2024.90163934426,SRR31914398|A/chicken/TN/24-035519-005-original/2024|H5N1|USA-TN|Unknown|2024-11-26|domestic_avian|D1.1
944,945,0.0349392906618857,-84.2426866510084,36.570238470033,-93.2478022516165,44.9160035020604,0.393663159811448,0.358723869149562,2024.86940115447,2024.90434044514,NA
987,596,0.107416670118853,-115.871602895153,44.018235010487,-111.539639747984,45.7893836961952,0.393694299374647,0.286277629255794,2024.79695491458,2024.9043715847,SRR33508820|A/snow_goose/MT/24-035974-001/2024|H5N1|USA-MT|Gallatin|2024-11-27|wild_avian|D1.1
743,744,0.000332791337130933,-73.5644938858906,42.5098454456283,-73.2919691842858,42.2541327869024,0.399067427188888,0.398734635851757,2024.90941192118,2024.90974471251,NA
693,696,0.114601244784453,-97.0211346568593,42.1156496481303,-113.497099516781,44.0863745677444,0.401648496810433,0.28704725202598,2024.79772453735,2024.91232578214,NA
771,772,0.0377775550968973,-74.9782007263119,41.6997597703622,-75.8341267311856,41.6029517793567,0.402271245806264,0.364493690709367,2024.87517097603,2024.91294853113,NA
714,716,0.0499485086954174,-88.0874054253164,43.9662753481557,-89.3581619779785,43.1978008812812,0.402425478759624,0.352476970064206,2024.86315425539,2024.91310276408,NA
786,787,0.0461004855309688,-71.1755368571349,42.1553474889992,-71.8611729495164,41.6865392085571,0.402844386559346,0.356743901028377,2024.86742118635,2024.91352167188,NA
772,773,0.000949287807860966,-75.8341267311856,41.6029517793567,-75.0562825249988,40.9098039997258,0.403220533614125,0.402271245806264,2024.91294853113,2024.91389781894,NA
1233,1239,0.092643938252829,-79.0396675738411,34.6355789118796,-75.9310730027187,38.4934038283155,0.403651398443437,0.311007460190608,2024.82168474552,2024.91432868377,NA
1280,1281,0.0218633312592753,-87.6154479199569,38.8466140820544,-87.839701718029,34.9428804390763,0.404545710071821,0.382682378812546,2024.89335966414,2024.9152229954,NA
1290,526,0.0923006593051185,-98.4122504477227,30.51605504674,-91.7655150120871,34.9877806551983,0.404623261123379,0.312322601818261,2024.82299988714,2024.91530054645,SRR34491394|A/snow_goose/AR/24-035819-001/2024|H5N1|USA-AR|Prairie|2024-12-01|wild_avian|D1.1
1174,1175,0.048531057266584,-107.361067725814,47.3127120522285,-99.782015880475,43.4365799686064,0.406197163972769,0.357666106706185,2024.86834339203,2024.9168744493,NA
1001,1002,0.0391410909918202,-103.017526904904,39.2955645812364,-104.895189879743,40.4493322227379,0.40665523752091,0.367514146529089,2024.87819143185,2024.91733252285,NA
771,774,0.0435339268034727,-74.9782007263119,41.6997597703622,-74.3954279841594,41.7026752421207,0.408027617512839,0.364493690709367,2024.87517097603,2024.91870490284,NA
714,715,0.0560103264981853,-88.0874054253164,43.9662753481557,-87.1656120186906,44.0504712414548,0.408487296562392,0.352476970064206,2024.86315425539,2024.91916458189,NA
852,855,0.0584786444572531,-91.3568937047977,39.8826023867412,-85.3293180217564,40.9882968719327,0.408609771583213,0.35013112712596,2024.86080841245,2024.91928705691,NA
747,749,0.04022705352883,-73.0716718804838,41.5805108037326,-74.3843207341742,41.8740623941934,0.410790591088799,0.370563537559969,2024.88124082288,2024.92146787641,NA
757,758,0.0342413197697995,-76.8638413779288,40.0800973508916,-75.200337278455,40.2656031361443,0.411662947896156,0.377421628126357,2024.88809891345,2024.92234023322,NA
733,735,0.0437435653451554,-72.5549145881541,42.0744983700273,-71.7050689519481,43.1339952067485,0.412281496787657,0.368537931442501,2024.87921521677,2024.92295878211,NA
726,47,0.0805513137444493,-90.2154247105742,39.6551947886383,-87.4073237995789,37.8631694259534,0.412819982434758,0.332268668690308,2024.84294595402,2024.92349726776,SRR34491531|A/snow_goose/KY/24-036682-002/2024|H5N1|USA-KY|Henderson|2024-12-04|wild_avian|D1.1
1322,1324,0.0817060986767586,-97.9120407505067,38.9287195627038,-92.7140693734818,38.8742555243737,0.413298657354607,0.331592558677848,2024.842269844,2024.92397594268,NA
784,785,0.0389325258795818,-71.2721649148995,43.9358458366582,-70.2822778495426,41.7530364578095,0.414310739315281,0.375378213435699,2024.88605549876,2024.92498802464,NA
778,779,0.0963628062289625,-72.7662403968319,42.5764448021701,-72.5056924809771,43.3609167439711,0.415227776856161,0.318864970627198,2024.82954225595,2024.92590506218,NA
1304,672,0.120375953302045,-116.867804215099,35.8222341430899,-118.482629007712,34.7337242346723,0.415552222871884,0.295176269569839,2024.80585355489,2024.9262295082,SRR36617838|A/western_gull/CA/24-036784-001/2024|H5N1|USA-CA|Los_Angeles|2024-12-05|wild_avian|D1.1
1241,573,0.108335273030196,-146.176886314258,61.7592964786968,-147.010319504007,62.9240414537221,0.415552222871884,0.307216949841688,2024.81789423517,2024.9262295082,SRR36627907|A/mallard_duck/AK/24-037772-023/2024|H5N1|USA-AK|Matanuska-Susitna|2024-12-05|wild_avian|D1.1
1242,572,0.0975804016658304,-144.985059553238,61.464046731383,-149.385079399372,63.1051534282174,0.415552222871884,0.317971821206054,2024.82864910653,2024.9262295082,SRR36617632|A/mallard_duck/AK/24-037772-039/2024|H5N1|USA-AK|Matanuska-Susitna|2024-12-05|wild_avian|D1.1
1294,521,0.0778249281997014,-106.778012100132,36.0187257256676,-92.6852954374104,29.808008630839,0.415552222871884,0.337727294672183,2024.84840458,2024.9262295082,SRR34491514|A/snow_goose/LA/24-036681-005/2024|H5N1|USA-LA|Cameron|2024-12-05|wild_avian|D1.1
1193,1194,0.00123315583663741,-117.659663934721,44.5283577395245,-116.911013441693,44.5724145732814,0.415907695260627,0.414674539423989,2024.92535182475,2024.92658498059,NA
787,788,0.0134513044530149,-71.8611729495164,41.6865392085571,-71.8466551734043,41.6830831768818,0.416295691012361,0.402844386559346,2024.91352167188,2024.92697297634,NA
1014,1015,0.0411444125032761,-100.736942713746,44.104625109029,-92.7542301811729,40.629235938034,0.41754224402598,0.376397831522703,2024.88707511685,2024.92821952935,NA
1339,635,0.0635765513939222,-94.7144400585847,39.8621782726295,-90.7170591386596,33.1091329649829,0.41828446330901,0.354707911915088,2024.86538519724,2024.92896174863,SRR36617835|A/snow_goose/MS/24-036916-001/2024|H5N1|USA-MS|Washington|2024-12-06|wild_avian|D1.1
1287,540,0.0395172935370782,-87.4676163252294,38.4718201762686,-87.4526527920926,38.2945323446736,0.41828446330901,0.378767169771932,2024.8894444551,2024.92896174863,SRR34491436|A/snow_goose/IN/24-037289-004/2024|H5N1|USA-IN|Gibson|2024-12-06|wild_avian|D1.1
799,802,0.0653168126583618,-70.9687211466275,47.0878264919393,-63.8196084624987,46.6699764564278,0.418376201478514,0.353059388820152,2024.86373667415,2024.9290534868,NA
716,717,0.0175415008211997,-89.3581619779785,43.1978008812812,-89.6131965006017,44.0757119008059,0.419966979580823,0.402425478759624,2024.91310276408,2024.93064426491,NA
1265,589,0.0671460689414778,-82.3617724146708,30.1980995540035,-81.5002573065028,30.0911144253673,0.421016703746136,0.353870634804659,2024.86454792013,2024.93169398907,SRR36628218|A/green_winged_teal/FL/24-037597-021/2024|H5N1|USA-FL|St_Johns|2024-12-07|wild_avian|D1.1
914,159,0.0572530686627564,-86.5624265198029,40.5085945690376,-89.7075924482413,43.2915038146085,0.421016703746136,0.36376363508338,2024.87444092041,2024.93169398907,SRR36617819|A/tundra_swan/WI/24-037346-003/2024|H5N1|USA-WI|Dane|2024-12-07|wild_avian|D1.1
1266,590,0.0467837952971919,-81.6364023174311,30.6863277873387,-81.4808608671883,30.0279729314201,0.421016703746136,0.374232908448944,2024.88491019377,2024.93169398907,SRR36617659|A/green_winged_teal/FL/24-037597-003/2024|H5N1|USA-FL|St_Johns|2024-12-07|wild_avian|D1.1
708,709,0.0535804677260862,-91.4111508849415,41.6773782699518,-79.470698586896,42.0715977358543,0.421886520452958,0.368306052726872,2024.87898333805,2024.93256380578,NA
733,734,0.0546338263126188,-72.5549145881541,42.0744983700273,-72.8180793554997,42.0208698692527,0.42317175775512,0.368537931442501,2024.87921521677,2024.93384904308,NA
1222,1223,0.0331488034842177,-76.5528494602729,36.3624066428551,-76.5192598722653,35.7371575406512,0.423297890723562,0.390149087239344,2024.90082637256,2024.93397517605,NA
749,750,0.012836231790065,-74.3843207341742,41.8740623941934,-74.900031748443,40.8905733732727,0.423626822878864,0.410790591088799,2024.92146787641,2024.9343041082,NA
903,905,0.0675438837256264,-82.4465650751091,41.3889147837683,-82.3086221495828,40.8635533269309,0.425300992653429,0.357757108927802,2024.86843439425,2024.93597827798,NA
894,181,0.147623399900946,-87.6615886384755,36.6282266298898,-90.3657037312659,34.0167339575925,0.426481184620616,0.27885778471967,2024.78953507004,2024.93715846995,SRR36617445|A/wild_duck/MS/24-037653-002/2024|H5N1|USA-MS|Tallahatchie|2024-12-09|wild_avian|D1.1
853,229,0.0530940381286269,-91.047063142098,42.0768025949245,-84.829484273972,47.1613915257982,0.426481184620616,0.373387146491989,2024.88406443182,2024.93715846995,EPI_ISL_20208432|A/Mallard/ON/FAV-0059-8/2025|H5N1|Canada-ON|Unknown|2024-12-09|wild_avian|D1.1
867,868,0.0643666533119348,-85.1303490037414,38.4123379865112,-81.2557503298796,41.5113593139176,0.428849747403022,0.364483094091087,2024.87516037942,2024.93952703273,NA
723,44,0.152552816138573,-99.6085803430771,46.2715744065185,-114.300388137343,50.3082390300369,0.429213425057742,0.276660608919169,2024.78733789424,2024.93989071038,EPI_ISL_20208426|A/Great_Horned_Owl/AB/FAV-0178-1/2025|H5N1|Canada-AB|Unknown|2024-12-10|wild_avian|D1.1
1276,542,0.135402692366149,-93.6487228780479,41.308142756709,-95.7290896001142,42.2272073800812,0.429213425057742,0.293810732691593,2024.80448801802,2024.93989071038,SRR36617433|A/snow_goose/IA/24-037657-004/2024|H5N1|USA-IA|Woodbury|2024-12-10|wild_avian|D1.1
949,129,0.0804657901775758,-92.885811377471,44.9472192553104,-92.9867970112205,44.9924882825794,0.429213425057742,0.348747634880166,2024.8594249202,2024.93989071038,SRR36617403|A/canada_goose/MN/24-038291-006/2024|H5N1|USA-MN|Ramsey|2024-12-10|wild_avian|D1.1
694,29,0.065749093590777,-118.2560723566,43.4316748093071,-104.165845605353,40.9322875639449,0.429213425057742,0.363464331466965,2024.87414161679,2024.93989071038,SRR36617816|A/red_tailed_hawk/CO/24-037418-001/2024|H5N1|USA-CO|Weld|2024-12-10|wild_avian|D1.1
695,31,0.0519996498857853,-116.278926581758,42.8930335009608,-116.596739066234,43.5241202924904,0.429213425057742,0.377213775171957,2024.8878910605,2024.93989071038,SRR33508721|A/snow_goose/ID/24-037540-001/2024|H5N1|USA-ID|Canyon|2024-12-10|wild_avian|D1.1
738,740,0.080292402428472,-70.7636046022758,42.9420892964113,-74.4359082973018,43.3818880858417,0.429633133748409,0.349340731319937,2024.86001801664,2024.94031041907,NA
709,710,0.0119542546795856,-79.470698586896,42.0715977358543,-78.6233370489124,42.1263431808297,0.433840775132543,0.421886520452958,2024.93256380578,2024.94451806046,NA
1323,668,0.0887951543311642,-98.387141015341,38.480722047495,-98.3165556521818,39.275152812267,0.434677905931995,0.34588275160083,2024.85656003693,2024.94535519126,SRR36617797|A/snow_goose/KS/24-038036-002/2024|H5N1|USA-KS|Mitchell|2024-12-12|wild_avian|D1.1
902,174,0.0610230277857231,-81.9624961022213,41.03185183287,-81.7615490371481,31.2104358810283,0.434677905931995,0.373654878146271,2024.88433216347,2024.94535519126,SRR36617408|A/bald_eagle/GA/24-038226-003/2024|H5N1|USA-GA|Glynn|2024-12-12|wild_avian|D1.1
853,854,0.0615121392238994,-91.047063142098,42.0768025949245,-83.8397886944821,38.9337451829521,0.434899285715889,0.373387146491989,2024.88406443182,2024.94557657104,NA
908,911,0.150493296808106,-88.2983533758629,41.1133213499368,-86.6255242213857,39.4155851587245,0.436166407235792,0.285673110427687,2024.79635039575,2024.94684369256,NA
908,909,0.150628690076231,-88.2983533758629,41.1133213499368,-92.096102892629,34.1281336183259,0.436301800503918,0.285673110427687,2024.79635039575,2024.94697908583,NA
750,751,0.0127258054146324,-74.900031748443,40.8905733732727,-77.1476774878458,42.9891755887797,0.436352628293496,0.423626822878864,2024.9343041082,2024.94702991362,NA
1337,638,0.0866908710161018,-99.5664832669248,43.9739939421068,-87.52553025329,31.5603758038014,0.437410146369121,0.350719275353019,2024.86139656068,2024.94808743169,SRR31885765|A/Guineafowl/AL/24-037980-001-original/2024|H5N1|USA-AL|Unknown|2024-12-13|domestic_avian|D1.1
800,801,0.0727569162384206,-70.0930098848488,47.920264339725,-69.6784173272841,47.8027097260959,0.437680508113231,0.36492359187481,2024.8756008772,2024.94835779344,NA
740,741,0.00809436243952011,-74.4359082973018,43.3818880858417,-71.0357224960574,41.563922718369,0.437727496187929,0.429633133748409,2024.94031041907,2024.94840478151,NA
855,226,0.0315326152230337,-85.3293180217564,40.9882968719327,-84.681445718758,40.4148186103541,0.440142386806247,0.408609771583213,2024.91928705691,2024.95081967213,SRR36617800|A/canada_goose/OH/24-038006-001/2024|H5N1|USA-OH|Mercer|2024-12-14|wild_avian|D1.1
1324,669,0.0268437294516399,-92.7140693734818,38.8742555243737,-88.9823505887695,37.1622304805277,0.440142386806247,0.413298657354607,2024.92397594268,2024.95081967213,SRR36617765|A/ring_necked_duck/KY/24-038721-028/2024|H5N1|USA-KY|Ballard|2024-12-14|wild_avian|D1.1
1231,302,0.113791627033675,-75.8421014569188,35.8119107739418,-76.0885169263995,35.5811917664548,0.445606867680727,0.331815240647052,2024.84249252597,2024.95628415301,SRR36617384|A/snow_goose/NC/24-038497-002/2024|H5N1|USA-NC|Hyde|2024-12-16|wild_avian|D1.1
695,30,0.0683930925087697,-116.278926581758,42.8930335009608,-115.831190355095,42.5311399413451,0.445606867680727,0.377213775171957,2024.8878910605,2024.95628415301,SRR36617414|A/snow_goose/ID/24-038179-001/2024|H5N1|USA-ID|Owyhee|2024-12-16|wild_avian|D1.1
949,130,0.0995914732376864,-92.885811377471,44.9472192553104,-92.2349235704858,44.8737273959425,0.448339108117853,0.348747634880166,2024.8594249202,2024.95901639344,SRR36617307|A/canada_goose/WI/25-001449-006/2024|H5N1|USA-WI|St_Croix|2024-12-17|wild_avian|D1.1
857,224,0.169393720085786,-92.1492804936544,40.4836373497998,-91.0610023773264,39.5746115496554,0.451071348554979,0.281677628469193,2024.79235491379,2024.96174863388,SRR36617388|A/trumpeter_swan/IL/24-038496-001/2024|H5N1|USA-IL|Pike|2024-12-18|wild_avian|D1.1
1310,632,0.0918892201662089,-90.0284024899493,38.530833364,-90.8986164156526,38.7771407824798,0.451071348554979,0.35918212838877,2024.86985941371,2024.96174863388,SRR36617748|A/canada_goose/MO/24-038745-013/2024|H5N1|USA-MO|St_Charles|2024-12-18|wild_avian|D1.1
1324,670,0.037772691200372,-92.7140693734818,38.8742555243737,-94.9475860624692,40.2740448555892,0.451071348554979,0.413298657354607,2024.92397594268,2024.96174863388,SRR36617758|A/mallard_duck/MO/24-038745-003/2024|H5N1|USA-MO|Nodaway|2024-12-18|wild_avian|D1.1
746,119,0.100481916156501,-72.7610728692295,41.7757570260679,-72.8672492571702,43.894699628519,0.453803588992105,0.353321672835604,2024.86399895816,2024.96448087432,SRR31959989|A/chicken/VT/24-038443-001-original/2024|H5N1|USA-VT|Unknown|2024-12-19|domestic_avian|D1.1
1266,591,0.0795706805431606,-81.6364023174311,30.6863277873387,-80.0333407847122,32.8416513830191,0.453803588992105,0.374232908448944,2024.88491019377,2024.96448087432,SRR36617572|A/green_winged_teal/SC/25-000649-005/2024|H5N1|USA-SC|Charleston|2024-12-19|wild_avian|D1.1
1239,331,0.0501521905486679,-75.9310730027187,38.4934038283155,-77.2347627206332,37.4649246950844,0.453803588992105,0.403651398443437,2024.91432868377,2024.96448087432,SRR36617982|A/wood_duck/VA/24-038859-013/2024|H5N1|USA-VA|Henrico|2024-12-19|wild_avian|D1.1
715,40,0.0453162924297135,-87.1656120186906,44.0504712414548,-84.5025775645491,33.5779021942863,0.453803588992105,0.408487296562392,2024.91916458189,2024.96448087432,SRR36617304|A/bald_eagle/GA/25-001590-001/2024|H5N1|USA-GA|Fulton|2024-12-19|wild_avian|D1.1
802,803,0.0366468799893825,-63.8196084624987,46.6699764564278,-63.3641518911796,45.7611557849046,0.455023081467896,0.418376201478514,2024.9290534868,2024.96570036679,NA
1235,1236,0.0813370021172254,-80.2707897730468,31.457266375022,-75.6231643014795,34.2649790991827,0.456008092167191,0.374671090049966,2024.88534837537,2024.96668537749,NA
744,745,0.0573402868328006,-73.2919691842858,42.2541327869024,-72.5317917560082,42.3489154199817,0.456407714021689,0.399067427188888,2024.90974471251,2024.96708499935,NA
700,23,0.13110546453533,-93.4035066346562,42.015903569947,-76.2529397003068,42.4575957786259,0.456535829429231,0.325430364893901,2024.83610765022,2024.96721311475,SRR36617991|A/Peregrine_falcon/NY/24-038845-001/2024|H5N1|USA-NY|Cortland|2024-12-20|wild_avian|D1.1
770,49,0.094071693723897,-74.4701840936385,41.9981139049623,-76.693534450961,42.9398489302094,0.456535829429231,0.362464135705334,2024.87314142103,2024.96721311475,SRR36617989|A/cooper_s_hawk/NY/24-038846-001/2024|H5N1|USA-NY|Cayuga|2024-12-20|wild_avian|D1.1
1304,673,0.169556281170998,-116.867804215099,35.8222341430899,-121.868057733315,36.394324758438,0.464732550740837,0.295176269569839,2024.80585355489,2024.97540983607,SRR36617878|A/western_gull/CA/25-004506-003/2024|H5N1|USA-CA|Monterey|2024-12-23|wild_avian|D1.1
1340,637,0.0939645504797428,-95.6055147659718,40.7602951183638,-96.6300879049126,43.0372367651346,0.467464791177963,0.37350024069822,2024.88417752602,2024.9781420765,SRR36617972|A/canada_goose/SD/24-038946-001/2024|H5N1|USA-SD|Union|2024-12-24|wild_avian|D1.1
917,164,0.200954114194843,-80.5754261529531,34.3191159014011,-80.4743983396633,32.7787467345401,0.478393752926468,0.277439638731624,2024.78811692406,2024.98907103825,SRR36617711|A/american_wigeon/SC/25-000504-002/2024|H5N1|USA-SC|Colleton|2024-12-28|wild_avian|D1.1
713,42,0.139555422063034,-91.9953491381309,44.8809672321323,-91.2207437691603,49.8596115915288,0.478393752926468,0.338838330863434,2024.84951561619,2024.98907103825,EPI_ISL_20208449|A/Snowy_Owl/ON/FAV-0035-8/2025|H5N1|Canada-ON|Unknown|2024-12-28|wild_avian|D1.1
1251,559,0.121641391452611,-105.342231712351,36.4329774928737,-104.963419078058,38.0307689548886,0.478393752926468,0.356752361473857,2024.8674296468,2024.98907103825,SRR36617718|A/snow_goose/CO/25-000365-002/2024|H5N1|USA-CO|Pueblo|2024-12-28|wild_avian|D1.1
1223,300,0.055095862202906,-76.5192598722653,35.7371575406512,-76.3970967691226,35.6261992800319,0.478393752926468,0.423297890723562,2024.93397517605,2024.98907103825,SRR36617328|A/snow_goose/NC/25-001068-002/2024|H5N1|USA-NC|Hyde|2024-12-28|wild_avian|D1.1
1187,1188,0.0638774157598113,-112.078933996812,41.5133994574953,-116.150341606224,41.7931680219356,0.48079380114272,0.416916385382909,2024.92759367071,2024.99147108647,NA
1310,633,0.124676105412178,-90.0284024899493,38.530833364,-87.827775129993,36.224955492272,0.483858233800948,0.35918212838877,2024.86985941371,2024.99453551913,SRR36617313|A/snow_goose/TN/25-001379-007/2024|H5N1|USA-TN|Humphreys|2024-12-30|wild_avian|D1.1
774,54,0.0758306162881084,-74.3954279841594,41.7026752421207,-75.3881749277081,40.7347926478999,0.483858233800948,0.408027617512839,2024.91870490284,2024.99453551913,SRR36628766|A/lesser_snow_goose/PA/25-000167-005/2024|H5N1|USA-PA|Northampton|2024-12-30|wild_avian|D1.1
758,74,0.0721952859047912,-75.200337278455,40.2656031361443,-75.475164627628,40.526997983775,0.483858233800948,0.411662947896156,2024.92234023322,2024.99453551913,SRR36617737|A/lesser_snow_goose/PA/25-000169-003/2024|H5N1|USA-PA|Lehigh|2024-12-30|wild_avian|D1.1
912,161,0.13972232414633,-82.5886901350687,37.1068998470755,-79.8365639690624,39.1699304220134,0.486590474238074,0.346868150091743,2024.85754543542,2024.99726775956,SRR32006892|A/chicken/WV/25-000049-006-original/2024|H5N1|USA-WV|Unknown|2024-12-31|domestic_avian|D1.1
773,52,0.083369940623949,-75.0562825249988,40.9098039997258,-75.7389028850043,38.5646676704932,0.486590474238074,0.403220533614125,2024.91389781894,2024.99726775956,SRR36617326|A/snow_goose/MA/25-001222-001/2024|H5N1|USA-MA|Dorchester|2024-12-31|wild_avian|D1.1
749,121,0.0757998831492752,-74.3843207341742,41.8740623941934,-76.1870751916956,38.4467140381542,0.486590474238074,0.410790591088799,2024.92146787641,2024.99726775956,SRR36617325|A/snow_goose/MA/25-001222-002/2024|H5N1|USA-MA|Dorchester|2024-12-31|wild_avian|D1.1
1276,1277,0.19531110170609,-93.6487228780479,41.308142756709,-96.5508319674942,46.0888485205344,0.489121834397683,0.293810732691593,2024.80448801802,2024.99979911972,NA
1175,1176,0.0850849297287942,-99.782015880475,43.4365799686064,-99.3988597375969,44.9244948216163,0.491282093701563,0.406197163972769,2024.9168744493,2025.00195937903,NA
1286,539,0.171721962554705,-89.6701229507701,39.2553724477377,-87.9559826032072,42.1002579611215,0.492062440702557,0.320340478147852,2024.83101776347,2025.00273972603,SRR32226691|A/Canada_Goose/IL/25-000616-002/2025|H5N1|USA-IL|Cook|2025-01-02|wild_avian|D1.1
1336,643,0.129689362955542,-94.7341498318417,40.9171511706272,-93.3500689022125,41.5798777459678,0.492062440702557,0.362373077747015,2024.87305036307,2025.00273972603,SRR36617578|A/red_tailed_hawk/IA/25-000527-002/2024|H5N1|USA-IA|Polk|2025-01-02|wild_avian|D1.1
1238,324,0.128672474454194,-80.6710698473217,37.5078479689993,-81.8459763007435,38.2579783033008,0.492062440702557,0.363389966248363,2024.87406725157,2025.00273972603,SRR32868825|A/Canada_Goose/WV/25-001893-003-original/2025|H5N1|USA-WV|Unknown|2025-01-02|wild_avian|D1.1
1235,327,0.117391350652592,-80.2707897730468,31.457266375022,-79.9830981134122,32.8041526854029,0.492062440702557,0.374671090049966,2024.88534837537,2025.00273972603,SRR32254425|A/bald_eagle/SC/25-000782-001/2025|H5N1|USA-SC|Charleston|2025-01-02|wild_avian|D1.1
748,120,0.115213451230573,-74.7814553731071,41.7694391274283,-75.4871947713534,39.2506190584309,0.492062440702557,0.376848989471985,2024.8875262748,2025.00273972603,SRR32006864|A/chicken/DE/25-000201-001-original/2025|H5N1|USA-DE|Unknown|2025-01-02|domestic_avian|D1.1
773,51,0.0888419070884325,-75.0562825249988,40.9098039997258,-75.1121370362121,40.9302549955818,0.492062440702557,0.403220533614125,2024.91389781894,2025.00273972603,SRR32254446|A/red_tailed_hawk/PA/25-001322-001/2025|H5N1|USA-PA|Northampton|2025-01-02|wild_avian|D1.1
734,101,0.0688906829474373,-72.8180793554997,42.0208698692527,-71.1259025137589,41.4986628344872,0.492062440702557,0.42317175775512,2024.93384904308,2025.00273972603,SRR32254418|A/canada_goose/RI/25-001721-001/2025|H5N1|USA-RI|Newport|2025-01-02|wild_avian|D1.1
769,53,0.133831271017266,-74.4871799535266,42.6771602130475,-74.4855582755573,40.9835554251859,0.494802166729915,0.360970895712649,2024.87164818104,2025.00547945205,SRR32254501|A/snow_goose/NJ/25-000806-001/2025|H5N1|USA-NJ|Morris|2025-01-03|wild_avian|D1.1
988,598,0.201045292029811,-115.348210297716,42.916844210756,-119.091652346212,44.6608369215344,0.500281618784857,0.299236326755046,2024.80991361208,2025.01095890411,SRR32125546|A/chicken/OR/25-000540-001-original/2025|H5N1|USA-OR|Unknown|2025-01-05|domestic_avian|D1.1
784,93,0.124903405349158,-71.2721649148995,43.9358458366582,-70.889427148537,43.8023030429949,0.500281618784857,0.375378213435699,2024.88605549876,2025.01095890411,SRR32512599|A/canada_goose/ME/25-003295-001/2025|H5N1|USA-ME|York|2025-01-05|wild_avian|D1.1
772,50,0.0980103729785931,-75.8341267311856,41.6029517793567,-75.0618196044024,40.6896168683867,0.500281618784857,0.402271245806264,2024.91294853113,2025.01095890411,SRR32254496|A/snow_goose/NJ/25-000810-002/2025|H5N1|USA-NJ|Warren|2025-01-05|wild_avian|D1.1
1290,1291,0.188044017256653,-98.4122504477227,30.51605504674,-98.4862526870102,29.6092198523968,0.500366619074914,0.312322601818261,2024.82299988714,2025.0110439044,NA
945,135,0.109358185000766,-93.2478022516165,44.9160035020604,-89.6313272499249,43.3060562878798,0.503021344812214,0.393663159811448,2024.90434044514,2025.01369863014,SRR32254451|A/red_tailed_hawk/WI/25-001295-001/2025|H5N1|USA-WI|Columbia|2025-01-06|wild_avian|D1.1
696,27,0.101372848001781,-113.497099516781,44.0863745677444,-113.928594259575,44.5561732012495,0.503021344812214,0.401648496810433,2024.91232578214,2025.01369863014,SRR32125547|A/chicken/ID/25-000539-001-original/2025|H5N1|USA-ID|Unknown|2025-01-06|domestic_avian|D1.1
1315,628,0.0168381948843461,-114.135811090754,43.8609420992707,-116.083953838879,48.9169953933718,0.503021344812214,0.486183149927868,2024.99686043525,2025.01369863014,SRR32254472|A/red_tailed_hawk/ID/25-001246-001/2025|H5N1|USA-ID|Unknown|2025-01-06|wild_avian|D1.1
858,861,0.197769753295536,-96.9335305300272,41.574192919569,-92.7331234886995,40.0443465333531,0.504534245404663,0.306764492109127,2024.81744177743,2025.01521153073,NA
1351,663,0.205663075006518,-93.7226869814148,30.9836930329799,-91.8375188567926,32.5282418666679,0.505761070839572,0.300097995833053,2024.81077528116,2025.01643835616,SRR32416436|A/mallard/LA/25-001905-003/2025|H5N1|USA-LA|Richland|2025-01-07|wild_avian|D1.1
1002,337,0.0991058333186621,-104.895189879743,40.4493322227379,-104.535241178901,40.4052297792127,0.505761070839572,0.40665523752091,2024.91733252285,2025.01643835616,SRR32254489|A/cackling_goose/CO/25-000848-001/2025|H5N1|USA-CO|Weld|2025-01-07|wild_avian|D1.1
779,780,0.0923879777373902,-72.5056924809771,43.3609167439711,-69.5989783426098,43.9760359362025,0.507615754593551,0.415227776856161,2024.92590506218,2025.01829303992,NA
1337,1338,0.159036729243206,-99.5664832669248,43.9739939421068,-99.2938523918027,43.909094741127,0.509756004596225,0.350719275353019,2024.86139656068,2025.02043328992,NA
817,258,0.202876229228752,-97.5015369264107,32.4098042756093,-87.4782977139415,30.4061001797753,0.511240522894286,0.308364293665534,2024.81904157899,2025.02191780822,SRR32254417|A/bald_eagle/AL/25-001791-001/2025|H5N1|USA-AL|Baldwin|2025-01-09|wild_avian|D1.1
943,133,0.138353246777001,-76.3753692676538,39.9532616978039,-79.9385161031494,45.8567951589014,0.511240522894286,0.372887276117286,2024.88356456144,2025.02191780822,EPI_ISL_19792241|A/Duck/ON/FAV-0025/2025|H5N1|Canada-ON|Unknown|2025-01-09|domestic_avian|D1.1
1007,1008,0.134698971167439,-101.588951806456,42.3874629173598,-108.451603246388,42.6025676569591,0.513424981681038,0.378726010513599,2024.88940329584,2025.02410226701,NA
717,718,0.0965721766028197,-89.6131965006017,44.0757119008059,-89.1823568248525,42.4657141492934,0.516539156183643,0.419966979580823,2024.93064426491,2025.02721644151,NA
868,205,0.0878702275462068,-81.2557503298796,41.5113593139176,-80.1155849013668,45.6320730098404,0.516719974949229,0.428849747403022,2024.93952703273,2025.02739726027,EPI_ISL_20208395|A/Canada_Goose/ON/FAV-0038-2/2025|H5N1|Canada-ON|Unknown|2025-01-11|wild_avian|D1.1
1291,1292,0.0185193939015591,-98.4862526870102,29.6092198523968,-98.4625371989929,29.6002519528269,0.518886012976473,0.500366619074914,2025.0110439044,2025.0295632983,NA
734,102,0.0990276692488233,-72.8180793554997,42.0208698692527,-73.2985285839168,44.6188776199588,0.522199427003943,0.42317175775512,2024.93384904308,2025.03287671233,SRR32254427|A/mallard/VT/25-001682-012/2025|H5N1|USA-VT|Grand_Isle|2025-01-13|wild_avian|D1.1
751,123,0.0858467987104474,-77.1476774878458,42.9891755887797,-77.14337587103,43.0208567325089,0.522199427003943,0.436352628293496,2024.94702991362,2025.03287671233,SRR32254429|A/snow_goose/NY/25-001673-001/2025|H5N1|USA-NY|Ontario|2025-01-13|wild_avian|D1.1
780,781,0.01617663377066,-69.5989783426098,43.9760359362025,-69.511932636863,43.4118705704069,0.523792388364211,0.507615754593551,2025.01829303992,2025.03446967369,NA
1116,1117,0.157208425560948,-103.621730376518,45.4624778884698,-102.999019907439,41.9976153263911,0.528423936957358,0.37121551139641,2024.88189279672,2025.03910122228,NA
701,702,0.208319182816155,-91.5749974037117,42.1779232196419,-81.7894857842786,36.5422839355075,0.530026078626341,0.321706895810186,2024.83238418114,2025.04070336395,NA
736,114,0.195388543943865,-73.4107708549544,41.2364897709058,-75.6597864579565,40.5687016564504,0.530418605086243,0.335030061142378,2024.84570734647,2025.04109589041,SRR32513297|A/red_tailed_hawk/PA/25-003148-002/2025|H5N1|USA-PA|Lehigh|2025-01-16|wild_avian|D1.1
1323,667,0.184535853485413,-98.387141015341,38.480722047495,-104.43455387282,41.6187306732136,0.530418605086243,0.34588275160083,2024.85656003693,2025.04109589041,SRR32513187|A/great_horned_owl/WY/25-002742-001/2025|H5N1|USA-WY|Goshen|2025-01-16|wild_avian|D1.1
1338,639,0.0206626004900179,-99.2938523918027,43.909094741127,-99.4871381003693,45.1916406246943,0.530418605086243,0.509756004596225,2025.02043328992,2025.04109589041,SRR32254412|A/cat/SD/25-002248-001/2025|H5N1|USA-SD|Faulk|2025-01-16|feline|D1.1
1338,640,0.0206626004900179,-99.2938523918027,43.909094741127,-98.8929108100267,45.104116928368,0.530418605086243,0.509756004596225,2025.02043328992,2025.04109589041,SRR32254411|A/cat/SD/25-002248-002/2025|H5N1|USA-SD|Faulk|2025-01-16|feline|D1.1
718,719,0.016283466931343,-89.1823568248525,42.4657141492934,-88.3031384042002,43.7486925612457,0.532822623114986,0.516539156183643,2025.02721644151,2025.04349990844,NA
735,104,0.120876834325944,-71.7050689519481,43.1339952067485,-71.7273887814231,43.1406233546981,0.5331583311136,0.412281496787657,2024.92295878211,2025.04383561644,SRR32416416|A/mallard/NH/25-003045-041/2025|H5N1|USA-NH|Merrimack|2025-01-17|wild_avian|D1.1
735,103,0.120876834325944,-71.7050689519481,43.1339952067485,-71.3783802616598,43.1106052036379,0.5331583311136,0.412281496787657,2024.92295878211,2025.04383561644,SRR32513176|A/mallard/NH/25-003045-054/2025|H5N1|USA-NH|Merrimack|2025-01-17|wild_avian|D1.1
854,228,0.0982590453977118,-83.8397886944821,38.9337451829521,-77.977615048573,37.6068671243897,0.5331583311136,0.434899285715889,2024.94557657104,2025.04383561644,SRR32254410|A/African_crowned_crane/VA/25-002296-001/2025|H5N1|USA-VA|Powhatan|2025-01-17|wild_avian|D1.1
1254,1255,0.0118197165265959,-115.183667291502,36.3200204480535,-116.335263298752,34.7662705560578,0.533198210219611,0.521378493693015,2025.03205577902,2025.04387549554,NA
1188,1189,0.0543927254379657,-116.150341606224,41.7931680219356,-122.718913440247,39.5504945010172,0.535186526580686,0.48079380114272,2024.99147108647,2025.04586381191,NA
818,260,0.257582757882436,-108.920316144181,36.8398665740277,-105.211829290552,33.1210013223936,0.535898057140958,0.278315299258521,2024.78899258458,2025.04657534247,SRR32513271|A/great_horned_owl/NM/25-002820-001/2025|H5N1|USA-NM|Chaves|2025-01-18|wild_avian|D1.1
741,110,0.100910286980386,-71.0357224960574,41.563922718369,-71.752204904566,41.4391588364733,0.538637783168315,0.437727496187929,2024.94840478151,2025.04931506849,SRR33319045|A/hooded_merganser/RI/25-007119-005/2025|H5N1|USA-RI|Washington|2025-01-19|wild_avian|D1.1
886,887,0.200411247793841,-93.5192692405868,43.0362631876337,-85.262977904049,38.1155089982989,0.540281966472778,0.339870718678937,2024.850548004,2025.0509592518,NA
719,721,0.00804802703529373,-88.3031384042002,43.7486925612457,-85.6738573783359,43.554228125877,0.54087065015028,0.532822623114986,2025.04349990844,2025.05154793548,NA
988,597,0.244880908468211,-115.348210297716,42.916844210756,-116.440484700364,40.0699294903876,0.544117235223257,0.299236326755046,2024.80991361208,2025.05479452055,SRR32254304|A/cattle/NV/25-002645-003-original/2025|H5N1|USA-NV|Unknown|2025-01-21|cattle|D1.1
834,277,0.183978815680018,-106.596004092884,44.3328136772097,-107.525214576959,46.8564825939275,0.544117235223257,0.360138419543239,2024.87081570487,2025.05479452055,SRR33125070|A/Great_Horned_Owl/MT/25-006102-001-original/2025|H5N1|USA-MT|Unknown|2025-01-21|wild_avian|D1.1
716,32,0.141691756463634,-89.3581619779785,43.1978008812812,-87.2570644334758,44.9480750151008,0.544117235223257,0.402425478759624,2024.91310276408,2025.05479452055,SRR34980358|A/bald_eagle/WI/25-021326-002/2025|H5N1|USA-WI|Door|2025-01-21|wild_avian|D1.1
1279,531,0.237015229195664,-87.823095301821,38.9140129967083,-84.4929463895734,38.9661739018864,0.546856961250615,0.309841732054951,2024.82051901738,2025.05753424658,SRR32512591|A/canada_goose/KY/25-004132-002/2025|H5N1|USA-KY|Kenton|2025-01-22|wild_avian|D1.1
1202,303,0.19454308642698,-77.2921123480997,36.1468579658499,-75.9088292326845,37.4572607741837,0.546856961250615,0.352313874823635,2024.86299116015,2025.05753424658,SRR32513231|A/snow_goose/VA/25-004135-011/2025|H5N1|USA-VA|Northampton|2025-01-22|wild_avian|D1.1
787,89,0.144012574691269,-71.8611729495164,41.6865392085571,-70.8441905787074,41.8197701409195,0.546856961250615,0.402844386559346,2024.91352167188,2025.05753424658,SRR32512553|A/canada_goose/MA/25-003297-004/2025|H5N1|USA-MA|Plymouth|2025-01-22|wild_avian|D1.1
785,91,0.132546221935333,-70.2822778495426,41.7530364578095,-70.2339715489162,41.6619082355554,0.546856961250615,0.414310739315281,2024.92498802464,2025.05753424658,SRR32512620|A/great_horned_owl/MA/25-003297-003/2025|H5N1|USA-MA|Barnstable|2025-01-22|wild_avian|D1.1
887,209,0.00657499477783619,-85.262977904049,38.1155089982989,-84.7803443851043,38.948868846996,0.546856961250615,0.540281966472778,2025.0509592518,2025.05753424658,SRR33029806|A/raccoon/KY/25-006499-002/2025|H5N1|USA-KY|Boone|2025-01-22|other_mammal|D1.1
963,284,0.220010542570915,-108.521446420382,40.0736230787095,-119.595240675056,42.4162862888297,0.549596687277972,0.329586144707057,2024.84026343003,2025.0602739726,SRR32415199|A/chicken/OR/25-003575-001-original/2025|H5N1|USA-OR|Unknown|2025-01-23|domestic_avian|D1.1
843,234,0.184814714826119,-94.8617532500184,41.5849381892123,-97.3877601550405,41.2750001476173,0.549596687277972,0.364781972451853,2024.87545925778,2025.0602739726,SRR32654188|A/Turkey/NE/25-002670-003-original/2025|H5N1|USA-NE|Unknown|2025-01-23|domestic_avian|D1.1
781,96,0.0258042989137609,-69.511932636863,43.4118705704069,-70.9370184803481,43.5031477259876,0.549596687277972,0.523792388364211,2025.03446967369,2025.0602739726,SRR32512597|A/canada_goose/ME/25-003295-004/2025|H5N1|USA-ME|York|2025-01-23|wild_avian|D1.1
1188,623,0.0715426121626095,-116.150341606224,41.7931680219356,-122.243982210328,37.4667487283646,0.552336413305329,0.48079380114272,2024.99147108647,2025.06301369863,SRR33125090|A/western_gull/CA/25-004499-005/2025|H5N1|USA-CA|San_Mateo|2025-01-24|wild_avian|D1.1
1349,645,0.266159820575574,-97.6480390168638,39.6969749441052,-86.9417257244585,40.5376534869504,0.555076139332687,0.288916318757113,2024.79959360408,2025.06575342466,SRR32654185|A/chicken/IN/25-002875-001-original/2025|H5N1|USA-IN|Unknown|2025-01-25|domestic_avian|D1.1
1220,322,0.230889896277561,-76.349692907673,35.9604943107674,-76.4425142285616,35.6377984049796,0.555076139332687,0.324186243055126,2024.83486352838,2025.06575342466,SRR32513217|A/wood_duck/NC/25-003923-002/2025|H5N1|USA-NC|Hyde|2025-01-25|wild_avian|D1.1
1231,291,0.223260898685635,-75.8421014569188,35.8119107739418,-76.1390221700721,35.904329113189,0.555076139332687,0.331815240647052,2024.84249252597,2025.06575342466,SRR32513216|A/wood_duck/NC/25-003927-016/2025|H5N1|USA-NC|Tyrrell|2025-01-25|wild_avian|D1.1
1203,321,0.190276508143935,-72.7650991394945,37.6844844250047,-75.7535536012,39.4619858105731,0.555076139332687,0.364799631188752,2024.87547691651,2025.06575342466,SRR32654186|A/chicken/DE/25-002825-001-original/2025|H5N1|USA-DE|Unknown|2025-01-25|domestic_avian|D1.1
992,614,0.283895508836773,-96.0718516374249,38.1639206540807,-81.6125524627212,26.7651851228111,0.560555591387629,0.276660082550856,2024.78733736788,2025.07123287671,SRR32416454|A/bald_eagle/FL/25-003208-001/2025|H5N1|USA-FL|Lee|2025-01-27|wild_avian|D1.1
1333,634,0.275130558586447,-97.2854362383818,40.1606029960372,-106.109626348238,38.6608722140163,0.560555591387629,0.285425032801182,2024.79610231813,2025.07123287671,SRR32512607|A/canada_goose/CO/25-003832-001/2025|H5N1|USA-CO|Chaffee|2025-01-27|wild_avian|D1.1
912,160,0.213687441295886,-82.5886901350687,37.1068998470755,-89.6758972343688,30.1461766777051,0.560555591387629,0.346868150091743,2024.85754543542,2025.07123287671,SRR32513218|A/vulture/LA/25-003600-001/2025|H5N1|USA-LA|Orleans|2025-01-27|wild_avian|D1.1
1340,636,0.187055350689409,-95.6055147659718,40.7602951183638,-96.8383970769574,40.1245827640952,0.560555591387629,0.37350024069822,2024.88417752602,2025.07123287671,SRR32654124|A/Guineafowl/NE/25-003247-003-original/2025|H5N1|USA-NE|Unknown|2025-01-27|domestic_avian|D1.1
1011,511,0.184794898161402,-104.734844912514,45.9291113148749,-101.528901143272,47.1958649545906,0.560555591387629,0.375760693226227,2024.88643797855,2025.07123287671,SRR32416347|A/canada_goose/ND/25-003472-002/2025|H5N1|USA-ND|Oliver|2025-01-27|wild_avian|D1.1
860,223,0.189002071462737,-90.9491160417809,41.7799782686287,-94.4504785894955,38.0642946242857,0.563295317414986,0.374293245952249,2024.88497053128,2025.07397260274,SRR33125126|A/Red-tailed_Hawk/MO/25-004415-009-original/2025|H5N1|USA-MO|Unknown|2025-01-28|wild_avian|D1.1
1281,538,0.158749607343165,-87.839701718029,34.9428804390763,-81.2150175276893,38.2737557156001,0.563295317414986,0.404545710071821,2024.9152229954,2025.07397260274,SRR32653672|A/Canada_Goose/WV/25-005199-001-original/2025|H5N1|USA-WV|Unknown|2025-01-28|wild_avian|D1.1
719,720,0.0332107296868159,-88.3031384042002,43.7486925612457,-87.6602514021042,43.261084173211,0.566033352801802,0.532822623114986,2025.04349990844,2025.07671063813,NA
963,283,0.236448898735286,-108.521446420382,40.0736230787095,-113.368516575157,39.6418839817163,0.566035043442344,0.329586144707057,2024.84026343003,2025.07671232877,SRR32513288|A/red_tailed_hawk/UT/25-003824-002/2025|H5N1|USA-UT|Unknown|2025-01-29|wild_avian|D1.1
1006,516,0.20995295766839,-101.249744123991,44.7153164535164,-102.12033934223,47.3564705115081,0.566035043442344,0.356082085773954,2024.8667593711,2025.07671232877,SRR32512609|A/canada_goose/ND/25-003829-001/2025|H5N1|USA-ND|Mercer|2025-01-29|wild_avian|D1.1
739,106,0.205058032087949,-71.6440317525618,43.8297651621663,-76.3149464907679,45.6683370463108,0.566035043442344,0.360977011354395,2024.87165429668,2025.07671232877,EPI_ISL_19792250|A/Turkey/QC/FAV-0046-1/2025|H5N1|Canada-QC|Unknown|2025-01-29|domestic_avian|D1.1
1001,338,0.198520896913254,-103.017526904904,39.2955645812364,-101.803232470276,33.7170917082357,0.566035043442344,0.367514146529089,2024.87819143185,2025.07671232877,SRR32512557|A/cackling_goose/TX/25-003592-001/2025|H5N1|USA-TX|Lubbock|2025-01-29|wild_avian|D1.1
904,171,0.189213428944564,-84.6733905901491,40.6477080572266,-82.3043500457821,41.2851498578767,0.566035043442344,0.37682161449778,2024.88749889982,2025.07671232877,SRR32804602|A/bald_eagle/OH/25-006046-002/2025|H5N1|USA-OH|Lorain|2025-01-29|wild_avian|D1.1
868,206,0.137185296039322,-81.2557503298796,41.5113593139176,-83.8548509253104,42.1367233710096,0.566035043442344,0.428849747403022,2024.93952703273,2025.07671232877,SRR32512665|A/canada_goose/MI/25-004311-004/2025|H5N1|USA-MI|Washtenaw|2025-01-29|wild_avian|D1.1
854,227,0.131135757726455,-83.8397886944821,38.9337451829521,-80.9726094135671,41.0557798246188,0.566035043442344,0.434899285715889,2024.94557657104,2025.07671232877,SRR32804603|A/bald_eagle/OH/25-006046-001/2025|H5N1|USA-OH|Mahoning|2025-01-29|wild_avian|D1.1
745,118,0.109627329420655,-72.5317917560082,42.3489154199817,-73.124806400374,41.3821894973908,0.566035043442344,0.456407714021689,2024.96708499935,2025.07671232877,SRR32512614|A/american_black_duck/CT/25-004298-002/2025|H5N1|USA-CT|New_Haven|2025-01-29|wild_avian|D1.1
818,261,0.29045947021118,-108.920316144181,36.8398665740277,-121.058511552988,35.5871927436394,0.568774769469701,0.278315299258521,2024.78899258458,2025.07945205479,SRR33508816|A/canada_goose/CA/25-003254-006/2025|H5N1|USA-CA|San_Luis_Obispo|2025-01-30|wild_avian|D1.1
851,230,0.246855738718027,-91.0413349975722,41.1222005686893,-94.2138813487177,40.2129915036847,0.568774769469701,0.321919030751674,2024.83259631608,2025.07945205479,SRR32654208|A/chicken/MO/25-003398-001-original/2025|H5N1|USA-MO|Unknown|2025-01-30|domestic_avian|D1.1
1335,641,0.237465565316257,-95.1949346783461,40.0019345504835,-97.630849483229,37.0754398800826,0.568774769469701,0.331309204153445,2024.84198648948,2025.07945205479,SRR33682350|A/Bobcat/KS/25-014574-001-original/2025|H5N1|USA-KS|Unknown|2025-01-30|feline|D1.1
886,211,0.228904050790764,-93.5192692405868,43.0362631876337,-76.5494979456529,39.4862552914574,0.568774769469701,0.339870718678937,2024.850548004,2025.07945205479,SRR33125054|A/Mallard/MD/25-005882-005-original/2025|H5N1|USA-MD|Unknown|2025-01-30|wild_avian|D1.1
1236,329,0.11276667730251,-75.6231643014795,34.2649790991827,-79.9923144630449,32.8207703384779,0.568774769469701,0.456008092167191,2024.96668537749,2025.07945205479,SRR32513174|A/great_horned_owl/SC/25-004165-001/2025|H5N1|USA-SC|Charleston|2025-01-30|wild_avian|D1.1
1189,1190,0.0353887174233056,-122.718913440247,39.5504945010172,-122.263152809535,37.9368349649002,0.570575244003991,0.535186526580686,2025.04586381191,2025.08125252933,NA
709,20,0.149627975044101,-79.470698586896,42.0715977358543,-77.6575033149065,39.38129179479,0.571514495497059,0.421886520452958,2024.93256380578,2025.08219178082,SRR32415153|A/chicken/MD/25-003830-002-original/2025|H5N1|USA-MD|Unknown|2025-01-31|domestic_avian|D1.1
741,742,0.135489347291502,-71.0357224960574,41.563922718369,-72.1583817058484,41.0274414202513,0.573216843479431,0.437727496187929,2024.94840478151,2025.0838941288,NA
788,789,0.161055644035988,-71.8466551734043,41.6830831768818,-74.6858339193326,42.2925849511646,0.577351335048349,0.416295691012361,2024.92697297634,2025.08802862037,NA
859,221,0.231518075401776,-94.3982085732262,41.0029507664196,-93.396791626364,30.8681128230301,0.579733673579358,0.348215598177583,2024.8588928835,2025.0904109589,SRR32415110|A/chicken/LA/25-004414-001-original/2025|H5N1|USA-LA|Unknown|2025-02-03|domestic_avian|D1.1
758,73,0.168070725683202,-75.200337278455,40.2656031361443,-76.6367843217415,42.3976537986541,0.579733673579358,0.411662947896156,2024.92234023322,2025.0904109589,SRR32513235|A/snow_goose/NY/25-004092-002/2025|H5N1|USA-NY|Tompkins|2025-02-03|wild_avian|D1.1
1254,578,0.0583551798863426,-115.183667291502,36.3200204480535,-112.033375770869,34.1268723545076,0.579733673579358,0.521378493693015,2025.03205577902,2025.0904109589,SRR32415932|A/cattle/AZ/25-004003-002-original/2025|H5N1|USA-AZ|Unknown|2025-02-03|cattle|D1.1
1255,579,0.0465354633597468,-116.335263298752,34.7662705560578,-113.747142724852,34.6340800186295,0.579733673579358,0.533198210219611,2025.04387549554,2025.0904109589,SRR32415933|A/cattle/AZ/25-004003-001-original/2025|H5N1|USA-AZ|Unknown|2025-02-03|cattle|D1.1
720,39,0.0137003207775561,-87.6602514021042,43.261084173211,-88.033421400911,42.9089392983109,0.579733673579358,0.566033352801802,2025.07671063813,2025.0904109589,SRR33508795|A/red_breasted_merganser/WI/25-005001-001/2025|H5N1|USA-WI|Milwaukee|2025-02-03|wild_avian|D1.1
800,67,0.217549807731905,-70.0930098848488,47.920264339725,-65.762473130857,43.7323151508235,0.582473399606716,0.36492359187481,2024.8756008772,2025.09315068493,EPI_ISL_20208379|A/American_Black_Duck/NS/FAV-0078-2/2025|H5N1|Canada-NS|Unknown|2025-02-04|wild_avian|D1.1
838,273,0.212811681085087,-108.720611558536,43.4636936002899,-106.315313803596,42.4487131715094,0.582473399606716,0.369661718521628,2024.88033900385,2025.09315068493,SRR32512649|A/Common_goldeneye/WY/25-004669-001/2025|H5N1|USA-WY|Natrona|2025-02-04|wild_avian|D1.1
745,117,0.126065685585027,-72.5317917560082,42.3489154199817,-73.2081127617573,41.9746470080455,0.582473399606716,0.456407714021689,2024.96708499935,2025.09315068493,SRR33125072|A/Great_Horned_Owl/CT/25-005886-001-original/2025|H5N1|USA-CT|Unknown|2025-02-04|wild_avian|D1.1
947,127,0.260000852385763,-90.7675201040354,44.2441147426379,-91.3781292152669,45.399514951944,0.585213125634073,0.32521227324831,2024.83588955857,2025.09589041096,SRR32512646|A/cougar/WI/25-004744-001/2025|H5N1|USA-WI|Redacted|2025-02-05|feline|D1.1
905,173,0.159912132980644,-82.3086221495828,40.8635533269309,-83.6569678005971,43.490687069935,0.585213125634073,0.425300992653429,2024.93597827798,2025.09589041096,SRR33508812|A/bald_eagle/MI/25-004779-002/2025|H5N1|USA-MI|Tuscola|2025-02-05|wild_avian|D1.1
911,180,0.149046718398281,-86.6255242213857,39.4155851587245,-82.964481019367,43.0810387498343,0.585213125634073,0.436166407235792,2024.94684369256,2025.09589041096,SRR33508810|A/bufflehead/MI/25-004779-004/2025|H5N1|USA-MI|St_Clair|2025-02-05|wild_avian|D1.1
1008,514,0.0717881439530345,-108.451603246388,42.6025676569591,-104.449014960587,40.4550206845142,0.585213125634073,0.513424981681038,2025.02410226701,2025.09589041096,SRR32513282|A/red_tailed_hawk/CO/25-004838-001/2025|H5N1|USA-CO|Weld|2025-02-05|wild_avian|D1.1
1176,1177,0.0966550434885031,-99.3988597375969,44.9244948216163,-103.061490875409,48.4166480180395,0.587937137190066,0.491282093701563,2025.00195937903,2025.09861442251,NA
783,94,0.212880863855523,-71.2722879439529,43.886337388945,-71.6510492854027,43.6427747527144,0.58795285166143,0.375071987805907,2024.88574927313,2025.09863013699,SRR32653687|A/american_black_duck/NH/25-005332-016/2025|H5N1|USA-NH|Belknap|2025-02-06|wild_avian|D1.1
855,225,0.179343080078217,-85.3293180217564,40.9882968719327,-84.2555741170565,40.9062787841232,0.58795285166143,0.408609771583213,2024.91928705691,2025.09863013699,SRR32512588|A/bald_eagle/OH/25-004768-001/2025|H5N1|USA-OH|Unknown|2025-02-06|wild_avian|D1.1
785,92,0.173642112346149,-70.2822778495426,41.7530364578095,-70.2927443806208,41.7327666661994,0.58795285166143,0.414310739315281,2024.92498802464,2025.09863013699,SRR32868847|A/bufflehead/MA/25-007118-042/2025|H5N1|USA-MA|Barnstable|2025-02-06|wild_avian|D1.1
721,38,0.0470822015111505,-85.6738573783359,43.554228125877,-88.1265157413045,41.9990821173089,0.58795285166143,0.54087065015028,2025.05154793548,2025.09863013699,SRR32653607|A/red_breasted_merganser/IL/25-005366-003/2025|H5N1|USA-IL|Cook|2025-02-06|wild_avian|D1.1
894,895,0.30923745817481,-87.6615886384755,36.6282266298898,-83.7612174475433,39.3031172389983,0.588095242894481,0.27885778471967,2024.78953507004,2025.09877252822,NA
833,267,0.294470730899222,-95.5604054996854,38.5119695248331,-95.4362284163639,38.5489088203906,0.590692577688788,0.296221846789566,2024.80689913211,2025.10136986301,SRR32653665|A/cat/KS/25-005576-002-original/2025|H5N1|USA-KS|Unknown|2025-02-07|feline|D1.1
1239,330,0.187041179245351,-75.9310730027187,38.4934038283155,-79.8549997833092,39.4688777511405,0.590692577688788,0.403651398443437,2024.91432868377,2025.10136986301,SRR32974090|A/Canada_Goose/WV/25-005755-001-original-repeat2/2025|H5N1|USA-WV|Unknown|2025-02-07|wild_avian|D1.1
781,97,0.0669001893245765,-69.511932636863,43.4118705704069,-70.6949064117086,43.355612416185,0.590692577688788,0.523792388364211,2025.03446967369,2025.10136986301,SRR33125151|A/mallard/ME/25-006144-064/2025|H5N1|USA-ME|York|2025-02-07|wild_avian|D1.1
945,134,0.199769143904924,-93.2478022516165,44.9160035020604,-94.0008426156939,46.0787023920271,0.593432303716372,0.393663159811448,2024.90434044514,2025.10410958904,SRR32512844|A/chicken/MN/25-004931-004-original/2025|H5N1|USA-MN|Unknown|2025-02-08|domestic_avian|D1.1
721,722,0.0559615373044764,-85.6738573783359,43.554228125877,-86.3971363506241,41.9737130061917,0.596832187454756,0.54087065015028,2025.05154793548,2025.10750947278,NA
848,216,0.281093745007444,-88.0805902735233,38.8344522462785,-83.7355879917885,34.6066642788155,0.598911755771087,0.317818010763643,2024.82849529609,2025.1095890411,SRR33125081|A/Black_Vulture/GA/25-005756-004-original/2025|H5N1|USA-GA|Unknown|2025-02-10|wild_avian|D1.1
1293,525,0.278614150417399,-108.371648011281,34.6466072072398,-76.3529411077974,40.0064600225488,0.601651481798445,0.323037331381045,2024.83371461671,2025.11232876712,SRR32804547|A/red_shouldered_hawk/PA/25-006939-001/2025|H5N1|USA-PA|Lancaster|2025-02-11|wild_avian|D1.1
849,217,0.271807793894479,-87.4587875653935,37.524315996587,-80.0969485743365,41.9594992577047,0.601651481798445,0.329843687903966,2024.84052097323,2025.11232876712,SRR33125061|A/herring_gull/PA/25-005864-001/2025|H5N1|USA-PA|Erie|2025-02-11|wild_avian|D1.1
1336,642,0.23927840405143,-94.7341498318417,40.9171511706272,-100.498860150819,42.1483731702094,0.601651481798445,0.362373077747015,2024.87305036307,2025.11232876712,SRR32973810|A/chicken/NE/25-005224-001-original-repeat2/2025|H5N1|USA-NE|Unknown|2025-02-11|domestic_avian|D1.1
737,112,0.233841524574757,-75.5404873695991,41.7168824408938,-74.6652807488218,41.3212043474376,0.601651481798445,0.367809957223688,2024.87848724255,2025.11232876712,SRR33125172|A/bald_eagle/NJ/25-006329-001/2025|H5N1|USA-NJ|Sussex|2025-02-11|wild_avian|D1.1
702,703,0.0730717905289001,-81.7894857842786,36.5422839355075,-80.3350772273252,38.4825766279887,0.603097869155241,0.530026078626341,2025.04070336395,2025.11377515448,NA
1177,1178,0.0162647481169573,-103.061490875409,48.4166480180395,-102.613298915593,47.5600206294972,0.604201885307024,0.587937137190066,2025.09861442251,2025.11487917063,NA
911,179,0.16822480059001,-86.6255242213857,39.4155851587245,-85.7708468403151,31.532052620631,0.604391207825802,0.436166407235792,2024.94684369256,2025.11506849315,SRR33125038|A/Canada_Goose/AL/25-006220-001-original/2025|H5N1|USA-AL|Unknown|2025-02-12|wild_avian|D1.1
887,210,0.0641092413530235,-85.262977904049,38.1155089982989,-84.1773891661874,38.170858522845,0.604391207825802,0.540281966472778,2025.0509592518,2025.11506849315,SRR33319056|A/Great_Horned_Owl/KY/25-006499-001-original-repeat/2025|H5N1|USA-KY|Unknown|2025-02-12|wild_avian|D1.1
1176,1180,0.115748825307422,-99.3988597375969,44.9244948216163,-96.2338636820585,44.1974337154526,0.607030919008985,0.491282093701563,2025.00195937903,2025.11770820433,NA
779,95,0.191903156997226,-72.5056924809771,43.3609167439711,-71.077178077618,43.2414575255766,0.607130933853387,0.415227776856161,2024.92590506218,2025.11780821918,SRR32804576|A/red_tailed_hawk/NH/25-006653-001/2025|H5N1|USA-NH|Strafford|2025-02-13|wild_avian|D1.1
1292,522,0.0882449208769135,-98.4625371989929,29.6002519528269,-98.4068695167221,29.6396584528686,0.607130933853387,0.518886012976473,2025.0295632983,2025.11780821918,SRR32804622|A/black_vulture/TX/25-006660-004/2025|H5N1|USA-TX|Bexar|2025-02-13|wild_avian|D1.1
1292,523,0.0882449208769135,-98.4625371989929,29.6002519528269,-98.253783713269,29.5327057334563,0.607130933853387,0.518886012976473,2025.0295632983,2025.11780821918,SRR32804616|A/black_vulture/TX/25-006661-005/2025|H5N1|USA-TX|Bexar|2025-02-13|wild_avian|D1.1
1002,336,0.203215422359835,-104.895189879743,40.4493322227379,-101.408019549014,36.7602025956308,0.609870659880744,0.40665523752091,2024.91733252285,2025.12054794521,SRR32804591|A/snow_goose/OK/25-006647-001/2025|H5N1|USA-OK|Texas|2025-02-14|wild_avian|D1.1
710,21,0.176029884748201,-78.6233370489124,42.1263431808297,-78.863152563299,38.0508045211158,0.609870659880744,0.433840775132543,2024.94451806046,2025.12054794521,SRR32868736|A/Peregrine_Falcon/VA/25-007709-003-original/2025|H5N1|USA-VA|Unknown|2025-02-14|wild_avian|D1.1
1291,524,0.10950404080583,-98.4862526870102,29.6092198523968,-101.774989590531,36.7901410343921,0.609870659880744,0.500366619074914,2025.0110439044,2025.12054794521,SRR32804590|A/snow_goose/OK/25-006648-001/2025|H5N1|USA-OK|Texas|2025-02-14|wild_avian|D1.1
722,34,0.013038472425988,-86.3971363506241,41.9737130061917,-87.8607795498787,41.9096182290708,0.609870659880744,0.596832187454756,2025.10750947278,2025.12054794521,SRR32868800|A/herring_gull/IL/25-007474-006/2025|H5N1|USA-IL|Cook|2025-02-14|wild_avian|D1.1
1013,1016,0.237672120897184,-99.979194816426,44.4749845393264,-99.4587245034921,45.5962491048575,0.613302063667394,0.37562994277021,2024.8863072281,2025.12397934899,NA
739,107,0.259852552635779,-71.6440317525618,43.8297651621663,-71.8748184884593,42.6519946745017,0.620829563990174,0.360977011354395,2024.87165429668,2025.13150684931,SRR32804565|A/mallard/MA/25-006665-001/2025|H5N1|USA-MA|Worcester|2025-02-18|wild_avian|D1.1
904,170,0.244007949492394,-84.6733905901491,40.6477080572266,-92.0053785301098,41.4064251088642,0.620829563990174,0.37682161449778,2024.88749889982,2025.13150684931,SRR33125097|A/Snowy_Owl/IA/25-005856-001-original/2025|H5N1|USA-IA|Unknown|2025-02-18|wild_avian|D1.1
802,69,0.205193088539245,-63.8196084624987,46.6699764564278,-63.8325470374869,45.0399003643452,0.623569290017759,0.418376201478514,2024.9290534868,2025.13424657534,EPI_ISL_20208385|A/Bald_Eagle/NS/FAV-0148/2025|H5N1|Canada-NS|Unknown|2025-02-19|wild_avian|D1.1
1237,325,0.279159384714349,-78.0476974658384,35.4884436879399,-78.5107325525263,34.8628618435717,0.629048742072473,0.349889357358124,2024.86056664268,2025.1397260274,SRR32868875|A/Bald_Eagle/NC/25-007708-003-original/2025|H5N1|USA-NC|Unknown|2025-02-21|wild_avian|D1.1
740,111,0.202155334351422,-74.4359082973018,43.3818880858417,-62.9824381628461,46.2620541227506,0.631788468099831,0.429633133748409,2024.94031041907,2025.14246575342,EPI_ISL_19792232|A/Canada_goose/PE/FAV-0072-1/2025|H5N1|Canada-PE|Unknown|2025-02-22|wild_avian|D1.1
801,66,0.1941079599866,-69.6784173272841,47.8027097260959,-63.457721043549,46.2210937446453,0.631788468099831,0.437680508113231,2024.94835779344,2025.14246575342,EPI_ISL_20208402|A/Canada_Goose/PE/FAV-0072-5/2025|H5N1|Canada-PE|Unknown|2025-02-22|wild_avian|D1.1
993,613,0.303752016704308,-94.304535536686,37.2815909647914,-83.1335979873583,30.4278845708278,0.64000764618213,0.336255629477823,2024.8469329148,2025.15068493151,SRR33124756|A/chicken/FL/25-006816-001-original/2025|H5N1|USA-FL|Unknown|2025-02-25|domestic_avian|D1.1
742,109,0.066790802702699,-72.1583817058484,41.0274414202513,-71.7037628830898,41.6865318981563,0.64000764618213,0.573216843479431,2025.0838941288,2025.15068493151,SRR34784269|A/herring_gull/RI/25-019394-001/2025|H5N1|USA-RI|Kent|2025-02-25|wild_avian|D1.1
774,55,0.234719754696648,-74.3954279841594,41.7026752421207,-76.2848529660032,42.2587954985482,0.642747372209488,0.408027617512839,2024.91870490284,2025.15342465753,SRR32868713|A/red_tailed_hawk/NY/25-007155-001/2025|H5N1|USA-NY|Tioga|2025-02-26|wild_avian|D1.1
1236,328,0.186739280042297,-75.6231643014795,34.2649790991827,-76.6739787930169,36.8042821987,0.642747372209488,0.456008092167191,2024.96668537749,2025.15342465753,SRR32973981|A/Brown_Pelican/VA/25-008328-003-original/2025|H5N1|USA-VA|Unknown|2025-02-26|wild_avian|D1.1
1008,513,0.129322390528449,-108.451603246388,42.6025676569591,-104.796146778678,41.730693101172,0.642747372209488,0.513424981681038,2025.02410226701,2025.15342465753,SRR32868818|A/canada_goose/WY/25-008078-001/2025|H5N1|USA-WY|Platte|2025-02-26|wild_avian|D1.1
732,105,0.326999943116305,-72.6265611961941,39.5451519962651,-74.6692611858945,40.6506730833459,0.645487098236845,0.31848715512054,2024.82916444045,2025.15616438356,SRR32868891|A/dark_eyed_junco/NJ/25-007152-004/2025|H5N1|USA-NJ|Somerset|2025-02-27|wild_avian|D1.1
1238,323,0.282097131988482,-80.6710698473217,37.5078479689993,-82.3608907944161,38.1985707246574,0.645487098236845,0.363389966248363,2024.87406725157,2025.15616438356,SRR32868711|A/Red-tailed_Hawk/WV/25-007392-001-original/2025|H5N1|USA-WV|Unknown|2025-02-27|wild_avian|D1.1
1187,619,0.228570712853936,-112.078933996812,41.5133994574953,-121.895906563259,38.297625200658,0.645487098236845,0.416916385382909,2024.92759367071,2025.15616438356,SRR33476791|A/Peregrine_falcon/CA/25-012990-002/2025|H5N1|USA-CA|Solano|2025-02-27|wild_avian|D1.1
1189,620,0.110300571656159,-122.718913440247,39.5504945010172,-121.693149217942,37.7506944390648,0.645487098236845,0.535186526580686,2025.04586381191,2025.15616438356,SRR33476783|A/Sanderling/CA/25-012990-001/2025|H5N1|USA-CA|Alameda|2025-02-27|wild_avian|D1.1
1222,1224,0.25864574871011,-76.5528494602729,36.3624066428551,-83.8002453523454,38.6936745278277,0.648794835949454,0.390149087239344,2024.90082637256,2025.15947212127,NA
761,762,0.13824748935626,-78.2600325833019,41.9234223988438,-76.6468422589189,39.1555246825433,0.649791799350281,0.511544309994021,2025.02222159532,2025.16046908468,NA
744,116,0.251899123102671,-73.2919691842858,42.2541327869024,-71.3136839416218,42.5306797879059,0.65096655029156,0.399067427188888,2024.90974471251,2025.16164383562,SRR34710268|A/red_tailed_hawk/MA/25-019390-004/2025|H5N1|USA-MA|Middlesex|2025-03-01|wild_avian|D1.1
720,37,0.0849331974897578,-87.6602514021042,43.261084173211,-88.5747805412142,43.3611180257704,0.65096655029156,0.566033352801802,2025.07671063813,2025.16164383562,SRR32974035|A/Peregrine_Falcon/WI/25-008493-001-original/2025|H5N1|USA-WI|Unknown|2025-03-01|wild_avian|D1.1
895,896,0.0666802395753491,-83.7612174475433,39.3031172389983,-84.7299661526501,39.6788511703877,0.65477548246983,0.588095242894481,2025.09877252822,2025.16545276779,NA
917,167,0.379006363614877,-80.5754261529531,34.3191159014011,-83.8346741707725,33.6943908307185,0.656446002346502,0.277439638731624,2024.78811692406,2025.16712328767,SRR32868886|A/bald_eagle/GA/25-007707-001/2025|H5N1|USA-GA|Walton|2025-03-03|wild_avian|D1.1
900,175,0.363604764023041,-83.9816953141978,40.9876997910834,-77.407914957791,42.4810661207143,0.656446002346502,0.292841238323461,2024.80351852365,2025.16712328767,SRR32868755|A/red_tailed_hawk/NY/25-007854-001/2025|H5N1|USA-NY|Steuben|2025-03-03|wild_avian|D1.1
817,259,0.348081708680968,-97.5015369264107,32.4098042756093,-92.0357057560197,36.9119211311436,0.656446002346502,0.308364293665534,2024.81904157899,2025.16712328767,SRR33029790|A/turkey_vulture/MO/25-007994-001/2025|H5N1|USA-MO|Howell|2025-03-03|wild_avian|D1.1
834,276,0.296307582803263,-106.596004092884,44.3328136772097,-98.5113090258291,43.1872472539057,0.656446002346502,0.360138419543239,2024.87081570487,2025.16712328767,SRR32974025|A/Red-tailed_Hawk/SD/25-008825-001-original/2025|H5N1|USA-SD|Unknown|2025-03-03|wild_avian|D1.1
1012,408,0.293641276732331,-95.1708800564237,44.1611427029642,-104.066469392626,44.437482540405,0.656446002346502,0.362804725614171,2024.87348201094,2025.16712328767,SRR32868817|A/Canada_Goose/WY/25-008079-001-original/2025|H5N1|USA-WY|Unknown|2025-03-03|wild_avian|D1.1
1116,397,0.285230490950092,-103.621730376518,45.4624778884698,-98.2459485876665,39.8621004783343,0.656446002346502,0.37121551139641,2024.88189279672,2025.16712328767,SRR32974002|A/Skunk/KS/25-008665-001-original/2025|H5N1|USA-KS|Unknown|2025-03-03|other_mammal|D1.1
718,36,0.139906846162859,-89.1823568248525,42.4657141492934,-86.5912202571726,41.2995764379093,0.656446002346502,0.516539156183643,2025.02721644151,2025.16712328767,SRR32868795|A/Bald_Eagle/IN/25-007837-001-original/2025|H5N1|USA-IN|Unknown|2025-03-03|wild_avian|D1.1
788,88,0.242890037361498,-71.8466551734043,41.6830831768818,-71.7830962858518,41.8965029573034,0.659185728373859,0.416295691012361,2024.92697297634,2025.1698630137,SRR34710265|A/Peregrine_Falcon/RI/25-019394-007-original/2025|H5N1|USA-RI|Unknown|2025-03-04|wild_avian|D1.1
703,706,0.056526845883786,-80.3350772273252,38.4825766279887,-82.6689899388352,39.029605736458,0.659624715039027,0.603097869155241,2025.11377515448,2025.17030200036,NA
1203,1204,0.297062169199635,-72.7650991394945,37.6844844250047,-75.1251027500863,39.3899806940353,0.661861800388386,0.364799631188752,2024.87547691651,2025.17253908571,NA
1193,599,0.247250914977228,-117.659663934721,44.5283577395245,-119.48493732578,44.9539035335777,0.661925454401217,0.414674539423989,2024.92535182475,2025.17260273973,SRR32974026|A/Red-tailed_Hawk/OR/25-008819-001-original/2025|H5N1|USA-OR|Unknown|2025-03-05|wild_avian|D1.1
862,231,0.343541869766841,-90.0276200081421,38.3023468370398,-86.9271553467292,38.4825479819935,0.664665180428574,0.321123310661733,2024.83180059599,2025.17534246575,SRR32868618|A/chicken/IN/25-008062-001-original/2025|H5N1|USA-IN|Unknown|2025-03-06|domestic_avian|D1.1
1011,339,0.288904487202348,-104.734844912514,45.9291113148749,-103.106933569297,42.8551231434461,0.664665180428574,0.375760693226227,2024.88643797855,2025.17534246575,SRR32868560|A/chicken/NE/25-008023-001-original/2025|H5N1|USA-NE|Unknown|2025-03-06|domestic_avian|D1.1
1277,543,0.175543346030892,-96.5508319674942,46.0888485205344,-85.3655135974844,38.5041518957694,0.664665180428574,0.489121834397683,2024.99979911972,2025.17534246575,SRR32974113|A/turkey_vulture/KY/25-009319-001/2025|H5N1|USA-KY|Oldham|2025-03-06|wild_avian|D1.1
1190,622,0.0940899364245829,-122.263152809535,37.9368349649002,-122.394231055117,37.5647384875251,0.664665180428574,0.570575244003991,2025.08125252933,2025.17534246575,SRR33029846|A/barn_owl/CA/25-010283-002/2025|H5N1|USA-CA|San_Mateo|2025-03-06|wild_avian|D1.1
909,910,0.229583733745961,-92.096102892629,34.1281336183259,-92.2929097043787,46.6140058101696,0.665885534249879,0.436301800503918,2024.94697908583,2025.17656281957,NA
1177,1179,0.078092783248176,-103.061490875409,48.4166480180395,-102.895394030847,48.28472157555,0.666029920438242,0.587937137190066,2025.09861442251,2025.17670720576,NA
1223,301,0.24410701573237,-76.5192598722653,35.7371575406512,-76.284540586529,36.1378784471996,0.667404906455932,0.423297890723562,2024.93397517605,2025.17808219178,SRR32974111|A/Brown_Pelican/NC/25-009321-002-original/2025|H5N1|USA-NC|Unknown|2025-03-07|wild_avian|D1.1
710,19,0.233564131323388,-78.6233370489124,42.1263431808297,-67.9543201421397,45.7496341457512,0.667404906455932,0.433840775132543,2024.94451806046,2025.17808219178,SRR34980370|A/American_Crow/ME/25-021406-005-original/2025|H5N1|USA-ME|Unknown|2025-03-07|wild_avian|D1.1
1015,407,0.252602388457537,-92.7542301811729,40.629235938034,-95.1571724626717,34.4589726731528,0.670144632483516,0.41754224402598,2024.92821952935,2025.18082191781,SRR32868567|A/Guineafowl/OK/25-008449-003-original/2025|H5N1|USA-OK|Unknown|2025-03-08|domestic_avian|D1.1
1281,1282,0.266523964512485,-87.839701718029,34.9428804390763,-85.0134916667596,33.7789036768074,0.671069674584306,0.404545710071821,2024.9152229954,2025.18174695991,NA
762,763,0.0257500101303755,-76.6468422589189,39.1555246825433,-76.3211421604763,38.9936418636629,0.675541809480656,0.649791799350281,2025.16046908468,2025.18621909481,NA
914,158,0.311860449454851,-86.5624265198029,40.5085945690376,-78.6355445335,42.7264714115004,0.675624084538231,0.36376363508338,2024.87444092041,2025.18630136986,SRR32974019|A/bald_eagle/NY/25-009027-001/2025|H5N1|USA-NY|Erie|2025-03-10|wild_avian|D1.1
761,64,0.164079774544211,-78.2600325833019,41.9234223988438,-77.6830404857234,39.4993663598403,0.675624084538231,0.511544309994021,2025.02222159532,2025.18630136986,SRR32868593|A/chicken/MD/25-008577-002-original/2025|H5N1|USA-MD|Unknown|2025-03-10|domestic_avian|D1.1
1194,1195,0.262522909514385,-116.911013441693,44.5724145732814,-122.344343856915,52.2308669585962,0.678430604775012,0.415907695260627,2024.92658498059,2025.1891078901,NA
1341,1343,0.0135440368708104,-81.504188632009,35.9486511544713,-79.4945322166363,38.3727313135642,0.679889730436271,0.66634569356546,2025.17702297889,2025.19056701576,NA
1195,1196,0.00261606447594154,-122.344343856915,52.2308669585962,-121.374450066117,51.6017061732106,0.681046669250953,0.678430604775012,2025.1891078901,2025.19172395458,NA
750,124,0.257476713714082,-74.900031748443,40.8905733732727,-74.2158521773519,41.1024453575973,0.681103536592946,0.423626822878864,2024.9343041082,2025.19178082192,SRR32974073|A/bald_eagle/NJ/25-009512-004/2025|H5N1|USA-NJ|Bergen|2025-03-12|wild_avian|D1.1
803,70,0.22608045512505,-63.3641518911796,45.7611557849046,-64.4990956221456,52.6029886341438,0.681103536592946,0.455023081467896,2024.96570036679,2025.19178082192,EPI_ISL_20208427|A/Mallard/NL/FAV-0141-13/2025|H5N1|Canada-NL|Unknown|2025-03-12|wild_avian|D1.1
1117,396,0.152679599635588,-102.999019907439,41.9976153263911,-97.894431391658,36.6344886758535,0.681103536592946,0.528423936957358,2025.03910122228,2025.19178082192,SRR32868813|A/Canada_Goose/OK/25-009017-002-original/2025|H5N1|USA-OK|Unknown|2025-03-12|wild_avian|D1.1
1190,621,0.110528292588955,-122.263152809535,37.9368349649002,-122.104053130951,37.620307471311,0.681103536592946,0.570575244003991,2025.08125252933,2025.19178082192,SRR33682329|A/great_blue_heron/CA/25-014655-001/2025|H5N1|USA-CA|Alameda|2025-03-12|wild_avian|D1.1
1005,515,0.328020473766764,-101.215161437421,44.7163725674103,-96.2079525287687,32.1105412750017,0.683843262620303,0.355822788853539,2024.86650007418,2025.19452054795,SRR33508799|A/Skunk/TX/25-010819-006-original/2025|H5N1|USA-TX|Unknown|2025-03-13|other_mammal|D1.1
861,219,0.17930901721564,-92.7331234886995,40.0443465333531,-91.5158959855688,40.6167437253395,0.683843262620303,0.504534245404663,2025.01521153073,2025.19452054795,SRR32974022|A/Peregrine_Falcon/IA/25-009016-001-original/2025|H5N1|USA-IA|Unknown|2025-03-13|wild_avian|D1.1
896,184,0.0345472322054158,-84.7299661526501,39.6788511703877,-82.6993484866786,40.162400512416,0.689322714675245,0.65477548246983,2025.16545276779,2025.2,SRR33476771|A/black_vulture/OH/25-012888-001/2025|H5N1|USA-OH|Licking|2025-03-15|wild_avian|D1.1
1251,560,0.338049805256103,-105.342231712351,36.4329774928737,-107.855716557107,36.103891587639,0.69480216672996,0.356752361473857,2024.8674296468,2025.20547945205,SRR32973825|A/chicken/NM/25-009470-001-original/2025|H5N1|USA-NM|Unknown|2025-03-17|domestic_avian|D1.1
943,132,0.321914890612675,-76.3753692676538,39.9532616978039,-75.024797334975,39.9839746179812,0.69480216672996,0.372887276117286,2024.88356456144,2025.20547945205,SRR32974069|A/bald_eagle/NJ/25-009514-002/2025|H5N1|USA-NJ|Camden|2025-03-17|wild_avian|D1.1
757,75,0.317380538603603,-76.8638413779288,40.0800973508916,-76.7336729038284,40.2075425956477,0.69480216672996,0.377421628126357,2024.88809891345,2025.20547945205,SRR33370215|A/black_vulture/PA/25-011842-001/2025|H5N1|USA-PA|Dauphin|2025-03-17|wild_avian|D1.1
905,172,0.269501174076531,-82.3086221495828,40.8635533269309,-80.5174486666779,42.6479092757613,0.69480216672996,0.425300992653429,2024.93597827798,2025.20547945205,EPI_ISL_20208437|A/Red-Tailed_Hawk/ON/FAV-0121-4/2025|H5N1|Canada-ON|Unknown|2025-03-17|wild_avian|D1.1
1349,646,0.408625574000204,-97.6480390168638,39.6969749441052,-108.322237046992,45.2505404594306,0.697541892757318,0.288916318757113,2024.79959360408,2025.20821917808,SRR32973819|A/Duck/MT/25-009376-001-original/2025|H5N1|USA-MT|Unknown|2025-03-18|domestic_avian|D1.1
1287,541,0.318774722985386,-87.4676163252294,38.4718201762686,-95.9820305518209,38.8932579857493,0.697541892757318,0.378767169771932,2024.8894444551,2025.20821917808,SRR33029751|A/chicken/KS/25-009496-002-original/2025|H5N1|USA-KS|Unknown|2025-03-18|domestic_avian|D1.1
743,115,0.29880725690556,-73.5644938858906,42.5098454456283,-72.3320801138542,41.5886869300047,0.697541892757318,0.398734635851757,2024.90941192118,2025.20821917808,SRR33029808|A/Mallard/CT/25-010197-001-original/2025|H5N1|USA-CT|Unknown|2025-03-18|wild_avian|D1.1
742,108,0.124325049277886,-72.1583817058484,41.0274414202513,-71.4348567922027,41.9934609650723,0.697541892757318,0.573216843479431,2025.0838941288,2025.20821917808,SRR35089326|A/Fish_Crow/RI/25-021409-001-original/2025|H5N1|USA-RI|Unknown|2025-03-18|wild_avian|D1.1
895,182,0.109446649862837,-83.7612174475433,39.3031172389983,-83.6788870904576,39.2615714322532,0.697541892757318,0.588095242894481,2025.09877252822,2025.20821917808,SRR33029849|A/black_vulture/OH/25-009864-005/2025|H5N1|USA-OH|Highland|2025-03-18|wild_avian|D1.1
866,208,0.230978339285313,-85.7529033657657,36.4664623092091,-87.785718882306,31.8815311714048,0.700281618784902,0.469303279499589,2024.97998056482,2025.21095890411,SRR33029853|A/Black_Vulture/AL/25-010338-002-original/2025|H5N1|USA-AL|Unknown|2025-03-19|wild_avian|D1.1
780,98,0.192665864191351,-69.5989783426098,43.9760359362025,-72.0244324354634,43.9600574163241,0.700281618784902,0.507615754593551,2025.01829303992,2025.21095890411,SRR34980328|A/Gull/NH/25-021405-005-original/2025|H5N1|USA-NH|Unknown|2025-03-19|wild_avian|D1.1
940,138,0.426444416803568,-88.2081249346927,35.849911595613,-81.4273362918986,28.4671144119435,0.70302134481226,0.276576928008692,2024.78725421333,2025.21369863014,SRR33029789|A/Bald_Eagle/FL/25-009986-004-original/2025|H5N1|USA-FL|Unknown|2025-03-20|wild_avian|D1.1
909,178,0.266719544308342,-92.096102892629,34.1281336183259,-87.2451123563708,30.4039460008772,0.70302134481226,0.436301800503918,2024.94697908583,2025.21369863014,SRR33370194|A/Great_Horned_Owl/FL/25-012397-001-original/2025|H5N1|USA-FL|Unknown|2025-03-20|wild_avian|D1.1
924,925,0.00100205465081227,-88.0858022757389,37.506704568545,-88.2398917114561,37.4594654352191,0.703850616166367,0.702848561515555,2025.21352584684,2025.21452790149,NA
1178,402,0.101559185532593,-102.613298915593,47.5600206294972,-102.892911222016,48.3462905478054,0.705761070839617,0.604201885307024,2025.11487917063,2025.21643835616,SRR33319040|A/Ross_s_Goose/ND/25-011280-001-original/2025|H5N1|USA-ND|Unknown|2025-03-21|wild_avian|D1.1
703,704,0.10373523336796,-80.3350772273252,38.4825766279887,-78.7056464144589,42.2812788233371,0.706833102523201,0.603097869155241,2025.11377515448,2025.21751038785,NA
1255,1256,0.1747356973896,-116.335263298752,34.7662705560578,-113.095293369035,35.547579784646,0.707933907609211,0.533198210219611,2025.04387549554,2025.21861119293,NA
1204,1205,0.0484282706399107,-75.1251027500863,39.3899806940353,-76.1006178925297,39.889358179013,0.710290071028297,0.661861800388386,2025.17253908571,2025.22096735635,NA
1205,1208,0.000303976521269567,-76.1006178925297,39.889358179013,-76.4029481173091,39.5515380337495,0.710594047549567,0.710290071028297,2025.22096735635,2025.22127133287,NA
1117,1118,0.182880171680996,-102.999019907439,41.9976153263911,-101.12097904359,50.229561706945,0.711304108638354,0.528423936957358,2025.03910122228,2025.22198139396,NA
789,790,0.134992570268659,-74.6858339193326,42.2925849511646,-67.8565363575122,43.3218393839707,0.712343905317009,0.577351335048349,2025.08802862037,2025.22302119064,NA
925,931,0.00898310978440664,-88.2398917114561,37.4594654352191,-86.1904338702316,38.3003157761608,0.712833725950774,0.703850616166367,2025.21452790149,2025.22351101128,NA
860,222,0.33968700296944,-90.9491160417809,41.7799782686287,-94.4728051672618,41.2981932826789,0.713980248921689,0.374293245952249,2024.88497053128,2025.22465753425,SRR33029828|A/cat/IA/25-010114-001-original/2025|H5N1|USA-IA|Unknown|2025-03-24|feline|D1.1
1175,400,0.30778308494892,-99.782015880475,43.4365799686064,-99.8520120488734,41.3276542125322,0.713980248921689,0.406197163972769,2024.9168744493,2025.22465753425,SRR33508770|A/Duck/NE/25-010532-002-original/2025|H5N1|USA-NE|Unknown|2025-03-24|domestic_avian|D1.1
763,60,0.0384384394410331,-76.3211421604763,38.9936418636629,-76.4737058766849,39.0079020563512,0.713980248921689,0.675541809480656,2025.18621909481,2025.22465753425,SRR34710271|A/Turkey_Vulture/MD/25-019391-002-original/2025|H5N1|USA-MD|Unknown|2025-03-24|wild_avian|D1.1
1208,307,0.00338620137212253,-76.4029481173091,39.5515380337495,-76.343601103735,39.4121195944169,0.713980248921689,0.710594047549567,2025.22127133287,2025.22465753425,SRR33508772|A/black_vulture/MA/25-010531-001/2025|H5N1|USA-MA|Harford|2025-03-24|wild_avian|D1.1
1282,1283,0.0452353110650139,-85.0134916667596,33.7789036768074,-84.7552382690559,34.0676996268062,0.71630498564932,0.671069674584306,2025.18174695991,2025.22698227097,NA
1256,580,0.00878606734006315,-113.095293369035,35.547579784646,-113.245580640756,35.0346188278724,0.716719974949274,0.707933907609211,2025.21861119293,2025.22739726027,SRR33319085|A/cattle/AZ/25-010942-001-original/2025|H5N1|USA-AZ|Unknown|2025-03-25|cattle|D1.1
789,791,0.140460230859112,-74.6858339193326,42.2925849511646,-72.5649854513084,44.0676167256377,0.717811565907462,0.577351335048349,2025.08802862037,2025.22848885123,NA
1205,1206,0.00792924007563633,-76.1006178925297,39.889358179013,-76.0201503343528,39.8829968219776,0.718219311103934,0.710290071028297,2025.22096735635,2025.22889659643,NA
1003,512,0.396854014592552,-104.803904804301,45.6935066387683,-106.137441189018,40.948950577865,0.719459700976631,0.32260568638408,2024.83328297171,2025.2301369863,SRR33508736|A/Red-tailed_Hawk/CO/25-010882-001-original/2025|H5N1|USA-CO|Unknown|2025-03-26|wild_avian|D1.1
803,68,0.264436619508735,-63.3641518911796,45.7611557849046,-62.8209610738395,45.1510742543647,0.719459700976631,0.455023081467896,2024.96570036679,2025.2301369863,EPI_ISL_20208452|A/Striped_Skunk/NS/FAV-0143/2025|H5N1|Canada-NS|Unknown|2025-03-26|other_mammal|D1.1
1277,544,0.230337866578949,-96.5508319674942,46.0888485205344,-87.1084680601093,46.4419104945748,0.719459700976631,0.489121834397683,2024.99979911972,2025.2301369863,SRR33508738|A/Great_Horned_Owl/MI/25-010812-002-original/2025|H5N1|USA-MI|Unknown|2025-03-26|wild_avian|D1.1
1206,1207,0.00352614021374564,-76.0201503343528,39.8829968219776,-75.9986612344793,39.990531289061,0.721745451317679,0.718219311103934,2025.22889659643,2025.23242273664,NA
893,187,0.348967653884678,-90.6775322652447,43.2814161022544,-91.3096029170394,43.5063197131168,0.722199427003989,0.373231773119311,2024.88390905844,2025.23287671233,SRR33370162|A/Mallard/MN/25-012246-005-original/2025|H5N1|USA-MN|Unknown|2025-03-27|wild_avian|D1.1
801,65,0.284518918890758,-69.6784173272841,47.8027097260959,-69.4099723897872,46.4329525317496,0.722199427003989,0.437680508113231,2024.94835779344,2025.23287671233,SRR34710257|A/Bald_Eagle/ME/25-019392-005-original/2025|H5N1|USA-ME|Unknown|2025-03-27|wild_avian|D1.1
1207,319,0.000453975686309671,-75.9986612344793,39.990531289061,-76.1163057369321,40.0511970962473,0.722199427003989,0.721745451317679,2025.23242273664,2025.23287671233,SRR33508749|A/black_vulture/PA/25-010745-004/2025|H5N1|USA-PA|Lancaster|2025-03-27|wild_avian|D1.1
1016,1114,0.115009662919654,-99.4587245034921,45.5962491048575,-100.164841237983,45.9262284351745,0.728311726587048,0.613302063667394,2025.12397934899,2025.23898901191,NA
777,78,0.414712392640376,-72.8952203035842,42.5414504357219,-78.6449354138073,38.2114966504498,0.733158331113646,0.31844593847327,2024.8291232238,2025.24383561644,SRR33370138|A/Red_Fox/VA/25-012694-001-original/2025|H5N1|USA-VA|Unknown|2025-03-31|other_mammal|D1.1
1294,530,0.398170762468821,-106.778012100132,36.0187257256676,-101.259790198108,48.7952145465164,0.735898057141003,0.337727294672183,2024.84840458,2025.24657534247,SRR33319029|A/Snow_Goose/ND/25-011281-001-original/2025|H5N1|USA-ND|Unknown|2025-04-01|wild_avian|D1.1
1007,517,0.357172046627404,-101.588951806456,42.3874629173598,-97.3519893988372,47.3341481546601,0.735898057141003,0.378726010513599,2024.88940329584,2025.24657534247,SRR33319054|A/Great_Horned_Owl/ND/25-011283-001-original/2025|H5N1|USA-ND|Unknown|2025-04-01|wild_avian|D1.1
1194,603,0.319990361880377,-116.911013441693,44.5724145732814,-122.03740803036,46.0254368674623,0.735898057141003,0.415907695260627,2024.92658498059,2025.24657534247,SRR33682347|A/Canada_Goose/WA/25-014080-001-original/2025|H5N1|USA-WA|Unknown|2025-04-01|wild_avian|D1.1
702,17,0.205871978514663,-81.7894857842786,36.5422839355075,-79.8329352708885,37.4617456908542,0.735898057141003,0.530026078626341,2025.04070336395,2025.24657534247,SRR33319022|A/Black_Vulture/VA/25-011541-002-original/2025|H5N1|USA-VA|Unknown|2025-04-01|wild_avian|D1.1
722,35,0.141805595713604,-86.3971363506241,41.9737130061917,-86.0137451441848,42.611450339533,0.738637783168361,0.596832187454756,2025.10750947278,2025.24931506849,SRR33370139|A/red_breasted_merganser/MI/25-011271-008/2025|H5N1|USA-MI|Allegan|2025-04-02|wild_avian|D1.1
1232,326,0.435637909855654,-79.2777943039532,34.5121650529011,-83.6481132037895,49.0827808487834,0.741377509195718,0.305739599340064,2024.81641688466,2025.25205479452,EPI_ISL_20208455|A/Turkey_Vulture/ON/FAV-0138-2/2025|H5N1|Canada-ON|Unknown|2025-04-03|wild_avian|D1.1
751,122,0.305024880902222,-77.1476774878458,42.9891755887797,-70.9938137793369,47.7759340263542,0.741377509195718,0.436352628293496,2024.94702991362,2025.25205479452,EPI_ISL_20208447|A/Snow_Goose/QC/FAV-0146-5/2025|H5N1|Canada-QC|Unknown|2025-04-03|wild_avian|D1.1
1204,320,0.0795157088073315,-75.1251027500863,39.3899806940353,-76.8199925277826,39.9434860643519,0.741377509195718,0.661861800388386,2025.17253908571,2025.25205479452,SRR33319024|A/black_vulture/PA/25-011728-001/2025|H5N1|USA-PA|York|2025-04-03|wild_avian|D1.1
1224,1225,0.096213665236319,-83.8002453523454,38.6936745278277,-80.3820473462062,34.8036054756653,0.745008501185773,0.648794835949454,2025.15947212127,2025.25568578651,NA
1208,1209,0.0408495495544102,-76.4029481173091,39.5515380337495,-77.0213207998845,40.0728398684335,0.751443597103977,0.710594047549567,2025.22127133287,2025.26212088243,NA
896,183,0.0975609308355453,-84.7299661526501,39.6788511703877,-84.4976108831186,39.641737875753,0.752336413305375,0.65477548246983,2025.16545276779,2025.26301369863,SRR33370172|A/vulture/OH/25-012105-001/2025|H5N1|USA-OH|Unknown|2025-04-07|wild_avian|D1.1
931,149,0.0395026873546009,-86.1904338702316,38.3003157761608,-84.5932737590055,40.8338137654179,0.752336413305375,0.712833725950774,2025.22351101128,2025.26301369863,SRR33370169|A/vulture/OH/25-012105-004/2025|H5N1|USA-OH|Unknown|2025-04-07|wild_avian|D1.1
706,707,0.0946773012579248,-82.6689899388352,39.029605736458,-90.5811843653627,41.2675335866181,0.754302016296952,0.659624715039027,2025.17030200036,2025.26497930162,NA
704,705,0.0479798256154289,-78.7056464144589,42.2812788233371,-74.912623640612,41.5565466878263,0.75481292813863,0.706833102523201,2025.21751038785,2025.26549021346,NA
723,43,0.478415530413563,-99.6085803430771,46.2715744065185,-104.366466095938,47.7294941705052,0.755076139332732,0.276660608919169,2024.78733789424,2025.26575342466,SRR33370196|A/Great_Horned_Owl/MT/25-012288-002-original/2025|H5N1|USA-MT|Unknown|2025-04-08|wild_avian|D1.1
946,131,0.475782835980521,-89.9267963000025,43.49866611929,-87.5964006941967,42.9295022191709,0.755076139332732,0.279293303352211,2024.78997058868,2025.26575342466,SRR33370177|A/Snowy_Owl/WI/25-012050-001-original/2025|H5N1|USA-WI|Unknown|2025-04-08|wild_avian|D1.1
893,186,0.381844366213421,-90.6775322652447,43.2814161022544,-91.9322067984622,41.0300264856233,0.755076139332732,0.373231773119311,2024.88390905844,2025.26575342466,SRR33370176|A/Trumpeter_Swan/IA/25-011816-001-original/2025|H5N1|USA-IA|Unknown|2025-04-08|wild_avian|D1.1
862,232,0.439432280725714,-90.0276200081421,38.3023468370398,-93.2806678888312,38.4155252791309,0.760555591387447,0.321123310661733,2024.83180059599,2025.27123287671,SRR33476774|A/Turkey_Vulture/MO/25-012813-002-original/2025|H5N1|USA-MO|Unknown|2025-04-10|wild_avian|D1.1
1180,406,0.153524672378462,-96.2338636820585,44.1974337154526,-96.4546146176775,43.6334337278816,0.760555591387447,0.607030919008985,2025.11770820433,2025.27123287671,SRR33476801|A/Canada_Goose/SD/25-013305-001-original/2025|H5N1|USA-SD|Unknown|2025-04-10|wild_avian|D1.1
1343,654,0.0806658609511766,-79.4945322166363,38.3727313135642,-79.0705137262562,38.2970764837868,0.760555591387447,0.679889730436271,2025.19056701576,2025.27123287671,SRR33370209|A/Black_Vulture/VA/25-012471-002-original/2025|H5N1|USA-VA|Unknown|2025-04-10|wild_avian|D1.1
924,150,0.057707029871892,-88.0858022757389,37.506704568545,-83.8958796552749,38.5346840330657,0.760555591387447,0.702848561515555,2025.21352584684,2025.27123287671,SRR33476809|A/canada_goose/KY/25-013218-002/2025|H5N1|USA-KY|Mason|2025-04-10|wild_avian|D1.1
931,148,0.0477218654366731,-86.1904338702316,38.3003157761608,-83.672647291913,38.5173275369909,0.760555591387447,0.712833725950774,2025.22351101128,2025.27123287671,SRR33476805|A/black_vulture/KY/25-013218-001/2025|H5N1|USA-KY|Mason|2025-04-10|wild_avian|D1.1
861,220,0.258761072010369,-92.7331234886995,40.0443465333531,-86.5787862373167,40.3144095010481,0.763295317415032,0.504534245404663,2025.01521153073,2025.27397260274,SRR33682307|A/Turkey_Vulture/IN/25-014056-001-original/2025|H5N1|USA-IN|Unknown|2025-04-11|wild_avian|D1.1
1225,1226,0.0220185954621782,-80.3820473462062,34.8036054756653,-80.7737574882896,34.209909373296,0.767027096647952,0.745008501185773,2025.25568578651,2025.27770438197,NA
1209,1210,0.0199160423223727,-77.0213207998845,40.0728398684335,-76.5820043663079,39.7189144145928,0.77135963942635,0.751443597103977,2025.26212088243,2025.28203692475,NA
700,18,0.454303308685502,-93.4035066346562,42.015903569947,-74.6513234215813,40.3870423442025,0.779733673579404,0.325430364893901,2024.83610765022,2025.2904109589,SRR34425893|A/red_fox/NJ/25-018509-001/2025|H5N1|USA-NJ|Mercer|2025-04-17|other_mammal|D1.1
737,113,0.411923716355716,-75.5404873695991,41.7168824408938,-74.7963984106908,40.3014980601666,0.779733673579404,0.367809957223688,2024.87848724255,2025.2904109589,SRR34425892|A/red_fox/NJ/25-018509-002/2025|H5N1|USA-NJ|Mercer|2025-04-17|other_mammal|D1.1
1210,1211,0.0083763308936039,-76.5820043663079,39.7189144145928,-76.9800683599158,39.7246413760389,0.779735970319954,0.77135963942635,2025.28203692475,2025.29041325564,NA
791,792,0.0634799823634342,-72.5649854513084,44.0676167256377,-72.5106668822176,44.0457575555462,0.781291548270896,0.717811565907462,2025.22848885123,2025.2919688336,NA
1283,537,0.0661684139574411,-84.7552382690559,34.0676996268062,-83.8557493712104,32.9895214765305,0.782473399606761,0.71630498564932,2025.22698227097,2025.29315068493,SRR34270262|A/black_vulture/GA/25-017626-002/2025|H5N1|USA-GA|Monroe|2025-04-18|wild_avian|D1.1
1015,410,0.367670881608139,-92.7542301811729,40.629235938034,-99.4993425420282,54.6275383704826,0.785213125634118,0.41754224402598,2024.92821952935,2025.29589041096,EPI_ISL_20208446|A/Snow_Goose/MB/FAV-0170-16/2025|H5N1|Canada-MB|Unknown|2025-04-19|wild_avian|D1.1
767,57,0.0628324406667393,-70.506208256185,44.7329698774196,-70.7952535717788,44.8074205404419,0.785213125634118,0.722380684967379,2025.23305797029,2025.29589041096,SRR34710269|A/Snowy_Owl/ME/25-019392-006-original/2025|H5N1|USA-ME|Unknown|2025-04-19|wild_avian|D1.1
1225,1228,0.0403815128201547,-80.3820473462062,34.8036054756653,-80.1573412168856,34.2452064167162,0.785390014005928,0.745008501185773,2025.25568578651,2025.29606729933,NA
1256,1257,0.0782902930277696,-113.095293369035,35.547579784646,-113.629335865851,35.6184852794595,0.786224200636981,0.707933907609211,2025.21861119293,2025.29690148596,NA
790,79,0.0756089463444671,-67.8565363575122,43.3218393839707,-71.8764189213779,42.3115075270265,0.787952851661476,0.712343905317009,2025.22302119064,2025.29863013699,SRR35319688|A/Common_Eider/MA/25-021407-030-original/2025|H5N1|USA-MA|Unknown|2025-04-20|wild_avian|D1.1
748,125,0.413843588216849,-74.7814553731071,41.7694391274283,-75.9279946382043,44.1511904512935,0.790692577688833,0.376848989471985,2024.8875262748,2025.30136986301,SRR33830326|A/red_tailed_hawk/NY/25-013427-001/2025|H5N1|USA-NY|Jefferson|2025-04-21|wild_avian|D1.1
1180,405,0.183661658679848,-96.2338636820585,44.1974337154526,-96.3323573337787,44.5114017671855,0.790692577688833,0.607030919008985,2025.11770820433,2025.30136986301,SRR33476668|A/chicken/MN/25-013149-001-original/2025|H5N1|USA-MN|Unknown|2025-04-21|domestic_avian|D1.1
1224,292,0.141897741739379,-83.8002453523454,38.6936745278277,-80.8433545270411,35.1691946078394,0.790692577688833,0.648794835949454,2025.15947212127,2025.30136986301,SRR33682355|A/black_vulture/NC/25-013413-001/2025|H5N1|USA-NC|Mecklenburg|2025-04-21|wild_avian|D1.1
1178,401,0.189230418409167,-102.613298915593,47.5600206294972,-108.228126626119,53.2089460614487,0.793432303716191,0.604201885307024,2025.11487917063,2025.30410958904,EPI_ISL_20208438|A/Rosss_Goose/SK/FAV-0170-4/2025|H5N1|Canada-SK|Unknown|2025-04-22|wild_avian|D1.1
1179,403,0.130142109305533,-102.895394030847,48.28472157555,-108.85685055948,51.313260202788,0.796172029743775,0.666029920438242,2025.17670720576,2025.30684931507,EPI_ISL_20208439|A/Rosss_Goose/SK/FAV-0170-51/2025|H5N1|Canada-SK|Unknown|2025-04-23|wild_avian|D1.1
705,13,0.0413591016051453,-74.912623640612,41.5565466878263,-73.6286569540924,41.0502826432701,0.796172029743775,0.75481292813863,2025.26549021346,2025.30684931507,SRR33764586|A/Great_Horned_Owl/CT/25-013382-001-original-repeat2/2025|H5N1|USA-CT|Unknown|2025-04-23|wild_avian|D1.1
1257,581,0.00994782910679481,-113.629335865851,35.6184852794595,-113.446216938664,35.6544047198345,0.796172029743775,0.786224200636981,2025.29690148596,2025.30684931507,SRR33764593|A/cattle/AZ/25-013772-001-original-repeat2/2025|H5N1|USA-AZ|Unknown|2025-04-23|cattle|D1.1
715,41,0.390424459208741,-87.1656120186906,44.0504712414548,-86.1427665465848,44.3095536893232,0.798911755771133,0.408487296562392,2024.91916458189,2025.3095890411,SRR33764590|A/bald_eagle/MI/25-013929-001/2025|H5N1|USA-MI|Manistee|2025-04-24|wild_avian|D1.1
1195,601,0.120481150996121,-122.344343856915,52.2308669585962,-122.685242320002,48.9589331222671,0.798911755771133,0.678430604775012,2025.1891078901,2025.3095890411,SRR33682312|A/Sand_Crane/WA/25-014081-001-original/2025|H5N1|USA-WA|Unknown|2025-04-24|wild_avian|D1.1
696,28,0.400002984988057,-113.497099516781,44.0863745677444,-114.112868966763,44.3382200728305,0.80165148179849,0.401648496810433,2024.91232578214,2025.31232876712,SRR33682328|A/Great_Horned_Owl/ID/25-014531-001-original/2025|H5N1|USA-ID|Unknown|2025-04-25|wild_avian|D1.1
1315,627,0.315468331870622,-114.135811090754,43.8609420992707,-114.228872794656,43.8867213703201,0.80165148179849,0.486183149927868,2024.99686043525,2025.31232876712,SRR33682316|A/Red-tailed_Hawk/ID/25-014530-001-original/2025|H5N1|USA-ID|Unknown|2025-04-25|wild_avian|D1.1
1343,1344,0.124024436720651,-79.4945322166363,38.3727313135642,-78.7740050772448,39.4487896741544,0.803914167156922,0.679889730436271,2025.19056701576,2025.31459145248,NA
1118,340,0.0930870991874935,-101.12097904359,50.229561706945,-96.0499846178473,50.3429548782519,0.804391207825847,0.711304108638354,2025.22198139396,2025.31506849315,EPI_ISL_20208444|A/Snow_Goose/MB/FAV-0163-3/2025|H5N1|Canada-MB|Unknown|2025-04-26|wild_avian|D1.1
792,793,0.0250318681590137,-72.5106668822176,44.0457575555462,-70.532318112962,45.0973141505724,0.806323416429909,0.781291548270896,2025.2919688336,2025.31700070175,NA
763,764,0.131415347089417,-76.3211421604763,38.9936418636629,-76.6158825919861,42.352965784816,0.806957156570074,0.675541809480656,2025.18621909481,2025.31763444189,NA
1016,1017,0.195140204654883,-99.4587245034921,45.5962491048575,-102.967907257678,42.1800300319808,0.808442268322277,0.613302063667394,2025.12397934899,2025.31911955365,NA
1211,304,0.0301346895608361,-76.9800683599158,39.7246413760389,-75.7430236713905,39.7866083477988,0.80987065988079,0.779735970319954,2025.29041325564,2025.32054794521,SRR33830330|A/black_vulture/PA/25-015563-001/2025|H5N1|USA-PA|Chester|2025-04-28|wild_avian|D1.1
706,14,0.155725396896478,-82.6689899388352,39.029605736458,-85.1107794919132,39.9955553767887,0.815350111935504,0.659624715039027,2025.17030200036,2025.32602739726,SRR33564631|A/chicken/IN/25-014151-001-original/2025|H5N1|USA-IN|Unknown|2025-04-30|domestic_avian|D1.1
707,16,0.0610480956385528,-90.5811843653627,41.2675335866181,-89.0156737336137,41.5798431768945,0.815350111935504,0.754302016296952,2025.26497930162,2025.32602739726,SRR33564627|A/Guineafowl/IL/25-014146-002-original/2025|H5N1|USA-IL|Unknown|2025-04-30|domestic_avian|D1.1
1118,1119,0.104145863009304,-101.12097904359,50.229561706945,-101.833437166396,50.8155945512625,0.815449971647658,0.711304108638354,2025.22198139396,2025.32612725697,NA
1257,1258,0.0294503405614979,-113.629335865851,35.6184852794595,-111.362822428045,33.3591872265484,0.815674541198478,0.786224200636981,2025.29690148596,2025.32635182652,NA
1017,1018,0.00731796222509162,-102.967907257678,42.1800300319808,-102.831734243058,42.3916993393238,0.815760230547368,0.808442268322277,2025.31911955365,2025.32643751587,NA
1174,398,0.460423731256677,-107.361067725814,47.3127120522285,-99.5772938169679,54.6910063305587,0.818089837962862,0.357666106706185,2024.86834339203,2025.32876712329,EPI_ISL_20208450|A/Striped_Skunk/MB/FAV-0164-2/2025|H5N1|Canada-MB|Unknown|2025-05-01|other_mammal|D1.1
1179,404,0.152059917524619,-102.895394030847,48.28472157555,-100.840194547764,48.3741907828754,0.818089837962862,0.666029920438242,2025.17670720576,2025.32876712329,SRR33682396|A/goose/ND/25-014293-001-original-repeat/2025|H5N1|USA-ND|Unknown|2025-05-01|domestic_avian|D1.1
1114,412,0.0925178374031713,-100.164841237983,45.9262284351745,-105.160811832816,47.9927944515559,0.820829563990219,0.728311726587048,2025.23898901191,2025.33150684932,SRR33830328|A/Great_Horned_Owl/MT/25-015870-001-original/2025|H5N1|USA-MT|Unknown|2025-05-02|wild_avian|D1.1
786,90,0.472304841044141,-71.1755368571349,42.1553474889992,-70.7390049118511,41.7233701280764,0.829048742072519,0.356743901028377,2024.86742118635,2025.3397260274,SRR33764587|A/Fox/MA/25-015209-001-original/2025|H5N1|USA-MA|Unknown|2025-05-05|other_mammal|D1.1
1014,409,0.455390636577173,-100.736942713746,44.104625109029,-101.26887440503,45.1183111971837,0.831788468099876,0.376397831522703,2024.88707511685,2025.34246575342,SRR33764588|A/cat/SD/25-015467-001-original/2025|H5N1|USA-SD|Unknown|2025-05-06|feline|D1.1
764,62,0.0248313115298024,-76.6158825919861,42.352965784816,-75.9710188244638,39.0978165133597,0.831788468099876,0.806957156570074,2025.31763444189,2025.34246575342,SRR33764507|A/chicken/MD/25-014921-001-original/2025|H5N1|USA-MD|Unknown|2025-05-06|domestic_avian|D1.1
1258,1259,0.0162442109529655,-111.362822428045,33.3591872265484,-110.756737611984,33.4918222742547,0.831918752151444,0.815674541198478,2025.32635182652,2025.34259603748,NA
833,266,0.538306347337668,-95.5604054996854,38.5119695248331,-94.9641322186628,42.4025843649969,0.834528194127234,0.296221846789566,2024.80689913211,2025.34520547945,SRR33764581|A/Turkey_Vulture/IA/25-014877-002-original/2025|H5N1|USA-IA|Unknown|2025-05-07|wild_avian|D1.1
843,235,0.46974622167538,-94.8617532500184,41.5849381892123,-95.6811076133076,40.8718610488163,0.834528194127234,0.364781972451853,2024.87545925778,2025.34520547945,SRR33764582|A/Turkey_Vulture/IA/25-014877-001-original/2025|H5N1|USA-IA|Unknown|2025-05-07|wild_avian|D1.1
1196,602,0.158960976930995,-121.374450066117,51.6017061732106,-113.830195012753,53.0229511870092,0.840007646181948,0.681046669250953,2025.19172395458,2025.35068493151,EPI_ISL_20208404|A/Chicken/AB/FAV-0161-1/2025|H5N1|Canada-AB|Unknown|2025-05-09|domestic_avian|D1.1
705,12,0.0851947180433184,-74.912623640612,41.5565466878263,-75.1959754839357,40.6129744068064,0.840007646181948,0.75481292813863,2025.26549021346,2025.35068493151,SRR33682397|A/Duck/NJ/25-015044-006-original/2025|H5N1|USA-NJ|Unknown|2025-05-09|domestic_avian|D1.1
1173,399,0.490596923458166,-105.956394964206,46.3970640275781,-95.3729474957335,53.4217261865823,0.842747372209533,0.352150448751367,2024.86282773408,2025.35342465753,EPI_ISL_20208451|A/Striped_Skunk/MB/FAV-0174-1/2025|H5N1|Canada-MB|Unknown|2025-05-10|other_mammal|D1.1
1282,533,0.171677697625227,-85.0134916667596,33.7789036768074,-85.3883137561861,33.954635107513,0.842747372209533,0.671069674584306,2025.18174695991,2025.35342465753,SRR33943918|A/Muscovy_Duck/GA/25-016493-001-original/2025|H5N1|USA-GA|Unknown|2025-05-10|wild_avian|D1.1
838,839,0.486150558753687,-108.720611558536,43.4636936002899,-103.994014626158,45.9160185618809,0.855812277275316,0.369661718521628,2024.88033900385,2025.3664895626,NA
793,795,0.0501134785330177,-70.532318112962,45.0973141505724,-72.5483561589616,42.2055422055152,0.856436894962927,0.806323416429909,2025.31700070175,2025.36711418029,NA
1210,306,0.0850863629199704,-76.5820043663079,39.7189144145928,-77.4494881894123,40.1855406573886,0.85644600234632,0.77135963942635,2025.28203692475,2025.36712328767,SRR33993064|A/Black_Vulture/PA/25-017251-001-original/2025|H5N1|USA-PA|Unknown|2025-05-15|wild_avian|D1.1
1283,1284,0.141694536308774,-84.7552382690559,34.0676996268062,-80.0844856041399,31.912930342244,0.857999521958093,0.71630498564932,2025.22698227097,2025.36867680728,NA
867,869,0.494684603251918,-85.1303490037414,38.4123379865112,-79.6492017372184,48.8926432705307,0.859167697343005,0.364483094091087,2024.87516037942,2025.36984498267,NA
1196,600,0.178139059122952,-121.374450066117,51.6017061732106,-124.186507618266,53.4083553933568,0.859185728373905,0.681046669250953,2025.19172395458,2025.3698630137,EPI_ISL_20212940|A/Bald_Eagle/BC/AIVPHL-3618/2025|H5N1|Canada-BC|Unknown|2025-05-16|wild_avian|D1.1
791,87,0.141374162466443,-72.5649854513084,44.0676167256377,-73.1472573368519,42.0852451681329,0.859185728373905,0.717811565907462,2025.22848885123,2025.3698630137,SRR34710290|A/Great_Black-Backed_Gull/MA/25-019390-021-original/2025|H5N1|USA-MA|Unknown|2025-05-16|wild_avian|D1.1
795,796,0.0105585540894381,-72.5483561589616,42.2055422055152,-72.330295808997,42.8948795212043,0.866995449052365,0.856436894962927,2025.36711418029,2025.37767273438,NA
1226,299,0.103117535835383,-80.7737574882896,34.209909373296,-80.9971741092959,34.682308342988,0.870144632483334,0.767027096647952,2025.27770438197,2025.38082191781,SRR33943915|A/black_vulture/SC/25-016638-003/2025|H5N1|USA-SC|Chester|2025-05-20|wild_avian|D1.1
1228,293,0.0847546184774064,-80.1573412168856,34.2452064167162,-81.0327500243146,34.6993944293386,0.870144632483334,0.785390014005928,2025.29606729933,2025.38082191781,SRR33943914|A/black_vulture/SC/25-016638-004/2025|H5N1|USA-SC|Chester|2025-05-20|wild_avian|D1.1
869,870,0.0127647440003135,-79.6492017372184,48.8926432705307,-78.1102284656207,48.9162742710619,0.871932441343318,0.859167697343005,2025.36984498267,2025.38260972667,NA
1258,582,0.0599495433397982,-111.362822428045,33.3591872265484,-112.764987853706,33.6151697970395,0.875624084538277,0.815674541198478,2025.32635182652,2025.38630136986,SRR33830342|A/chicken/AZ/25-016339-007-original/2025|H5N1|USA-AZ|Unknown|2025-05-22|domestic_avian|D1.1
869,204,0.016456387195272,-79.6492017372184,48.8926432705307,-79.8685360145281,48.4574594032825,0.875624084538277,0.859167697343005,2025.36984498267,2025.38630136986,EPI_ISL_20208403|A/Caspian_Tern/ON/FAV-0181-4/2025|H5N1|Canada-ON|Unknown|2025-05-22|wild_avian|D1.1
1226,1227,0.110282984681245,-80.7737574882896,34.209909373296,-79.010969607171,34.1479745273081,0.877310081329197,0.767027096647952,2025.27770438197,2025.38798736665,NA
1344,651,0.0744496434087122,-78.7740050772448,39.4487896741544,-77.5841509967789,38.8585136714265,0.878363810565634,0.803914167156922,2025.31459145248,2025.38904109589,SRR34710267|A/Black_Vulture/VA/25-019364-001-original/2025|H5N1|USA-VA|Unknown|2025-05-23|wild_avian|D1.1
1018,1019,0.0701621138663607,-102.831734243058,42.3916993393238,-99.1075261564808,39.878800751474,0.885922344413729,0.815760230547368,2025.32643751587,2025.39659962974,NA
1019,1024,0.00169981142031805,-99.1075261564808,39.878800751474,-100.272106596433,40.0168019054028,0.887622155834047,0.885922344413729,2025.39659962974,2025.39829944116,NA
902,169,0.515667836529019,-81.9624961022213,41.03185183287,-74.3105073749846,42.6190071465984,0.889322714675291,0.373654878146271,2024.88433216347,2025.4,SRR33993059|A/Turkey_Vulture/NY/25-016857-001-original/2025|H5N1|USA-NY|Unknown|2025-05-27|wild_avian|D1.1
717,33,0.474835187149182,-89.6131965006017,44.0757119008059,-85.2078963244646,44.0997381171757,0.894802166730006,0.419966979580823,2024.93064426491,2025.40547945205,SRR33993066|A/bald_eagle/MI/25-017061-001/2025|H5N1|USA-MI|Osceola|2025-05-29|wild_avian|D1.1
910,176,0.228916632480127,-92.2929097043787,46.6140058101696,-86.4409066916787,44.0417360647703,0.894802166730006,0.665885534249879,2025.17656281957,2025.40547945205,SRR33993065|A/bald_eagle/MI/25-017061-002/2025|H5N1|USA-MI|Mason|2025-05-29|wild_avian|D1.1
870,871,0.0234405155222581,-78.1102284656207,48.9162742710619,-76.6349503194327,46.8472327474471,0.895372956865576,0.871932441343318,2025.38260972667,2025.40605024219,NA
1024,1025,0.0126017443844784,-100.272106596433,40.0168019054028,-99.1325683994645,40.2582741904355,0.900223900218525,0.887622155834047,2025.39829944116,2025.41090118554,NA
1114,411,0.171969892197673,-100.164841237983,45.9262284351745,-150.487826931008,66.4799614485901,0.90028161878472,0.728311726587048,2025.23898901191,2025.41095890411,SRR34542596|A/bald_eagle/AK/25-017393-001/2025|H5N1|USA-AK|Yukon-Koyukuk|2025-05-31|wild_avian|D1.1
795,85,0.0493241758767354,-72.5483561589616,42.2055422055152,-72.9674516120513,42.5111564411539,0.905761070839663,0.856436894962927,2025.36711418029,2025.41643835616,SRR34710258|A/Common_Eider/MA/25-019390-025-original/2025|H5N1|USA-MA|Unknown|2025-06-02|wild_avian|D1.1
1207,308,0.186755345549341,-75.9986612344793,39.990531289061,-75.7359808482671,40.6092622770028,0.90850079686702,0.721745451317679,2025.23242273664,2025.41917808219,SRR34270259|A/black_vulture/PA/25-017748-001/2025|H5N1|USA-PA|Lehigh|2025-06-03|wild_avian|D1.1
1211,305,0.128764826547066,-76.9800683599158,39.7246413760389,-75.4722126634092,40.608941397035,0.90850079686702,0.779735970319954,2025.29041325564,2025.41917808219,SRR34270258|A/black_vulture/PA/25-017748-002/2025|H5N1|USA-PA|Lehigh|2025-06-03|wild_avian|D1.1
871,872,0.0155054738146212,-76.6349503194327,46.8472327474471,-76.8720870806776,47.0790899828085,0.910878430680197,0.895372956865576,2025.40605024219,2025.42155571601,NA
910,177,0.248094714671856,-92.2929097043787,46.6140058101696,-87.0893951736027,45.2080376791406,0.913980248921735,0.665885534249879,2025.17656281957,2025.42465753425,SRR34425901|A/caspian_tern/WI/25-018001-001/2025|H5N1|USA-WI|Door|2025-06-05|wild_avian|D1.1
1259,583,0.082061496770291,-110.756737611984,33.4918222742547,-110.392689730312,34.1216282597604,0.913980248921735,0.831918752151444,2025.34259603748,2025.42465753425,SRR34270136|A/chicken/AZ/25-017630-002-original/2025|H5N1|USA-AZ|Unknown|2025-06-05|domestic_avian|D1.1
1280,532,0.534037596136546,-87.6154479199569,38.8466140820544,-78.8157717263969,35.976877759987,0.916719974949092,0.382682378812546,2024.89335966414,2025.42739726027,SRR34270261|A/turkey_vulture/NC/25-017667-001/2025|H5N1|USA-NC|Durham|2025-06-06|wild_avian|D1.1
1209,1212,0.173616960359772,-77.0213207998845,40.0728398684335,-78.1826380912191,40.0790941486195,0.925060557463749,0.751443597103977,2025.26212088243,2025.43573784279,NA
707,15,0.176116588789155,-90.5811843653627,41.2675335866181,-88.0835285537745,41.8611218405022,0.930418605086107,0.754302016296952,2025.26497930162,2025.44109589041,SRR34425894|A/Peregrine_falcon/IL/25-018249-001/2025|H5N1|USA-IL|DuPage|2025-06-11|wild_avian|D1.1
872,873,0.024903847744194,-76.8720870806776,47.0790899828085,-76.9078677198193,44.9250525089477,0.935782278424391,0.910878430680197,2025.42155571601,2025.44645956375,NA
1025,1028,0.0422713186425784,-99.1325683994645,40.2582741904355,-100.475811656883,40.546431565354,0.942495218861104,0.900223900218525,2025.41090118554,2025.45317250419,NA
793,794,0.138082414746727,-70.532318112962,45.0973141505724,-68.1730600658044,44.7006407806887,0.944405831176636,0.806323416429909,2025.31700070175,2025.4550831165,NA
1028,1034,0.00561351128438115,-100.475811656883,40.546431565354,-101.758920614534,41.1045479174392,0.948108730145485,0.942495218861104,2025.45317250419,2025.45878601547,NA
1228,1229,0.164189787514027,-80.1573412168856,34.2452064167162,-76.6404183750066,35.1219423979503,0.949579801519955,0.785390014005928,2025.29606729933,2025.46025708684,NA
1034,1035,0.0031348347254323,-101.758920614534,41.1045479174392,-100.620794688974,40.5494514013186,0.951243564870917,0.948108730145485,2025.45878601547,2025.4619208502,NA
925,926,0.250483619433301,-88.2398917114561,37.4594654352191,-82.0533872265105,38.9960496962962,0.954334235599668,0.703850616166367,2025.21452790149,2025.46501152092,NA
1341,1342,0.288413222718592,-81.504188632009,35.9486511544713,-80.5444452092262,37.5389183528078,0.954758916284052,0.66634569356546,2025.17702297889,2025.46543620161,NA
1119,1120,0.14315263962324,-101.833437166396,50.8155945512625,-100.040096776871,45.0063864154059,0.958602611270898,0.815449971647658,2025.32612725697,2025.4692798966,NA
1025,1026,0.0629910419785377,-99.1325683994645,40.2582741904355,-86.5988147912564,40.2446419994082,0.963214942197063,0.900223900218525,2025.41090118554,2025.47389222752,NA
871,203,0.0679223605492738,-76.6349503194327,46.8472327474471,-75.8097610800733,43.5886241680432,0.96329531741485,0.895372956865576,2025.40605024219,2025.47397260274,SRR34542593|A/Caspian_Tern/NY/25-019019-002-original/2025|H5N1|USA-NY|Unknown|2025-06-23|wild_avian|D1.1
1120,1121,0.00489069900976602,-100.040096776871,45.0063864154059,-98.0425509330154,43.9145286326745,0.963493310280664,0.958602611270898,2025.4692798966,2025.47417059561,NA
704,11,0.261941666946591,-78.7056464144589,42.2812788233371,-74.1396261050506,40.8092944198875,0.968774769469792,0.706833102523201,2025.21751038785,2025.47945205479,SRR34542590|A/Domestic_Cat/NJ/25-019482-001-original/2025|H5N1|USA-NJ|Unknown|2025-06-25|feline|D1.1
1035,1036,0.0189525899237915,-100.620794688974,40.5494514013186,-102.664092815537,39.3884160156043,0.970196154794709,0.951243564870917,2025.4619208502,2025.48087344012,NA
1036,1037,0.000151039306716338,-102.664092815537,39.3884160156043,-102.508512540153,39.287258644338,0.970347194101425,0.970196154794709,2025.48087344012,2025.48102447943,NA
794,82,0.0271086643205132,-68.1730600658044,44.7006407806887,-71.2622759263606,42.9320985135217,0.97151449549715,0.944405831176636,2025.4550831165,2025.48219178082,SRR34980327|A/Herring_Gull/NH/25-021405-002-original/2025|H5N1|USA-NH|Unknown|2025-06-26|wild_avian|D1.1
1121,1122,0.00883464831048963,-98.0425509330154,43.9145286326745,-98.4644334106139,44.1171926504452,0.972327958591153,0.963493310280664,2025.47417059561,2025.48300524392,NA
1026,1027,0.0105680189665853,-86.5988147912564,40.2446419994082,-83.7131221967729,39.357213121115,0.973782961163648,0.963214942197063,2025.47389222752,2025.48446024649,NA
1122,1123,0.00678872028343058,-98.4644334106139,44.1171926504452,-98.2267952988167,44.2641035542801,0.979116678874584,0.972327958591153,2025.48300524392,2025.4897939642,NA
794,81,0.0353278424025854,-68.1730600658044,44.7006407806887,-68.6240550328506,44.5619565598433,0.979733673579222,0.944405831176636,2025.4550831165,2025.4904109589,SRR34980362|A/Common_Eider/ME/25-021406-018-original/2025|H5N1|USA-ME|Unknown|2025-06-29|wild_avian|D1.1
1123,1126,0.00116184237453054,-98.2267952988167,44.2641035542801,-98.3656710974586,44.1096401994122,0.980278521249115,0.979116678874584,2025.4897939642,2025.49095580657,NA
1037,1047,0.0108080238821497,-102.508512540153,39.287258644338,-98.5025687813529,36.5486582601434,0.981155217983575,0.970347194101425,2025.48102447943,2025.49183250331,NA
1206,309,0.26699381453023,-76.0201503343528,39.8829968219776,-76.3195581523225,40.3248532489889,0.985213125634164,0.718219311103934,2025.22889659643,2025.49589041096,SRR34542496|A/Mallard_Duck/PA/25-019408-006-original/2025|H5N1|USA-PA|Unknown|2025-07-01|wild_avian|D1.1
872,191,0.0770744209813239,-76.8720870806776,47.0790899828085,-75.7989180536718,44.2045565432884,0.987952851661521,0.910878430680197,2025.42155571601,2025.49863013699,SRR34784273|A/caspian_tern/NY/25-019811-001/2025|H5N1|USA-NY|Jefferson|2025-07-02|wild_avian|D1.1
873,192,0.0521705732371299,-76.9078677198193,44.9250525089477,-76.3552772051187,44.1118110214048,0.987952851661521,0.935782278424391,2025.44645956375,2025.49863013699,SRR34784272|A/caspian_tern/NY/25-019811-002/2025|H5N1|USA-NY|Jefferson|2025-07-02|wild_avian|D1.1
1126,1127,0.00853689943697766,-98.3656710974586,44.1096401994122,-93.9037933598917,42.9972956917877,0.988815420686092,0.980278521249115,2025.49095580657,2025.49949270601,NA
1122,1141,0.0168047575432345,-98.4644334106139,44.1171926504452,-100.238444737217,45.7505271980915,0.989132716134388,0.972327958591153,2025.48300524392,2025.49981000146,NA
796,83,0.123697128636513,-72.330295808997,42.8948795212043,-68.767119055685,44.8295776145706,0.990692577688879,0.866995449052365,2025.37767273438,2025.50136986301,SRR34980293|A/Common_Eider/ME/25-021406-010-original/2025|H5N1|USA-ME|Unknown|2025-07-03|wild_avian|D1.1
1120,1148,0.0323051394859898,-100.040096776871,45.0063864154059,-92.6049453743382,40.3777696368883,0.990907750756888,0.958602611270898,2025.4692798966,2025.50158503608,NA
926,929,0.036967660965693,-82.0533872265105,38.9960496962962,-85.1959566653581,38.8712580249647,0.991301896565361,0.954334235599668,2025.46501152092,2025.50197918189,NA
1229,1230,0.0419532894680132,-76.6404183750066,35.1219423979503,-77.0731912939547,34.7752962747046,0.991533090987968,0.949579801519955,2025.46025708684,2025.50221037631,NA
1035,1062,0.0404953797420077,-100.620794688974,40.5494514013186,-101.539162257256,40.7388823803283,0.991738944612925,0.951243564870917,2025.4619208502,2025.50241622994,NA
1037,1038,0.0214346786743707,-102.508512540153,39.287258644338,-102.020383799055,39.0340243695642,0.991781872775796,0.970347194101425,2025.48102447943,2025.5024591581,NA
796,84,0.126436854663871,-72.330295808997,42.8948795212043,-73.0095827172261,42.6815193316406,0.993432303716236,0.866995449052365,2025.37767273438,2025.50410958904,SRR35089324|A/Great_black-backed_gull/MA/25-021407-023-original/2025|H5N1|USA-MA|Unknown|2025-07-04|wild_avian|D1.1
1017,1107,0.185491039510484,-102.967907257678,42.1800300319808,-105.285854801083,42.0707504808272,0.993933307832761,0.808442268322277,2025.31911955365,2025.50461059316,NA
1127,1128,0.00714765654424898,-93.9037933598917,42.9972956917877,-96.155660692652,41.3858586208198,0.995963077230341,0.988815420686092,2025.49949270601,2025.50664036256,NA
1148,1152,0.0058949635600869,-92.6049453743382,40.3777696368883,-92.8965864621015,40.4520228132896,0.996802714316974,0.990907750756888,2025.50158503608,2025.50747999964,NA
1148,1149,0.00659589550880879,-92.6049453743382,40.3777696368883,-92.9477622976678,40.56205147539,0.997503646265696,0.990907750756888,2025.50158503608,2025.50818093159,NA
1152,1153,0.00116502591745038,-92.8965864621015,40.4520228132896,-94.4801449783673,40.6947326619253,0.997967740234425,0.996802714316974,2025.50747999964,2025.50864502556,NA
1062,1063,0.00629369563166793,-101.539162257256,40.7388823803283,-103.770715836574,40.6571555302357,0.998032640244593,0.991738944612925,2025.50241622994,2025.50870992557,NA
1107,1111,0.00434320259125998,-105.285854801083,42.0707504808272,-104.570981105452,41.5778845778946,0.998276510424021,0.993933307832761,2025.50461059316,2025.50895379575,NA
1047,1051,0.0177494633004114,-98.5025687813529,36.5486582601434,-98.477132676112,37.7124122475462,0.998904681283986,0.981155217983575,2025.49183250331,2025.50958196661,NA
1051,1052,0.000104850190268957,-98.477132676112,37.7124122475462,-98.4832584145991,37.9334140525234,0.999009531474255,0.998904681283986,2025.50958196661,2025.5096868168,NA
1153,1154,0.00151516236689464,-94.4801449783673,40.6947326619253,-94.230932457365,40.3389151016357,0.999482902601319,0.997967740234425,2025.50864502556,2025.51016018793,NA
1111,1112,0.00166371300060186,-104.570981105452,41.5778845778946,-102.624588404221,41.0535485123928,0.999940223424623,0.998276510424021,2025.50895379575,2025.51061750875,NA
1154,1155,0.000898594362250593,-94.230932457365,40.3389151016357,-94.204481407563,40.0062542939515,1.00038149696357,0.999482902601319,2025.51016018793,2025.51105878229,NA
1052,1053,0.00484190522269112,-98.4832584145991,37.9334140525234,-97.9454258259969,37.5126281903299,1.00385143669695,0.999009531474255,2025.5096868168,2025.51452872202,NA
1063,1064,0.00650019286960057,-103.770715836574,40.6571555302357,-102.485984003096,43.3461917631695,1.00453283311419,0.998032640244593,2025.50870992557,2025.51521011844,NA
1063,1077,0.00742170955068333,-103.770715836574,40.6571555302357,-110.142845268364,44.388952906384,1.00545434979528,0.998032640244593,2025.50870992557,2025.51613163512,NA
1141,1143,0.0179189466967284,-100.238444737217,45.7505271980915,-96.8365594235105,42.8686740898919,1.00705166283112,0.989132716134388,2025.49981000146,2025.51772894816,NA
792,86,0.225839385582355,-72.5106668822176,44.0457575555462,-71.6062711909651,44.351137339771,1.00713093385325,0.781291548270896,2025.2919688336,2025.51780821918,SRR34980314|A/Common_Eider/NH/25-021405-003-original/2025|H5N1|USA-NH|Unknown|2025-07-09|wild_avian|D1.1
1027,423,0.033347972689602,-83.7131221967729,39.357213121115,-83.7763870378228,39.4822433579887,1.00713093385325,0.973782961163648,2025.48446024649,2025.51780821918,SRR36209098|A/Blue-winged_Teal/OH/25G02925-001-original/2025|H5N1|USA-OH|Unknown|2025-07-09|wild_avian|D1.1
1077,1083,0.00297531869728962,-110.142845268364,44.388952906384,-111.879152786955,46.7104574079229,1.00842966849257,1.00545434979528,2025.51613163512,2025.51910695382,NA
849,215,0.680026971976642,-87.4587875653935,37.524315996587,-101.724083786604,48.1955054790094,1.00987065988061,0.329843687903966,2024.84052097323,2025.52054794521,SRR35151399|A/snow_goose/ND/25-020340-001/2025|H5N1|USA-ND|Ward|2025-07-10|wild_avian|D1.1
1112,1113,0.0117642549227727,-102.624588404221,41.0535485123928,-112.462771282205,43.4537663149154,1.0117044783474,0.999940223424623,2025.51061750875,2025.52238176367,NA
1077,1078,0.00631927820553613,-110.142845268364,44.388952906384,-109.67939190272,44.3199221998362,1.01177362800081,1.00545434979528,2025.51613163512,2025.52245091333,NA
790,80,0.303006206618541,-67.8565363575122,43.3218393839707,-71.3402950221523,43.9572503875286,1.01535011193555,0.712343905317009,2025.22302119064,2025.52602739726,SRR34980303|A/Common_Eider/NH/25-021405-004-original/2025|H5N1|USA-NH|Unknown|2025-07-12|wild_avian|D1.1
1154,1161,0.0159707042583919,-94.230932457365,40.3389151016357,-92.0574306533796,42.7581565259829,1.01545360685971,0.999482902601319,2025.51016018793,2025.52613089218,NA
1047,1048,0.0352424734093275,-98.5025687813529,36.5486582601434,-101.3029097827,39.6192841159391,1.0163976913929,0.981155217983575,2025.49183250331,2025.52707497672,NA
767,56,0.295709152995528,-70.506208256185,44.7329698774196,-72.8785375615903,42.3573567842748,1.01808983796291,0.722380684967379,2025.23305797029,2025.52876712329,SRR35089323|A/Great_black-backed_gull/MA/25-021407-024-original/2025|H5N1|USA-MA|Unknown|2025-07-13|wild_avian|D1.1
1038,1039,0.026807273561992,-102.020383799055,39.0340243695642,-99.4639937021811,36.4533554404957,1.01858914633779,0.991781872775796,2025.5024591581,2025.52926643166,NA
1143,1145,0.0132690802651887,-96.8365594235105,42.8686740898919,-98.3574341212287,42.2533915628054,1.02032074309631,1.00705166283112,2025.51772894816,2025.53099802842,NA
1107,1108,0.0271410455300242,-105.285854801083,42.0707504808272,-102.051767923565,42.061266431391,1.02107435336278,0.993933307832761,2025.50461059316,2025.53175163869,NA
1052,1056,0.0250489034875099,-98.4832584145991,37.9334140525234,-98.4942840033962,37.9500139148286,1.02405843496176,0.999009531474255,2025.5096868168,2025.53473572029,NA
1141,1142,0.0362666164463743,-100.238444737217,45.7505271980915,-111.710779053982,44.0062310397098,1.02539933258076,0.989132716134388,2025.49981000146,2025.53607661791,NA
764,63,0.219351859474906,-76.6158825919861,42.352965784816,-69.0375696012261,47.1101647530349,1.02630901604498,0.806957156570074,2025.31763444189,2025.53698630137,SRR35151393|A/Common_Tern/ME/25-021406-008-original-repeat2/2025|H5N1|USA-ME|Unknown|2025-07-16|wild_avian|D1.1
1123,1124,0.0479869731896359,-98.2267952988167,44.2641035542801,-95.4351478559586,44.3996847920409,1.02710365206422,0.979116678874584,2025.4897939642,2025.53778093739,NA
1128,1129,0.0326505325911297,-96.155660692652,41.3858586208198,-93.5422610381528,43.0283870912793,1.02861360982147,0.995963077230341,2025.50664036256,2025.53929089515,NA
1155,1156,0.0302424025592549,-94.204481407563,40.0062542939515,-92.7876882112461,39.9614056852243,1.03062389952282,1.00038149696357,2025.51105878229,2025.54130118485,NA
1124,1125,0.00352245791570471,-95.4351478559586,44.3996847920409,-95.8844960572598,44.0855797129349,1.03062610997992,1.02710365206422,2025.53778093739,2025.5413033953,NA
873,874,0.0960000990936062,-76.9078677198193,44.9250525089477,-77.0374909274321,44.7503494066247,1.031782377518,0.935782278424391,2025.44645956375,2025.54245966284,NA
1039,1040,0.0136454563456669,-99.4639937021811,36.4533554404957,-103.056985556337,38.5778936182376,1.03223460268345,1.01858914633779,2025.52926643166,2025.54291188801,NA
1156,1157,0.00209945798987898,-92.7876882112461,39.9614056852243,-93.0327799175345,40.0616593128061,1.0327233575127,1.03062389952282,2025.54130118485,2025.54340064284,NA
874,875,0.00144425381052482,-77.0374909274321,44.7503494066247,-76.6651348169445,45.0927225993145,1.03322663132852,1.031782377518,2025.54245966284,2025.54390391665,NA
1083,1084,0.0252294027801176,-111.879152786955,46.7104574079229,-113.185937191727,47.0721592267818,1.03365907127268,1.00842966849257,2025.51910695382,2025.5443363566,NA
1084,1085,0.000953447424584475,-113.185937191727,47.0721592267818,-112.412855560125,46.4405795935709,1.03461251869727,1.03365907127268,2025.5443363566,2025.54528980402,NA
1156,1159,0.0052143964524114,-92.7876882112461,39.9614056852243,-92.7194492853673,40.5199863536879,1.03583829597524,1.03062389952282,2025.54130118485,2025.5465155813,NA
1064,1065,0.0326772509220665,-102.485984003096,43.3461917631695,-101.810939908708,43.5137003229509,1.03721008403626,1.00453283311419,2025.51521011844,2025.54788736936,NA
926,927,0.0847090369447381,-82.0533872265105,38.9960496962962,-81.4249661271329,39.3377421056204,1.03904327254441,0.954334235599668,2025.46501152092,2025.54972055787,NA
1259,584,0.210828620057907,-110.756737611984,33.4918222742547,-110.111167703285,31.7976134989296,1.04274737220935,0.831918752151444,2025.34259603748,2025.55342465753,SRR35150577|A/cattle/AZ/25-021143-001-original-repeat2/2025|H5N1|USA-AZ|Unknown|2025-07-22|cattle|D1.1
1062,1096,0.051268186672797,-101.539162257256,40.7388823803283,-101.526072221311,40.4290871428734,1.04300713128572,0.991738944612925,2025.50241622994,2025.55368441661,NA
1024,1103,0.156540459568297,-100.272106596433,40.0168019054028,-88.4296880908522,34.944207415805,1.04416261540234,0.887622155834047,2025.39829944116,2025.55483990073,NA
874,882,0.0125255864843175,-77.0374909274321,44.7503494066247,-75.9639735958749,44.4141738735924,1.04430796400231,1.031782377518,2025.54245966284,2025.55498524933,NA
875,876,0.01122381466122,-76.6651348169445,45.0927225993145,-73.8677682421446,44.9155230474603,1.04445044598974,1.03322663132852,2025.54390391665,2025.55512773131,NA
1038,1043,0.0530024104430273,-102.020383799055,39.0340243695642,-101.442016652654,34.2817693351603,1.04478428321882,0.991781872775796,2025.5024591581,2025.55546156854,NA
1085,1089,0.0188115167837468,-112.412855560125,46.4405795935709,-113.45245140992,47.024746616839,1.05342403548101,1.03461251869727,2025.54528980402,2025.56410132081,NA
1212,1215,0.131201132539792,-78.1826380912191,40.0790941486195,-74.3866684343827,43.0484356531184,1.05626169000354,0.925060557463749,2025.43573784279,2025.56693897533,NA
1056,1057,0.0324116929722722,-98.4942840033962,37.9500139148286,-104.846629141585,40.0073093283547,1.05647012793404,1.02405843496176,2025.53473572029,2025.56714741326,NA
1212,1213,0.133941096755029,-78.1826380912191,40.0790941486195,-76.9684249875011,39.9364520088184,1.05900165421878,0.925060557463749,2025.43573784279,2025.56967893954,NA
1149,1150,0.0616380265603913,-92.9477622976678,40.56205147539,-90.9285695896797,38.356013435514,1.05914167282609,0.997503646265696,2025.50818093159,2025.56981895815,NA
1103,1105,0.01510742695613,-88.4296880908522,34.944207415805,-87.2453792114037,35.6068250004965,1.05927004235847,1.04416261540234,2025.55483990073,2025.56994732768,NA
1161,1162,0.0458703042500397,-92.0574306533796,42.7581565259829,-92.4079390386285,42.9366525969376,1.06132391110975,1.01545360685971,2025.52613089218,2025.57200119643,NA
1064,1066,0.0590705950941102,-102.485984003096,43.3461917631695,-98.7030638411511,40.9749221419681,1.0636034282083,1.00453283311419,2025.51521011844,2025.57428071353,NA
1108,1110,0.0452497626591912,-102.051767923565,42.061266431391,-102.706960413546,39.0236569600906,1.06632411602198,1.02107435336278,2025.53175163869,2025.57700140135,NA
876,877,0.0251333462440706,-73.8677682421446,44.9155230474603,-73.8464781634331,43.3575243599809,1.06958379223381,1.04445044598974,2025.55512773131,2025.58026107756,NA
1096,1097,0.0279337067417416,-101.526072221311,40.4290871428734,-108.980881838807,40.9904643891262,1.07094083802746,1.04300713128572,2025.55368441661,2025.58161812335,NA
1097,1098,0.00094028605636165,-108.980881838807,40.9904643891262,-108.776174862814,41.6180675456593,1.07188112408383,1.07094083802746,2025.58161812335,2025.58255840941,NA
1215,1216,0.0164176875647244,-74.3866684343827,43.0484356531184,-74.9277173230288,41.7354573282608,1.07267937756827,1.05626169000354,2025.56693897533,2025.58335666289,NA
1150,1151,0.0135702583964794,-90.9285695896797,38.356013435514,-95.6004389115722,37.610147284732,1.07271193122257,1.05914167282609,2025.56981895815,2025.58338921655,NA
1040,1041,0.0407379163233976,-103.056985556337,38.5778936182376,-100.983064006032,37.081216652406,1.07297251900685,1.03223460268345,2025.54291188801,2025.58364980433,NA
1084,1094,0.0395869698030014,-113.185937191727,47.0721592267818,-112.667284913702,47.0229975167436,1.07324604107568,1.03365907127268,2025.5443363566,2025.5839233264,NA
1159,1160,0.0381401181153689,-92.7194492853673,40.5199863536879,-91.6177173173168,42.6904300445591,1.07397841409061,1.03583829597524,2025.5465155813,2025.58465569942,NA
876,881,0.0295762465511833,-73.8677682421446,44.9155230474603,-74.5170820682537,44.4591820138699,1.07402669254093,1.04445044598974,2025.55512773131,2025.58470397787,NA
1129,1131,0.0455776702761355,-93.5422610381528,43.0283870912793,-89.1139104134346,43.6613513548163,1.07419128009761,1.02861360982147,2025.53929089515,2025.58486856542,NA
1131,1137,0.00108904140579114,-89.1139104134346,43.6613513548163,-88.7196731098652,43.5960423930496,1.0752803215034,1.07419128009761,2025.58486856542,2025.58595760683,NA
877,879,0.00637437864057189,-73.8464781634331,43.3575243599809,-75.5771159783849,43.2293874349426,1.07595817087438,1.06958379223381,2025.58026107756,2025.5866354562,NA
1097,1102,0.00545761811616829,-108.980881838807,40.9904643891262,-107.95767959972,40.1042222602401,1.07639845614363,1.07094083802746,2025.58161812335,2025.58707574147,NA
1213,1214,0.0175825979724862,-76.9684249875011,39.9364520088184,-75.6359683094266,40.3235655867606,1.07658425219126,1.05900165421878,2025.56967893954,2025.58726153752,NA
1162,1163,0.0155971502163608,-92.4079390386285,42.9366525969376,-86.4362667665403,42.494504493286,1.07692106132611,1.06132391110975,2025.57200119643,2025.58759834665,NA
1066,1073,0.0150576780130134,-98.7030638411511,40.9749221419681,-93.53950098622,39.6434977481149,1.07866110622132,1.0636034282083,2025.57428071353,2025.58933839155,NA
1083,1095,0.0704717911177251,-111.879152786955,46.7104574079229,-112.322451904647,45.5543368330804,1.07890145961029,1.00842966849257,2025.51910695382,2025.58957874494,NA
1078,1080,0.067699197980208,-109.67939190272,44.3199221998362,-111.818176461252,49.121931503765,1.07947282598102,1.01177362800081,2025.52245091333,2025.59015011131,NA
1131,1132,0.00627776975259886,-89.1139104134346,43.6613513548163,-88.5098772888731,43.2619838723301,1.08046904985021,1.07419128009761,2025.58486856542,2025.59114633517,NA
1162,1168,0.0194673371868572,-92.4079390386285,42.9366525969376,-90.9362135655244,42.2340611311273,1.08079124829661,1.06132391110975,2025.57200119643,2025.59146853362,NA
1168,1169,0.000291254267530405,-90.9362135655244,42.2340611311273,-91.0874668073443,42.2749615174152,1.08108250256414,1.08079124829661,2025.59146853362,2025.59175978789,NA
1103,1104,0.0369309420191763,-88.4296880908522,34.944207415805,-84.385767480173,33.6417707335766,1.08109355742152,1.04416261540234,2025.55483990073,2025.59177084275,NA
1098,1099,0.00952775043748311,-108.776174862814,41.6180675456593,-112.066271756577,43.6955792917112,1.08140887452131,1.07188112408383,2025.58255840941,2025.59208615985,NA
1216,1217,0.00877738580832599,-74.9277173230288,41.7354573282608,-73.3363702399583,39.8443988007521,1.08145676337659,1.07267937756827,2025.58335666289,2025.5921340487,NA
1085,1086,0.0481513848253616,-112.412855560125,46.4405795935709,-116.052154162947,46.4200330932716,1.08276390352263,1.03461251869727,2025.54528980402,2025.59344118885,NA
1132,1135,0.00324321831441909,-88.5098772888731,43.2619838723301,-89.2267497360574,43.7505731940914,1.08371226816462,1.08046904985021,2025.59114633517,2025.59438955349,NA
1099,1100,0.00238481135539859,-112.066271756577,43.6955792917112,-112.649344579448,43.5359821364881,1.08379368587671,1.08140887452131,2025.59208615985,2025.5944709712,NA
1051,1059,0.0849260154669809,-98.477132676112,37.7124122475462,-94.497282928741,37.4223551476478,1.08383069675097,0.998904681283986,2025.50958196661,2025.59450798208,NA
927,928,0.0449362926846144,-81.4249661271329,39.3377421056204,-85.0376261949643,39.6422188475937,1.08397956522902,1.03904327254441,2025.54972055787,2025.59465685055,NA
1344,1345,0.28069537099313,-78.7740050772448,39.4487896741544,-80.2173694840822,39.4083864634279,1.08460953815005,0.803914167156922,2025.31459145248,2025.59528682347,NA
1059,1060,0.00113186744154992,-94.497282928741,37.4223551476478,-94.4956185569222,37.4208448752376,1.08496256419252,1.08383069675097,2025.59450798208,2025.59563984952,NA
1053,1054,0.0814292617048851,-97.9454258259969,37.5126281903299,-95.1204741224572,35.2539222322748,1.08528069840183,1.00385143669695,2025.51452872202,2025.59595798373,NA
1066,1067,0.0219816595894047,-98.7030638411511,40.9749221419681,-97.246231462921,40.1517458589457,1.08558508779771,1.0636034282083,2025.57428071353,2025.59626237312,NA
1039,1042,0.0673683614958831,-99.4639937021811,36.4533554404957,-96.0854940677638,41.9992365608317,1.08595750783367,1.01858914633779,2025.52926643166,2025.59663479316,NA
929,930,0.0950213836306042,-85.1959566653581,38.8712580249647,-85.2767528966896,39.1612234542308,1.08632328019597,0.991301896565361,2025.50197918189,2025.59700056552,NA
1169,1170,0.0055035488869708,-91.0874668073443,42.2749615174152,-92.819514307996,42.6561517851566,1.08658605145111,1.08108250256414,2025.59175978789,2025.59726333678,NA
1163,1164,0.00995412312492072,-86.4362667665403,42.494504493286,-87.0846595431929,42.655494377561,1.08687518445103,1.07692106132611,2025.58759834665,2025.59755246978,NA
1019,1020,0.20095556560454,-99.1075261564808,39.878800751474,-97.568490668522,39.5350844537207,1.08687791001827,0.885922344413729,2025.39659962974,2025.59755519534,NA
1164,1165,0.0000480345977482699,-87.0846595431929,42.655494377561,-86.841458049946,42.625498152774,1.08692321904878,1.08687518445103,2025.59755246978,2025.59760050437,NA
1129,1130,0.0585527703164337,-93.5422610381528,43.0283870912793,-89.4387608313057,41.6938284476905,1.0871663801379,1.02861360982147,2025.53929089515,2025.59784366546,NA
1157,1158,0.0549808232043669,-93.0327799175345,40.0616593128061,-95.8286500172946,40.7319389533072,1.08770418071707,1.0327233575127,2025.54340064284,2025.59838146604,NA
1217,1218,0.00664490197918477,-73.3363702399583,39.8443988007521,-74.6590193303221,40.5212200134209,1.08810166535578,1.08145676337659,2025.5921340487,2025.59877895068,NA
1170,1171,0.00180546374991186,-92.819514307996,42.6561517851566,-92.5798242558689,41.9961156017842,1.08839151520102,1.08658605145111,2025.59726333678,2025.59906880053,NA
1057,1058,0.0324283221120545,-104.846629141585,40.0073093283547,-101.076918341417,41.1243601985634,1.08889845004609,1.05647012793404,2025.56714741326,2025.59957573537,NA
1067,1072,0.00360704706538151,-97.246231462921,40.1517458589457,-97.5197568595826,40.3100785979619,1.08919213486309,1.08558508779771,2025.59626237312,2025.59986942019,NA
1067,1068,0.00391726095110467,-97.246231462921,40.1517458589457,-95.6734533499058,39.9344463181783,1.08950234874881,1.08558508779771,2025.59626237312,2025.60017963407,NA
1137,1138,0.0145753667649455,-88.7196731098652,43.5960423930496,-87.3527169068287,42.9978377607223,1.08985568826834,1.0752803215034,2025.58595760683,2025.60053297359,NA
879,880,0.0178480192151156,-75.5771159783849,43.2293874349426,-76.2455972316023,42.4909009493932,1.0938061900895,1.07595817087438,2025.5866354562,2025.60448347541,NA
1165,1166,0.00710272773903697,-86.841458049946,42.625498152774,-83.9474652797365,40.7377414038779,1.09402594678782,1.08692321904878,2025.59760050437,2025.60470323211,NA
1073,1075,0.0159759225181704,-93.53950098622,39.6434977481149,-93.8541118448761,40.5592942440775,1.09463702873949,1.07866110622132,2025.58933839155,2025.60531431406,NA
1068,1069,0.00685527975278699,-95.6734533499058,39.9344463181783,-91.8487913097125,40.2865780720582,1.0963576285016,1.08950234874881,2025.60017963407,2025.60703491383,NA
1132,1133,0.0169278397199422,-88.5098772888731,43.2619838723301,-85.8350531070013,43.278173633987,1.09739688957015,1.08046904985021,2025.59114633517,2025.60807417489,NA
1069,1071,0.00104009016368245,-91.8487913097125,40.2865780720582,-91.8979735331226,40.4514614869367,1.09739771866528,1.0963576285016,2025.60703491383,2025.60807500399,NA
1060,1061,0.0144924567084812,-94.4956185569222,37.4208448752376,-96.4112051905648,37.4333667086558,1.099455020901,1.08496256419252,2025.59563984952,2025.61013230623,NA
1069,1070,0.00383137868280126,-91.8487913097125,40.2865780720582,-91.8605540764118,40.4132997145662,1.1001890071844,1.0963576285016,2025.60703491383,2025.61086629251,NA
1075,1076,0.00651447666639204,-93.8541118448761,40.5592942440775,-95.2987541310063,39.9447025370597,1.10115150540588,1.09463702873949,2025.60531431406,2025.61182879073,NA
1028,1029,0.159103148471203,-100.475811656883,40.546431565354,-110.410063960583,40.5732768410064,1.10159836733231,0.942495218861104,2025.45317250419,2025.61227565266,NA
1217,1219,0.0203513179578274,-73.3363702399583,39.8443988007521,-74.8662041757085,39.1074014808907,1.10180808133442,1.08145676337659,2025.5921340487,2025.61248536666,NA
1152,1172,0.106177033198524,-92.8965864621015,40.4520228132896,-105.438738414092,39.7488243426106,1.1029797475155,0.996802714316974,2025.50747999964,2025.61365703284,NA
1214,310,0.0264370926208595,-75.6359683094266,40.3235655867606,-79.2742024460411,41.645474429476,1.10302134481212,1.07658425219126,2025.58726153752,2025.61369863014,SRR35319489|A/Black_Vulture/PA/25-023113-001-original/2025|H5N1|USA-PA|Unknown|2025-08-13|wild_avian|D1.1
1133,1134,0.00582487407279175,-85.8350531070013,43.278173633987,-87.2389957121764,44.400371605383,1.10322176364294,1.09739688957015,2025.60807417489,2025.61389904897,NA
877,878,0.0341684972233178,-73.8464781634331,43.3575243599809,-72.5037412936296,45.1119990647371,1.10375228945713,1.06958379223381,2025.58026107756,2025.61442957478,NA
1138,1140,0.0140182672559217,-87.3527169068287,42.9978377607223,-84.2814515581609,43.6344167013706,1.10387395552426,1.08985568826834,2025.60053297359,2025.61455124085,NA
1089,1090,0.0508096436560543,-113.45245140992,47.024746616839,-113.578515576508,46.8650102441893,1.10423367913707,1.05342403548101,2025.56410132081,2025.61491096446,NA
1143,1144,0.0972927126182026,-96.8365594235105,42.8686740898919,-99.4455556900867,43.469436265557,1.10434437544932,1.00705166283112,2025.51772894816,2025.61502166077,NA
1230,294,0.114227979851512,-77.0731912939547,34.7752962747046,-76.8427760690257,34.7627646878449,1.10576107083948,0.991533090987968,2025.50221037631,2025.61643835616,SRR35949967|A/Black_Vulture/NC/25-023724-001-original/2025|H5N1|USA-NC|Unknown|2025-08-14|wild_avian|D1.1
1043,1044,0.0619425317040478,-101.442016652654,34.2817693351603,-95.4942341844857,33.8280282273206,1.10672681492287,1.04478428321882,2025.55546156854,2025.61740410025,NA
1145,1146,0.0867258456667261,-98.3574341212287,42.2533915628054,-97.6189392798492,41.4210736722892,1.10704658876303,1.02032074309631,2025.53099802842,2025.61772387409,NA
1090,1091,0.00433729128885707,-113.578515576508,46.8650102441893,-112.306944607847,48.4684915035182,1.10857097042593,1.10423367913707,2025.61491096446,2025.61924825575,NA
1099,1101,0.0285819166118642,-112.066271756577,43.6955792917112,-113.49822902966,42.8470111469612,1.10999079113317,1.08140887452131,2025.59208615985,2025.62066807646,NA
1048,1049,0.0939584625297805,-101.3029097827,39.6192841159391,-107.251769906125,41.0170764072675,1.11035615392268,1.0163976913929,2025.52707497672,2025.62103343925,NA
1105,1106,0.0518102072618594,-87.2453792114037,35.6068250004965,-84.8469315991746,34.4670217966583,1.11108024962033,1.05927004235847,2025.56994732768,2025.62175753495,NA
1049,1050,0.00143115343545719,-107.251769906125,41.0170764072675,-106.581012201343,40.8499609383664,1.11178730735814,1.11035615392268,2025.62103343925,2025.62246459268,NA
1029,1030,0.0110903921518646,-110.410063960583,40.5732768410064,-109.676438048864,41.9159903158604,1.11268875948417,1.10159836733231,2025.61227565266,2025.62336604481,NA
1080,1081,0.0333546110916916,-111.818176461252,49.121931503765,-110.032857613616,47.2600981618976,1.11282743707271,1.07947282598102,2025.59015011131,2025.6235047224,NA
1138,1139,0.023422607411167,-87.3527169068287,42.9978377607223,-90.0723016363604,42.5632806747873,1.11327829567951,1.08985568826834,2025.60053297359,2025.623955581,NA
1054,1055,0.0310237710302603,-95.1204741224572,35.2539222322748,-93.3380163086266,35.637560801586,1.11630446943209,1.08528069840183,2025.59595798373,2025.62698175476,NA
870,190,0.24478753360582,-78.1102284656207,48.9162742710619,-73.5368174068016,41.907515251994,1.11671997494914,0.871932441343318,2025.38260972667,2025.62739726027,SRR35950029|A/Bald_Eagle/NY/25-023581-001-original/2025|H5N1|USA-NY|Unknown|2025-08-18|wild_avian|D1.1
1284,1285,0.260733365398909,-80.0844856041399,31.912930342244,-83.6304762738279,31.5164869466221,1.118732887357,0.857999521958093,2025.36867680728,2025.62941017268,NA
1218,314,0.0313580356207193,-74.6590193303221,40.5212200134209,-74.9076969030087,40.5572108458301,1.1194597009765,1.08810166535578,2025.59877895068,2025.6301369863,SRR35949975|A/Black_Vulture/NJ/25-023587-003-original/2025|H5N1|USA-NJ|Unknown|2025-08-19|wild_avian|D1.1
1218,313,0.0313580356207193,-74.6590193303221,40.5212200134209,-74.5469586871869,40.3420847242434,1.1194597009765,1.08810166535578,2025.59877895068,2025.6301369863,SRR35950028|A/Black_Vulture/NJ/25-023587-001-original/2025|H5N1|USA-NJ|Unknown|2025-08-19|wild_avian|D1.1
1108,1109,0.0987392981330779,-102.051767923565,42.061266431391,-101.247840202261,45.9939762750897,1.11981365149586,1.02107435336278,2025.53175163869,2025.63049093682,NA
879,194,0.0489809821570519,-75.5771159783849,43.2293874349426,-77.7716193798486,43.1353531682407,1.12493915303144,1.07595817087438,2025.5866354562,2025.63561643836,SRR35318191|A/chicken/NY/25-023583-002-original/2025|H5N1|USA-NY|Unknown|2025-08-21|domestic_avian|D1.1
1044,1046,0.0182666628694301,-95.4942341844857,33.8280282273206,-94.8028169101336,31.9924246277616,1.1249934777923,1.10672681492287,2025.61740410025,2025.63567076312,NA
1345,1346,0.0413568992155346,-80.2173694840822,39.4083864634279,-86.6724371128466,39.4523671683129,1.12596643736559,1.08460953815005,2025.59528682347,2025.63664372269,NA
1073,1074,0.0483761006958336,-93.53950098622,39.6434977481149,-87.2696480332262,43.6164034950779,1.12703720691715,1.07866110622132,2025.58933839155,2025.63771449224,NA
1044,1045,0.0268130379590918,-95.4942341844857,33.8280282273206,-114.907681367045,34.8514248596577,1.13353985288196,1.10672681492287,2025.61740410025,2025.64421713821,NA
918,165,0.322094059975846,-91.378395842181,17.7935914883046,-89.2594316771013,15.4853923851397,1.13589805714087,0.813803997165021,2025.32448128249,2025.64657534247,EPI_ISL_20180701|A/duck/Izabal/FLU-340/2025|H5N1|Guatemala-Izabal|Unknown|2025-08-25|domestic_avian|D1.1
1164,356,0.0517625987174191,-87.0846595431929,42.655494377561,-99.8570041345891,45.423920417535,1.13863778316845,1.08687518445103,2025.59755246978,2025.64931506849,SRR35318189|A/Turkey/SD/25-023747-001-original/2025|H5N1|USA-SD|Unknown|2025-08-26|domestic_avian|D1.1
1285,535,0.0281240738935209,-83.6304762738279,31.5164869466221,-83.1714987486504,30.7983238370872,1.14685696125052,1.118732887357,2025.62941017268,2025.65753424658,SRR35949432|A/chicken/GA/25-024057-002-original/2025|H5N1|USA-GA|Unknown|2025-08-29|domestic_avian|D1.1
1126,379,0.169318166028766,-98.3656710974586,44.1096401994122,-99.933835617174,46.8146414888471,1.14959668727788,0.980278521249115,2025.49095580657,2025.6602739726,SRR35949426|A/Domestic_Grower/Meat-type_Turkey/ND/25-024186-001-original/2025|H5N1|USA-ND|Unknown|2025-08-30|domestic_avian|D1.1
1144,373,0.0479920378559195,-99.4455556900867,43.469436265557,-99.4858362679107,43.5385706419918,1.15233641330524,1.10434437544932,2025.61502166077,2025.66301369863,SRR35949424|A/Domestic_Grower/Meat-type_Turkey/SD/25-024189-001-original/2025|H5N1|USA-SD|Unknown|2025-08-31|domestic_avian|D1.1
1020,1021,0.0694046965690045,-97.568490668522,39.5350844537207,-97.2060917930055,39.3768945442201,1.15628260658727,1.08687791001827,2025.59755519534,2025.66695989191,NA
1142,369,0.132416532779418,-111.710779053982,44.0062310397098,-112.1721973129,41.7976360774194,1.15781586536018,1.02539933258076,2025.53607661791,2025.66849315068,SRR36211907|A/Canada_Goose/UT/25-024323-001-original/2025|H5N1|USA-UT|Unknown|2025-09-02|wild_avian|D1.1
1057,441,0.1040854634535,-104.846629141585,40.0073093283547,-116.756068496317,54.5061588200523,1.16055559138754,1.05647012793404,2025.56714741326,2025.67123287671,EPI_ISL_20208456|A/Turkey/AB/FAV-0270/2025|H5N1|Canada-AB|Unknown|2025-09-03|domestic_avian|D1.1
1113,419,0.1515908390675,-112.462771282205,43.4537663149154,-111.438493040061,43.4688453608395,1.1632953174149,1.0117044783474,2025.52238176367,2025.67397260274,SRR35705730|A/Mallard_Duck/ID/25-024960-007-original/2025|H5N1|USA-ID|Unknown|2025-09-04|wild_avian|D1.1
1121,367,0.202541733161589,-98.0425509330154,43.9145286326745,-96.6072100051463,44.9294756473532,1.16603504344225,0.963493310280664,2025.47417059561,2025.67671232877,SRR35705007|A/Turkey/SD/25-024863-004-original/2025|H5N1|USA-SD|Unknown|2025-09-05|domestic_avian|D1.1
1227,298,0.291464688140413,-79.010969607171,34.1479745273081,-78.7614438509605,34.8674458826411,1.16877476946961,0.877310081329197,2025.38798736665,2025.67945205479,SRR35705677|A/Black_Vulture/NC/25-025013-001-original/2025|H5N1|USA-NC|Unknown|2025-09-06|wild_avian|D1.1
1124,371,0.14167111740539,-95.4351478559586,44.3996847920409,-89.2962966230326,39.9366713961953,1.16877476946961,1.02710365206422,2025.53778093739,2025.67945205479,SRR35705728|A/blue-winged_Teal/IL/25-025061-004-original/2025|H5N1|USA-IL|Unknown|2025-09-06|wild_avian|D1.1
1130,382,0.0843481153592904,-89.4387608313057,41.6938284476905,-99.8608549027045,44.9894883567395,1.17151449549719,1.0871663801379,2025.59784366546,2025.68219178082,SRR35586405|A/Turkey/SD/25-024550-002-original/2025|H5N1|USA-SD|Unknown|2025-09-07|domestic_avian|D1.1
1030,1031,0.0602319646997922,-109.676438048864,41.9159903158604,-96.8768534624714,38.6470583619724,1.17292072418396,1.11268875948417,2025.62336604481,2025.68359800951,NA
1215,318,0.117992531521012,-74.3866684343827,43.0484356531184,-78.161312266807,40.4453815310374,1.17425422152455,1.05626169000354,2025.56693897533,2025.68493150685,SRR36212204|A/Black_Vulture/PA/25-025223-001-original/2025|H5N1|USA-PA|Unknown|2025-09-08|wild_avian|D1.1
1346,1347,0.0488838082470697,-86.6724371128466,39.4523671683129,-75.9158596076271,36.036088080289,1.17485024561266,1.12596643736559,2025.63664372269,2025.68552753094,NA
1091,1092,0.0678632351789599,-112.306944607847,48.4684915035182,-116.73372755171,49.1124750583979,1.17643420560489,1.10857097042593,2025.61924825575,2025.68711149093,NA
1172,350,0.0740142000364112,-105.438738414092,39.7488243426106,-106.355385696782,39.585164990703,1.17699394755191,1.1029797475155,2025.61365703284,2025.68767123288,SRR36212521|A/Mallard_Duck/CO/25-025267-001-original/2025|H5N1|USA-CO|Unknown|2025-09-09|wild_avian|D1.1
1109,414,0.0571802960560472,-101.247840202261,45.9939762750897,-111.438667196798,53.6324967089436,1.17699394755191,1.11981365149586,2025.63049093682,2025.68767123288,EPI_ISL_20208457|A/Turkey/AB/FAV-0274/2025|H5N1|Canada-AB|Unknown|2025-09-09|domestic_avian|D1.1
762,61,0.529941874228986,-76.6468422589189,39.1555246825433,-77.0143898008117,39.3879262964122,1.17973367357927,0.649791799350281,2025.16046908468,2025.6904109589,SRR35705785|A/Vulture/MD/25-024862-001-original/2025|H5N1|USA-MD|Unknown|2025-09-10|wild_avian|D1.1
1127,368,0.190918252893175,-93.9037933598917,42.9972956917877,-100.311509003497,47.4494713263938,1.17973367357927,0.988815420686092,2025.49949270601,2025.6904109589,SRR35705788|A/Swainson_s_Hawk/ND/25-024871-001-original/2025|H5N1|USA-ND|Unknown|2025-09-10|other|D1.1
1053,442,0.178621962909678,-97.9454258259969,37.5126281903299,-106.985208843885,42.4041826270257,1.18247339960662,1.00385143669695,2025.51452872202,2025.69315068493,SRR36212532|A/Mallard_Duck/WY/25-025186-001-original/2025|H5N1|USA-WY|Unknown|2025-09-11|wild_avian|D1.1
1219,316,0.0806653182722061,-74.8662041757085,39.1074014808907,-74.8591305157117,39.1282423520741,1.18247339960662,1.10180808133442,2025.61248536666,2025.69315068493,SRR36212060|A/Black_Vulture/NJ/25-025220-002-original/2025|H5N1|USA-NJ|Unknown|2025-09-11|wild_avian|D1.1
1219,315,0.0806653182722061,-74.8662041757085,39.1074014808907,-74.7919009506081,39.2463268736189,1.18247339960662,1.10180808133442,2025.61248536666,2025.69315068493,SRR36212431|A/Black_Vulture/NJ/25-025220-003-original/2025|H5N1|USA-NJ|Unknown|2025-09-11|wild_avian|D1.1
1166,1167,0.0901374737687164,-83.9474652797365,40.7377414038779,-87.4067793210209,39.7737104745111,1.18416342055653,1.09402594678782,2025.60470323211,2025.69484070588,NA
1089,1093,0.131021002612375,-113.45245140992,47.024746616839,-116.704397235822,45.261517628131,1.18444503809339,1.05342403548101,2025.56410132081,2025.69512232342,NA
1133,385,0.0878162360640617,-85.8350531070013,43.278173633987,-99.3276875608635,45.9652481808295,1.18521312563421,1.09739688957015,2025.60807417489,2025.69589041096,SRR36211905|A/Canada_Goose/ND/25-025249-001-original/2025|H5N1|USA-ND|Unknown|2025-09-12|wild_avian|D1.1
1150,351,0.128811178835479,-90.9285695896797,38.356013435514,-98.5896978374014,38.6132685749814,1.18795285166157,1.05914167282609,2025.56981895815,2025.69863013699,SRR36211787|A/blue_winged_teal/KS/25-025843-026/2025|H5N1|USA-KS|Barton|2025-09-13|wild_avian|D1.1
1151,352,0.115240920439,-95.6004389115722,37.610147284732,-98.6522866862641,38.3698611702447,1.18795285166157,1.07271193122257,2025.58338921655,2025.69863013699,SRR36211782|A/blue_winged_teal/KS/25-025843-038/2025|H5N1|USA-KS|Barton|2025-09-13|wild_avian|D1.1
1135,1136,0.10870918437117,-89.2267497360574,43.7505731940914,-90.3539468814244,45.8217134754744,1.19242145253579,1.08371226816462,2025.59438955349,2025.70309873786,NA
1171,357,0.10504078851526,-92.5798242558689,41.9961156017842,-93.4502372283018,44.7488933196477,1.19343230371628,1.08839151520102,2025.59906880053,2025.70410958904,SRR36212111|A/mallard_duck/MN/25-025867-005/2025|H5N1|USA-MN|Scott|2025-09-15|wild_avian|D1.1
878,196,0.0896800142591505,-72.5037412936296,45.1119990647371,-73.2146340684334,50.3583349973631,1.19343230371628,1.10375228945713,2025.61442957478,2025.70410958904,EPI_ISL_20208424|A/Duck/QC/FAV-0272-2/2025|H5N1|Canada-QC|Unknown|2025-09-15|domestic_avian|D1.1
1146,1147,0.0868307611195764,-97.6189392798492,41.4210736722892,-92.1997957864132,40.6927963922574,1.19387734988261,1.10704658876303,2025.61772387409,2025.70455463521,NA
1169,355,0.1150895271795,-91.0874668073443,42.2749615174152,-95.1325122060223,43.2629680648087,1.19617202974364,1.08108250256414,2025.59175978789,2025.70684931507,SRR36211924|A/Red-tailed_Hawk/IA/25-025278-001-original/2025|H5N1|USA-IA|Unknown|2025-09-16|wild_avian|D1.1
878,197,0.0924197402865079,-72.5037412936296,45.1119990647371,-72.1554606614374,43.7390612680066,1.19617202974364,1.10375228945713,2025.61442957478,2025.70684931507,SRR36212518|A/Mallard_Duck/NH/25-025612-017-original-repeat2/2025|H5N1|USA-NH|Unknown|2025-09-16|wild_avian|D1.1
1050,461,0.084384722385499,-106.581012201343,40.8499609383664,-114.127638962311,39.2569720020235,1.19617202974364,1.11178730735814,2025.62246459268,2025.70684931507,SRR36211763|A/Gadwell/NV/25G01828-004-original/2025|H5N1|USA-NV|Unknown|2025-09-16|wild_avian|D1.1
1095,474,0.120010296160705,-112.322451904647,45.5543368330804,-113.197024583953,45.7012481329209,1.198911755771,1.07890145961029,2025.58957874494,2025.7095890411,SRR36212466|A/Great_horned_Owl/MT/25-025599-001-original/2025|H5N1|USA-MT|Unknown|2025-09-17|wild_avian|D1.1
1166,362,0.107625535010763,-83.9474652797365,40.7377414038779,-84.3783797369703,40.8971205604224,1.20165148179858,1.09402594678782,2025.60470323211,2025.71232876712,SRR36211892|A/Mallard_Duck/OH/25-025982-002-original/2025|H5N1|USA-OH|Unknown|2025-09-18|wild_avian|D1.1
1136,383,0.00923002926278671,-90.3539468814244,45.8217134754744,-84.364720458717,43.1874783121634,1.20165148179858,1.19242145253579,2025.70309873786,2025.71232876712,SRR36212068|A/wood_duck/MI/25-025965-014/2025|H5N1|USA-MI|Saginaw|2025-09-18|wild_avian|D1.1
1086,1087,0.123951364119833,-116.052154162947,46.4200330932716,-117.027422144232,46.129249847782,1.20671526764246,1.08276390352263,2025.59344118885,2025.71739255297,NA
929,151,0.22130848934265,-85.1959566653581,38.8712580249647,-82.0743988792578,40.4826864910245,1.21261038590801,0.991301896565361,2025.50197918189,2025.72328767123,SRR36211881|A/Black_Vulture/OH/25-026070-003-original/2025|H5N1|USA-OH|Unknown|2025-09-22|wild_avian|D1.1
1155,366,0.212228888944441,-94.204481407563,40.0062542939515,-93.1460178052715,30.6063772426841,1.21261038590801,1.00038149696357,2025.51105878229,2025.72328767123,SRR36211605|A/American_blue-winged_Teal/LA/25G01386-003-original/2025|H5N1|USA-LA|Unknown|2025-09-22|wild_avian|D1.1
1056,438,0.188551950946245,-98.4942840033962,37.9500139148286,-118.760195370154,47.9751272566726,1.21261038590801,1.02405843496176,2025.53473572029,2025.72328767123,SRR36212227|A/Great_horned_Owl/WA/25G01455-001-original/2025|H5N1|USA-WA|Unknown|2025-09-22|wild_avian|D1.1
882,199,0.171042147933053,-75.9639735958749,44.4141738735924,-77.8341355242676,42.9890843390157,1.21535011193537,1.04430796400231,2025.55498524933,2025.72602739726,SRR36211866|A/wood_duck/NY/25-026198-009/2025|H5N1|USA-NY|Monroe|2025-09-23|wild_avian|D1.1
1136,384,0.0229286593995737,-90.3539468814244,45.8217134754744,-84.355967506299,43.2298232691936,1.21535011193537,1.19242145253579,2025.70309873786,2025.72602739726,SRR36211854|A/wood_duck/MI/25G01274-008/2025|H5N1|USA-MI|Saginaw|2025-09-23|wild_avian|D1.1
1078,1079,0.205079654767027,-109.67939190272,44.3199221998362,-116.533744590847,38.0071074485739,1.21685328276784,1.01177362800081,2025.52245091333,2025.72753056809,NA
1149,341,0.220586191697256,-92.9477622976678,40.56205147539,-84.0404201773624,30.2852051121111,1.21808983796295,0.997503646265696,2025.50818093159,2025.72876712329,SRR36212429|A/blue-winged_Teal/FL/25-026196-001-original/2025|H5N1|USA-FL|Unknown|2025-09-24|wild_avian|D1.1
1110,416,0.151765721940977,-102.706960413546,39.0236569600906,-118.361958889934,46.2079548646922,1.21808983796295,1.06632411602198,2025.57700140135,2025.72876712329,SRR36212382|A/wild_goose/WA/25G01700-001-original/2025|H5N1|USA-WA|Unknown|2025-09-24|wild_avian|D1.1
930,153,0.131766557766987,-85.2767528966896,39.1612234542308,-85.1454550469441,38.7487601526337,1.21808983796295,1.08632328019597,2025.59700056552,2025.72876712329,SRR36212441|A/Black_Vulture/IN/25G01314-001-original/2025|H5N1|USA-IN|Unknown|2025-09-24|wild_avian|D1.1
1165,361,0.131166618914172,-86.841458049946,42.625498152774,-89.1924629129425,42.8856827513099,1.21808983796295,1.08692321904878,2025.59760050437,2025.72876712329,SRR36212149|A/Mallard_Duck/WI/25G02258-001-original/2025|H5N1|USA-WI|Unknown|2025-09-24|wild_avian|D1.1
1055,432,0.101785368530861,-93.3380163086266,35.637560801586,-75.7962821643333,43.8887615465151,1.21808983796295,1.11630446943209,2025.62698175476,2025.72876712329,SRR36406419|A/american_green_winged_teal/NY/25G02842-011/2025|H5N1|USA-NY|Jefferson|2025-09-24|wild_avian|D1.1
1021,1022,0.0624008512292151,-97.2060917930055,39.3768945442201,-70.4800838752123,35.539708463922,1.21868345781649,1.15628260658727,2025.66695989191,2025.72936074314,NA
1168,360,0.140038315693702,-90.9362135655244,42.2340611311273,-88.3942677973287,41.2803755690292,1.22082956399031,1.08079124829661,2025.59146853362,2025.73150684932,SRR36212424|A/Canada_Goose/IL/25-026184-001-original/2025|H5N1|USA-IL|Unknown|2025-09-25|wild_avian|D1.1
928,156,0.13684999876129,-85.0376261949643,39.6422188475937,-85.5541355478748,36.6177468682757,1.22082956399031,1.08397956522902,2025.59465685055,2025.73150684932,SRR36212433|A/Black_Vulture/KY/25G01831-001-original/2025|H5N1|USA-KY|Unknown|2025-09-25|wild_avian|D1.1
1046,456,0.095836086198009,-94.8028169101336,31.9924246277616,-85.5465265301167,30.7398617115549,1.22082956399031,1.1249934777923,2025.63567076312,2025.73150684932,SRR36211970|A/Mottled_Duck/FL/25G01837-001-original/2025|H5N1|USA-FL|Unknown|2025-09-25|wild_avian|D1.1
1213,312,0.16456763579889,-76.9684249875011,39.9364520088184,-78.7129465955023,39.6682255788152,1.22356929001767,1.05900165421878,2025.56967893954,2025.73424657534,SRR36203399|A/Black_Vulture/MD/25-026167-001-original/2025|H5N1|USA-MD|Unknown|2025-09-26|wild_avian|D1.1
1345,647,0.138959751867616,-80.2173694840822,39.4083864634279,-81.3330811238805,38.9021342145667,1.22356929001767,1.08460953815005,2025.59528682347,2025.73424657534,SRR36212436|A/Black_Vulture/WV/25G01830-001-original/2025|H5N1|USA-WV|Unknown|2025-09-26|wild_avian|D1.1
1346,648,0.0976028526520809,-86.6724371128466,39.4523671683129,-82.6057140517433,35.8891494137679,1.22356929001767,1.12596643736559,2025.63664372269,2025.73424657534,SRR36163010|A/chicken/NC/25-026098-002-original/2025|H5N1|USA-NC|Unknown|2025-09-26|domestic_avian|D1.1
1347,649,0.0487190444050112,-75.9158596076271,36.036088080289,-79.5830454322193,39.3860754820923,1.22356929001767,1.17485024561266,2025.68552753094,2025.73424657534,SRR36212435|A/Black_Vulture/WV/25G01830-002-original/2025|H5N1|USA-WV|Unknown|2025-09-26|wild_avian|D1.1
1031,1033,0.051550569586464,-96.8768534624714,38.6470583619724,-95.5493321668197,38.4711603769681,1.22447129377043,1.17292072418396,2025.68359800951,2025.7351485791,NA
1101,462,0.116318224911852,-113.49822902966,42.8470111469612,-119.442401093269,42.1853322650641,1.22630901604502,1.10999079113317,2025.62066807646,2025.73698630137,SRR36211600|A/American_blue-winged_Teal/OR/25G01565-017-original/2025|H5N1|USA-OR|Unknown|2025-09-27|wild_avian|D1.1
1081,1082,0.113923867471315,-110.032857613616,47.2600981618976,-98.5233716339083,45.7693364595288,1.22675130454403,1.11282743707271,2025.6235047224,2025.73742858987,NA
1031,1032,0.057730847739935,-96.8768534624714,38.6470583619724,-96.7079396908053,38.5196735320277,1.2306515719239,1.17292072418396,2025.68359800951,2025.74132885725,NA
1157,348,0.199065110587263,-93.0327799175345,40.0616593128061,-104.202216365228,44.8271830032886,1.23178846809997,1.0327233575127,2025.54340064284,2025.74246575342,SRR36211769|A/Canada_Goose/WY/25G01869-001-original/2025|H5N1|USA-WY|Unknown|2025-09-29|wild_avian|D1.1
1134,387,0.128566704457028,-87.2389957121764,44.400371605383,-96.1824623301997,46.2458804453752,1.23178846809997,1.10322176364294,2025.61389904897,2025.74246575342,SRR36212318|A/canada_goose/MN/25G01920-001/2025|H5N1|USA-MN|Otter_Tail|2025-09-29|wild_avian|D1.1
1109,413,0.111974816604105,-101.247840202261,45.9939762750897,-106.713334522133,47.0354213740096,1.23178846809997,1.11981365149586,2025.63049093682,2025.74246575342,SRR36163011|A/chicken/MT/25-026086-002-original/2025|H5N1|USA-MT|Unknown|2025-09-29|domestic_avian|D1.1
1022,1023,0.0149505087603223,-70.4800838752123,35.539708463922,-76.0039137244604,39.3645180386444,1.23363396657681,1.21868345781649,2025.72936074314,2025.7443112519,NA
1145,375,0.214207451031019,-98.3574341212287,42.2533915628054,-102.889515743584,33.9388192797654,1.23452819412732,1.02032074309631,2025.53099802842,2025.74520547945,SRR36212386|A/wild_duck/TX/25G01488-001-original/2025|H5N1|USA-TX|Unknown|2025-09-30|wild_avian|D1.1
1040,446,0.20229359144387,-103.056985556337,38.5778936182376,-114.091082602565,35.8284426954538,1.23452819412732,1.03223460268345,2025.54291188801,2025.74520547945,SRR36212241|A/Canada_Goose/AZ/25G01642-001-original/2025|H5N1|USA-AZ|Unknown|2025-09-30|wild_avian|D1.1
1160,343,0.160549780036719,-91.6177173173168,42.6904300445591,-89.2944378296612,44.6838731057178,1.23452819412732,1.07397841409061,2025.58465569942,2025.74520547945,SRR36163013|A/chicken/WI/25-026290-001-original/2025|H5N1|USA-WI|Unknown|2025-09-30|domestic_avian|D1.1
1296,527,0.232399286125147,-105.837159159131,44.1577768549851,-105.540609365742,55.9826967473823,1.23726792015468,1.00486863402953,2025.51554591935,2025.74794520548,EPI_ISL_20208421|A/Chicken/SK/FAV-0326-1/2025|H5N1|Canada-SK|Unknown|2025-10-01|domestic_avian|D1.1
1102,464,0.16086946401105,-107.95767959972,40.1042222602401,-114.122655957281,46.424778020867,1.23726792015468,1.07639845614363,2025.58707574147,2025.74794520548,SRR36212238|A/Canada_Goose/MT/25G01677-001-original/2025|H5N1|USA-MT|Unknown|2025-10-01|wild_avian|D1.1
928,155,0.153288354925661,-85.0376261949643,39.6422188475937,-85.0750762832105,39.4934886613347,1.23726792015468,1.08397956522902,2025.59465685055,2025.74794520548,SRR36209119|A/black_vulture/IN/25G01855-003/2025|H5N1|USA-IN|Franklin|2025-10-01|wild_avian|D1.1
1119,395,0.427297400561739,-101.833437166396,50.8155945512625,-111.201745870202,57.0171903522781,1.2427473722094,0.815449971647658,2025.32612725697,2025.75342465753,EPI_ISL_20206696|A/Chicken/AB/FAV-0340-001/2025__H5N1_|H5N1|Canada-AB|Unknown|2025-10-03|domestic_avian|D1.1
1229,296,0.293167570689441,-76.6404183750066,35.1219423979503,-79.5922914800795,35.3350863093171,1.2427473722094,0.949579801519955,2025.46025708684,2025.75342465753,SRR36162690|A/chicken/NC/25G01772-001-original/2025|H5N1|USA-NC|Unknown|2025-10-03|domestic_avian|D1.1
1161,354,0.227293765349685,-92.0574306533796,42.7581565259829,-83.5630859094638,42.2541338383591,1.2427473722094,1.01545360685971,2025.52613089218,2025.75342465753,SRR36212006|A/mallard_duck/MI/25G01983-007/2025|H5N1|USA-MI|Washtenaw|2025-10-03|wild_avian|D1.1
1147,376,0.0488700223267891,-92.1997957864132,40.6927963922574,-90.4506993095825,40.2974508557421,1.2427473722094,1.19387734988261,2025.70455463521,2025.75342465753,SRR36162674|A/Domestic_Duck/IL/25G03338-009-original/2025|H5N1|USA-IL|Unknown|2025-10-03|domestic_avian|D1.1
1147,377,0.0488700223267891,-92.1997957864132,40.6927963922574,-89.7648789210763,38.9654172794997,1.2427473722094,1.19387734988261,2025.70455463521,2025.75342465753,SRR36162678|A/chicken/IL/25G03338-005-original/2025|H5N1|USA-IL|Unknown|2025-10-03|domestic_avian|D1.1
1153,342,0.247519358002329,-94.4801449783673,40.6947326619253,-91.7520450217223,35.0935542767625,1.24548709823675,0.997967740234425,2025.50864502556,2025.75616438356,SRR36212242|A/Canada_Goose/AR/25G01638-001-original/2025|H5N1|USA-AR|Unknown|2025-10-04|wild_avian|D1.1
1101,463,0.135496307103582,-113.49822902966,42.8470111469612,-106.610667669866,40.4612825301991,1.24548709823675,1.10999079113317,2025.62066807646,2025.75616438356,SRR36211975|A/mallard_duck/CO/25G02242-003/2025|H5N1|USA-CO|Jackson|2025-10-04|wild_avian|D1.1
1065,503,0.211016740228079,-101.810939908708,43.5137003229509,-117.502643156122,42.612039890328,1.24822682426434,1.03721008403626,2025.54788736936,2025.75890410959,SRR36162760|A/chicken/OR/25G01792-001-original/2025|H5N1|USA-OR|Unknown|2025-10-05|domestic_avian|D1.1
1342,653,0.296207634007644,-80.5444452092262,37.5389183528078,-79.278804064238,38.510839530037,1.2509665502917,0.954758916284052,2025.46543620161,2025.76164383562,SRR36212366|A/Black_Vulture/WV/25G02062-001-original/2025|H5N1|USA-WV|Unknown|2025-10-06|wild_avian|D1.1
1125,372,0.220340440311772,-95.8844960572598,44.0855797129349,-93.3341170360919,44.8522106178246,1.2509665502917,1.03062610997992,2025.5413033953,2025.76164383562,SRR36212344|A/sandhill_crane/MN/25G02201-001/2025|H5N1|USA-MN|Hennepin|2025-10-06|wild_avian|D1.1
1113,418,0.242001797971658,-112.462771282205,43.4537663149154,-112.780327254934,44.1282510646305,1.25370627631905,1.0117044783474,2025.52238176367,2025.76438356164,SRR36162812|A/Guinea_Fowl/ID/25G01895-002-original/2025|H5N1|USA-ID|Unknown|2025-10-07|domestic_avian|D1.1
1100,466,0.169912590442347,-112.649344579448,43.5359821364881,-114.514225278709,43.7340108017563,1.25370627631905,1.08379368587671,2025.5944709712,2025.76438356164,SRR36162806|A/Peafowl/ID/25G01896-003-original/2025|H5N1|USA-ID|Unknown|2025-10-07|wild_avian|D1.1
1134,386,0.150484512676114,-87.2389957121764,44.400371605383,-90.3420770611141,44.8087346378,1.25370627631905,1.10322176364294,2025.61389904897,2025.76438356164,SRR36211964|A/Trumpeter_Swan/WI/25G01871-001-original/2025|H5N1|USA-WI|Unknown|2025-10-07|wild_avian|D1.1
880,193,0.16263981225691,-76.2455972316023,42.4909009493932,-75.3483676237781,38.601940127624,1.25644600234641,1.0938061900895,2025.60448347541,2025.76712328767,SRR36212136|A/Peregrine_Falcon/DE/25G02350-001-original/2025|H5N1|USA-DE|Unknown|2025-10-08|wild_avian|D1.1
1160,344,0.185207314283163,-91.6177173173168,42.6904300445591,-84.7699107238,43.6861747053284,1.25918572837377,1.07397841409061,2025.58465569942,2025.7698630137,SRR36211770|A/canada_goose/MI/25G01985-002/2025|H5N1|USA-MI|Isabella|2025-10-09|wild_avian|D1.1
1074,500,0.132148521456618,-87.2696480332262,43.6164034950779,-102.510980547542,50.6886072795681,1.25918572837377,1.12703720691715,2025.63771449224,2025.7698630137,EPI_ISL_20249109|A/Whooping_crane/SK/FAV-0436-1/2025|H5N1|Canada-SK|Unknown|2025-10-09|wild_avian|D1.1
1087,470,0.052470460731306,-117.027422144232,46.129249847782,-126.4798299099,52.7658445925074,1.25918572837377,1.20671526764246,2025.71739255297,2025.7698630137,EPI_ISL_20258472|A/American_Wigeon/BC/AIVPHL-3746/2025|H5N1|Canada-BC|Unknown|2025-10-09|wild_avian|D1.1
1061,435,0.162470433500127,-96.4112051905648,37.4333667086558,-96.7448880631788,37.9442454274673,1.26192545440113,1.099455020901,2025.61013230623,2025.77260273973,SRR36406423|A/canada_goose/KS/25G02613-001/2025|H5N1|USA-KS|Butler|2025-10-10|wild_avian|D1.1
1049,459,0.151569300478443,-107.251769906125,41.0170764072675,-104.650813170055,41.2903408527457,1.26192545440113,1.11035615392268,2025.62103343925,2025.77260273973,SRR36211962|A/Turkey_Vulture/WY/25G02109-001-original/2025|H5N1|USA-WY|Unknown|2025-10-10|wild_avian|D1.1
1296,528,0.259796546399176,-105.837159159131,44.1577768549851,-97.4398130848987,38.3513823796334,1.26466518042871,1.00486863402953,2025.51554591935,2025.77534246575,SRR36211847|A/american_blue_winged_teal/KS/25G02173-002/2025|H5N1|USA-KS|McPherson|2025-10-11|wild_avian|D1.1
1098,465,0.192784056344885,-108.776174862814,41.6180675456593,-119.454057485018,39.2321411349955,1.26466518042871,1.07188112408383,2025.58255840941,2025.77534246575,SRR36538296|A/american_green_winged_teal/NV/25G04893-003/2025|H5N1|USA-NV|Lyon|2025-10-11|wild_avian|D1.1
1135,389,0.180952912264086,-89.2267497360574,43.7505731940914,-78.11187466366,43.0329029133487,1.26466518042871,1.08371226816462,2025.59438955349,2025.77534246575,SRR36212325|A/american_green_winged_teal/NY/25G02284-024/2025|H5N1|USA-NY|Genesee|2025-10-11|wild_avian|D1.1
1071,491,0.167267461763428,-91.8979735331226,40.4514614869367,-77.9257937900852,42.9803251701327,1.26466518042871,1.09739771866528,2025.60807500399,2025.77534246575,SRR36203306|A/mallard_duck/NY/25G02284-011/2025|H5N1|USA-NY|Genesee|2025-10-11|wild_avian|D1.1
1029,429,0.163066813096403,-110.410063960583,40.5732768410064,-119.04103505407,39.7037383046099,1.26466518042871,1.10159836733231,2025.61227565266,2025.77534246575,SRR36538389|A/american_blue_winged_teal/NV/25G04892-001/2025|H5N1|USA-NV|Churchill|2025-10-11|wild_avian|D1.1
1140,390,0.160791224904445,-84.2814515581609,43.6344167013706,-79.3465640538865,40.5324534018992,1.26466518042871,1.10387395552426,2025.61455124085,2025.77534246575,SRR36209116|A/Mallard_Duck/PA/25G02313-006-original-repeat2/2025|H5N1|USA-PA|Unknown|2025-10-11|wild_avian|D1.1
1230,295,0.275871815468099,-77.0731912939547,34.7752962747046,-79.9828840906408,34.9897514408488,1.26740490645607,0.991533090987968,2025.50221037631,2025.77808219178,SRR36211960|A/Vulture/NC/25G02114-001-original/2025|H5N1|USA-NC|Unknown|2025-10-12|wild_avian|D1.1
1142,394,0.244745299902663,-111.710779053982,44.0062310397098,-99.799466118758,36.8240839230161,1.27014463248343,1.02539933258076,2025.53607661791,2025.78082191781,SRR36212343|A/Swan/OK/25G02155-001-original/2025|H5N1|USA-OK|Unknown|2025-10-13|wild_avian|D1.1
1151,353,0.200172427288216,-95.6004389115722,37.610147284732,-104.837917721941,40.901393730563,1.27288435851078,1.07271193122257,2025.58338921655,2025.78356164384,SRR36212302|A/canada_goose/CO/25G02439-001/2025|H5N1|USA-CO|Weld|2025-10-14|wild_avian|D1.1
1125,370,0.247737700585573,-95.8844960572598,44.0855797129349,-98.8634566744934,47.0382162713274,1.2783638105655,1.03062610997992,2025.5413033953,2025.78904109589,SRR36212274|A/Pintail_Duck/ND/25G02720-001-original/2025|H5N1|USA-ND|Unknown|2025-10-16|wild_avian|D1.1
1171,359,0.192712021392061,-92.5798242558689,41.9961156017842,-93.2752752819838,43.2134994649655,1.28110353659308,1.08839151520102,2025.59906880053,2025.79178082192,SRR36209083|A/Green-winged_Teal/IA/25G03115-001-original/2025|H5N1|USA-IA|Unknown|2025-10-17|wild_avian|D1.1
1055,433,0.164799067160991,-93.3380163086266,35.637560801586,-94.9525510304382,34.4248411023431,1.28110353659308,1.11630446943209,2025.62698175476,2025.79178082192,SRR36211957|A/Wild_Goose/OK/25G02530-001-original/2025|H5N1|USA-OK|Unknown|2025-10-17|wild_avian|D1.1
1347,650,0.106253290980426,-75.9158596076271,36.036088080289,-79.555240657742,38.9749518853341,1.28110353659308,1.17485024561266,2025.68552753094,2025.79178082192,SRR36211659|A/Black_Vulture/WV/25G03060-003-original/2025|H5N1|USA-WV|Unknown|2025-10-17|wild_avian|D1.1
1140,388,0.179969307096175,-84.2814515581609,43.6344167013706,-83.3508660641331,41.5629282814263,1.28384326262044,1.10387395552426,2025.61455124085,2025.79452054795,SRR36406418|A/northern_shoveler/OH/25G03080-047/2025|H5N1|USA-OH|Ottawa|2025-10-18|wild_avian|D1.1
1042,444,0.200625480814126,-96.0854940677638,41.9992365608317,-97.1182683727436,45.3578484329548,1.2865829886478,1.08595750783367,2025.59663479316,2025.79726027397,SRR36162647|A/Turkey/SD/25G02403-003-original/2025|H5N1|USA-SD|Unknown|2025-10-19|domestic_avian|D1.1
1093,480,0.102137950554407,-116.704397235822,45.261517628131,-117.410570246603,45.3314889157754,1.2865829886478,1.18444503809339,2025.69512232342,2025.79726027397,SRR36212130|A/Ring-necked_Duck/OR/25G02626-019-original/2025|H5N1|USA-OR|Unknown|2025-10-19|wild_avian|D1.1
866,207,0.820019435175565,-85.7529033657657,36.4664623092091,-88.7264001867598,33.4142007740945,1.28932271467515,0.469303279499589,2024.97998056482,2025.8,SRR36211724|A/Black_Vulture/MS/25G02635-003-original/2025|H5N1|USA-MS|Unknown|2025-10-20|wild_avian|D1.1
839,271,0.436250163427196,-103.994014626158,45.9160185618809,-93.3405141302192,33.7007117564411,1.29206244070251,0.855812277275316,2025.3664895626,2025.80273972603,SRR36211667|A/Black_Vulture/AR/25G03056-001-original/2025|H5N1|USA-AR|Unknown|2025-10-21|wild_avian|D1.1
875,198,0.25883580937399,-76.6651348169445,45.0927225993145,-75.2782569110127,39.6421384680681,1.29206244070251,1.03322663132852,2025.54390391665,2025.80273972603,SRR36538387|A/american_crow/NJ/25G04652-002/2025|H5N1|USA-NJ|Salem|2025-10-21|wild_avian|D1.1
1167,364,0.107899020145978,-87.4067793210209,39.7737104745111,-86.0527189760517,39.4993235255046,1.29206244070251,1.18416342055653,2025.69484070588,2025.80273972603,SRR36211652|A/canada_goose/IN/25G02680-001/2025|H5N1|USA-IN|Johnson|2025-10-21|wild_avian|D1.1
1023,506,0.0584284741257008,-76.0039137244604,39.3645180386444,-75.3585072690126,39.6035472234602,1.29206244070251,1.23363396657681,2025.7443112519,2025.80273972603,SRR36538388|A/american_crow/NJ/25G04652-001/2025|H5N1|USA-NJ|Salem|2025-10-21|wild_avian|D1.1
1342,652,0.340043250446044,-80.5444452092262,37.5389183528078,-78.1351799864014,37.8505399878532,1.2948021667301,0.954758916284052,2025.46543620161,2025.80547945205,SRR36211670|A/Black_Vulture/VA/25G03055-006-original/2025|H5N1|USA-VA|Unknown|2025-10-22|wild_avian|D1.1
1043,453,0.250017883511273,-101.442016652654,34.2817693351603,-121.976617075344,49.4686307798671,1.2948021667301,1.04478428321882,2025.55546156854,2025.80547945205,EPI_ISL_20258482|A/Barred_Owl/BC/AIVPHL-3767/2025|H5N1|Canada-BC|Unknown|2025-10-22|wild_avian|D1.1
1094,483,0.221556125654412,-112.667284913702,47.0229975167436,-93.5309995108291,39.7311959986108,1.2948021667301,1.07324604107568,2025.5839233264,2025.80547945205,SRR36209114|A/Red-tailed_Hawk/MO/25G02853-005-original/2025|H5N1|USA-MO|Unknown|2025-10-22|wild_avian|D1.1
1058,440,0.205903716684005,-101.076918341417,41.1243601985634,-111.2938129147,40.7520364485951,1.2948021667301,1.08889845004609,2025.59957573537,2025.80547945205,SRR36203374|A/Canada_Goose/UT/25G03448-005-original/2025|H5N1|USA-UT|Unknown|2025-10-22|wild_avian|D1.1
1146,378,0.187755577967065,-97.6189392798492,41.4210736722892,-93.7760396136745,38.8719894464089,1.2948021667301,1.10704658876303,2025.61772387409,2025.80547945205,SRR36212529|A/Canada_Goose/MO/25G02853-004-original/2025|H5N1|USA-MO|Unknown|2025-10-22|wild_avian|D1.1
1284,536,0.439542370799361,-80.0844856041399,31.912930342244,-83.1316634316373,31.6082252228395,1.29754189275745,0.857999521958093,2025.36867680728,2025.80821917808,SRR36162703|A/chicken/GA/25G02650-001-original/2025|H5N1|USA-GA|Unknown|2025-10-23|domestic_avian|D1.1
1137,391,0.222261571254056,-88.7196731098652,43.5960423930496,-83.1312720034654,41.4745450518966,1.29754189275745,1.0752803215034,2025.58595760683,2025.80821917808,SRR36406301|A/american_wigeon/OH/25G04131-008/2025|H5N1|USA-OH|Ottawa|2025-10-23|wild_avian|D1.1
1042,443,0.211584384923783,-96.0854940677638,41.9992365608317,-104.108506809303,42.2555880128949,1.29754189275745,1.08595750783367,2025.59663479316,2025.80821917808,SRR36212527|A/Canada_Goose/WY/25G02891-001-original/2025|H5N1|USA-WY|Unknown|2025-10-23|wild_avian|D1.1
1018,445,0.492740566319515,-102.831734243058,42.3916993393238,-86.2185462488147,32.8185235616104,1.30850079686688,0.815760230547368,2025.32643751587,2025.81917808219,SRR36203333|A/Canada_Goose/AL/25G03828-001-original/2025|H5N1|USA-AL|Unknown|2025-10-27|wild_avian|D1.1
927,154,0.269457524322477,-81.4249661271329,39.3377421056204,-84.6482721152762,38.627360446755,1.30850079686688,1.03904327254441,2025.54972055787,2025.81917808219,SRR36538272|A/black_vulture/KY/25G04374-002/2025|H5N1|USA-KY|Grant|2025-10-27|wild_avian|D1.1
1054,431,0.223220098465052,-95.1204741224572,35.2539222322748,-87.7141249302978,34.6741953359456,1.30850079686688,1.08528069840183,2025.59595798373,2025.81917808219,SRR36212524|A/Domestic_Goose/AL/25G03044-002-original/2025|H5N1|USA-AL|Unknown|2025-10-27|domestic_avian|D1.1
930,152,0.222177516670918,-85.2767528966896,39.1612234542308,-84.7260289886956,38.738531125074,1.30850079686688,1.08632328019597,2025.59700056552,2025.81917808219,SRR36538273|A/black_vulture/KY/25G04374-001/2025|H5N1|USA-KY|Grant|2025-10-27|wild_avian|D1.1
1227,297,0.433930441565272,-79.010969607171,34.1479745273081,-79.4542459774081,33.4740936997494,1.31124052289447,0.877310081329197,2025.38798736665,2025.82191780822,SRR36209096|A/Black_Vulture/SC/25G03063-001-original/2025|H5N1|USA-SC|Unknown|2025-10-28|wild_avian|D1.1
1087,471,0.104525255252006,-117.027422144232,46.129249847782,-122.618710159732,48.9023602866496,1.31124052289447,1.20671526764246,2025.71739255297,2025.82191780822,SRR36406354|A/cackling_goose/WA/25G03972-002/2025|H5N1|USA-WA|Whatcom|2025-10-28|wild_avian|D1.1
1045,455,0.180440396039863,-114.907681367045,34.8514248596577,-122.042904722971,38.5538590539583,1.31398024892183,1.13353985288196,2025.64421713821,2025.82465753425,SRR36406399|A/american_green_winged_teal/CA/25G03928-006/2025|H5N1|USA-CA|Yolo|2025-10-29|wild_avian|D1.1
1032,428,0.0833286769979269,-96.7079396908053,38.5196735320277,-122.055809668644,38.5712396235978,1.31398024892183,1.2306515719239,2025.74132885725,2025.82465753425,SRR36406410|A/american_wigeon/CA/25G03928-001/2025|H5N1|USA-CA|Yolo|2025-10-29|wild_avian|D1.1
1159,345,0.280881678973947,-92.7194492853673,40.5199863536879,-79.8683561851195,40.4224709877039,1.31671997494918,1.03583829597524,2025.5465155813,2025.82739726027,SRR36209076|A/Black_Swan/PA/25G03182-002-original/2025|H5N1|USA-PA|Unknown|2025-10-30|wild_avian|D1.1
1100,468,0.232926289072476,-112.649344579448,43.5359821364881,-121.267667573617,48.9534925836274,1.31671997494918,1.08379368587671,2025.5944709712,2025.82739726027,SRR36406351|A/cackling_goose/WA/25G03973-001/2025|H5N1|USA-WA|Whatcom|2025-10-30|wild_avian|D1.1
1076,497,0.215568469543304,-95.2987541310063,39.9447025370597,-87.3382766060542,30.7139524781725,1.31671997494918,1.10115150540588,2025.61182879073,2025.82739726027,SRR36209051|A/Muscovy_Duck/FL/25G03354-001-original/2025|H5N1|USA-FL|Unknown|2025-10-30|wild_avian|D1.1
1167,363,0.135296280420006,-87.4067793210209,39.7737104745111,-93.1670047992676,45.2927441541633,1.31945970097654,1.18416342055653,2025.69484070588,2025.8301369863,SRR36406409|A/wood_duck/MN/25G04157-001/2025|H5N1|USA-MN|Anoka|2025-10-31|wild_avian|D1.1
1095,475,0.243297967393607,-112.322451904647,45.5543368330804,-120.862389089808,48.8065839707437,1.3221994270039,1.07890145961029,2025.58957874494,2025.83287671233,SRR36406349|A/red_tailed_hawk/WA/25G03976-001/2025|H5N1|USA-WA|Whatcom|2025-11-01|wild_avian|D1.1
1139,392,0.208921131324387,-90.0723016363604,42.5632806747873,-83.2859885527015,41.5602865004447,1.3221994270039,1.11327829567951,2025.623955581,2025.83287671233,SRR36406415|A/american_green_winged_teal/OH/25G04131-027/2025|H5N1|USA-OH|Ottawa|2025-11-01|wild_avian|D1.1
1158,346,0.239974698341769,-95.8286500172946,40.7319389533072,-88.0883255975628,35.5353492957889,1.32767887905884,1.08770418071707,2025.59838146604,2025.83835616438,SRR36162625|A/Red-breasted_Goose/TN/25G03365-002-original/2025|H5N1|USA-TN|Unknown|2025-11-03|wild_avian|D1.1
1091,476,0.219107908632914,-112.306944607847,48.4684915035182,-127.157267531665,53.9588530153497,1.32767887905884,1.10857097042593,2025.61924825575,2025.83835616438,EPI_ISL_20258508|A/Canada_Goose/BC/AIVPHL-3850/2025|H5N1|Canada-BC|Unknown|2025-11-03|wild_avian|D1.1
1061,434,0.230963584185199,-96.4112051905648,37.4333667086558,-104.488112312416,33.6327784834872,1.3304186050862,1.099455020901,2025.61013230623,2025.84109589041,SRR36203396|A/wild_goose/NM/25G03506-001-original/2025|H5N1|USA-NM|Unknown|2025-11-04|wild_avian|D1.1
1106,451,0.219338355465864,-84.8469315991746,34.4670217966583,-97.4280844183246,46.0771765983152,1.3304186050862,1.11108024962033,2025.62175753495,2025.84109589041,SRR36202277|A/Domestic_Cat/ND/25G03436-001-original/2025|H5N1|USA-ND|Unknown|2025-11-04|feline|D1.1
1079,489,0.113565322318358,-116.533744590847,38.0071074485739,-109.885675798928,40.1059006235678,1.3304186050862,1.21685328276784,2025.72753056809,2025.84109589041,SRR36203296|A/Swan/UT/25G03453-001-original/2025|H5N1|USA-UT|Unknown|2025-11-04|wild_avian|D1.1
882,200,0.291590093138597,-75.9639735958749,44.4141738735924,-75.2181607498663,44.324600268411,1.33589805714091,1.04430796400231,2025.55498524933,2025.84657534247,SRR36406342|A/Striped_skunk/NY/25G03988-001/2025|H5N1|USA-NY|St_Lawrence|2025-11-06|other_mammal|D1.1
881,201,0.261871364599986,-74.5170820682537,44.4591820138699,-71.2275276493775,44.8210230530783,1.33589805714091,1.07402669254093,2025.58470397787,2025.84657534247,SRR36202283|A/chicken/NH/25G03769-001-original/2025|H5N1|USA-NH|Unknown|2025-11-06|domestic_avian|D1.1
1021,505,0.179615450553639,-97.2060917930055,39.3768945442201,-75.5357888755383,39.1232624306503,1.33589805714091,1.15628260658727,2025.66695989191,2025.84657534247,SRR36202234|A/chicken/DE/25G03562-002-original/2025|H5N1|USA-DE|Unknown|2025-11-06|domestic_avian|D1.1
1022,507,0.119954325351781,-70.4800838752123,35.539708463922,-77.9236673062152,34.0768803434473,1.33863778316827,1.21868345781649,2025.72936074314,2025.84931506849,SRR36538326|A/canada_goose/NC/25G04376-001/2025|H5N1|USA-NC|New_Hanover|2025-11-07|wild_avian|D1.1
1026,421,0.378162566998791,-86.5988147912564,40.2446419994082,-87.2989275096465,40.9529789114658,1.34137750919585,0.963214942197063,2025.47389222752,2025.85205479452,SRR36203391|A/wood_duck/IN/25G03805-006/2025|H5N1|USA-IN|Newton|2025-11-08|wild_avian|D1.1
1041,447,0.268404990189002,-100.983064006032,37.081216652406,-94.9492853245911,35.4498736812795,1.34137750919585,1.07297251900685,2025.58364980433,2025.85205479452,SRR36538295|A/american_green_winged_teal/OK/25G04973-021/2025|H5N1|USA-OK|Sequoyah|2025-11-08|wild_avian|D1.1
1144,374,0.237033133746535,-99.4455556900867,43.469436265557,-85.907675563915,40.12463649139,1.34137750919585,1.10434437544932,2025.61502166077,2025.85205479452,SRR36538290|A/bald_eagle/IN/25G04807-001/2025|H5N1|USA-IN|Hamilton|2025-11-08|wild_avian|D1.1
1033,425,0.116906215425427,-95.5493321668197,38.4711603769681,-95.4681252774475,37.6708185678096,1.34137750919585,1.22447129377043,2025.7351485791,2025.85205479452,SRR36538311|A/gadwall/KS/25G04225-031/2025|H5N1|USA-KS|Neosho|2025-11-08|wild_avian|D1.1
1032,427,0.110725937271956,-96.7079396908053,38.5196735320277,-95.419692104218,37.6721437805841,1.34137750919585,1.2306515719239,2025.74132885725,2025.85205479452,SRR36406324|A/gadwall/KS/25G04225-001/2025|H5N1|USA-KS|Neosho|2025-11-08|wild_avian|D1.1
1086,1088,0.263757494731692,-116.052154162947,46.4200330932716,-112.360973623533,42.9287368401151,1.34652139825432,1.08276390352263,2025.59344118885,2025.85719868358,NA
1216,317,0.274177583682304,-74.9277173230288,41.7354573282608,-72.1156874721758,41.7004630472427,1.34685696125057,1.07267937756827,2025.58335666289,2025.85753424658,SRR36203383|A/Black_Vulture/CT/25G03770-001-original/2025|H5N1|USA-CT|Unknown|2025-11-10|wild_avian|D1.1
1094,482,0.273610920174884,-112.667284913702,47.0229975167436,-97.9040709407876,45.4142220690507,1.34685696125057,1.07324604107568,2025.5839233264,2025.85753424658,SRR36538310|A/gadwall/SD/25G04284-006/2025|H5N1|USA-SD|Day|2025-11-10|wild_avian|D1.1
1170,365,0.26027090979946,-92.819514307996,42.6561517851566,-94.8615391383163,45.3479523977323,1.34685696125057,1.08658605145111,2025.59726333678,2025.85753424658,SRR36406411|A/great_horned_owl/MN/25G04156-001/2025|H5N1|USA-MN|Kandiyohi|2025-11-10|wild_avian|D1.1
1071,492,0.249459242585287,-91.8979735331226,40.4514614869367,-81.9571031511418,38.9735342621637,1.34685696125057,1.09739771866528,2025.60807500399,2025.85753424658,SRR36538325|A/canada_goose/WV/25G04377-001/2025|H5N1|USA-WV|Mason|2025-11-10|wild_avian|D1.1
1088,473,0.000335562996247596,-112.360973623533,42.9287368401151,-112.231719319711,42.8371085582154,1.34685696125057,1.34652139825432,2025.85719868358,2025.85753424658,SRR36406343|A/trumpeter_swan/ID/25G03984-001/2025|H5N1|USA-ID|Bannock|2025-11-10|wild_avian|D1.1
918,166,0.538532416140263,-91.378395842181,17.7935914883046,-91.7586997681142,15.1054016480533,1.35233641330528,0.813803997165021,2025.32448128249,2025.86301369863,EPI_ISL_20254739|A/chicken/San_Marcos/FLU-383/2025|H5N1|Guatemala-San_Marcos|Unknown|2025-11-12|domestic_avian|D1.1
1111,417,0.354059902881263,-104.570981105452,41.5778845778946,-93.339959256653,31.1757247972893,1.35233641330528,0.998276510424021,2025.50895379575,2025.86301369863,SRR36538417|A/ross_s_goose/LA/25G04375-002/2025|H5N1|USA-LA|Vernon|2025-11-12|wild_avian|D1.1
1214,311,0.27575216111402,-75.6359683094266,40.3235655867606,-77.1003320358293,39.7944707089773,1.35233641330528,1.07658425219126,2025.58726153752,2025.86301369863,SRR36406338|A/black_vulture/PA/25G03999-001/2025|H5N1|USA-PA|Adams|2025-11-12|wild_avian|D1.1
1072,496,0.263144278442194,-97.5197568595826,40.3100785979619,-102.09978936721,40.7878940631359,1.35233641330528,1.08919213486309,2025.59986942019,2025.86301369863,SRR36406276|A/snow_goose/CO/25G04393-001/2025|H5N1|USA-CO|Sedgwick|2025-11-12|wild_avian|D1.1
1092,479,0.175902207700398,-116.73372755171,49.1124750583979,-119.156786342271,49.007445184572,1.35233641330528,1.17643420560489,2025.68711149093,2025.86301369863,EPI_ISL_20258525|A/American_Crow/BC/AIVPHL-3863/2025|H5N1|Canada-BC|Unknown|2025-11-12|wild_avian|D1.1
1082,486,0.125585108761257,-98.5233716339083,45.7693364595288,-101.842766507379,34.7760870720117,1.35233641330528,1.22675130454403,2025.73742858987,2025.86301369863,SRR36538334|A/wild_goose/TX/25G04762-002/2025|H5N1|USA-TX|Randall|2025-11-12|wild_avian|D1.1
1088,472,0.00581501505096238,-112.360973623533,42.9287368401151,-116.08612075359,43.3441579299514,1.35233641330528,1.34652139825432,2025.85719868358,2025.86301369863,SRR36406329|A/trumpeter_swan/ID/25G04021-001/2025|H5N1|USA-ID|Ada|2025-11-12|wild_avian|D1.1
1034,510,0.406967409187156,-101.758920614534,41.1045479174392,-121.75699600815,42.5670915010022,1.35507613933264,0.948108730145485,2025.45878601547,2025.86575342466,SRR36406291|A/red_tailed_hawk/OR/25G04260-001/2025|H5N1|USA-OR|Klamath|2025-11-13|wild_avian|D1.1
1130,381,0.267909759194737,-89.4387608313057,41.6938284476905,-88.447878851087,45.2911538288072,1.35507613933264,1.0871663801379,2025.59784366546,2025.86575342466,SRR36582225|A/mallard_duck/WI/25G04982-005/2025|H5N1|USA-WI|Oconto|2025-11-13|wild_avian|D1.1
1050,460,0.243288831974501,-106.581012201343,40.8499609383664,-103.375027124796,42.0897336665972,1.35507613933264,1.11178730735814,2025.62246459268,2025.86575342466,SRR36406289|A/canada_goose/NE/25G04294-001/2025|H5N1|USA-NE|Box_Butte|2025-11-13|wild_avian|D1.1
1285,534,0.236343251975639,-83.6304762738279,31.5164869466221,-83.674928515147,32.6504827891872,1.35507613933264,1.118732887357,2025.62941017268,2025.86575342466,SRR36538281|A/black_vulture/GA/25G04368-001/2025|H5N1|USA-GA|Houston|2025-11-13|wild_avian|D1.1
1079,488,0.138222856564802,-116.533744590847,38.0071074485739,-121.337921818038,42.1879064548992,1.35507613933264,1.21685328276784,2025.72753056809,2025.86575342466,SRR36406292|A/red_tailed_hawk/OR/25G04259-001/2025|H5N1|USA-OR|Klamath|2025-11-13|wild_avian|D1.1
1104,452,0.276722307938706,-84.385767480173,33.6417707335766,-93.3657630808427,44.3657282631221,1.35781586536023,1.08109355742152,2025.59177084275,2025.86849315069,SRR36406424|A/trumpeter_swan/MN/25G04483-001/2025|H5N1|USA-MN|Rice|2025-11-14|wild_avian|D1.1
1102,467,0.284157135243952,-107.95767959972,40.1042222602401,-110.439786312323,41.8442508205626,1.36055559138758,1.07639845614363,2025.58707574147,2025.87123287671,SRR36406282|A/trumpeter_swan/WY/25G04344-002/2025|H5N1|USA-WY|Lincoln|2025-11-15|wild_avian|D1.1
1030,424,0.247866831903412,-109.676438048864,41.9159903158604,-110.738452262278,42.5765631767338,1.36055559138758,1.11268875948417,2025.62336604481,2025.87123287671,SRR36406281|A/trumpeter_swan/WY/25G04344-003/2025|H5N1|USA-WY|Lincoln|2025-11-15|wild_avian|D1.1
1027,422,0.389512356251293,-83.7131221967729,39.357213121115,-83.0881550683243,41.5207919356144,1.36329531741494,0.973782961163648,2025.48446024649,2025.87397260274,SRR36538390|A/american_black_duck/OH/25G04930-025/2025|H5N1|USA-OH|Ottawa|2025-11-16|wild_avian|D1.1
1059,437,0.279464620663974,-94.497282928741,37.4223551476478,-89.1384778155022,38.2857689336175,1.36329531741494,1.08383069675097,2025.59450798208,2025.87397260274,SRR36406371|A/canvasback_duck/IL/25G04631-002/2025|H5N1|USA-IL|Jefferson|2025-11-16|wild_avian|D1.1
1105,449,0.306765001083824,-87.2453792114037,35.6068250004965,-89.5269847334279,38.6282863472276,1.3660350434423,1.05927004235847,2025.56994732768,2025.87671232877,SRR36406429|A/mallard_duck/IL/25G04430-008/2025|H5N1|USA-IL|Clinton|2025-11-17|wild_avian|D1.1
1046,457,0.241041565649997,-94.8028169101336,31.9924246277616,-81.9670303969468,26.6433077039608,1.3660350434423,1.1249934777923,2025.63567076312,2025.87671232877,SRR36406277|A/Fish_crow/FL/25G04379-001/2025|H5N1|USA-FL|Lee|2025-11-17|wild_avian|D1.1
1158,347,0.281070588752585,-95.8286500172946,40.7319389533072,-101.764789236914,35.6002092426564,1.36877476946966,1.08770418071707,2025.59838146604,2025.87945205479,SRR36538338|A/wild_goose/TX/25G04760-001/2025|H5N1|USA-TX|Potter|2025-11-18|wild_avian|D1.1
1172,349,0.265795021954157,-105.438738414092,39.7488243426106,-105.453606385956,40.662464792876,1.36877476946966,1.1029797475155,2025.61365703284,2025.87945205479,SRR36538318|A/canada_goose/CO/25G04853-001/2025|H5N1|USA-CO|Larimer|2025-11-18|wild_avian|D1.1
1092,478,0.19234056386477,-116.73372755171,49.1124750583979,-122.043707080548,47.8853146821598,1.36877476946966,1.17643420560489,2025.68711149093,2025.87945205479,SRR36538351|A/trumpeter_swan/WA/25G04846-002/2025|H5N1|USA-WA|Snohomish|2025-11-18|wild_avian|D1.1
708,22,1.00594816879773,-91.4111508849415,41.6773782699518,-80.3040747230492,32.6872400159165,1.3742542215246,0.368306052726872,2024.87898333805,2025.88493150685,SRR36582238|A/Black_vulture/SC/25G05160-001/2025|H5N1|USA-SC|Charleston|2025-11-20|wild_avian|D1.1
839,272,0.518441944249282,-103.994014626158,45.9160185618809,-94.0494347462327,35.9874621283327,1.3742542215246,0.855812277275316,2025.3664895626,2025.88493150685,SRR36538271|A/black_vulture/AR/25G04946-001/2025|H5N1|USA-AR|Washington|2025-11-20|wild_avian|D1.1
1036,430,0.404058066729889,-102.664092815537,39.3884160156043,-122.042388378351,37.8654188813771,1.3742542215246,0.970196154794709,2025.48087344012,2025.88493150685,SRR36538343|A/western_gull/CA/25G04840-001/2025|H5N1|USA-CA|Contra_Costa|2025-11-20|wild_avian|D1.1
1110,415,0.307930105502622,-102.706960413546,39.0236569600906,-97.1971822300428,34.9354133893605,1.3742542215246,1.06632411602198,2025.57700140135,2025.88493150685,SRR36538357|A/snow_goose/OK/25G05185-001/2025|H5N1|USA-OK|Cleveland|2025-11-20|wild_avian|D1.1
1045,454,0.240714368642635,-114.907681367045,34.8514248596577,-121.467669311742,38.6294609129706,1.3742542215246,1.13353985288196,2025.64421713821,2025.88493150685,SRR36538375|A/red_tailed_hawk/CA/25G04838-002/2025|H5N1|USA-CA|Sacramento|2025-11-20|wild_avian|D1.1
1082,485,0.147502916980571,-98.5233716339083,45.7693364595288,-99.6884281871024,45.6654136908344,1.3742542215246,1.22675130454403,2025.73742858987,2025.88493150685,SRR36538363|A/ross_s_goose/SD/25G04635-003/2025|H5N1|USA-SD|McPherson|2025-11-20|wild_avian|D1.1
1074,499,0.249956740634805,-87.2696480332262,43.6164034950779,-92.2893671907443,45.8778951986358,1.37699394755196,1.12703720691715,2025.63771449224,2025.88767123288,SRR36582215|A/ring_necked_duck/WI/25G05226-008/2025|H5N1|USA-WI|Burnet|2025-11-21|wild_avian|D1.1
1112,420,0.37979345015469,-102.624588404221,41.0535485123928,-77.0471123493501,37.1742150799336,1.37973367357931,0.999940223424623,2025.51061750875,2025.8904109589,SRR36582245|A/american_green_winged_teal/VA/25G05021-005/2025|H5N1|USA-VA|Surry|2025-11-22|wild_avian|D1.1
1080,484,0.300260847598292,-111.818176461252,49.121931503765,-76.5349694311176,36.6741741594345,1.37973367357931,1.07947282598102,2025.59015011131,2025.8904109589,SRR36538305|A/greater_scaup/VA/25G04885-001/2025|H5N1|USA-VA|Suffolk|2025-11-22|wild_avian|D1.1
1104,448,0.298640116157792,-84.385767480173,33.6417707335766,-81.3836813711304,31.4633407856545,1.37973367357931,1.08109355742152,2025.59177084275,2025.8904109589,SRR36582243|A/american_green_winged_teal/GA/25G05285-010/2025|H5N1|USA-GA|McIntosh|2025-11-22|wild_avian|D1.1
1070,494,0.279544666394911,-91.8605540764118,40.4132997145662,-81.5652987427918,29.0279151496873,1.37973367357931,1.1001890071844,2025.61086629251,2025.8904109589,SRR36538366|A/ring_necked_duck/FL/25G04963-061/2025|H5N1|USA-FL|Lake|2025-11-22|wild_avian|D1.1
1065,502,0.348003041597768,-101.810939908708,43.5137003229509,-94.336626833736,39.4127693925289,1.38521312563403,1.03721008403626,2025.54788736936,2025.89589041096,SRR36538359|A/snow_goose/MO/25G04856-004/2025|H5N1|USA-MO|Clay|2025-11-24|wild_avian|D1.1
1163,358,0.308292064307916,-86.4362667665403,42.494504493286,-85.8392858533959,43.4173725567808,1.38521312563403,1.07692106132611,2025.58759834665,2025.89589041096,SRR36538286|A/bald_eagle/MI/25G04925-005/2025|H5N1|USA-MI|Newaygo|2025-11-24|wild_avian|D1.1
1139,393,0.271934829954517,-90.0723016363604,42.5632806747873,-84.1473882898047,43.4674767633892,1.38521312563403,1.11327829567951,2025.623955581,2025.89589041096,SRR36538288|A/bald_eagle/MI/25G04925-001/2025|H5N1|USA-MI|Saginaw|2025-11-24|wild_avian|D1.1
1033,426,0.1607418318636,-95.5493321668197,38.4711603769681,-90.4212668882951,38.781769779745,1.38521312563403,1.22447129377043,2025.7351485791,2025.89589041096,SRR36538302|A/mallard_duck/MO/25G04856-003/2025|H5N1|USA-MO|St_Louis|2025-11-24|wild_avian|D1.1
881,202,0.313926159120686,-74.5170820682537,44.4591820138699,-68.6445294064033,45.1806564726758,1.38795285166161,1.07402669254093,2025.58470397787,2025.89863013699,SRR36538185|A/Domestic_goose/ME/25G04880-003/2025|H5N1|USA-ME|Penobscot|2025-11-25|domestic_avian|D1.1
1060,436,0.302990287469095,-94.4956185569222,37.4208448752376,-80.1820663751136,33.8543697280702,1.38795285166161,1.08496256419252,2025.59563984952,2025.89863013699,SRR36582221|A/Mute_swan/SC/25G05056-001/2025|H5N1|USA-SC|Sumter|2025-11-25|wild_avian|D1.1
1072,501,0.298760716798522,-97.5197568595826,40.3100785979619,-68.5224133656001,45.9024039589717,1.38795285166161,1.08919213486309,2025.59986942019,2025.89863013699,SRR36538193|A/Domestic_chicken/ME/25G05080-001/2025|H5N1|USA-ME|Penobscot|2025-11-25|domestic_avian|D1.1
880,195,0.294146661572112,-76.2455972316023,42.4909009493932,-76.8977164003881,42.2694277187171,1.38795285166161,1.0938061900895,2025.60448347541,2025.89863013699,SRR36538317|A/canada_goose/NY/25G04881-001/2025|H5N1|USA-NY|Chemung|2025-11-25|wild_avian|D1.1
1081,487,0.2751254145889,-110.032857613616,47.2600981618976,-104.234273371399,48.1105613479191,1.38795285166161,1.11282743707271,2025.6235047224,2025.89863013699,SRR36582231|A/canada_goose/MT/25G05375-001/2025|H5N1|USA-MT|Roosevelt|2025-11-25|wild_avian|D1.1
1041,504,0.320459784709475,-100.983064006032,37.081216652406,-81.3659611863877,19.341819581008,1.39343230371633,1.07297251900685,2025.58364980433,2025.90410958904,EPI_ISL_20261049|H5N1/chicken/CaymanIslands/25AIV50/2025|H5N1|CaymanIslands|Unknown|2025-11-27|domestic_avian|D1.1
1106,450,0.282352054095993,-84.8469315991746,34.4670217966583,-77.8687887496459,35.3299632403585,1.39343230371633,1.11108024962033,2025.62175753495,2025.90410958904,SRR36538195|A/Domestic_turkey/NC/25G05083-001/2025|H5N1|USA-NC|Wayne|2025-11-27|domestic_avian|D1.1
1020,509,0.309294119725415,-97.568490668522,39.5350844537207,-74.5602950235212,39.9807360350205,1.39617202974368,1.08687791001827,2025.59755519534,2025.90684931507,SRR36582240|A/Bald_eagle/NJ/25G05298-001/2025|H5N1|USA-NJ|Burlington|2025-11-28|wild_avian|D1.1
1023,508,0.165277789194231,-76.0039137244604,39.3645180386444,-85.4240652631061,32.1323318340234,1.39891175577104,1.23363396657681,2025.7443112519,2025.9095890411,SRR36582196|A/Wood_duck/AL/25G05286-007/2025|H5N1|USA-AL|Barbour|2025-11-29|wild_avian|D1.1
1058,439,0.312753031752307,-101.076918341417,41.1243601985634,-97.6653635101749,40.8669475574265,1.4016514817984,1.08889845004609,2025.59957573537,2025.91232876712,SRR36582209|A/snow_goose/NE/25G05292-001/2025|H5N1|USA-NE|York|2025-11-30|wild_avian|D1.1
1128,380,0.408428130595643,-96.155660692652,41.3858586208198,-96.1740774211942,41.0819221477341,1.40439120782598,0.995963077230341,2025.50664036256,2025.91506849315,SRR36582207|A/snow_goose/NE/25G05294-001/2025|H5N1|USA-NE|Sarpy|2025-12-01|wild_avian|D1.1
1068,498,0.314888859077171,-95.6734533499058,39.9344463181783,-101.939093677101,33.6291791881925,1.40439120782598,1.08950234874881,2025.60017963407,2025.91506849315,SRR36582197|A/wild_goose/TX/25G05380-001/2025|H5N1|USA-TX|Lubbock|2025-12-01|wild_avian|D1.1
1070,493,0.304202200641583,-91.8605540764118,40.4132997145662,-98.6217763503449,40.6672632141607,1.40439120782598,1.1001890071844,2025.61086629251,2025.91506849315,SRR36582206|A/snow_goose/NE/25G05295-001/2025|H5N1|USA-NE|Adams|2025-12-01|wild_avian|D1.1
1093,481,0.219946169732594,-116.704397235822,45.261517628131,-111.364977461077,45.1181106669494,1.40439120782598,1.18444503809339,2025.69512232342,2025.91506849315,SRR36582205|A/snow_goose/MT/25G05372-001/2025|H5N1|USA-MT|Gallatin|2025-12-01|wild_avian|D1.1
1096,469,0.364123802567619,-101.526072221311,40.4290871428734,-94.9313457249377,29.226904475301,1.40713093385334,1.04300713128572,2025.55368441661,2025.91780821918,SRR36582198|A/Wild_duck/TX/25G05240-001/2025|H5N1|USA-TX|Galveston|2025-12-02|wild_avian|D1.1
1075,495,0.312493905113854,-93.8541118448761,40.5592942440775,-96.6434123262528,39.2610525709341,1.40713093385334,1.09463702873949,2025.60531431406,2025.91780821918,SRR36582213|A/snow_goose/KS/25G05234-001/2025|H5N1|USA-KS|Riley|2025-12-02|wild_avian|D1.1
1076,490,0.305979428447462,-95.2987541310063,39.9447025370597,-89.2680297733604,43.771124566413,1.40713093385334,1.10115150540588,2025.61182879073,2025.91780821918,SRR36538194|A/peafowl/WI/25G05091-001/2025|H5N1|USA-WI|Marquette|2025-12-02|wild_avian|D1.1
1048,458,0.393472968487796,-101.3029097827,39.6192841159391,-93.3585875947494,42.0060523477325,1.4098706598807,1.0163976913929,2025.52707497672,2025.92054794521,SRR36538358|A/snow_goose/IA/25G05071-001/2025|H5N1|USA-IA|Story|2025-12-03|wild_avian|D1.1
1090,477,0.311116432798344,-113.578515576508,46.8650102441893,-122.824577718464,48.6232830595741,1.41535011193541,1.10423367913707,2025.61491096446,2025.92602739726,SRR36582220|A/Raccoon/WA/25G05425-001/2025|H5N1|USA-WA|San_Juan|2025-12-05|other_mammal|D1.1
