time	distance
2024.48962368542	0
2024.49311082101	0.0275298813030885
2024.49659795661	0.055067291080034
2024.5000850922	0.0826122163480319
2024.50357222779	0.110164644123904
2024.50705936338	0.187755780804584
2024.51054649898	0.296974973603662
2024.51403363457	0.453849979052649
2024.51752077016	0.615978788547157
2024.52100790576	0.79711914413726
2024.52449504135	1.01937023241882
2024.52798217694	1.29844158420738
2024.53146931254	1.74718699036322
2024.53495644813	2.50627023198655
2024.53844358372	3.49698992213602
2024.54193071931	4.78227759465326
2024.54541785491	6.21666113896907
2024.5489049905	8.28564559558723
2024.55239212609	11.4116222193176
2024.55587926169	16.1924062080915
2024.55936639728	22.8804050155079
2024.56285353287	33.147940113123
2024.56634066847	47.6971766959792
2024.56982780406	66.4094421493727
2024.57331493965	91.4236894751732
2024.57680207524	122.705322017866
2024.58028921084	160.977838704835
2024.58377634643	207.081247515961
2024.58726348202	265.105155200003
2024.59075061762	335.596739224413
2024.59423775321	423.256930606649
2024.5977248888	539.367942160191
2024.6012120244	695.023637439729
2024.60469915999	848.689269040604
2024.60818629558	907.990866786924
2024.61167343117	968.664297856461
2024.61516056677	1030.2612522295
2024.61864770236	1089.43899867813
2024.62213483795	1148.80598882684
2024.62562197355	1206.77073708392
2024.62910910914	1263.50519777422
2024.63259624473	1319.69510311711
2024.63608338033	1377.55529893846
2024.63957051592	1433.71184102065
2024.64305765151	1492.20619833833
2024.6465447871	1552.36101583372
2024.6500319227	1612.53455133069
2024.65351905829	1672.90817360088
2024.65700619388	1734.3015851739
2024.66049332948	1796.22314869734
2024.66398046507	1860.32031911577
2024.66746760066	1926.21171008157
2024.67095473626	1991.1426405583
2024.67444187185	2056.89647321965
2024.67792900744	2120.98743982875
2024.68141614303	2185.38181303688
2024.68490327863	2253.62065398152
2024.68839041422	2323.50870362133
2024.69187754981	2396.79140544082
2024.69536468541	2472.50137964493
2024.698851821	2552.41595385479
2024.70233895659	2632.14929184318
2024.70582609219	2713.21372713305
2024.70931322778	2796.83242087225
2024.71280036337	2884.73944624492
2024.71628749896	2976.06209922044
2024.71977463456	3069.84360745682
2024.72326177015	3165.22665509223
2024.72674890574	3265.45446320714
2024.73023604134	3370.47372960354
2024.73372317693	3482.33632084229
2024.73721031252	3596.9171539751
2024.74069744812	3708.2418672513
2024.74418458371	3819.08778308624
2024.7476717193	3931.70740559171
2024.7511588549	4047.93774697023
2024.75464599049	4166.1106887124
2024.75813312608	4289.08784983901
2024.76162026167	4412.40972025429
2024.76510739727	4527.96675984585
2024.76859453286	4646.96847536036
2024.77208166845	4766.10425909461
2024.77556880405	4890.48160121443
2024.77905593964	4951.52314419775
2024.78254307523	5015.68341057731
2024.78603021082	5080.24776580492
2024.78951734642	5147.44181056278
2024.79300448201	5215.81685848959
2024.7964916176	5284.21002215737
2024.7999787532	5344.27635619567
2024.80346588879	5382.94774785377
2024.80695302438	5416.78492889165
2024.81044015998	5447.6990051256
2024.81392729557	5476.71388535877
2024.81741443116	5505.16822298635
2024.82090156675	5530.01575724706
2024.82438870235	5552.03163607755
2024.82787583794	5569.69037820865
2024.83136297353	5583.21370782852
2024.83485010913	5590.60561466177
2024.83833724472	5590.60561466177
