node1,node2,length,startLon,startLat,endLon,endLat,endNodeL,startNodeL,startYear,endYear,tipLabel
146,147,0.034799902043591,-118.021725876466,49.4953704999389,-116.760507763728,49.0689723067289,0.034799902043591,0,2022.253621026,2022.28842092804,NA
147,148,0.0296546708468592,-116.760507763728,49.0689723067289,-124.631463588943,51.0465075317002,0.0644545728904502,0.034799902043591,2022.28842092804,2022.31807559889,NA
148,149,0.00859274870521043,-124.631463588943,51.0465075317002,-123.790686469983,50.803972309596,0.0730473215956606,0.0644545728904502,2022.31807559889,2022.32666834759,NA
149,258,0.0065062295967464,-123.790686469983,50.803972309596,-124.732931563369,50.4361154915881,0.079553551192407,0.0730473215956606,2022.32666834759,2022.33317457719,NA
148,269,0.0207432469216231,-124.631463588943,51.0465075317002,-121.176380817481,48.537035210477,0.0851978198120733,0.0644545728904502,2022.31807559889,2022.33881884581,NA
269,270,0.0785718934654578,-121.176380817481,48.537035210477,-122.199525042285,48.633693811709,0.163769713277531,0.0851978198120733,2022.33881884581,2022.41739073927,NA
270,283,0.00418281067563564,-122.199525042285,48.633693811709,-123.065966436741,48.2036622221783,0.167952523953167,0.163769713277531,2022.41739073927,2022.42157354995,NA
149,150,0.097255263059024,-123.790686469983,50.803972309596,-123.835165552681,50.9398930348813,0.170302584654685,0.0730473215956606,2022.32666834759,2022.42392361065,NA
258,261,0.0922884418058532,-124.732931563369,50.4361154915881,-118.973427620011,46.3131114610047,0.17184199299826,0.079553551192407,2022.33317457719,2022.42546301899,NA
270,271,0.0373617097839625,-122.199525042285,48.633693811709,-121.341587126468,48.5840770928901,0.201131423061494,0.163769713277531,2022.41739073927,2022.45475244906,NA
261,262,0.0409385615867834,-118.973427620011,46.3131114610047,-116.915799049642,43.930418860937,0.212780554585044,0.17184199299826,2022.42546301899,2022.46640158058,NA
269,285,0.138431240149171,-121.176380817481,48.537035210477,-118.046089702169,45.9361046840077,0.223629059961244,0.0851978198120733,2022.33881884581,2022.47725008596,NA
147,287,0.195293165746508,-116.760507763728,49.0689723067289,-119.337932498327,52.3047620799775,0.230093067790099,0.034799902043591,2022.28842092804,2022.48371409379,NA
271,272,0.0340551316604891,-121.341587126468,48.5840770928901,-121.037998920423,49.035065703444,0.235186554721983,0.201131423061494,2022.45475244906,2022.48880758072,NA
150,220,0.0754042717093082,-123.835165552681,50.9398930348813,-139.115520622708,61.1907438174665,0.245706856363993,0.170302584654685,2022.42392361065,2022.49932788236,NA
283,284,0.0781488534777242,-123.065966436741,48.2036622221783,-116.942636938869,45.4588093355639,0.246101377430891,0.167952523953167,2022.42157354995,2022.49972240343,NA
262,263,0.0388893978818912,-116.915799049642,43.930418860937,-116.661531778346,42.9889040008384,0.251669952466935,0.212780554585044,2022.46640158058,2022.50529097846,NA
287,289,0.0301101720040307,-119.337932498327,52.3047620799775,-114.15774670959,50.7151073694015,0.260203239794129,0.230093067790099,2022.48371409379,2022.51382426579,NA
285,286,0.0376812383961416,-118.046089702169,45.9361046840077,-117.360107257658,44.9620334412931,0.261310298357386,0.223629059961244,2022.47725008596,2022.51493132435,NA
263,264,0.0114592845237667,-116.661531778346,42.9889040008384,-116.703566648171,42.6792896882417,0.263129236990701,0.251669952466935,2022.50529097846,2022.51675026299,NA
258,259,0.357760813745093,-124.732931563369,50.4361154915881,-113.13692572358,55.16812316654,0.4373143649375,0.079553551192407,2022.33317457719,2022.69093539093,NA
262,267,0.280231506224787,-116.915799049642,43.930418860937,-106.445151248087,41.7072432232563,0.493012060809831,0.212780554585044,2022.46640158058,2022.74663308681,NA
284,13,0.270140610271038,-116.942636938869,45.4588093355639,-105.488516168906,38.5429715573095,0.516241987701929,0.246101377430891,2022.49972240343,2022.7698630137,EPI_ISL_19606610|A/bald_eagle/Colorado/22-033430-001/2022|H5N1|USA-CO|2022-10-09|avian|A3
272,26,0.327630775445704,-121.037998920423,49.035065703444,-121.624034523861,61.1331175340945,0.562817330167687,0.235186554721983,2022.48880758072,2022.81643835616,EPI_ISL_19775488|A/Common_Raven/NT/FAV-0275-16/2023|H5N1|Canada-NT|2022-10-26|avian|A3
264,265,0.330967002498279,-116.703566648171,42.6792896882417,-116.44126391548,42.6230735417401,0.594096239488981,0.263129236990701,2022.51675026299,2022.84771726549,NA
261,1,0.443030131690127,-118.973427620011,46.3131114610047,-119.292377869051,51.6514365062773,0.614872124688387,0.17184199299826,2022.42546301899,2022.86849315069,EPI_ISL_19154711|A/Wood_Duck/BC/FAV-0053-7/2022|H5N1|Canada-BC|2022-11-14|avian|A3
286,12,0.353561826331001,-117.360107257658,44.9620334412931,-110.28502910976,49.9733566893398,0.614872124688387,0.261310298357386,2022.51493132435,2022.86849315069,EPI_ISL_19154703|A/Black-billed_Magpie/AB/FAV-1655-1/2022|H5N1|Canada-AB|2022-11-14|avian|A3
286,27,0.356301552358358,-117.360107257658,44.9620334412931,-121.208298185278,47.4077437436863,0.617611850715744,0.261310298357386,2022.51493132435,2022.87123287671,EPI_ISL_19606640|A/american_crow/Washington/22-037636-003/2022|H5N1|USA-WA|2022-11-15|avian|A3
283,10,0.45787850484465,-123.065966436741,48.2036622221783,-117.124643179727,45.8496390498027,0.625831028797816,0.167952523953167,2022.42157354995,2022.87945205479,EPI_ISL_19605592|A/red_tailed_hawk/Oregon/22-038528-001/2022|H5N1|USA-OR|2022-11-18|avian|A3
272,25,0.398863652158133,-121.037998920423,49.035065703444,-127.197151999218,53.2809772403668,0.634050206880116,0.235186554721983,2022.48880758072,2022.88767123288,EPI_ISL_19775512|A/Snow_Goose/BC/FAV-0014-48/2023|H5N1|Canada-BC|2022-11-21|avian|A3
259,260,0.207553595648846,-113.13692572358,55.16812316654,-109.598758486236,50.0960058652875,0.644867960586346,0.4373143649375,2022.69093539093,2022.89848898658,NA
263,266,0.393601565176067,-116.661531778346,42.9889040008384,-131.433847009799,58.9732121548024,0.645271517643002,0.251669952466935,2022.50529097846,2022.89889254364,NA
266,5,0.00247731937412832,-131.433847009799,58.9732121548024,-130.951787591246,58.641171437366,0.64774883701713,0.645271517643002,2022.89889254364,2022.90136986301,EPI_ISL_19154868|A/Red-tailed_Hawk/BC/FAV-0053-38/2022|H5N1|Canada-BC|2022-11-26|avian|A3
284,145,0.407126911640954,-116.942636938869,45.4588093355639,-107.579769535089,40.8297747571311,0.653228289071845,0.246101377430891,2022.49972240343,2022.90684931507,EPI_ISL_19606609|A/bald_eagle/Colorado/22-038658-001/2022|H5N1|USA-CO|2022-11-28|avian|A3
289,33,0.412203131469445,-114.15774670959,50.7151073694015,-106.095613103102,43.2006242797445,0.672406371263574,0.260203239794129,2022.51382426579,2022.92602739726,EPI_ISL_19607276|A/great_horned_owl/Wyoming/22-039756-001-3/2022|H5N1|USA-WY|2022-12-05|avian|A3
285,11,0.465215667466702,-118.046089702169,45.9361046840077,-117.809236036768,45.3291031295563,0.688844727427946,0.223629059961244,2022.47725008596,2022.94246575342,EPI_ISL_19604092|A/mallard/Oregon/22-041048-001/2022|H5N1|USA-OR|2022-12-11|avian|A3
267,268,0.204014718032872,-106.445151248087,41.7072432232563,-106.540752551632,43.2320309096578,0.697026778842702,0.493012060809831,2022.74663308681,2022.95064780484,NA
289,32,0.450559295853131,-114.15774670959,50.7151073694015,-114.947202248996,49.9207701625728,0.71076253564726,0.260203239794129,2022.51382426579,2022.96438356164,EPI_ISL_18665546|A/Great_Horned_Owl/BC/AIVPHL-853/2022|H5N1|Canada-BC|2022-12-19|avian|A3
267,30,0.258846365248245,-106.445151248087,41.7072432232563,-106.273809771979,43.6254588981863,0.751858426058075,0.493012060809831,2022.74663308681,2023.00547945205,EPI_ISL_19605588|A/red_tailed_hawk/Wyoming/23-000979-001/2023|H5N1|USA-WY|2023-01-03|avian|A3
265,3,0.176940268761051,-116.44126391548,42.6230735417401,-118.675939700488,42.7147106754585,0.771036508250032,0.594096239488981,2022.84771726549,2023.02465753425,EPI_ISL_19605595|A/red_tailed_hawk/Oregon/23-002977-001/2023|H5N1|USA-OR|2023-01-10|avian|A3
268,29,0.0767494554346868,-106.540752551632,43.2320309096578,-104.750964771295,44.6216820154377,0.773776234277389,0.697026778842702,2022.95064780484,2023.02739726027,EPI_ISL_19605578|A/red_tailed_hawk/Wyoming/23-002118-001/2023|H5N1|USA-WY|2023-01-11|avian|A3
220,221,0.529242041182549,-139.115520622708,61.1907438174665,-143.616321472608,63.3997100629052,0.774948897546542,0.245706856363993,2022.49932788236,2023.02856992354,NA
221,222,0.00432685072479133,-143.616321472608,63.3997100629052,-144.455248607237,63.7366147302023,0.779275748271333,0.774948897546542,2023.02856992354,2023.03289677427,NA
271,273,0.580222179271701,-121.341587126468,48.5840770928901,-111.600664716281,33.9675686829281,0.781353602333195,0.201131423061494,2022.45475244906,2023.03497462833,NA
259,7,0.344681047421961,-113.13692572358,55.16812316654,-102.139943447934,49.3047652325796,0.781995412359461,0.4373143649375,2022.69093539093,2023.03561643836,EPI_ISL_19775550|A/Common_Goldeneye/SK/FAV-0275-22/2023|H5N1|Canada-SK|2023-01-14|avian|A3
222,223,0.00761264465558264,-144.455248607237,63.7366147302023,-144.478047887867,63.6713285760633,0.786888392926916,0.779275748271333,2023.03289677427,2023.04050941892,NA
266,6,0.142203346771402,-131.433847009799,58.9732121548024,-130.589300283793,59.2761443023007,0.787474864414404,0.645271517643002,2022.89889254364,2023.04109589041,EPI_ISL_17051482|A/canada_goose/BC/AIVPHL-371/2023|H5N1|Canada-BC|2023-01-16|avian|A3
260,8,0.156305533965072,-109.598758486236,50.0960058652875,-109.617478543425,50.1107467743078,0.801173494551418,0.644867960586346,2022.89848898658,2023.05479452055,EPI_ISL_19775554|A/Common_Goldeneye/SK/FAV-0275-24/2023|H5N1|Canada-SK|2023-01-21|avian|A3
260,9,0.167264438074501,-109.598758486236,50.0960058652875,-109.630483197084,50.0901007988017,0.812132398660848,0.644867960586346,2022.89848898658,2023.06575342466,EPI_ISL_19775556|A/Common_Goldeneye/SK/FAV-0275-27/2023|H5N1|Canada-SK|2023-01-25|avian|A3
273,274,0.0415017360063892,-111.600664716281,33.9675686829281,-111.395813353833,33.6532667164536,0.822855338339584,0.781353602333195,2023.03497462833,2023.07647636434,NA
146,31,0.825831028797862,-118.021725876466,49.4953704999389,-115.612995127497,48.2198554645515,0.825831028797862,0,2022.253621026,2023.07945205479,EPI_ISL_19604243|A/raven/Montana/23-003666-004/2023|H5N1|USA-MT|2023-01-30|avian|A3
268,28,0.156201510229188,-106.540752551632,43.2320309096578,-105.626483586359,43.6834263574519,0.85322828907189,0.697026778842702,2022.95064780484,2023.10684931507,EPI_ISL_17964855|A/red-tailed_hawk/Wyoming/23-005384-001/2023|H5N1|USA-WY|2023-02-09|avian|A3
274,275,0.0598056911666742,-111.395813353833,33.6532667164536,-108.93848893897,33.4251066633483,0.882661029506258,0.822855338339584,2023.07647636434,2023.1362820555,NA
287,288,0.72123982670863,-119.337932498327,52.3047620799775,-114.027284985191,50.6096999627568,0.951332894498728,0.230093067790099,2022.48371409379,2023.2049539205,NA
265,2,0.368721090678797,-116.44126391548,42.6230735417401,-114.575439624565,32.9460656820072,0.962817330167778,0.594096239488981,2022.84771726549,2023.21643835616,EPI_ISL_17964921|A/glaucous_gull/California/23-010132-001/2023|H5N1|USA-CA|2023-03-21|avian|A3
274,278,0.144497219385038,-111.395813353833,33.6532667164536,-113.05718955265,35.3932159241217,0.967352557724622,0.822855338339584,2023.07647636434,2023.22097358372,NA
278,279,0.004480527106143,-113.05718955265,35.3932159241217,-111.136694682505,34.8836168160876,0.971833084830765,0.967352557724622,2023.22097358372,2023.22545411083,NA
273,281,0.195846748510947,-111.600664716281,33.9675686829281,-111.223709714031,34.829306558745,0.977200350844142,0.781353602333195,2023.03497462833,2023.23082137684,NA
275,276,0.0983509423498132,-108.93848893897,33.4251066633483,-110.230816122082,33.2037691525428,0.981011971856071,0.882661029506258,2023.1362820555,2023.23463299785,NA
281,282,0.00752324634302526,-111.223709714031,34.829306558745,-110.817004167035,34.7445852011186,0.984723597187167,0.977200350844142,2023.23082137684,2023.23834462318,NA
275,277,0.102904242472871,-108.93848893897,33.4251066633483,-113.356672723045,34.5782902198132,0.98556527197913,0.882661029506258,2023.1362820555,2023.23918629798,NA
278,24,0.0201223066896001,-113.05718955265,35.3932159241217,-112.722457564467,35.5394398829216,0.987474864414222,0.967352557724622,2023.22097358372,2023.24109589041,EPI_ISL_19608615|A/california_condor/Arizona/23-010675-002/2023|H5N1|USA-AZ|2023-03-30|avian|A3
279,23,0.0156417795834571,-111.136694682505,34.8836168160876,-113.571258585794,35.270946071553,0.987474864414222,0.971833084830765,2023.22545411083,2023.24109589041,EPI_ISL_19608614|A/california_condor/Arizona/23-010675-001/2023|H5N1|USA-AZ|2023-03-30|avian|A3
282,18,0.00275126722705465,-110.817004167035,34.7445852011186,-111.589719068346,35.0039980129442,0.987474864414222,0.984723597187167,2023.23834462318,2023.24109589041,EPI_ISL_19606427|A/california_condor/Arizona/23-010558-001/2023|H5N1|USA-AZ|2023-03-30|avian|A3
276,15,0.0201615226951648,-110.230816122082,33.2037691525428,-111.199750580062,33.0358625573188,1.00117349455124,0.981011971856071,2023.23463299785,2023.25479452055,EPI_ISL_19608616|A/california_condor/Arizona/23-010946-001/2023|H5N1|USA-AZ|2023-04-04|avian|A3
279,280,0.0312282061175349,-111.136694682505,34.8836168160876,-110.768873457436,34.546554168966,1.0030612909483,0.971833084830765,2023.22545411083,2023.25668231694,NA
281,17,0.0294525957620364,-111.223709714031,34.829306558745,-110.57728395993,34.5633486760446,1.00665294660618,0.977200350844142,2023.23082137684,2023.2602739726,EPI_ISL_19608613|A/california_condor/Arizona/23-011580-001/2023|H5N1|USA-AZ|2023-04-06|avian|A3
276,14,0.025640974750107,-110.230816122082,33.2037691525428,-112.73423513806,34.7701393128547,1.00665294660618,0.981011971856071,2023.23463299785,2023.2602739726,EPI_ISL_19608612|A/california_condor/Arizona/23-011580-002/2023|H5N1|USA-AZ|2023-04-06|avian|A3
282,16,0.0383677055833829,-110.817004167035,34.7445852011186,-111.064208320219,34.4962050736294,1.02309130277055,0.984723597187167,2023.23834462318,2023.27671232877,EPI_ISL_19608610|A/california_condor/Arizona/23-011582-002/2023|H5N1|USA-AZ|2023-04-12|avian|A3
277,20,0.0375260307914205,-113.356672723045,34.5782902198132,-110.381251688518,36.4057666179207,1.02309130277055,0.98556527197913,2023.23918629798,2023.27671232877,EPI_ISL_19608611|A/california_condor/Arizona/23-011582-001/2023|H5N1|USA-AZ|2023-04-12|avian|A3
222,224,0.245745678465973,-144.455248607237,63.7366147302023,-145.097984290839,64.4194365041654,1.02502142673731,0.779275748271333,2023.03289677427,2023.27864245273,NA
277,19,0.0539643869557922,-113.356672723045,34.5782902198132,-113.330185261957,34.5523691084646,1.03952965893492,0.98556527197913,2023.23918629798,2023.29315068493,EPI_ISL_19608607|A/california_condor/Arizona/23-012519-002/2023|H5N1|USA-AZ|2023-04-18|avian|A3
280,22,0.0364683679866222,-110.768873457436,34.546554168966,-113.001722637013,35.8977037864747,1.03952965893492,1.0030612909483,2023.25668231694,2023.29315068493,EPI_ISL_19608609|A/california_condor/Arizona/23-012522-002/2023|H5N1|USA-AZ|2023-04-18|avian|A3
280,21,0.0364683679866222,-110.768873457436,34.546554168966,-110.598533123607,34.4753862092665,1.03952965893492,1.0030612909483,2023.25668231694,2023.29315068493,EPI_ISL_19608608|A/california_condor/Arizona/23-012521-001/2023|H5N1|USA-AZ|2023-04-18|avian|A3
288,35,0.093676216490908,-114.027284985191,50.6096999627568,-113.806186841929,50.5411667300323,1.04500911098964,0.951332894498728,2023.2049539205,2023.29863013699,EPI_ISL_19775615|A/Chicken/AB/FAV-0190-1/2023|H5N1|Canada-AB|2023-04-20|avian|A3
288,34,0.093676216490908,-114.027284985191,50.6096999627568,-113.845554920591,50.4551790098892,1.04500911098964,0.951332894498728,2023.2049539205,2023.29863013699,EPI_ISL_19775616|A/Chicken/AB/FAV-0190-2/2023|H5N1|Canada-AB|2023-04-20|avian|A3
150,151,0.880198599036881,-123.835165552681,50.9398930348813,-124.342334470156,52.6865584029694,1.05050118369157,0.170302584654685,2022.42392361065,2023.30412220969,NA
151,152,0.00529522763783818,-124.342334470156,52.6865584029694,-125.374112547421,53.4363678939967,1.0557964113294,1.05050118369157,2023.30412220969,2023.30941743733,NA
224,225,0.0345807910402494,-145.097984290839,64.4194365041654,-142.931175663983,65.1362714824445,1.05960221777756,1.02502142673731,2023.27864245273,2023.31322324377,NA
151,159,0.0223482042158631,-124.342334470156,52.6865584029694,-124.283898343447,52.5865110060768,1.07284938790743,1.05050118369157,2023.30412220969,2023.3264704139,NA
159,160,0.0134251248105623,-124.283898343447,52.5865110060768,-125.313003794663,52.488947730618,1.08627451271799,1.07284938790743,2023.3264704139,2023.33989553871,NA
225,227,0.0356276368824666,-142.931175663983,65.1362714824445,-144.67737030846,67.2553952649104,1.09522985466002,1.05960221777756,2023.31322324377,2023.34885088066,NA
160,161,0.0156662101402218,-125.313003794663,52.488947730618,-124.277024041725,51.9031669896282,1.10194072285821,1.08627451271799,2023.33989553871,2023.35556174885,NA
160,167,0.024926612755964,-125.313003794663,52.488947730618,-125.374864503614,52.5542716425538,1.11120112547395,1.08627451271799,2023.33989553871,2023.36482215147,NA
167,168,0.0112596762194295,-125.374864503614,52.5542716425538,-125.636012923764,52.4038274015368,1.12246080169338,1.11120112547395,2023.36482215147,2023.37608182769,NA
152,153,0.0689705834780054,-125.374112547421,53.4363678939967,-127.033934801967,53.8121475458562,1.12476699480741,1.0557964113294,2023.30941743733,2023.3783880208,NA
168,173,0.00292461808916844,-125.636012923764,52.4038274015368,-125.657515269524,52.2933465049777,1.12538541978255,1.12246080169338,2023.37608182769,2023.37900644578,NA
173,174,0.00475740506363298,-125.657515269524,52.2933465049777,-126.085354660251,53.0597042708118,1.13014282484619,1.12538541978255,2023.37900644578,2023.38376385084,NA
168,169,0.0229933539457334,-125.636012923764,52.4038274015368,-127.269625541831,53.6182416445892,1.14545415563912,1.12246080169338,2023.37608182769,2023.39907518164,NA
167,192,0.0431584689418412,-125.374864503614,52.5542716425538,-121.915913715013,53.0835054918659,1.1543595944158,1.11120112547395,2023.36482215147,2023.40798062041,NA
225,226,0.0948990057709702,-142.931175663983,65.1362714824445,-143.814596363318,65.1355842799113,1.15450122354853,1.05960221777756,2023.31322324377,2023.40812224955,NA
174,175,0.0293133621678217,-126.085354660251,53.0597042708118,-127.261230978332,53.5926281537807,1.15945618701401,1.13014282484619,2023.38376385084,2023.41307721301,NA
159,207,0.104799670239956,-124.283898343447,52.5865110060768,-124.029101220228,49.8644637391621,1.17764905814738,1.07284938790743,2023.3264704139,2023.43127008414,NA
175,177,0.025832999450031,-127.261230978332,53.5926281537807,-128.48098432763,53.4968166047814,1.18528918646404,1.15945618701401,2023.41307721301,2023.43891021246,NA
161,162,0.0859055260755788,-124.277024041725,51.9031669896282,-123.961887277902,51.6356114983295,1.18784624893379,1.10194072285821,2023.35556174885,2023.44146727493,NA
174,181,0.0682324905127067,-126.085354660251,53.0597042708118,-124.593477026931,50.9946157904255,1.19837531535889,1.13014282484619,2023.38376385084,2023.45199634136,NA
153,154,0.0885665847259542,-127.033934801967,53.8121475458562,-128.345534741032,53.8877900903213,1.21333357953336,1.12476699480741,2023.3783880208,2023.46695460553,NA
207,212,0.0411737296316646,-124.029101220228,49.8644637391621,-125.002566907766,50.8665428575038,1.21882278777905,1.17764905814738,2023.43127008414,2023.47244381378,NA
212,213,0.0019284532499062,-125.002566907766,50.8665428575038,-124.642775446921,50.3997088906482,1.22075124102896,1.21882278777905,2023.47244381378,2023.47437226703,NA
192,196,0.0734749972093818,-121.915913715013,53.0835054918659,-121.714518597916,52.4798055391182,1.22783459162518,1.1543595944158,2023.40798062041,2023.48145561762,NA
196,200,0.000213761511545618,-121.714518597916,52.4798055391182,-121.725150737393,52.5461747050619,1.22804835313672,1.22783459162518,2023.48145561762,2023.48166937913,NA
196,197,0.00616710006032362,-121.714518597916,52.4798055391182,-121.691000523807,52.4863857975325,1.2340016916855,1.22783459162518,2023.48145561762,2023.48762271768,NA
213,214,0.0206584219413506,-124.642775446921,50.3997088906482,-124.023278056683,51.3199136082198,1.24140966297031,1.22075124102896,2023.47437226703,2023.49503068897,NA
181,182,0.0491674537016309,-124.593477026931,50.9946157904255,-124.15257362554,51.6408217557938,1.24754276906052,1.19837531535889,2023.45199634136,2023.50116379506,NA
182,183,0.022086244683672,-124.15257362554,51.6408217557938,-126.283984847571,52.1680075318817,1.2696290137442,1.24754276906052,2023.50116379506,2023.52325003974,NA
200,201,0.0437625113599041,-121.725150737393,52.5461747050619,-121.89600674828,52.6894948712996,1.27181086449663,1.22804835313672,2023.48166937913,2023.52543189049,NA
169,170,0.134968878227449,-127.269625541831,53.6182416445892,-126.859231950099,54.3379180699877,1.28042303386657,1.14545415563912,2023.39907518164,2023.53404405986,NA
221,36,0.516635555908898,-143.616321472608,63.3997100629052,-94.2568872109815,46.9802360017722,1.29158445345544,0.774948897546542,2023.02856992354,2023.54520547945,EPI_ISL_19186462|A/short-tailed_shearwaters/Minnesota/23-025002-003/2023|H5N1|USA-MN|2023-07-19|avian|A3
213,216,0.0774655144007899,-124.642775446921,50.3997088906482,-127.148063732316,51.9138148229709,1.29821675542975,1.22075124102896,2023.47437226703,2023.55183778143,NA
169,171,0.15388154110124,-127.269625541831,53.6182416445892,-128.599160545673,59.220719734739,1.29933569674036,1.14545415563912,2023.39907518164,2023.55295672274,NA
223,37,0.512915238610596,-144.478047887867,63.6713285760633,-145.661178213679,63.9548472003348,1.29980363153751,0.786888392926916,2023.04050941892,2023.55342465753,EPI_ISL_19186486|A/glaucous_gull/Alaska/23-025003-001/2023|H5N1|USA-AK|2023-07-22|avian|A3
264,4,1.04215384660175,-116.703566648171,42.6792896882417,-133.464626312151,59.2240968211186,1.30528308359245,0.263129236990701,2022.51675026299,2023.55890410959,EPI_ISL_18665607|A/Red_Tailed_Hawk/BC/AIVPHL-1236/2023|H5N1|Canada-BC|2023-07-24|avian|A3
183,185,0.043191325796643,-126.283984847571,52.1680075318817,-128.048412009596,52.7151390944586,1.31282033954084,1.2696290137442,2023.52325003974,2023.56644136554,NA
161,165,0.212485922623768,-124.277024041725,51.9031669896282,-124.565976223585,52.0390239870216,1.31442664548198,1.10194072285821,2023.35556174885,2023.56804767148,NA
227,39,0.231971037151518,-144.67737030846,67.2553952649104,-142.9791046257,65.526344398295,1.32720089181154,1.09522985466002,2023.34885088066,2023.58082191781,EPI_ISL_19186499|A/common_murre/Alaska/23-027066-002/2023|H5N1|USA-AK|2023-08-01|avian|A3
227,40,0.231971037151518,-144.67737030846,67.2553952649104,-143.965739184148,67.1362503309058,1.32720089181154,1.09522985466002,2023.34885088066,2023.58082191781,EPI_ISL_19186564|A/common_murre/Alaska/23-027066-013/2023|H5N1|USA-AK|2023-08-01|avian|A3
226,38,0.172699668263015,-143.814596363318,65.1355842799113,-146.658812519482,63.673281610388,1.32720089181154,1.15450122354853,2023.40812224955,2023.58082191781,EPI_ISL_19186532|A/common_murre/Alaska/23-027066-011/2023|H5N1|USA-AK|2023-08-01|avian|A3
226,41,0.172699668263015,-143.814596363318,65.1355842799113,-146.799432043837,64.5241053714987,1.32720089181154,1.15450122354853,2023.40812224955,2023.58082191781,EPI_ISL_19186531|A/common_murre/Alaska/23-027066-010/2023|H5N1|USA-AK|2023-08-01|avian|A3
192,193,0.206956612884719,-121.915913715013,53.0835054918659,-123.680272059404,54.487493265857,1.36131620730052,1.1543595944158,2023.40798062041,2023.6149372333,NA
200,205,0.137328541858182,-121.725150737393,52.5461747050619,-119.397303392727,50.6906574140947,1.36537689499491,1.22804835313672,2023.48166937913,2023.61899792099,NA
154,155,0.166913634760818,-128.345534741032,53.8877900903213,-119.891838915152,44.8820260283021,1.38024721429418,1.21333357953336,2023.46695460553,2023.63386824029,NA
201,202,0.110157336899156,-121.89600674828,52.6894948712996,-115.323657533713,48.3885804432509,1.38196820139578,1.27181086449663,2023.52543189049,2023.63558922739,NA
214,215,0.15451461112058,-124.023278056683,51.3199136082198,-123.843374401506,51.1178842405869,1.39592427409089,1.24140966297031,2023.49503068897,2023.64954530009,NA
173,190,0.27407886343399,-125.657515269524,52.2933465049777,-145.903527629279,64.0772709275261,1.39946428321654,1.12538541978255,2023.37900644578,2023.65308530921,NA
212,218,0.195631617487045,-125.002566907766,50.8665428575038,-117.971746534199,50.5313518702729,1.41445440526609,1.21882278777905,2023.47244381378,2023.66807543126,NA
197,198,0.208311033823467,-121.691000523807,52.4863857975325,-122.191025959901,49.1906942932514,1.44231272550897,1.2340016916855,2023.48762271768,2023.69593375151,NA
207,208,0.282229652067776,-124.029101220228,49.8644637391621,-119.753034092666,47.2906289320287,1.45987871021516,1.17764905814738,2023.43127008414,2023.71349973621,NA
224,42,0.436426040416793,-145.097984290839,64.4194365041654,-144.968038090549,64.6079049450637,1.4614474671541,1.02502142673731,2023.27864245273,2023.71506849315,EPI_ISL_19606474|A/black_legged_kittiwake/Alaska/23-029675-001/2023|H5N1|USA-AK|2023-09-19|avian|A3
223,43,0.707435786555927,-144.478047887867,63.6713285760633,-147.666100832894,66.6983402711989,1.49432417948284,0.786888392926916,2023.04050941892,2023.74794520548,EPI_ISL_18976667|A/polar_bear/Alaska/23-038123/2023|H5N1|USA-AK|2023-10-01|other_mammal|A3
177,178,0.311331645626794,-128.48098432763,53.4968166047814,-118.452224112719,34.8570483118501,1.49662083209083,1.18528918646404,2023.43891021246,2023.75024185809,NA
155,156,0.129711195836465,-119.891838915152,44.8820260283021,-119.314337840474,53.405378998092,1.50995841013065,1.38024721429418,2023.63386824029,2023.76357943613,NA
178,179,0.0151505744528984,-118.452224112719,34.8570483118501,-115.92010280618,34.6290212381511,1.51177140654373,1.49662083209083,2023.75024185809,2023.76539243254,NA
190,191,0.117767127916171,-145.903527629279,64.0772709275261,-144.72128004208,63.9589104718524,1.51723141113271,1.39946428321654,2023.65308530921,2023.77085243713,NA
171,172,0.223259461053491,-128.599160545673,59.220719734739,-126.107510266276,58.1468749404486,1.52259515779385,1.29933569674036,2023.55295672274,2023.77621618379,NA
218,219,0.112183160737039,-117.971746534199,50.5313518702729,-115.992750186266,46.2164854425909,1.52663756600313,1.41445440526609,2023.66807543126,2023.780258592,NA
208,209,0.0683848474313276,-119.753034092666,47.2906289320287,-125.4617857768,52.5795067350015,1.52826355764649,1.45987871021516,2023.71349973621,2023.78188458364,NA
165,166,0.215181031198933,-124.565976223585,52.0390239870216,-125.859693429879,53.5378466587849,1.52960767668091,1.31442664548198,2023.56804767148,2023.78322870268,NA
205,206,0.165000210873957,-119.397303392727,50.6906574140947,-119.308038413341,50.5441315577666,1.53037710586886,1.36537689499491,2023.61899792099,2023.78399813187,NA
156,75,0.025461659763012,-119.314337840474,53.405378998092,-120.056725914721,53.8965141967701,1.53542006989366,1.50995841013065,2023.76357943613,2023.78904109589,EPI_ISL_19775708|A/Peregrine_Falcon/BC/FAV-0015-49/2024|H5N1|Canada-BC|2023-10-16|avian|A3
154,157,0.324664507526143,-128.345534741032,53.8877900903213,-126.210035028573,53.8787488233504,1.53799808705951,1.21333357953336,2023.46695460553,2023.79161911306,NA
208,93,0.0919797158430964,-119.753034092666,47.2906289320287,-116.687825644636,45.4916475608796,1.55185842605826,1.45987871021516,2023.71349973621,2023.80547945205,EPI_ISL_19490386|A/American_wigeon/Oregon/23-032793-004-original/2023|H5N1|USA-OR|2023-10-22|avian|A3
172,137,0.0320029942917657,-126.107510266276,58.1468749404486,-127.901129126831,58.6196447631226,1.55459815208561,1.52259515779385,2023.77621618379,2023.80821917808,EPI_ISL_19775911|A/Great_Blue_Heron/BC/FAV-0015-2/2024|H5N1|Canada-BC|2023-10-23|avian|A3
165,96,0.245650958658348,-124.565976223585,52.0390239870216,-120.151650429187,36.8412623220418,1.56007760414033,1.31442664548198,2023.56804767148,2023.81369863014,EPI_ISL_19239878|A/green-winged_teal/California/23-034302-013-original/2023|H5N1|USA-CA|2023-10-25|avian|A3
209,211,0.033114375666994,-125.4617857768,52.5795067350015,-124.059482347597,51.928267869167,1.56137793331348,1.52826355764649,2023.78188458364,2023.81499895931,NA
162,164,0.37522665698913,-123.961887277902,51.6356114983295,-118.907069379558,50.289616385172,1.56307290592292,1.18784624893379,2023.44146727493,2023.81669393192,NA
216,217,0.266165849858541,-127.148063732316,51.9138148229709,-141.010176015813,65.1464890581102,1.56438260528829,1.29821675542975,2023.55183778143,2023.81800363128,NA
202,203,0.183242333022539,-115.323657533713,48.3885804432509,-125.532706186997,50.778880270575,1.56521053441832,1.38196820139578,2023.63558922739,2023.81883156041,NA
162,163,0.377584795621012,-123.961887277902,51.6356114983295,-121.631059089151,57.2728920416382,1.5654310445548,1.18784624893379,2023.44146727493,2023.81905207055,NA
170,133,0.285134022328478,-126.859231950099,54.3379180699877,-130.439490569983,55.6170743381049,1.56555705619504,1.28042303386657,2023.53404405986,2023.81917808219,EPI_ISL_19660960|A/American_wigeon/Alaska/23-034446-001-original/2023|H5N1|USA-AK|2023-10-27|avian|A3
216,82,0.267340300765299,-127.148063732316,51.9138148229709,-139.126229246164,60.2700515771518,1.56555705619504,1.29821675542975,2023.55183778143,2023.81917808219,EPI_ISL_18698938|A/chicken/Alaska/23-032967-001/2023|H5N1|USA-AK|2023-10-27|avian|A3
171,101,0.266221359454686,-128.599160545673,59.220719734739,-148.710537954042,66.8196836557705,1.56555705619504,1.29933569674036,2023.55295672274,2023.81917808219,EPI_ISL_18698942|A/chicken/Alaska/23-032968-001/2023|H5N1|USA-AK|2023-10-27|avian|A3
217,81,0.0011744509067575,-141.010176015813,65.1464890581102,-141.011069176635,65.1461994026809,1.56555705619504,1.56438260528829,2023.81800363128,2023.81917808219,EPI_ISL_18698941|A/guinea_fowl/Alaska/23-032967-003/2023|H5N1|USA-AK|2023-10-27|avian|A3
217,80,0.0011744509067575,-141.010176015813,65.1464890581102,-144.071590367286,67.0953288110661,1.56555705619504,1.56438260528829,2023.81800363128,2023.81917808219,EPI_ISL_18698940|A/domestic_goose/Alaska/23-032967-002/2023|H5N1|USA-AK|2023-10-27|avian|A3
164,98,0.00522387629970744,-118.907069379558,50.289616385172,-118.492065335264,50.3486714398989,1.56829678222263,1.56307290592292,2023.81669393192,2023.82191780822,EPI_ISL_19775931|A/American_Wigeon/BC/FAV-0015-5/2024|H5N1|Canada-BC|2023-10-28|avian|A3
201,204,0.303520963014054,-121.89600674828,52.6894948712996,-124.333944512823,53.7773162065254,1.57533182751068,1.27181086449663,2023.52543189049,2023.82895285351,NA
157,78,0.0412575992725521,-126.210035028573,53.8787488233504,-125.472983022237,54.3479968978959,1.57925568633206,1.53799808705951,2023.79161911306,2023.83287671233,EPI_ISL_19775954|A/Trumpeter_Swan/BC/FAV-0015-47/2024|H5N1|Canada-BC|2023-11-01|avian|A3
204,122,0.00392385882137747,-124.333944512823,53.7773162065254,-124.254427888296,53.764593067639,1.57925568633206,1.57533182751068,2023.82895285351,2023.83287671233,EPI_ISL_19775948|A/Glaucous-winged_Gull/BC/FAV-0015-12/2024|H5N1|Canada-BC|2023-11-01|avian|A3
193,194,0.218899084597689,-123.680272059404,54.487493265857,-124.272804768299,53.9849809670393,1.5802152918982,1.36131620730052,2023.6149372333,2023.83383631789,NA
185,188,0.268558487739476,-128.048412009596,52.7151390944586,-127.952868418131,58.6675245995565,1.58137882728031,1.31282033954084,2023.56644136554,2023.83499985328,NA
209,210,0.0558625666322696,-125.4617857768,52.5795067350015,-124.546407244769,51.4560327857713,1.58412612427876,1.52826355764649,2023.78188458364,2023.83774715028,NA
191,140,0.0675037272542869,-144.72128004208,63.9589104718524,-142.563133756303,64.6765799679874,1.584735138387,1.51723141113271,2023.77085243713,2023.83835616438,EPI_ISL_18698983|A/domestic_goose/Alaska/23-034050-002/2023|H5N1|USA-AK|2023-11-03|avian|A3
191,141,0.0675037272542869,-144.72128004208,63.9589104718524,-142.182544818846,65.2309638053162,1.584735138387,1.51723141113271,2023.77085243713,2023.83835616438,EPI_ISL_18698982|A/chicken/Alaska/23-034050-001/2023|H5N1|USA-AK|2023-11-03|avian|A3
188,110,0.00335631110668588,-127.952868418131,58.6675245995565,-127.719690579825,58.6296654890833,1.584735138387,1.58137882728031,2023.83499985328,2023.83835616438,EPI_ISL_18665521|A/Red_Tailed_Hawk/BC/AIVPHL-1372/2023|H5N1|Canada-BC|2023-11-03|avian|A3
188,109,0.00335631110668588,-127.952868418131,58.6675245995565,-127.689989988927,58.9222916833736,1.584735138387,1.58137882728031,2023.83499985328,2023.83835616438,EPI_ISL_19775963|A/Red-Tailed_Hawk/BC/FAV-0432-4/2023|H5N1|Canada-BC|2023-11-03|avian|A3
181,189,0.38724487165911,-124.593477026931,50.9946157904255,-128.890047194162,53.3776754550218,1.585620187018,1.19837531535889,2023.45199634136,2023.83924121301,NA
177,138,0.40218567795032,-128.48098432763,53.4968166047814,-121.033142265782,44.4663399881389,1.58747486441436,1.18528918646404,2023.43891021246,2023.84109589041,EPI_ISL_19371784|A/American_wigeon/Oregon/23-035569-016-original/2023|H5N1|USA-OR|2023-11-04|avian|A3
170,132,0.307051830547792,-126.859231950099,54.3379180699877,-126.236977629312,58.9894022801042,1.58747486441436,1.28042303386657,2023.53404405986,2023.84109589041,EPI_ISL_19303657|A/Bald_Eagle/BC/AIVPHL-1455/2023|H5N1|Canada-BC|2023-11-04|avian|A3
215,83,0.191550590323472,-123.843374401506,51.1178842405869,-121.472985355151,43.9447288216113,1.58747486441436,1.39592427409089,2023.64954530009,2023.84109589041,EPI_ISL_19325222|A/mallard/Oregon/23-035569-010-original/2023|H5N1|USA-OR|2023-11-04|avian|A3
205,119,0.22483769544681,-119.397303392727,50.6906574140947,-119.32625901747,50.6343369840482,1.59021459044172,1.36537689499491,2023.61899792099,2023.84383561644,EPI_ISL_19775968|A/Red-tailed_Hawk/BC/FAV-0015-25/2024|H5N1|Canada-BC|2023-11-05|avian|A3
202,118,0.208246389045932,-115.323657533713,48.3885804432509,-117.833000950273,44.0608962701296,1.59021459044172,1.38196820139578,2023.63558922739,2023.84383561644,EPI_ISL_19660998|A/great_horned_owl/Oregon/23-034944-001-original/2023|H5N1|USA-OR|2023-11-05|avian|A3
218,86,0.175760185175621,-117.971746534199,50.5313518702729,-115.700683738475,49.6118311644135,1.59021459044172,1.41445440526609,2023.66807543126,2023.84383561644,EPI_ISL_19710874|A/Chicken/BC/FAV-0337-22022|H5N1|Canada-BC|2023-11-05|avian|A3
182,113,0.34541154740855,-124.15257362554,51.6408217557938,-124.626028996374,52.1930698997746,1.59295431646907,1.24754276906052,2023.50116379506,2023.84657534247,EPI_ISL_19710880|A/Chicken/BC/FAV-0347-1/2023|H5N1|Canada-BC|2023-11-06|avian|A3
198,199,0.151418390842074,-122.191025959901,49.1906942932514,-122.006725986566,49.9973288622091,1.59373111635104,1.44231272550897,2023.69593375151,2023.84735214235,NA
179,180,0.0830641437214632,-115.92010280618,34.6290212381511,-118.222998966651,37.699576755472,1.59483555026519,1.51177140654373,2023.76539243254,2023.84845657626,NA
198,126,0.153381316987462,-122.191025959901,49.1906942932514,-123.367905416533,52.3295171511827,1.59569404249643,1.44231272550897,2023.69593375151,2023.84931506849,EPI_ISL_18665539|A/Canada_Goose/BC/AIVPHL-1386/2023|H5N1|Canada-BC|2023-11-07|avian|A3
219,88,0.0690564764932973,-115.992750186266,46.2164854425909,-117.773918123814,45.7757468931584,1.59569404249643,1.52663756600313,2023.780258592,2023.84931506849,EPI_ISL_19660990|A/Canada_goose/Oregon/23-034940-001-original/2023|H5N1|USA-OR|2023-11-07|avian|A3
166,95,0.066086365815516,-125.859693429879,53.5378466587849,-124.234399041532,53.8397232430294,1.59569404249643,1.52960767668091,2023.78322870268,2023.84931506849,EPI_ISL_19710887|A/Chicken/BC/FAV-0349-2/2023|H5N1|Canada-BC|2023-11-07|avian|A3
166,94,0.066086365815516,-125.859693429879,53.5378466587849,-124.065808369907,51.8626533562183,1.59569404249643,1.52960767668091,2023.78322870268,2023.84931506849,EPI_ISL_19710886|A/Chicken/BC/FAV-0349-1/2023|H5N1|Canada-BC|2023-11-07|avian|A3
189,115,0.0100738554784281,-128.890047194162,53.3776754550218,-127.326963265424,53.6560491050451,1.59569404249643,1.585620187018,2023.83924121301,2023.84931506849,EPI_ISL_19775984|A/Canada_Goose/BC/FAV-0015-15/2024|H5N1|Canada-BC|2023-11-07|avian|A3
199,125,0.00196292614538862,-122.006725986566,49.9973288622091,-120.667438035121,50.4695264259075,1.59569404249643,1.59373111635104,2023.84735214235,2023.84931506849,EPI_ISL_19775986|A/Canada_Goose/BC/FAV-0432-14/2023|H5N1|Canada-BC|2023-11-07|avian|A3
199,124,0.00196292614538862,-122.006725986566,49.9973288622091,-121.536076360534,49.4661059781891,1.59569404249643,1.59373111635104,2023.84735214235,2023.84931506849,EPI_ISL_19775985|A/Canada_Goose/BC/FAV-0355-1/2023|H5N1|Canada-BC|2023-11-07|avian|A3
206,120,0.0680566626551524,-119.308038413341,50.5441315577666,-121.521303161826,51.4549150618347,1.59843376852402,1.53037710586886,2023.78399813187,2023.85205479452,EPI_ISL_19775998|A/Great_Horned_Owl/BC/FAV-0432-18/2023|H5N1|Canada-BC|2023-11-08|avian|A3
206,121,0.0680566626551524,-119.308038413341,50.5441315577666,-116.634945207357,49.4986074026958,1.59843376852402,1.53037710586886,2023.78399813187,2023.85205479452,EPI_ISL_18665542|A/Great_Horned_Owl/BC/AIVPHL-1388/2023|H5N1|Canada-BC|2023-11-08|avian|A3
197,131,0.367171802865871,-121.691000523807,52.4863857975325,-123.850012453011,53.5495053237361,1.60117349455137,1.2340016916855,2023.48762271768,2023.85479452055,EPI_ISL_19776003|A/Barred_Owl/BC/FAV-0015-21/2024|H5N1|Canada-BC|2023-11-09|avian|A3
211,90,0.0425352872652474,-124.059482347597,51.928267869167,-123.859117661823,50.9976131026515,1.60391322057873,1.56137793331348,2023.81499895931,2023.85753424658,EPI_ISL_19776018|A/Red-tailed_Hawk/BC/FAV-0015-22/2024|H5N1|Canada-BC|2023-11-10|avian|A3
193,195,0.246721877304955,-123.680272059404,54.487493265857,-125.399357964273,55.3496658185081,1.60803808460547,1.36131620730052,2023.6149372333,2023.8616591106,NA
155,77,0.231885184366621,-119.891838915152,44.8820260283021,-117.057839006,43.4786580139848,1.6121323986608,1.38024721429418,2023.63386824029,2023.86575342466,EPI_ISL_19660854|A/great_horned_owl/Oregon/23-036194-001-original/2023|H5N1|USA-OR|2023-11-13|avian|A3
215,84,0.218947850597501,-123.843374401506,51.1178842405869,-80.348011605812,25.5317918234946,1.61487212468839,1.39592427409089,2023.64954530009,2023.86849315069,EPI_ISL_19660844|A/lesser_scaup/Florida/23-035662-001-original/2023|H5N1|USA-FL|2023-11-14|avian|A3
203,116,0.0496615902700648,-125.532706186997,50.778880270575,-119.896729736296,50.9695124917241,1.61487212468839,1.56521053441832,2023.81883156041,2023.86849315069,EPI_ISL_19776048|A/Gull/BC/FAV-0015-48/2024|H5N1|Canada-BC|2023-11-14|avian|A3
163,99,0.0494410801335832,-121.631059089151,57.2728920416382,-122.836423215329,58.2625439400196,1.61487212468839,1.5654310445548,2023.81905207055,2023.86849315069,EPI_ISL_19776031|A/American_Wigeon/BC/FAV-0432-22/2023|H5N1|Canada-BC|2023-11-14|avian|A3
163,100,0.0494410801335832,-121.631059089151,57.2728920416382,-121.269701845682,56.6859552035307,1.61487212468839,1.5654310445548,2023.81905207055,2023.86849315069,EPI_ISL_18665596|A/American_Wigeon/BC/AIVPHL-1410/2023|H5N1|Canada-BC|2023-11-14|avian|A3
210,91,0.0307460004096287,-124.546407244769,51.4560327857713,-121.488886281338,49.7345313086555,1.61487212468839,1.58412612427876,2023.83774715028,2023.86849315069,EPI_ISL_18665599|A/American_Wigeon/BC/AIVPHL-1411/2023|H5N1|Canada-BC|2023-11-14|avian|A3
210,92,0.0307460004096287,-124.546407244769,51.4560327857713,-124.547659496644,51.8135102872354,1.61487212468839,1.58412612427876,2023.83774715028,2023.86849315069,EPI_ISL_19776030|A/American_Wigeon/BC/FAV-0432-21/2023|H5N1|Canada-BC|2023-11-14|avian|A3
195,129,0.0123134921376309,-125.399357964273,55.3496658185081,-125.324129848797,55.4758061455879,1.6203515767431,1.60803808460547,2023.8616591106,2023.87397260274,EPI_ISL_19710915|A/Turkey/BC/FAV-0386-1/2023|H5N1|Canada-BC|2023-11-16|avian|A3
195,130,0.0123134921376309,-125.399357964273,55.3496658185081,-125.994613314209,55.4583157886406,1.6203515767431,1.60803808460547,2023.8616591106,2023.87397260274,EPI_ISL_19710916|A/Turkey/BC/FAV-0386-2/2023|H5N1|Canada-BC|2023-11-16|avian|A3
194,128,0.0483554629269694,-124.272804768299,53.9849809670393,-124.361572654944,54.0599308314578,1.62857075482517,1.5802152918982,2023.83383631789,2023.88219178082,EPI_ISL_19776068|A/Peregrine_Falcon/BC/FAV-0015-46/2024|H5N1|Canada-BC|2023-11-19|avian|A3
172,136,0.10871532305891,-126.107510266276,58.1468749404486,-124.778548257704,59.2211134130223,1.63131048085276,1.52259515779385,2023.77621618379,2023.88493150685,EPI_ISL_18665608|A/Great_Blue_Heron/BC/AIVPHL-1417/2023|H5N1|Canada-BC|2023-11-20|avian|A3
164,97,0.068237574929837,-118.907069379558,50.289616385172,-118.87045091831,50.2083767542013,1.63131048085276,1.56307290592292,2023.81669393192,2023.88493150685,EPI_ISL_18665621|A/American_Wigeon/BC/AIVPHL-1420/2023|H5N1|Canada-BC|2023-11-20|avian|A3
204,123,0.0559786533420774,-124.333944512823,53.7773162065254,-124.511942641266,53.2175910297449,1.63131048085276,1.57533182751068,2023.82895285351,2023.88493150685,EPI_ISL_18665641|A/Glaucous_Winged_Gull/BC/AIVPHL-1426/2023|H5N1|Canada-BC|2023-11-20|avian|A3
152,158,0.582190437898324,-125.374112547421,53.4363678939967,-126.719702502872,53.7008156819098,1.63798684922773,1.0557964113294,2023.30941743733,2023.89160787522,NA
189,114,0.0566491979441859,-128.890047194162,53.3776754550218,-120.910394519206,49.3748601045261,1.64226938496219,1.585620187018,2023.83924121301,2023.89589041096,EPI_ISL_18665656|A/Canada_Goose/BC/AIVPHL-1443/2023|H5N1|Canada-BC|2023-11-24|avian|A3
185,186,0.337175662034221,-128.048412009596,52.7151390944586,-130.241894944968,57.9698630633819,1.64999600157506,1.31282033954084,2023.56644136554,2023.90361702757,NA
211,89,0.0891106297310051,-124.059482347597,51.928267869167,-127.387807441552,54.0707387415277,1.65048856304449,1.56137793331348,2023.81499895931,2023.90410958904,EPI_ISL_18665689|A/Red_Tailed_Hawk/BC/AIVPHL-1450/2023|H5N1|Canada-BC|2023-11-27|avian|A3
178,104,0.156607456981013,-118.452224112719,34.8570483118501,-118.469611708788,35.2631081219461,1.65322828907185,1.49662083209083,2023.75024185809,2023.90684931507,EPI_ISL_18737516|A/domestic_goose/California/23-037845-006/2023|H5N1|USA-CA|2023-11-28|avian|A3
179,105,0.141456882528115,-115.92010280618,34.6290212381511,-122.412739476907,38.4395748853653,1.65322828907185,1.51177140654373,2023.76539243254,2023.90684931507,EPI_ISL_18737533|A/domestic_duck/California/23-037681-001/2023|H5N1|USA-CA|2023-11-28|avian|A3
180,103,0.0583927388066514,-118.222998966651,37.699576755472,-120.117776673041,39.6484521615679,1.65322828907185,1.59483555026519,2023.84845657626,2023.90684931507,EPI_ISL_18737534|A/domestic_goose/California/23-037681-002/2023|H5N1|USA-CA|2023-11-28|avian|A3
180,102,0.0583927388066514,-118.222998966651,37.699576755472,-117.629343656226,35.7490396748607,1.65322828907185,1.59483555026519,2023.84845657626,2023.90684931507,EPI_ISL_18737507|A/domestic_duck/California/23-037845-002/2023|H5N1|USA-CA|2023-11-28|avian|A3
158,142,0.0179811658714748,-126.719702502872,53.7008156819098,-124.002612316309,53.7108380870731,1.6559680150992,1.63798684922773,2023.89160787522,2023.9095890411,EPI_ISL_19776106|A/Coopers_Hawk/BC/FAV-0015-45/2024|H5N1|Canada-BC|2023-11-29|avian|A3
186,108,0.00597201352414278,-130.241894944968,57.9698630633819,-130.622050329317,58.0873171478077,1.6559680150992,1.64999600157506,2023.90361702757,2023.9095890411,EPI_ISL_19776097|A/Barred_Owl/BC/FAV-0015-44/2024|H5N1|Canada-BC|2023-11-29|avian|A3
214,85,0.420037804183838,-124.023278056683,51.3199136082198,-117.08306389763,52.4152839867465,1.66144746715414,1.24140966297031,2023.49503068897,2023.91506849315,EPI_ISL_19776110|A/Great_Horned_Owl/AB/FAV-0046-1/2024|H5N1|Canada-AB|2023-12-01|avian|A3
186,187,0.0289077235387432,-130.241894944968,57.9698630633819,-130.705178801666,57.838613450243,1.6789037251138,1.64999600157506,2023.90361702757,2023.93252475111,NA
187,107,0.0017218242320709,-130.705178801666,57.838613450243,-131.190996896715,57.0393127159964,1.68062554934587,1.6789037251138,2023.93252475111,2023.93424657534,EPI_ISL_18665594|A/Mallard/BC/AIVPHL-1484/2023|H5N1|Canada-BC|2023-12-08|avian|A3
194,127,0.108629435529741,-124.272804768299,53.9849809670393,-124.318827978954,54.0400457892731,1.68884472742795,1.5802152918982,2023.83383631789,2023.94246575342,EPI_ISL_18665600|A/Peregrine_Falcon/BC/AIVPHL-1499/2023|H5N1|Canada-BC|2023-12-11|avian|A3
158,143,0.0508578782002183,-126.719702502872,53.7008156819098,-128.560082318465,53.5151793235706,1.68884472742795,1.63798684922773,2023.89160787522,2023.94246575342,EPI_ISL_18665597|A/Cooper_s_Hawk/BC/AIVPHL-1498/2023|H5N1|Canada-BC|2023-12-11|avian|A3
187,106,0.00994100231414308,-130.705178801666,57.838613450243,-131.016015265613,57.9616590187872,1.68884472742795,1.6789037251138,2023.93252475111,2023.94246575342,EPI_ISL_19303627|A/Barred_Owl/BC/AIVPHL-1538/2023|H5N1|Canada-BC|2023-12-11|avian|A3
156,76,0.189845221406957,-119.314337840474,53.405378998092,-118.506405618097,52.1577131766933,1.6998036315376,1.50995841013065,2023.76357943613,2023.95342465753,EPI_ISL_19303630|A/Peregrine_Falcon/BC/AIVPHL-1550/2023|H5N1|Canada-BC|2023-12-15|avian|A3
203,117,0.134593097119281,-125.532706186997,50.778880270575,-123.251865919372,52.856055662958,1.6998036315376,1.56521053441832,2023.81883156041,2023.95342465753,EPI_ISL_19303629|A/Gull_Spp./BC/AIVPHL-1547/2023|H5N1|Canada-BC|2023-12-15|avian|A3
157,79,0.170024722560396,-126.210035028573,53.8787488233504,-124.815380004764,52.8536110262406,1.7080228096199,1.53799808705951,2023.79161911306,2023.96164383562,EPI_ISL_19303628|A/Trumpeter_Swan/BC/AIVPHL-1560/2023|H5N1|Canada-BC|2023-12-18|avian|A3
175,176,0.55109706621843,-127.261230978332,53.5926281537807,-127.275914930771,52.0237705222313,1.71055325323244,1.15945618701401,2023.41307721301,2023.96417427923,NA
183,184,0.4577547817589,-126.283984847571,52.1680075318817,-128.281586055804,56.6292024410646,1.7273837955031,1.2696290137442,2023.52325003974,2023.9810048215,NA
184,112,0.0299241402489974,-128.281586055804,56.6292024410646,-126.158829757646,54.8606572483096,1.75730793575209,1.7273837955031,2023.9810048215,2024.01092896175,EPI_ISL_19303641|A/Cackling_Goose/BC/AIVPHL-1690/2024|H5N1|Canada-BC|2024-01-05|avian|A3
184,111,0.0299241402489974,-128.281586055804,56.6292024410646,-131.418180753999,58.7563718639324,1.75730793575209,1.7273837955031,2023.9810048215,2024.01092896175,EPI_ISL_19776158|A/Cackling_Goose/BC/OTH-0049-4/2024|H5N1|Canada-BC|2024-01-05|avian|A3
153,144,0.651666624004794,-127.033934801967,53.8121475458562,-137.642044413649,59.3367851645839,1.7764336188122,1.12476699480741,2023.3783880208,2024.03005464481,EPI_ISL_19303656|A/Barred_Owl/BC/AIVPHL-1810/2024|H5N1|Canada-BC|2024-01-12|avian|A3
176,135,0.101399491262634,-127.275914930771,52.0237705222313,-126.335715129942,52.6044335672216,1.81195274449507,1.71055325323244,2023.96417427923,2024.06557377049,EPI_ISL_19303635|A/Great_Horned_Owl/BC/AIVPHL-1931/2024|H5N1|Canada-BC|2024-01-25|avian|A3
176,134,0.101399491262634,-127.275914930771,52.0237705222313,-126.852153580336,51.9687367277795,1.81195274449507,1.71055325323244,2023.96417427923,2024.06557377049,EPI_ISL_19776187|A/Great_Horned_Owl/BC/OTH-0049-13/2024|H5N1|Canada-BC|2024-01-25|avian|A3
219,87,0.307173101989402,-115.992750186266,46.2164854425909,-121.4071606759,49.671374649729,1.83381066799253,1.52663756600313,2023.780258592,2024.08743169399,EPI_ISL_19776204|A/Green-Winged_Teal/BC/OTH-0049-16/2024|H5N1|Canada-BC|2024-02-02|avian|A3
190,139,0.527242559639191,-145.903527629279,64.0772709275261,-149.15563406669,69.8232067897149,1.92670684285573,1.39946428321654,2023.65308530921,2024.18032786885,EPI_ISL_19660951|A/mallard/Alaska/24-008163-001-original/2024|H5N1|USA-AK|2024-03-07|avian|A3
220,228,1.73563881981514,-139.115520622708,61.1907438174665,-109.232362546568,41.7106219245118,1.98134567617914,0.245706856363993,2022.49932788236,2024.23496670218,NA
228,232,0.115617410521461,-109.232362546568,41.7106219245118,-91.6940099060258,36.9162959630988,2.0969630867006,1.98134567617914,2024.23496670218,2024.3505841127,NA
232,233,0.028865424811769,-91.6940099060258,36.9162959630988,-91.5394462099287,36.6588301066697,2.12582851151237,2.0969630867006,2024.3505841127,2024.37944953751,NA
232,248,0.080962418430194,-91.6940099060258,36.9162959630988,-90.0385879307585,36.8800058771217,2.17792550513079,2.0969630867006,2024.3505841127,2024.43154653113,NA
233,244,0.102831533326041,-91.5394462099287,36.6588301066697,-97.0574928893697,40.3412787103201,2.22866004483841,2.12582851151237,2024.37944953751,2024.48228107084,NA
244,245,0.0080546582622949,-97.0574928893697,40.3412787103201,-95.394030876434,39.7387278088421,2.2367147031007,2.22866004483841,2024.48228107084,2024.4903357291,NA
248,249,0.065539557157174,-90.0385879307585,36.8800058771217,-90.0711630113958,38.3932358864042,2.24346506228797,2.17792550513079,2024.43154653113,2024.49708608828,NA
249,250,0.00856323472393683,-90.0711630113958,38.3932358864042,-89.9972585503559,38.3280738562195,2.2520282970119,2.24346506228797,2024.49708608828,2024.50564932301,NA
250,251,0.0282082145860088,-89.9972585503559,38.3280738562195,-90.1982745349749,39.4472816158503,2.28023651159791,2.2520282970119,2024.50564932301,2024.53385753759,NA
251,253,0.000414125672751453,-90.1982745349749,39.4472816158503,-89.7113573562619,39.2036911105148,2.28065063727066,2.28023651159791,2024.53385753759,2024.53427166327,NA
250,257,0.0411483319526056,-89.9972585503559,38.3280738562195,-88.453568305395,42.8625600945883,2.29317662896451,2.2520282970119,2024.50564932301,2024.54679765496,NA
228,229,0.316047635940543,-109.232362546568,41.7106219245118,-118.239837029982,40.480875112779,2.29739331211968,1.98134567617914,2024.23496670218,2024.55101433812,NA
229,230,0.0408534748590723,-118.239837029982,40.480875112779,-113.305081773579,40.7622041653728,2.33824678697875,2.29739331211968,2024.55101433812,2024.59186781298,NA
251,252,0.202479216919266,-90.1982745349749,39.4472816158503,-90.4340273665237,37.8792574736954,2.48271572851718,2.28023651159791,2024.53385753759,2024.73633675451,NA
233,234,0.367900478725943,-91.5394462099287,36.6588301066697,-83.2367468857104,45.7023654818252,2.49372899023831,2.12582851151237,2024.37944953751,2024.74735001624,NA
245,246,0.310366084555629,-95.394030876434,39.7387278088421,-92.7562181865444,43.5213608861611,2.54708078765633,2.2367147031007,2024.4903357291,2024.80070181365,NA
253,254,0.26738086647029,-89.7113573562619,39.2036911105148,-87.2561785065321,38.4987557479111,2.54803150374095,2.28065063727066,2024.53427166327,2024.80165252974,NA
254,255,0.065267119840811,-87.2561785065321,38.4987557479111,-88.5685275579386,41.9778598633293,2.61329862358176,2.54803150374095,2024.80165252974,2024.86691964958,NA
246,56,0.0681506453633807,-92.7562181865444,43.5213608861611,-92.766634466779,43.5122792575154,2.61523143301971,2.54708078765633,2024.80070181365,2024.86885245902,EPI_ISL_19677305|A/guinea_fowl/Minnesota/24-033969-002/2024|H5N1|USA-MN|2024-11-14|avian|A3
246,55,0.0681506453633807,-92.7562181865444,43.5213608861611,-94.5604799278256,43.6726680834945,2.61523143301971,2.54708078765633,2024.80070181365,2024.86885245902,EPI_ISL_19678091|A/duck/Minnesota/24-033969-003/2024|H5N1|USA-MN|2024-11-14|avian|A3
255,256,0.00420395178988864,-88.5685275579386,41.9778598633293,-88.8616729124166,42.4644335658582,2.61750257537165,2.61329862358176,2024.86691964958,2024.87112360137,NA
254,61,0.0699321697158868,-87.2561785065321,38.4987557479111,-89.0581448796376,39.9004778192929,2.61796367345684,2.54803150374095,2024.80165252974,2024.87158469945,EPI_ISL_19677308|A/pheasant/Illinois/24-034185-003/2024|H5N1|USA-IL|2024-11-15|avian|A3
255,63,0.00466504987507532,-88.5685275579386,41.9778598633293,-88.860594962145,42.1459287560384,2.61796367345684,2.61329862358176,2024.86691964958,2024.87158469945,EPI_ISL_19677307|A/pheasant/Illinois/24-034185-002/2024|H5N1|USA-IL|2024-11-15|avian|A3
256,62,0.000461098085187128,-88.8616729124166,42.4644335658582,-89.2355970603011,42.4991751088024,2.61796367345684,2.61750257537165,2024.87112360137,2024.87158469945,EPI_ISL_19677306|A/pheasant/Illinois/24-034185-001/2024|H5N1|USA-IL|2024-11-15|avian|A3
256,64,0.000461098085187128,-88.8616729124166,42.4644335658582,-88.4130795737877,42.3377687720713,2.61796367345684,2.61750257537165,2024.87112360137,2024.87158469945,EPI_ISL_19677309|A/pheasant/Illinois/24-034185-004/2024|H5N1|USA-IL|2024-11-15|avian|A3
229,231,0.326943585415218,-118.239837029982,40.480875112779,-121.600555960048,45.3601602162213,2.6243368975349,2.29739331211968,2024.55101433812,2024.87795792353,NA
231,72,0.00182349723354802,-121.600555960048,45.3601602162213,-121.215749028057,44.5215405829516,2.62616039476845,2.6243368975349,2024.87795792353,2024.87978142077,EPI_ISL_19678934|A/chicken/Oregon/24-035148-002/2024|H5N1|USA-OR|2024-11-18|avian|A3
231,71,0.00182349723354802,-121.600555960048,45.3601602162213,-122.07512565344,45.3757497919121,2.62616039476845,2.6243368975349,2024.87795792353,2024.87978142077,EPI_ISL_19678935|A/chicken/Oregon/24-035148-001/2024|H5N1|USA-OR|2024-11-18|avian|A3
252,65,0.14890914712552,-90.4340273665237,37.8792574736954,-82.0499014669292,28.0165551674408,2.6316248756427,2.48271572851718,2024.73633675451,2024.88524590164,EPI_ISL_19777467|A/green-winged_teal/Florida/W24-974A/2024|H5N1|USA-FL|2024-11-20|avian|A3
252,66,0.14890914712552,-90.4340273665237,37.8792574736954,-81.8866535562048,27.5203080250226,2.6316248756427,2.48271572851718,2024.73633675451,2024.88524590164,EPI_ISL_19777451|A/wood_duck/Florida/W24-974B/2024|H5N1|USA-FL|2024-11-20|avian|A3
245,247,0.441342902270518,-95.394030876434,39.7387278088421,-92.834350841602,42.7879940910268,2.67805760537122,2.2367147031007,2024.4903357291,2024.93167863137,NA
247,58,1.53577030759244e-05,-92.834350841602,42.7879940910268,-93.1153971554175,42.7840136542549,2.6780729630743,2.67805760537122,2024.93167863137,2024.93169398907,EPI_ISL_19705392|A/turkey/Iowa/24-036503-001/2024|H5N1|USA-IA|2024-12-07|avian|A3
247,57,1.53577030759244e-05,-92.834350841602,42.7879940910268,-92.5321874743304,42.8395937866513,2.6780729630743,2.67805760537122,2024.93167863137,2024.93169398907,EPI_ISL_19705391|A/turkey/Iowa/24-036503-002/2024|H5N1|USA-IA|2024-12-07|avian|A3
244,59,0.484932043918984,-97.0574928893697,40.3412787103201,-94.6081382600587,39.5491210544935,2.71359208875739,2.22866004483841,2024.48228107084,2024.96721311475,EPI_ISL_19737040|A/guineafowl/Missouri/038441-003/2024|H5N1|USA-MO|2024-12-20|avian|A3
234,235,0.226588311878511,-83.2367468857104,45.7023654818252,-83.6004345727397,45.117205718494,2.72031730211682,2.49372899023831,2024.74735001624,2024.97393832811,NA
235,236,0.00135253450111961,-83.6004345727397,45.117205718494,-83.7545521187765,45.2186937118558,2.72166983661794,2.72031730211682,2024.97393832811,2024.97529086261,NA
253,60,0.449334894109714,-89.7113573562619,39.2036911105148,-79.3990950187324,34.4533570018228,2.72998553138038,2.28065063727066,2024.53427166327,2024.98360655738,EPI_ISL_19737142|A/pheasant/South_Carolina/039001-001/2024|H5N1|USA-SC|2024-12-26|avian|A3
234,44,0.241721022016319,-83.2367468857104,45.7023654818252,-85.9526822376622,46.0170769139912,2.73545001225463,2.49372899023831,2024.74735001624,2024.98907103825,SRR32006921|A/gallus_gallus/MI/24-038976-001-original/2024|H5N1|USA-MI|2024-12-28|avian|A3
236,238,0.0179500318270911,-83.7545521187765,45.2186937118558,-85.5935896107537,45.7002900673148,2.73961986844503,2.72166983661794,2024.97529086261,2024.99324089444,NA
249,70,0.500181671278269,-90.0711630113958,38.3932358864042,-89.7843786095844,42.3532524050174,2.74364673356623,2.24346506228797,2024.49708608828,2024.99726775956,EPI_ISL_19705477|A/canada_goose/Illinois/000616-011/2024|H5N1|USA-IL|2024-12-31|avian|A3
257,68,0.450470104601726,-88.453568305395,42.8625600945883,-92.9681790175421,43.451036572624,2.74364673356623,2.29317662896451,2024.54679765496,2024.99726775956,EPI_ISL_19705476|A/bald_eagle/Iowa/001479-002/2024|H5N1|USA-IA|2024-12-31|avian|A3
236,237,0.0316818173645168,-83.7545521187765,45.2186937118558,-85.6215474225686,44.3218938819056,2.75335165398246,2.72166983661794,2024.97529086261,2025.00697267998,NA
235,240,0.0385338390355776,-83.6004345727397,45.117205718494,-84.3391621201046,44.8843405914583,2.7588511411524,2.72031730211682,2024.97393832811,2025.01247216715,NA
240,241,0.0106951377216746,-84.3391621201046,44.8843405914583,-85.2655723642282,44.8653579269128,2.76954627887407,2.7588511411524,2025.01247216715,2025.02316730487,NA
238,239,0.0386465856251488,-85.5935896107537,45.7002900673148,-84.5632435592775,44.1674987421295,2.77826645407018,2.73961986844503,2024.99324089444,2025.03188748007,NA
248,67,0.606809633256027,-90.0385879307585,36.8800058771217,-76.2636246537918,38.5631559971693,2.78473513838682,2.17792550513079,2024.43154653113,2025.03835616438,EPI_ISL_19743073|A/mallard/Maryland/003141-007/2025|H5N1|USA-MD|2025-01-15|avian|A3
241,242,0.0167642143652973,-85.2655723642282,44.8653579269128,-85.1982212157186,45.1388881226734,2.78631049323937,2.76954627887407,2025.02316730487,2025.03993151924,NA
240,243,0.0290838696140883,-84.3391621201046,44.8843405914583,-82.6596680666671,44.521614339046,2.78793501076649,2.7588511411524,2025.01247216715,2025.04155603676,NA
230,74,0.45196780346301,-113.305081773579,40.7622041653728,-120.53771061564,40.847334620377,2.79021459044176,2.33824678697875,2024.59186781298,2025.04383561644,EPI_ISL_19743197|A/red-tailed_hawk/California/003273-004/2025|H5N1|USA-CA|2025-01-17|avian|A3
230,73,0.45196780346301,-113.305081773579,40.7622041653728,-120.851993717688,36.7141604902182,2.79021459044176,2.33824678697875,2024.59186781298,2025.04383561644,EPI_ISL_19743145|A/western_gull/California/003273-006/2025|H5N1|USA-CA|2025-01-17|avian|A3
238,49,0.0505947219967298,-85.5935896107537,45.7002900673148,-86.3310744136903,47.1851010328853,2.79021459044176,2.73961986844503,2024.99324089444,2025.04383561644,EPI_ISL_19776947|A/mallard/Michigan/002663-031/2025|H5N1|USA-MI|2025-01-17|avian|A3
237,45,0.036862936459304,-85.6215474225686,44.3218938819056,-86.458188463,44.7096755977245,2.79021459044176,2.75335165398246,2025.00697267998,2025.04383561644,EPI_ISL_19776954|A/mallard/Michigan/002663-013/2025|H5N1|USA-MI|2025-01-17|avian|A3
237,46,0.036862936459304,-85.6215474225686,44.3218938819056,-83.7667047735532,44.848318511442,2.79021459044176,2.75335165398246,2025.00697267998,2025.04383561644,EPI_ISL_19777010|A/mallard/Michigan/002663-006/2025|H5N1|USA-MI|2025-01-17|avian|A3
241,50,0.0206683115676882,-85.2655723642282,44.8653579269128,-83.2518894366985,44.7825269071518,2.79021459044176,2.76954627887407,2025.02316730487,2025.04383561644,EPI_ISL_19776953|A/mallard/Michigan/002663-014/2025|H5N1|USA-MI|2025-01-17|avian|A3
239,47,0.011948136371581,-84.5632435592775,44.1674987421295,-84.7546044224589,44.7407026113414,2.79021459044176,2.77826645407018,2025.03188748007,2025.04383561644,SRR32654077|A/anas_platyrhynchos/MI/25-002663-017-original/2025|H5N1|USA-MI|2025-01-17|avian|A3
239,52,0.011948136371581,-84.5632435592775,44.1674987421295,-86.4764577105274,46.3162823683237,2.79021459044176,2.77826645407018,2025.03188748007,2025.04383561644,SRR32654067|A/anas_platyrhynchos/MI/25-002663-033-original/2025|H5N1|USA-MI|2025-01-17|avian|A3
242,48,0.00390409720239093,-85.1982212157186,45.1388881226734,-85.4545958256667,45.0012500938947,2.79021459044176,2.78631049323937,2025.03993151924,2025.04383561644,EPI_ISL_19777043|A/mallard/Michigan/002663-026/2025|H5N1|USA-MI|2025-01-17|avian|A3
242,53,0.00390409720239093,-85.1982212157186,45.1388881226734,-85.6616550582888,46.8591688611598,2.79021459044176,2.78631049323937,2025.03993151924,2025.04383561644,EPI_ISL_19776956|A/mallard/Michigan/002663-011/2025|H5N1|USA-MI|2025-01-17|avian|A3
243,51,0.00227957967527459,-82.6596680666671,44.521614339046,-83.2350284255563,43.4671157393899,2.79021459044176,2.78793501076649,2025.04155603676,2025.04383561644,EPI_ISL_19777047|A/mallard/Michigan/002663-004/2025|H5N1|USA-MI|2025-01-17|avian|A3
243,54,0.00227957967527459,-82.6596680666671,44.521614339046,-82.6569553749213,44.5437428036884,2.79021459044176,2.78793501076649,2025.04155603676,2025.04383561644,EPI_ISL_19777011|A/mallard/Michigan/002663-005/2025|H5N1|USA-MI|2025-01-17|avian|A3
257,69,0.513476317641624,-88.453568305395,42.8625600945883,-86.1482005975125,42.6470833515117,2.80665294660613,2.29317662896451,2024.54679765496,2025.0602739726,EPI_ISL_19743218|A/bald_eagle/Michigan/003067-004/2025|H5N1|USA-MI|2025-01-23|avian|A3
