node1,node2,length,startLon,startLat,endLon,endLat,endNodeL,startNodeL,startYear,endYear,tipLabel
166,167,0.0233504387671699,-76.3678662460008,43.1168218824675,-75.9543894934144,43.8201137606731,0.0233504387671699,0,2023.68445281052,2023.70780324929,NA
167,168,0.0174712419994849,-75.9543894934144,43.8201137606731,-75.9774191726644,43.8545190132501,0.0408216807666548,0.0233504387671699,2023.70780324929,2023.72527449129,NA
168,172,0.013030834303748,-75.9774191726644,43.8545190132501,-77.0790744373727,41.7575597754703,0.0538525150704028,0.0408216807666548,2023.72527449129,2023.73830532559,NA
167,255,0.0321384585450997,-75.9543894934144,43.8201137606731,-76.1402971403686,43.2375239615717,0.0554888973122696,0.0233504387671699,2023.70780324929,2023.73994170783,NA
255,256,0.00122955037609274,-76.1402971403686,43.2375239615717,-76.5467709167665,42.8769870500216,0.0567184476883623,0.0554888973122696,2023.73994170783,2023.74117125821,NA
255,266,0.00413217201473348,-76.1402971403686,43.2375239615717,-77.7680766881215,43.2516381252615,0.0596210693270031,0.0554888973122696,2023.73994170783,2023.74407387985,NA
266,274,0.0146365307114954,-77.7680766881215,43.2516381252615,-77.8147592792447,43.3688932287308,0.0742576000384985,0.0596210693270031,2023.74407387985,2023.75871041056,NA
172,226,0.0223470534104011,-77.0790744373727,41.7575597754703,-77.3401477100359,41.8376370639555,0.0761995684808039,0.0538525150704028,2023.73830532559,2023.760652379,NA
226,227,0.000249917519762111,-77.3401477100359,41.8376370639555,-77.3119447548475,41.7938133922441,0.076449486000566,0.0761995684808039,2023.760652379,2023.76090229652,NA
266,267,0.017166892993534,-77.7680766881215,43.2516381252615,-79.0892224594004,42.6525882348245,0.0767879623205371,0.0596210693270031,2023.74407387985,2023.76124077284,NA
274,275,0.00330082427996969,-77.8147592792447,43.3688932287308,-78.4079808912074,42.0998677257937,0.0775584243184682,0.0742576000384985,2023.75871041056,2023.76201123484,NA
226,245,0.00321506601728705,-77.3401477100359,41.8376370639555,-77.5132778420529,41.3304053190235,0.0794146344980909,0.0761995684808039,2023.760652379,2023.76386744502,NA
172,173,0.0278099095262195,-77.0790744373727,41.7575597754703,-73.9159566565547,42.4951464268754,0.0816624245966223,0.0538525150704028,2023.73830532559,2023.76611523512,NA
227,228,0.00561923368674311,-77.3119447548475,41.7938133922441,-77.1509089294728,42.5342039221666,0.0820687196873091,0.076449486000566,2023.76090229652,2023.76652153021,NA
228,229,0.00210099577065326,-77.1509089294728,42.5342039221666,-76.6902982598201,42.0740646626045,0.0841697154579624,0.0820687196873091,2023.76652153021,2023.76862252598,NA
173,184,0.00779948785461071,-73.9159566565547,42.4951464268754,-73.7208981953856,41.7600871581672,0.089461912451233,0.0816624245966223,2023.76611523512,2023.77391472297,NA
184,185,0.000448687223388977,-73.7208981953856,41.7600871581672,-73.7213807890603,41.7609156130502,0.089910599674622,0.089461912451233,2023.77391472297,2023.7743634102,NA
229,230,0.00657278153145158,-76.6902982598201,42.0740646626045,-76.747504917897,40.3319998389922,0.0907424969894139,0.0841697154579624,2023.76862252598,2023.77519530751,NA
173,174,0.0110944467970788,-73.9159566565547,42.4951464268754,-73.4774214092891,44.3999545508925,0.0927568713937011,0.0816624245966223,2023.76611523512,2023.77720968192,NA
174,178,0.00259619977620928,-73.4774214092891,44.3999545508925,-74.010169297172,43.6651940725055,0.0953530711699104,0.0927568713937011,2023.77720968192,2023.77980588169,NA
275,276,0.018712659640578,-78.4079808912074,42.0998677257937,-78.6988518806166,41.9656448785384,0.0962710839590462,0.0775584243184682,2023.76201123484,2023.78072389448,NA
185,192,0.00643915082472524,-73.7213807890603,41.7609156130502,-74.2124433104974,42.1003784274931,0.0963497504993472,0.089910599674622,2023.7743634102,2023.78080256102,NA
174,175,0.00511346016746084,-73.4774214092891,44.3999545508925,-73.2258290767612,45.2645243785104,0.097870331561162,0.0927568713937011,2023.77720968192,2023.78232314208,NA
185,186,0.00859406796871398,-73.7213807890603,41.7609156130502,-73.8950028400872,41.8321980838652,0.098504667643336,0.089910599674622,2023.7743634102,2023.78295747817,NA
245,246,0.0192431247263622,-77.5132778420529,41.3304053190235,-76.1761229492618,43.9193069640809,0.0986577592244532,0.0794146344980909,2023.76386744502,2023.78311056975,NA
192,194,0.0025976663597409,-74.2124433104974,42.1003784274931,-74.5304726345491,42.3138836632263,0.0989474168590881,0.0963497504993472,2023.78080256102,2023.78340022738,NA
276,277,0.00339705897604836,-78.6988518806166,41.9656448785384,-79.3605354540532,41.022137471402,0.0996681429350945,0.0962710839590462,2023.78072389448,2023.78412095346,NA
194,195,0.00118118727324534,-74.5304726345491,42.3138836632263,-74.5415637285801,42.3102002326423,0.100128604132333,0.0989474168590881,2023.78340022738,2023.78458141465,NA
276,280,0.00392968749353151,-78.6988518806166,41.9656448785384,-78.5896189479473,42.3460172224576,0.100200771452578,0.0962710839590462,2023.78072389448,2023.78465358198,NA
280,281,0.00180889595585765,-78.5896189479473,42.3460172224576,-78.714682188902,42.6022719327475,0.102009667408435,0.100200771452578,2023.78465358198,2023.78646247793,NA
168,169,0.0616141192187,-75.9774191726644,43.8545190132501,-73.9180614668884,44.5167230464205,0.102435799985355,0.0408216807666548,2023.72527449129,2023.78688861051,NA
169,170,5.74639292511003e-05,-73.9180614668884,44.5167230464205,-73.9052603919363,44.5189926477594,0.102493263914606,0.102435799985355,2023.78688861051,2023.78694607444,NA
245,254,0.0237631184039139,-77.5132778420529,41.3304053190235,-76.9390644726099,42.1529726699093,0.103177752902005,0.0794146344980909,2023.76386744502,2023.78763056342,NA
228,234,0.0215478890938914,-77.1509089294728,42.5342039221666,-75.5559927189955,43.7794869281798,0.1036166087812,0.0820687196873091,2023.76652153021,2023.7880694193,NA
186,187,0.00512001089483027,-73.8950028400872,41.8321980838652,-73.8893397550554,42.004541046585,0.103624678538166,0.098504667643336,2023.78295747817,2023.78807748906,NA
281,282,0.0022479632553789,-78.714682188902,42.6022719327475,-78.4931716137291,42.8634865996249,0.104257630663814,0.102009667408435,2023.78646247793,2023.78871044119,NA
230,231,0.0135271604066493,-76.747504917897,40.3319998389922,-77.8071571589591,37.653932523026,0.104269657396063,0.0907424969894139,2023.77519530751,2023.78872246792,NA
256,257,0.0477558988648482,-76.5467709167665,42.8769870500216,-76.7271293229901,43.1578494416327,0.104474346553211,0.0567184476883623,2023.74117125821,2023.78892715708,NA
234,235,0.00104505689466816,-75.5559927189955,43.7794869281798,-75.3175069037008,44.0347692589236,0.104661665675869,0.1036166087812,2023.7880694193,2023.7891144762,NA
175,176,0.00700555445053086,-73.2258290767612,45.2645243785104,-72.9042943295707,44.1471735011502,0.104875886011693,0.097870331561162,2023.78232314208,2023.78932869653,NA
235,236,0.000564229831762852,-75.3175069037008,44.0347692589236,-75.4857750781947,43.5492910867291,0.105225895507632,0.104661665675869,2023.7891144762,2023.78967870603,NA
178,179,0.0103020497269958,-74.010169297172,43.6651940725055,-73.7642179912326,42.7599349000222,0.105655120896906,0.0953530711699104,2023.77980588169,2023.79010793142,NA
236,237,0.000477619352247549,-75.4857750781947,43.5492910867291,-75.5009830949485,43.4386908154913,0.105703514859879,0.105225895507632,2023.78967870603,2023.79015632538,NA
166,328,0.105732051352631,-76.3678662460008,43.1168218824675,-74.3195472700791,43.9034289044346,0.105732051352631,0,2023.68445281052,2023.79018486188,NA
237,241,0.00011384461820263,-75.5009830949485,43.4386908154913,-75.6217053944275,43.6745161859614,0.105817359478082,0.105703514859879,2023.79015632538,2023.79027017,NA
246,252,0.00725202524894542,-76.1761229492618,43.9193069640809,-76.1552044808289,43.9780224625449,0.105909784473399,0.0986577592244532,2023.78311056975,2023.790362595,NA
231,232,0.00165697200336234,-77.8071571589591,37.653932523026,-78.1717632607762,37.586223281474,0.105926629399426,0.104269657396063,2023.78872246792,2023.79037943992,NA
267,268,0.0292026203459922,-79.0892224594004,42.6525882348245,-79.122699307174,38.7627014736768,0.105990582666529,0.0767879623205371,2023.76124077284,2023.79044339319,NA
227,244,0.0296258996018259,-77.3119447548475,41.7938133922441,-79.3104055165177,43.0306306310405,0.106075385602392,0.076449486000566,2023.76090229652,2023.79052819613,NA
176,177,0.00727204338854459,-72.9042943295707,44.1471735011502,-72.9103159623384,44.2327863841486,0.112147929400237,0.104875886011693,2023.78932869653,2023.79660073992,NA
274,55,0.0440293154662754,-77.8147592792447,43.3688932287308,-78.2517637705059,43.0879335246326,0.118286915504774,0.0742576000384985,2023.75871041056,2023.80273972603,EPI_ISL_19490391|A/green-winged_teal/New_York/23-033302-033-original/2023|H5N1|USA-NY|2023-10-21|avian|C2.1
257,258,0.0153856834621439,-76.7271293229901,43.1578494416327,-76.8279592971782,43.0089152160753,0.119860030015354,0.104474346553211,2023.78892715708,2023.80431284054,NA
328,329,0.015113777677219,-74.3195472700791,43.9034289044346,-74.8773199678551,42.786733068922,0.12084582902985,0.105732051352631,2023.79018486188,2023.80529863955,NA
268,269,0.0277500992098424,-79.122699307174,38.7627014736768,-79.0959843534916,38.6414299648925,0.133740681876372,0.105990582666529,2023.79044339319,2023.8181934924,NA
232,233,0.0370655401205201,-78.1717632607762,37.586223281474,-76.3181138325021,39.178717971063,0.142992169519946,0.105926629399426,2023.79037943992,2023.82744498004,NA
252,253,0.0372129535934073,-76.1552044808289,43.9780224625449,-76.1855111656222,44.108226409182,0.143122738066806,0.105909784473399,2023.790362595,2023.82757554859,NA
241,242,0.0579909567470951,-75.6217053944275,43.6745161859614,-76.6594689939183,41.3854584778894,0.163808316225177,0.105817359478082,2023.79027017,2023.84826112675,NA
282,53,0.0660840793616596,-78.4931716137291,42.8634865996249,-76.3167298515439,44.4974404135595,0.170341710025474,0.104257630663814,2023.78871044119,2023.85479452055,EPI_ISL_19776007|A/Green-Winged_Teal/ON/FAV-0390-45/2023|H5N1|Canada-ON|2023-11-09|avian|C2.1
192,193,0.0762376498646575,-74.2124433104974,42.1003784274931,-75.8670950337914,38.8332807676166,0.172587400364005,0.0963497504993472,2023.78080256102,2023.85704021089,NA
275,286,0.0979213537131776,-78.4079808912074,42.0998677257937,-73.3882311665881,41.2327922131178,0.175479778031646,0.0775584243184682,2023.76201123484,2023.85993258855,NA
195,196,0.0756520992470906,-74.5415637285801,42.3102002326423,-70.5927624595561,42.7794663874145,0.175780703379424,0.100128604132333,2023.78458141465,2023.8602335139,NA
268,270,0.0711898212933719,-79.122699307174,38.7627014736768,-76.7403511532901,37.2826064679603,0.177180403959901,0.105990582666529,2023.79044339319,2023.86163321448,NA
277,278,0.0786100664012632,-79.3605354540532,41.022137471402,-72.9740335130751,43.8127788032527,0.178278209336358,0.0996681429350945,2023.78412095346,2023.86273101986,NA
258,259,0.0617015046562637,-76.8279592971782,43.0089152160753,-79.7533411401666,41.7015055404618,0.181561534671618,0.119860030015354,2023.80431284054,2023.86601434519,NA
278,279,0.00613220258205482,-72.9740335130751,43.8127788032527,-73.7022385335311,41.7109431778002,0.184410411918413,0.178278209336358,2023.86273101986,2023.86886322244,NA
258,261,0.066746968569584,-76.8279592971782,43.0089152160753,-72.0704122565208,44.673844025032,0.186606998584938,0.119860030015354,2023.80431284054,2023.87105980911,NA
176,111,0.0819041801781527,-72.9042943295707,44.1471735011502,-72.4342685687187,49.3074915850041,0.186780066189846,0.104875886011693,2023.78932869653,2023.87123287671,EPI_ISL_19776056|A/Snow_Goose/QC/FAV-0443-14/2023|H5N1|Canada-QC|2023-11-15|avian|C2.1
187,188,0.0845441214691046,-73.8893397550554,42.004541046585,-82.1503037480012,35.5329223891345,0.188168800007271,0.103624678538166,2023.78807748906,2023.87262161053,NA
193,146,0.0169323918531982,-75.8670950337914,38.8332807676166,-75.8582580130014,38.8434231772589,0.189519792217203,0.172587400364005,2023.85704021089,2023.87397260274,EPI_ISL_18741793|A/chicken/Maryland/23-036719-001/2023|H5N1|USA-MD|2023-11-16|avian|C2.1
246,247,0.0912751704558959,-76.1761229492618,43.9193069640809,-75.6467172554567,44.2576178079975,0.189932929680349,0.0986577592244532,2023.78311056975,2023.8743857402,NA
184,156,0.105537331820685,-73.7208981953856,41.7600871581672,-74.947653780807,47.0417115796892,0.194999244271918,0.089461912451233,2023.77391472297,2023.87945205479,EPI_ISL_19776066|A/Canada_Goose/QC/FAV-0422-3/2023|H5N1|Canada-QC|2023-11-18|avian|C2.1
178,154,0.0996461731020073,-74.010169297172,43.6651940725055,-80.7664135006538,27.9906624105686,0.194999244271918,0.0953530711699104,2023.77980588169,2023.87945205479,EPI_ISL_19341014|A/lesser_scaup/Florida/23-038112-015-original/2023|H5N1|USA-FL|2023-11-18|avian|C2.1
254,97,0.0918214913699129,-76.9390644726099,42.1529726699093,-80.8444601634916,28.1843557917251,0.194999244271918,0.103177752902005,2023.78763056342,2023.87945205479,EPI_ISL_19372782|A/blue-winged_teal/Florida/23-038112-097-original/2023|H5N1|USA-FL|2023-11-18|avian|C2.1
193,145,0.0251515699352703,-75.8670950337914,38.8332807676166,-75.8677658363184,38.8088778260793,0.197738970299275,0.172587400364005,2023.85704021089,2023.88219178082,EPI_ISL_18739165|A/chicken/Maryland/23-036657-001/2023|H5N1|USA-MD|2023-11-19|avian|C2.1
256,74,0.146499974665855,-76.5467709167665,42.8769870500216,-73.9474699171395,50.6884508042287,0.203218422354217,0.0567184476883623,2023.74117125821,2023.88767123288,EPI_ISL_19776084|A/Turkey/QC/FAV-0392-3/2023|H5N1|Canada-QC|2023-11-21|avian|C2.1
241,96,0.0974010628761356,-75.6217053944275,43.6745161859614,-74.2670840553449,45.9489143295225,0.203218422354217,0.105817359478082,2023.79027017,2023.88767123288,EPI_ISL_19776082|A/Snow_Goose/QC/FAV-0434-1/2023|H5N1|Canada-QC|2023-11-21|avian|C2.1
286,326,0.0294319709069659,-73.3882311665881,41.2327922131178,-73.5600951944018,41.1652040150082,0.204911748938612,0.175479778031646,2023.85993258855,2023.88936455946,NA
282,48,0.10170051771776,-78.4931716137291,42.8634865996249,-112.839261654994,51.3399975604785,0.205958148381575,0.104257630663814,2023.78871044119,2023.8904109589,EPI_ISL_19776086|A/Canada_Goose/AB/FAV-0451-2/2023|H5N1|Canada-AB|2023-11-22|avian|C2.1
169,76,0.106262074423577,-73.9180614668884,44.5167230464205,-78.7282943840585,44.5294831373284,0.208697874408932,0.102435799985355,2023.78688861051,2023.89315068493,EPI_ISL_19776089|A/Snow_Goose/ON/FAV-0457-1/2023|H5N1|Canada-ON|2023-11-23|avian|C2.1
329,163,0.0933314974340247,-74.8773199678551,42.786733068922,-80.6616709065346,27.955042146692,0.214177326463874,0.12084582902985,2023.80529863955,2023.89863013699,EPI_ISL_19341011|A/pintail/Florida/23-038109-023-original/2023|H5N1|USA-FL|2023-11-25|avian|C2.1
247,249,0.0261422537275288,-75.6467172554567,44.2576178079975,-74.0130747499498,42.6197496608181,0.216075183407878,0.189932929680349,2023.8743857402,2023.90052799393,NA
196,212,0.0468028802247271,-70.5927624595561,42.7794663874145,-70.9304946811401,43.24950801108,0.222583583604151,0.175780703379424,2023.8602335139,2023.90703639413,NA
247,248,0.0333684943199005,-75.6467172554567,44.2576178079975,-75.8509726587964,44.1798849737989,0.22330142400025,0.189932929680349,2023.8743857402,2023.90775423452,NA
281,283,0.122019140268134,-78.714682188902,42.6022719327475,-78.5370971137591,42.3380766676844,0.22402880767657,0.102009667408435,2023.78646247793,2023.9084816182,NA
196,197,0.0492457080589818,-70.5927624595561,42.7794663874145,-70.6100194770592,41.8113497193735,0.225026411438406,0.175780703379424,2023.8602335139,2023.90947922196,NA
270,271,0.052913171292359,-76.7403511532901,37.2826064679603,-78.8174313549798,33.9007676296424,0.23009357525226,0.177180403959901,2023.86163321448,2023.91454638577,NA
261,262,0.0441721018500815,-72.0704122565208,44.673844025032,-71.5316721577433,45.744457629737,0.23077910043502,0.186606998584938,2023.87105980911,2023.91523191096,NA
197,198,0.00709254704852097,-70.6100194770592,41.8113497193735,-70.6079400553625,41.8165577225655,0.232118958486927,0.225026411438406,2023.90947922196,2023.91657176901,NA
242,82,0.0695470924304266,-76.6594689939183,41.3854584778894,-77.8037364093246,42.2609640315635,0.233355408655603,0.163808316225177,2023.84826112675,2023.91780821918,EPI_ISL_19560373|A/mallard/New_York/23-038880-010-original/2023|H5N1|USA-NY|2023-12-02|avian|C2.1
248,85,0.0100539846553537,-75.8509726587964,44.1798849737989,-77.8025906193039,43.3089896425335,0.233355408655603,0.22330142400025,2023.90775423452,2023.91780821918,EPI_ISL_19560372|A/American_black_duck/New_York/23-038880-007-original/2023|H5N1|USA-NY|2023-12-02|avian|C2.1
237,238,0.127712310259515,-75.5009830949485,43.4386908154913,-71.3983065177727,44.2268387514381,0.233415825119394,0.105703514859879,2023.79015632538,2023.91786863564,NA
179,180,0.12816348941301,-73.7642179912326,42.7599349000222,-63.7809826510334,46.2743300494086,0.233818610309916,0.105655120896906,2023.79010793142,2023.91827142083,NA
198,199,0.00444000942588729,-70.6079400553625,41.8165577225655,-70.8803488069418,41.5307754637097,0.236558967912814,0.232118958486927,2023.91657176901,2023.92101177844,NA
195,213,0.13787536404863,-74.5415637285801,42.3102002326423,-71.2235067059099,42.4084892316734,0.238003968180963,0.100128604132333,2023.78458141465,2023.9224567787,NA
286,287,0.0654997938714973,-73.3882311665881,41.2327922131178,-73.5692522343007,40.2550755422168,0.240979571903143,0.175479778031646,2023.85993258855,2023.92543238243,NA
278,1,0.0632963774013178,-72.9740335130751,43.8127788032527,-72.2491609964092,44.8195154844889,0.241574586737676,0.178278209336358,2023.86273101986,2023.92602739726,EPI_ISL_19194251|A/chicken/Vermont/23-038532-001/2023|H5N1|USA-VT|2023-12-05|avian|C2.1
194,225,0.143511929001667,-74.5304726345491,42.3138836632263,-75.1374161653542,42.8893970688401,0.242459345860755,0.0989474168590881,2023.78340022738,2023.92691215638,NA
188,189,0.0547608568075329,-82.1503037480012,35.5329223891345,-80.0805392706601,35.9046002053549,0.242929656814804,0.188168800007271,2023.87262161053,2023.92738246734,NA
235,94,0.139652647089164,-75.3175069037008,44.0347692589236,-76.1829734841463,47.6974247977948,0.244314312765033,0.104661665675869,2023.7891144762,2023.92876712329,EPI_ISL_19776132|A/Canada_Goose/QC/FAV-0021-1/2024|H5N1|Canada-QC|2023-12-06|avian|C2.1
213,214,0.00785738723907131,-71.2235067059099,42.4084892316734,-71.2487083876385,42.3117957291094,0.245861355420035,0.238003968180963,2023.9224567787,2023.93031416594,NA
214,216,0.00276110673565305,-71.2487083876385,42.3117957291094,-71.2691523914517,42.4147580952534,0.248622462155688,0.245861355420035,2023.93031416594,2023.93307527268,NA
199,200,0.0121136335741589,-70.8803488069418,41.5307754637097,-70.3253598660937,41.9839929661719,0.248672601486973,0.236558967912814,2023.92101177844,2023.93312541201,NA
214,215,0.00288510192804547,-71.2487083876385,42.3117957291094,-70.8411405673895,42.6672307392984,0.24874645734808,0.245861355420035,2023.93031416594,2023.93319926787,NA
216,218,0.000266493952134517,-71.2691523914517,42.4147580952534,-71.4436812938555,42.1385421323485,0.248888956107822,0.248622462155688,2023.93307527268,2023.93334176663,NA
218,219,0.00159242012625838,-71.4436812938555,42.1385421323485,-71.437709080338,42.1678455343905,0.250481376234081,0.248888956107822,2023.93334176663,2023.93493418676,NA
287,288,0.00974211329835289,-73.5692522343007,40.2550755422168,-74.448466758709,39.2615264691288,0.250721685201496,0.240979571903143,2023.92543238243,2023.93517449572,NA
326,327,0.0460884405047842,-73.5600951944018,41.1652040150082,-73.8785303798731,40.2279511340367,0.251000189443396,0.204911748938612,2023.88936455946,2023.93545299997,NA
236,95,0.147307595339701,-75.4857750781947,43.5492910867291,-82.8380080395336,30.5695739839594,0.252533490847332,0.105225895507632,2023.78967870603,2023.93698630137,EPI_ISL_19560382|A/ring-necked_duck/Florida/23-039641-001-original/2023|H5N1|USA-FL|2023-12-09|avian|C2.1
232,105,0.146606861447907,-78.1717632607762,37.586223281474,-82.6229763278098,29.8904099635083,0.252533490847332,0.105926629399426,2023.79037943992,2023.93698630137,EPI_ISL_19560353|A/ring-necked_duck/Florida/23-040586-018-original-kf/2023|H5N1|USA-FL|2023-12-09|avian|C2.1
177,110,0.140385561447095,-72.9103159623384,44.2327863841486,-82.2732697923115,27.912052182524,0.252533490847332,0.112147929400237,2023.79660073992,2023.93698630137,EPI_ISL_19560383|A/lesser_scaup/Florida/23-039641-009-original/2023|H5N1|USA-FL|2023-12-09|avian|C2.1
329,164,0.131687661817483,-74.8773199678551,42.786733068922,-81.9522200607474,30.7346163521605,0.252533490847332,0.12084582902985,2023.80529863955,2023.93698630137,EPI_ISL_19559073|A/ring-necked_duck/Florida/23-039641-014-original/2023|H5N1|USA-FL|2023-12-09|avian|C2.1
279,2,0.0736025309836347,-73.7022385335311,41.7109431778002,-73.5964957295352,41.7016311926594,0.258012942902047,0.184410411918413,2023.86886322244,2023.94246575342,EPI_ISL_19224083|A/partridge/New_York/23-039086-005-original/2023|H5N1|USA-NY|2023-12-11|avian|C2.1
212,129,0.0381690853252534,-70.9304946811401,43.24950801108,-71.0445759348817,43.3328513500182,0.260752668929405,0.222583583604151,2023.90703639413,2023.94520547945,EPI_ISL_19736785|A/canada_goose/New_Hampshire/014129-001/2023|H5N1|USA-NH|2023-12-12|avian|C2.1
200,127,0.0120800674424316,-70.3253598660937,41.9839929661719,-70.113960637209,41.7180034381248,0.260752668929405,0.248672601486973,2023.93312541201,2023.94520547945,EPI_ISL_19736853|A/corvus_ossifragus/Massachusetts/000869-001/2023|H5N1|USA-MA|2023-12-12|avian|C2.1
244,84,0.157417009354597,-79.3104055165177,43.0306306310405,-78.1269236246672,46.5692164083584,0.263492394956989,0.106075385602392,2023.79052819613,2023.94794520548,EPI_ISL_19776144|A/Great_Horned_Owl/QC/FAV-0131-2/2024|H5N1|Canada-QC|2023-12-13|avian|C2.1
257,64,0.175456404568151,-76.7271293229901,43.1578494416327,-81.1676856057151,35.4140655600067,0.279930751121361,0.104474346553211,2023.78892715708,2023.96438356164,EPI_ISL_19559096|A/American_black_duck/North_Carolina/23-041152-003-original2/2023|H5N1|USA-NC|2023-12-19|avian|C2.1
249,90,0.0665952937408406,-74.0130747499498,42.6197496608181,-80.3013820573233,33.5716713097889,0.282670477148719,0.216075183407878,2023.90052799393,2023.96712328767,EPI_ISL_19134619|A/wood_duck/South_Carolina/W24-007E/2023|H5N1|USA-SC|2023-12-20|avian|C2.1
189,147,0.0397408203339147,-80.0805392706601,35.9046002053549,-80.2610267177172,33.7744916135539,0.282670477148719,0.242929656814804,2023.92738246734,2023.96712328767,EPI_ISL_19134599|A/wood_duck/South_Carolina/W23-970B/2023|H5N1|USA-SC|2023-12-20|avian|C2.1
229,98,0.201240487718114,-76.6902982598201,42.0740646626045,-76.5926151860602,40.7878154939968,0.285410203176076,0.0841697154579624,2023.76862252598,2023.9698630137,EPI_ISL_19288895|A/pheasant/Pennsylvania/23-040876-001-original/2023|H5N1|USA-PA|2023-12-21|avian|C2.1
175,155,0.187539871614914,-73.2258290767612,45.2645243785104,-76.1256188506703,35.5393905385568,0.285410203176076,0.097870331561162,2023.78232314208,2023.9698630137,EPI_ISL_19134600|A/wood_duck/North_Carolina/W24-011A/2023|H5N1|USA-NC|2023-12-21|avian|C2.1
218,133,0.0365212470682538,-71.4436812938555,42.1385421323485,-71.4671792635429,42.1204232617668,0.285410203176076,0.248888956107822,2023.93334176663,2023.9698630137,EPI_ISL_19736849|A/canada_goose/Massachusetts/004865-005/2023|H5N1|USA-MA|2023-12-21|avian|C2.1
271,61,0.0607960799785305,-78.8174313549798,33.9007676296424,-84.6420646796702,34.3941491697761,0.290889655230791,0.23009357525226,2023.91454638577,2023.97534246575,EPI_ISL_19095248|A/wood_duck/Georgia/W24_017/2023|H5N1|USA-GA|2023-12-23|avian|C2.1
277,4,0.193961238323281,-79.3605354540532,41.022137471402,-70.6749897871482,41.5286043070566,0.293629381258375,0.0996681429350945,2023.78412095346,2023.97808219178,EPI_ISL_19737350|A/great_black-backed_gulll/Massachusetts/000869-002/2023|H5N1|USA-MA|2023-12-24|avian|C2.1
231,106,0.200318627971742,-77.8071571589591,37.653932523026,-77.5955469932242,36.1515536310542,0.304588285367805,0.104269657396063,2023.78872246792,2023.98904109589,EPI_ISL_19660916|A/American_wigeon/North_Carolina/24-000834-003-original/2023|H5N1|USA-NC|2023-12-28|avian|C2.1
262,263,0.0800919338454958,-71.5316721577433,45.744457629737,-71.5856307752964,44.9852374419646,0.310871034280516,0.23077910043502,2023.91523191096,2023.9953238448,NA
288,289,0.0643852115446468,-74.448466758709,39.2615264691288,-73.3854690522412,41.7400262168611,0.315106896746143,0.250721685201496,2023.93517449572,2023.99955970727,NA
188,190,0.13000698390797,-82.1503037480012,35.5329223891345,-89.9774289573266,33.7533573448588,0.318175783915241,0.188168800007271,2023.87262161053,2024.00262859444,NA
238,239,0.0848046986763636,-71.3983065177727,44.2268387514381,-70.6749387016573,43.2313075189329,0.318220523795757,0.233415825119394,2023.91786863564,2024.00267333432,NA
179,162,0.212624309017682,-73.7642179912326,42.7599349000222,-76.6608059844058,48.5632166958569,0.318279429914588,0.105655120896906,2023.79010793142,2024.00273224044,EPI_ISL_19776156|A/Chicken/QC/FAV-0005-2/2024|H5N1|Canada-QC|2024-01-02|avian|C2.1
259,67,0.13671789524297,-79.7533411401666,41.7015055404618,-80.6346255873186,46.0837493789464,0.318279429914588,0.181561534671618,2023.86601434519,2024.00273224044,EPI_ISL_19776154|A/American_Crow/ON/FAV-0087-3/2024|H5N1|Canada-ON|2024-01-02|avian|C2.1
186,152,0.225239243145504,-73.8950028400872,41.8321980838652,-76.506319626034,34.9705069399767,0.32374391078884,0.098504667643336,2023.78295747817,2024.00819672131,EPI_ISL_19064404|A/wood_duck/North_Carolina/W24-026/2024|H5N1|USA-NC|2024-01-04|avian|C2.1
239,240,0.00744200229916625,-70.6749387016573,43.2313075189329,-70.5592514258799,43.6469646992571,0.325662526094923,0.318220523795757,2024.00267333432,2024.01011533662,NA
190,191,0.00851395381781755,-89.9774289573266,33.7533573448588,-90.176255923036,33.5262818966412,0.326689737733058,0.318175783915241,2024.00262859444,2024.01114254826,NA
249,250,0.113008337359609,-74.0130747499498,42.6197496608181,-71.180089990398,42.660651788549,0.329083520767487,0.216075183407878,2023.90052799393,2024.01353633129,NA
180,181,0.0997244690373187,-63.7809826510334,46.2743300494086,-63.8259416461444,46.0293008616477,0.333543079347235,0.233818610309916,2023.91827142083,2024.01799588987,NA
287,322,0.0931281369124519,-73.5692522343007,40.2550755422168,-73.1704188028332,40.6190821780472,0.334107708815595,0.240979571903143,2023.92543238243,2024.01856051934,NA
212,128,0.112089288933421,-70.9304946811401,43.24950801108,-70.8473484340417,43.4750630156579,0.334672872537572,0.222583583604151,2023.90703639413,2024.01912568306,EPI_ISL_18914528|A/chicken/Maine/24-000724-001/2024|H5N1|USA-ME|2024-01-08|avian|C2.1
181,182,0.00202739451565376,-63.8259416461444,46.0293008616477,-63.9146504344229,46.1473581155643,0.335570473862889,0.333543079347235,2024.01799588987,2024.02002328439,NA
254,108,0.234227360072694,-76.9390644726099,42.1529726699093,-80.4059919133151,33.3871783562122,0.337405112974699,0.103177752902005,2023.78763056342,2024.0218579235,EPI_ISL_19372800|A/chicken/South_Carolina/24-001707-001-original/2024|H5N1|USA-SC|2024-01-09|avian|C2.1
177,109,0.225257183574461,-72.9103159623384,44.2327863841486,-74.4165589137141,50.824263105017,0.337405112974699,0.112147929400237,2023.79660073992,2024.0218579235,EPI_ISL_19776170|A/American_Crow/QC/FAV-0050-7/2024|H5N1|Canada-QC|2024-01-09|avian|C2.1
199,113,0.100846145061884,-70.8803488069418,41.5307754637097,-70.1372594756811,44.1121437285068,0.337405112974699,0.236558967912814,2023.92101177844,2024.0218579235,EPI_ISL_19660921|A/mallard/Maine/24-002154-009-original/2024|H5N1|USA-ME|2024-01-09|avian|C2.1
189,148,0.0972076965970211,-80.0805392706601,35.9046002053549,-79.4714106762487,33.2894809417502,0.340137353411825,0.242929656814804,2023.92738246734,2024.02459016393,EPI_ISL_19064388|A/hooded_merganser/South_Carolina/W24-028/2024|H5N1|USA-SC|2024-01-10|avian|C2.1
215,144,0.0913908960637448,-70.8411405673895,42.6672307392984,-70.6281912707666,41.6193812131734,0.340137353411825,0.24874645734808,2023.93319926787,2024.02459016393,EPI_ISL_19372796|A/chicken/Massachusetts/24-001134-001-original/2024|H5N1|USA-MA|2024-01-10|avian|C2.1
271,60,0.112776018596691,-78.8174313549798,33.9007676296424,-79.1387858010288,34.0190018866625,0.342869593848951,0.23009357525226,2023.91454638577,2024.02732240437,EPI_ISL_19341025|A/chicken/South_Carolina/24-001296-005/2024|H5N1|USA-SC|2024-01-11|avian|C2.1
259,260,0.161737253317492,-79.7533411401666,41.7015055404618,-76.666590623668,42.0771432048653,0.34329878798911,0.181561534671618,2023.86601434519,2024.02775159851,NA
170,75,0.243108570371699,-73.9052603919363,44.5189926477594,-71.1999861805223,46.9142514741318,0.345601834286305,0.102493263914606,2023.78694607444,2024.03005464481,EPI_ISL_19776176|A/Red-Tailed_Hawk/QC/FAV-0237-3/2024|H5N1|Canada-QC|2024-01-12|avian|C2.1
233,104,0.202609664766359,-76.3181138325021,39.178717971063,-77.3993106361346,35.5661034493443,0.345601834286305,0.142992169519946,2023.82744498004,2024.03005464481,EPI_ISL_19134612|A/Canada_goose/North_Carolina/W24-51/2024|H5N1|USA-NC|2024-01-12|avian|C2.1
170,171,0.244003232770132,-73.9052603919363,44.5189926477594,-76.1082693606741,35.2782600992527,0.346496496684738,0.102493263914606,2023.78694607444,2024.03094930721,NA
197,112,0.123307663285025,-70.6100194770592,41.8113497193735,-70.4352108277555,41.7452246447308,0.348334074723431,0.225026411438406,2023.90947922196,2024.03278688525,EPI_ISL_19736844|A/red-tailed_hawk/Massachusetts/004865-019/2024|H5N1|USA-MA|2024-01-13|avian|C2.1
198,114,0.116215116236504,-70.6079400553625,41.8165577225655,-70.4555989613343,41.6199074878639,0.348334074723431,0.232118958486927,2023.91657176901,2024.03278688525,EPI_ISL_19736775|A/canada_goose/Massachusetts/004865-018/2024|H5N1|USA-MA|2024-01-13|avian|C2.1
171,78,0.00183757803869233,-76.1082693606741,35.2782600992527,-76.2828040486343,35.5731631355004,0.348334074723431,0.346496496684738,2024.03094930721,2024.03278688525,EPI_ISL_19490414|A/American_wigeon/North_Carolina/24-002161-002-original/2024|H5N1|USA-NC|2024-01-13|avian|C2.1
250,251,0.0204004189417292,-71.180089990398,42.660651788549,-70.828537610295,43.2250672762456,0.349483939709216,0.329083520767487,2024.01353633129,2024.03393675023,NA
289,321,0.036181462622686,-73.3854690522412,41.7400262168611,-73.6826325577266,41.9842670615442,0.351288359368829,0.315106896746143,2023.99955970727,2024.03574116989,NA
322,323,0.0245651881100445,-73.1704188028332,40.6190821780472,-70.2036448158634,42.7680878332325,0.358672896925639,0.334107708815595,2024.01856051934,2024.04312570745,NA
171,77,0.012766539787197,-76.1082693606741,35.2782600992527,-71.6298709556631,43.1475037056198,0.359263036471935,0.346496496684738,2024.03094930721,2024.04371584699,EPI_ISL_19490415|A/mallard/New_Hampshire/24-002162-001-original/2024|H5N1|USA-NH|2024-01-17|avian|C2.1
242,243,0.200049288835736,-76.6594689939183,41.3854584778894,-72.1712268807957,42.3554040845765,0.363857605060913,0.163808316225177,2023.84826112675,2024.04831041558,NA
219,220,0.119557038849946,-71.437709080338,42.1678455343905,-70.604440555617,42.3621466165466,0.370038415084027,0.250481376234081,2023.93493418676,2024.05449122561,NA
220,224,0.00453052246270857,-70.604440555617,42.3621466165466,-70.8666067745384,42.5486221364555,0.374568937546735,0.370038415084027,2024.05449122561,2024.05902174807,NA
233,103,0.232664309574974,-76.3181138325021,39.178717971063,-75.8079350063357,35.5752391108986,0.37565647909492,0.142992169519946,2023.82744498004,2024.06010928962,EPI_ISL_19134613|A/American_white_pelican/North_Carolina/W24-84/2024|H5N1|USA-NC|2024-01-23|avian|C2.1
238,99,0.142240653975526,-71.3983065177727,44.2268387514381,-69.7855618349381,44.2823246588449,0.37565647909492,0.233415825119394,2023.91786863564,2024.06010928962,EPI_ISL_19372807|A/chicken/Maine/24-002533-001-original/2024|H5N1|USA-ME|2024-01-23|avian|C2.1
220,221,0.00680425356136777,-70.604440555617,42.3621466165466,-71.0407125019163,42.6734469036343,0.376842668645394,0.370038415084027,2024.05449122561,2024.06129547917,NA
289,290,0.0669622176179056,-73.3854690522412,41.7400262168611,-69.7784765809797,43.334798356153,0.382069114364048,0.315106896746143,2023.99955970727,2024.06652192489,NA
221,222,0.00590796854186765,-71.0407125019163,42.6734469036343,-70.9857328978044,42.6476457276969,0.382750637187262,0.376842668645394,2024.06129547917,2024.06720344771,NA
222,223,0.00677965072482639,-70.9857328978044,42.6476457276969,-70.6214952970232,42.6582318023666,0.389530287912088,0.382750637187262,2024.06720344771,2024.07398309843,NA
190,150,0.0738741378026634,-89.9774289573266,33.7533573448588,-90.1660798621307,33.5370294656617,0.392049921717904,0.318175783915241,2024.00262859444,2024.07650273224,EPI_ISL_19387829|A/wood_duck/Mississippi/24-004128-011-original/2024|H5N1|USA-MS|2024-01-29|avian|C2.1
191,151,0.0653601839848459,-90.176255923036,33.5262818966412,-90.1293824408452,33.5680171172968,0.392049921717904,0.326689737733058,2024.01114254826,2024.07650273224,EPI_ISL_19387825|A/wood_duck/Mississippi/24-004128-003-original/2024|H5N1|USA-MS|2024-01-29|avian|C2.1
290,291,0.0126936820828681,-69.7784765809797,43.334798356153,-70.3563573068038,42.5900887797746,0.394762796446916,0.382069114364048,2024.06652192489,2024.07921560697,NA
269,62,0.261041480278659,-79.0959843534916,38.6414299648925,-76.7776127190006,35.1138384106633,0.39478216215503,0.133740681876372,2023.8181934924,2024.07923497268,EPI_ISL_19387833|A/green-winged_teal/North_Carolina/24-004327-001-original/2024|H5N1|USA-NC|2024-01-30|avian|C2.1
240,100,0.0691196360601068,-70.5592514258799,43.6469646992571,-70.0995115852431,44.0520316010316,0.39478216215503,0.325662526094923,2024.01011533662,2024.07923497268,EPI_ISL_19387834|A/mallard/Maine/24-004329-015-original/2024|H5N1|USA-ME|2024-01-30|avian|C2.1
251,89,0.0452982224458139,-70.828537610295,43.2250672762456,-70.609994595767,43.4133751184216,0.39478216215503,0.349483939709216,2024.03393675023,2024.07923497268,EPI_ISL_19736866|A/american_crow/Maine/014127-001/2024|H5N1|USA-ME|2024-01-30|avian|C2.1
321,39,0.0434938027862015,-73.6826325577266,41.9842670615442,-75.2097078445229,44.9001085756939,0.39478216215503,0.351288359368829,2024.03574116989,2024.07923497268,EPI_ISL_19776197|A/Canada_Goose/ON/FAV-0056-4/2024|H5N1|Canada-ON|2024-01-30|avian|C2.1
239,101,0.0792938787963992,-70.6749387016573,43.2313075189329,-68.9030915697004,46.0919316470882,0.397514402592156,0.318220523795757,2024.00267333432,2024.08196721311,EPI_ISL_19094436|A/mallard/Maine/24-004330-001/2024|H5N1|USA-ME|2024-01-31|avian|C2.1
291,296,0.00752706107149842,-70.3563573068038,42.5900887797746,-70.8106828724839,41.8899332835207,0.402289857518415,0.394762796446916,2024.07921560697,2024.08674266804,NA
263,72,0.0921078491861205,-71.5856307752964,44.9852374419646,-70.8790567986631,42.5798116991372,0.402978883466636,0.310871034280516,2023.9953238448,2024.08743169399,EPI_ISL_19372817|A/chicken/Massachusetts/24-003817-001-original/2024|H5N1|USA-MA|2024-02-02|avian|C2.1
240,102,0.0773163573717127,-70.5592514258799,43.6469646992571,-70.2907993676689,44.1981199755634,0.402978883466636,0.325662526094923,2024.01011533662,2024.08743169399,EPI_ISL_19429982|A/mallard/Maine/24-004332-010-original/2024|H5N1|USA-ME|2024-02-02|avian|C2.1
323,42,0.0443059865409967,-70.2036448158634,42.7680878332325,-72.3887424695045,43.3454809670335,0.402978883466636,0.358672896925639,2024.04312570745,2024.08743169399,EPI_ISL_19429997|A/mallard/New_Hampshire/24-004334-021-original/2024|H5N1|USA-NH|2024-02-02|avian|C2.1
243,81,0.0391212784057232,-72.1712268807957,42.3554040845765,-72.0975988727382,43.3601781486275,0.402978883466636,0.363857605060913,2024.04831041558,2024.08743169399,EPI_ISL_19430002|A/mallard/New_Hampshire/24-004334-037-original/2024|H5N1|USA-NH|2024-02-02|avian|C2.1
251,88,0.056227184194546,-70.828537610295,43.2250672762456,-70.8691027051327,43.2278002713581,0.405711123903762,0.349483939709216,2024.03393675023,2024.09016393443,SRR29740501|A/great_horned_owl/NH/24-014129-002/2024|H5N1|USA-NH|2024-02-03|avian|C2.1
321,40,0.0544227645349336,-73.6826325577266,41.9842670615442,-75.4508270838759,41.5106018752432,0.405711123903762,0.351288359368829,2024.03574116989,2024.09016393443,EPI_ISL_19372816|A/chicken/Pennsylvania/24-003804-003-original/2024|H5N1|USA-PA|2024-02-03|avian|C2.1
290,38,0.023642009539714,-69.7784765809797,43.334798356153,-71.0751740640923,42.2813237195515,0.405711123903762,0.382069114364048,2024.06652192489,2024.09016393443,EPI_ISL_19736851|A/lesser_scaup/Massachusetts/004865-003/2024|H5N1|USA-MA|2024-02-03|avian|C2.1
263,264,0.0952707889249773,-71.5856307752964,44.9852374419646,-72.347066232533,42.8377269344894,0.406141823205493,0.310871034280516,2023.9953238448,2024.09059463373,NA
327,5,0.157443174897493,-73.8785303798731,40.2279511340367,-71.4822008611121,42.0903222245079,0.408443364340888,0.251000189443396,2023.93545299997,2024.09289617486,EPI_ISL_19387832|A/mallard/Massachusetts/24-004240-009-original/2024|H5N1|USA-MA|2024-02-04|avian|C2.1
215,143,0.162429147429935,-70.8411405673895,42.6672307392984,-70.7651990043426,42.64276078715,0.411175604778015,0.24874645734808,2023.93319926787,2024.0956284153,EPI_ISL_19736781|A/canada_goose/Massachusetts/004865-010/2024|H5N1|USA-MA|2024-02-05|avian|C2.1
191,149,0.0844858670449564,-90.176255923036,33.5262818966412,-89.6938200584622,33.8556109097521,0.411175604778015,0.326689737733058,2024.01114254826,2024.0956284153,EPI_ISL_19387831|A/wood_duck/Mississippi/24-004235-003-original/2024|H5N1|USA-MS|2024-02-05|avian|C2.1
250,87,0.0820920840105275,-71.180089990398,42.660651788549,-71.1349792432294,42.6036584824558,0.411175604778015,0.329083520767487,2024.01353633129,2024.0956284153,EPI_ISL_19736782|A/canada_goose/Massachusetts/004865-009/2024|H5N1|USA-MA|2024-02-05|avian|C2.1
224,138,0.0366066672312795,-70.8666067745384,42.5486221364555,-71.1434617038271,42.8096562871331,0.411175604778015,0.374568937546735,2024.05902174807,2024.0956284153,EPI_ISL_19736846|A/canada_goose/Massachusetts/004865-007/2024|H5N1|USA-MA|2024-02-05|avian|C2.1
224,139,0.0366066672312795,-70.8666067745384,42.5486221364555,-70.900636466649,42.5722988465238,0.411175604778015,0.374568937546735,2024.05902174807,2024.0956284153,EPI_ISL_19736780|A/canada_goose/Massachusetts/004865-011/2024|H5N1|USA-MA|2024-02-05|avian|C2.1
221,136,0.0343329361326203,-71.0407125019163,42.6734469036343,-70.8231123979791,42.5639551828159,0.411175604778015,0.376842668645394,2024.06129547917,2024.0956284153,SRR29740473|A/canada_goose/MA/24-004865-013/2024|H5N1|USA-MA|2024-02-05|avian|C2.1
222,135,0.0284249675907526,-70.9857328978044,42.6476457276969,-70.7990474842021,42.7482906675078,0.411175604778015,0.382750637187262,2024.06720344771,2024.0956284153,EPI_ISL_19736776|A/canada_goose/Massachusetts/004865-016/2024|H5N1|USA-MA|2024-02-05|avian|C2.1
223,134,0.0216453168659262,-70.6214952970232,42.6582318023666,-70.9239866799897,42.697751389285,0.411175604778015,0.389530287912088,2024.07398309843,2024.0956284153,EPI_ISL_19736848|A/canada_goose/Massachusetts/004865-006/2024|H5N1|USA-MA|2024-02-05|avian|C2.1
267,63,0.337119882894604,-79.0892224594004,42.6525882348245,-82.7103484817466,35.5347658734594,0.413907845215141,0.0767879623205371,2023.76124077284,2024.09836065574,EPI_ISL_19134610|A/Canada_goose/North_Carolina/W24-90A/2024|H5N1|USA-NC|2024-02-06|avian|C2.1
283,52,0.189879037538571,-78.5370971137591,42.3380766676844,-78.4542065731375,44.8979883397324,0.413907845215141,0.22402880767657,2023.9084816182,2024.09836065574,EPI_ISL_19776212|A/American_Crow/ON/FAV-0076-9/2024|H5N1|Canada-ON|2024-02-06|avian|C2.1
288,46,0.163186160013645,-74.448466758709,39.2615264691288,-78.6757388452852,47.0035337457536,0.413907845215141,0.250721685201496,2023.93517449572,2024.09836065574,EPI_ISL_19776214|A/Great_Horned_Owl/QC/FAV-0132-3/2024|H5N1|Canada-QC|2024-02-06|avian|C2.1
243,80,0.0500502401542279,-72.1712268807957,42.3554040845765,-77.8713981711995,37.5926181527383,0.413907845215141,0.363857605060913,2024.04831041558,2024.09836065574,EPI_ISL_19430003|A/Canada_goose/Virginia/24-004375-001-original/2024|H5N1|USA-VA|2024-02-06|avian|C2.1
323,324,0.0553860018414822,-70.2036448158634,42.7680878332325,-70.7693057076937,42.5918495158133,0.414058898767122,0.358672896925639,2024.04312570745,2024.09851170929,NA
296,297,0.014778184513526,-70.8106828724839,41.8899332835207,-70.4846146496566,42.196650564588,0.417068042031941,0.402289857518415,2024.08674266804,2024.10152085255,NA
270,272,0.240882383900254,-76.7403511532901,37.2826064679603,-78.2381845299239,34.7735405635543,0.418062787860155,0.177180403959901,2023.86163321448,2024.10251559838,NA
272,59,0.00130953822923779,-78.2381845299239,34.7735405635543,-77.7864873087265,35.1680217488712,0.419372326089393,0.418062787860155,2024.10251559838,2024.10382513661,EPI_ISL_19372821|A/turkey/North_Carolina/24-004217-001-original/2024|H5N1|USA-NC|2024-02-08|avian|C2.1
180,157,0.18828595621683,-63.7809826510334,46.2743300494086,-63.8138388584526,45.2581441346865,0.422104566526747,0.233818610309916,2023.91827142083,2024.10655737705,EPI_ISL_19776229|A/American_Black_Duck/NS/FAV-0080-39/2024|H5N1|Canada-NS|2024-02-09|avian|C2.1
182,158,0.0865340926638578,-63.9146504344229,46.1473581155643,-63.4708958787205,46.3632941183155,0.422104566526747,0.335570473862889,2024.02002328439,2024.10655737705,EPI_ISL_19776231|A/American_Crow/PE/FAV-0074-1/2024|H5N1|Canada-PE|2024-02-09|avian|C2.1
297,298,0.00631252680648675,-70.4846146496566,42.196650564588,-70.740612359964,42.694011846559,0.423380568838428,0.417068042031941,2024.10152085255,2024.10783337936,NA
296,318,0.0228295621488284,-70.8106828724839,41.8899332835207,-71.1376566645463,42.2764352595801,0.425119419667243,0.402289857518415,2024.08674266804,2024.10957223019,NA
291,292,0.0350268585637319,-70.3563573068038,42.5900887797746,-70.2242642146579,42.1089747921467,0.429789655010648,0.394762796446916,2024.07921560697,2024.11424246553,NA
234,79,0.326684679056925,-75.5559927189955,43.7794869281798,-70.2921257005032,47.5709258205306,0.430301287838125,0.1036166087812,2023.7880694193,2024.11475409836,EPI_ISL_19776235|A/American_Crow/QC/FAV-0082-1/2024|H5N1|Canada-QC|2024-02-12|avian|C2.1
261,68,0.243694289253187,-72.0704122565208,44.673844025032,-71.1528060505325,42.6711669482577,0.430301287838125,0.186606998584938,2023.87105980911,2024.11475409836,EPI_ISL_19736894|A/canada_goose/Massachusetts/014126-033/2024|H5N1|USA-MA|2024-02-12|avian|C2.1
327,6,0.179301098394729,-73.8785303798731,40.2279511340367,-70.7761270144915,50.8868089588401,0.430301287838125,0.251000189443396,2023.93545299997,2024.11475409836,EPI_ISL_19776236|A/Canada_Goose/QC/FAV-0090-1/2024|H5N1|Canada-QC|2024-02-12|avian|C2.1
200,201,0.181910235069465,-70.3253598660937,41.9839929661719,-70.3845811390905,42.1410902325466,0.430582836556438,0.248672601486973,2023.93312541201,2024.11503564708,NA
328,165,0.327301476922621,-74.3195472700791,43.9034289044346,-82.0327971189807,44.3220009976125,0.433033528275251,0.105732051352631,2023.79018486188,2024.1174863388,EPI_ISL_19776239|A/Canada_Goose/ON/FAV-0081-5/2024|H5N1|Canada-ON|2024-02-13|avian|C2.1
292,294,0.00369121923977972,-70.2242642146579,42.1089747921467,-70.2233049786683,42.1103956770311,0.433480874250428,0.429789655010648,2024.11424246553,2024.11793368477,NA
182,183,0.0982344515204083,-63.9146504344229,46.1473581155643,-63.8257202037483,45.7579940686257,0.433804925383297,0.335570473862889,2024.02002328439,2024.11825773591,NA
201,202,0.00327348484279261,-70.3845811390905,42.1410902325466,-70.7019374140748,41.464933520549,0.43385632139923,0.430582836556438,2024.11503564708,2024.11830913192,NA
298,299,0.0137757026996683,-70.740612359964,42.694011846559,-70.7464083390228,42.7307070156921,0.437156271538096,0.423380568838428,2024.10783337936,2024.12160908206,NA
201,206,0.00751624325598016,-70.3845811390905,42.1410902325466,-70.2060247119245,42.1286105023222,0.438099079812418,0.430582836556438,2024.11503564708,2024.12255189033,NA
272,273,0.0202897951846703,-78.2381845299239,34.7735405635543,-77.9069543911204,34.7966304493114,0.438352583044826,0.418062787860155,2024.10251559838,2024.12280539357,NA
225,130,0.196038663288749,-75.1374161653542,42.8893970688401,-68.1749356649502,52.6666435316306,0.438498009149504,0.242459345860755,2023.92691215638,2024.12295081967,EPI_ISL_19776240|A/American_Crow/QC/FAV-0082-2/2024|H5N1|Canada-QC|2024-02-15|avian|C2.1
273,58,0.000145426104678048,-77.9069543911204,34.7966304493114,-77.8960414963805,34.7837318194595,0.438498009149504,0.438352583044826,2024.12280539357,2024.12295081967,EPI_ISL_19372827|A/turkey/North_Carolina/24-005140-002-original/2024|H5N1|USA-NC|2024-02-15|avian|C2.1
273,57,0.000145426104678048,-77.9069543911204,34.7966304493114,-77.9418808854532,34.8379977330347,0.438498009149504,0.438352583044826,2024.12280539357,2024.12295081967,EPI_ISL_19372826|A/turkey/North_Carolina/24-005140-001-original/2024|H5N1|USA-NC|2024-02-15|avian|C2.1
299,312,0.00148458696524434,-70.7464083390228,42.7307070156921,-70.7311212019454,42.7411318019607,0.43864085850334,0.437156271538096,2024.12160908206,2024.12309366903,NA
297,317,0.0216581206178689,-70.4846146496566,42.196650564588,-70.5043846580957,41.7881984594918,0.43872616264981,0.417068042031941,2024.10152085255,2024.12317897317,NA
299,300,0.00318052129610741,-70.7464083390228,42.7307070156921,-70.8386063773542,42.6194876078343,0.440336792834203,0.437156271538096,2024.12160908206,2024.12478960336,NA
300,301,0.0004774023156493,-70.8386063773542,42.6194876078343,-71.015097258333,42.480448206055,0.440814195149853,0.440336792834203,2024.12478960336,2024.12526700567,NA
206,207,0.00271512570750448,-70.2060247119245,42.1286105023222,-70.2371067848401,41.904471965108,0.440814205519922,0.438099079812418,2024.12255189033,2024.12526701604,NA
253,92,0.298107511520051,-76.1855111656222,44.108226409182,-71.1123628607056,42.3672188111955,0.441230249586857,0.143122738066806,2023.82757554859,2024.12568306011,EPI_ISL_19736831|A/canada_goose/Massachusetts/007606-008/2024|H5N1|USA-MA|2024-02-16|avian|C2.1
292,293,0.0122864423276109,-70.2242642146579,42.1089747921467,-70.4662723099941,43.0699818623304,0.442076097338259,0.429789655010648,2024.11424246553,2024.12652890786,NA
300,303,0.00248369956495331,-70.8386063773542,42.6194876078343,-71.5015310375747,42.3053299666546,0.442820492399157,0.440336792834203,2024.12478960336,2024.12727330292,NA
264,265,0.0392204630609612,-72.347066232533,42.8377269344894,-72.2810364885598,42.7203434797871,0.445362286266454,0.406141823205493,2024.09059463373,2024.12981509679,NA
303,304,0.00318748366286992,-71.5015310375747,42.3053299666546,-70.8352041409117,42.589438155254,0.446007976062027,0.442820492399157,2024.12727330292,2024.13046078658,NA
301,302,0.00576744981638283,-71.015097258333,42.480448206055,-70.7362083876294,42.9702941053199,0.446581644966235,0.440814195149853,2024.12526700567,2024.13103445549,NA
283,284,0.222575234487477,-78.5370971137591,42.3380766676844,-79.7792766490044,41.3338241441387,0.446604042164046,0.22402880767657,2023.9084816182,2024.13105685269,NA
187,153,0.343070051922943,-73.8893397550554,42.004541046585,-77.1049433588512,44.1068726269577,0.44669473046111,0.103624678538166,2023.78807748906,2024.13114754098,EPI_ISL_19776246|A/Red-Tailed_Hawk/ON/FAV-0081-1/2024|H5N1|Canada-ON|2024-02-18|avian|C2.1
225,131,0.204235384600355,-75.1374161653542,42.8893970688401,-70.1916489064359,41.7452595222846,0.44669473046111,0.242459345860755,2023.92691215638,2024.13114754098,EPI_ISL_19736810|A/great_black-backed_gull/Massachusetts/007609-010/2024|H5N1|USA-MA|2024-02-18|avian|C2.1
294,9,0.0132138562106814,-70.2233049786683,42.1103956770311,-70.5106559440496,41.770506641794,0.44669473046111,0.433480874250428,2024.11793368477,2024.13114754098,SRR29740421|A/herring_gull/MA/24-007610-001/2024|H5N1|USA-MA|2024-02-18|avian|C2.1
303,306,0.00482565372200433,-71.5015310375747,42.3053299666546,-71.5158734157412,42.1667966251065,0.447646146121161,0.442820492399157,2024.12727330292,2024.13209895664,NA
318,319,0.0227410895376162,-71.1376566645463,42.2764352595801,-71.1907305843569,42.6190963998535,0.447860509204859,0.425119419667243,2024.10957223019,2024.13231331973,NA
324,325,0.0345959153131966,-70.7693057076937,42.5918495158133,-68.5563682288192,43.9395478968227,0.448654814080318,0.414058898767122,2024.09851170929,2024.1331076246,NA
306,310,0.00200332653355101,-71.5158734157412,42.1667966251065,-71.510261984008,42.1629857120502,0.449649472654712,0.447646146121161,2024.13209895664,2024.13410228318,NA
312,316,0.0111300769148556,-70.7311212019454,42.7411318019607,-70.7506482449787,42.8758440625441,0.449770935418196,0.43864085850334,2024.12309366903,2024.13422374594,NA
306,307,0.00380092114504488,-71.5158734157412,42.1667966251065,-71.3131232932913,42.4221886866119,0.451447067266206,0.447646146121161,2024.13209895664,2024.13589987779,NA
284,285,0.00489018874443392,-79.7792766490044,41.3338241441387,-80.857553208625,40.5661716893704,0.45149423090848,0.446604042164046,2024.13105685269,2024.13594704143,NA
264,71,0.0460173881298689,-72.347066232533,42.8377269344894,-72.4987285529398,42.2228131630804,0.452159211335362,0.406141823205493,2024.09059463373,2024.13661202186,SRR29740449|A/bald_eagle/MA/24-007606-010/2024|H5N1|USA-MA|2024-02-20|avian|C2.1
307,308,0.000753006566100278,-71.3131232932913,42.4221886866119,-71.2579973211482,42.4551192758911,0.452200073832306,0.451447067266206,2024.13589987779,2024.13665288435,NA
312,313,0.0139488171268464,-70.7311212019454,42.7411318019607,-70.4354789433358,42.1482043003943,0.452589675630187,0.43864085850334,2024.12309366903,2024.13704248615,NA
310,311,0.00388502990856537,-71.510261984008,42.1629857120502,-71.4527972179027,42.3738850024844,0.453534502563277,0.449649472654712,2024.13410228318,2024.13798731309,NA
313,314,0.00162268256597109,-70.4354789433358,42.1482043003943,-70.5865876700293,41.8489063487906,0.454212358196158,0.452589675630187,2024.13704248615,2024.13866516872,NA
310,26,0.00524197911777607,-71.510261984008,42.1629857120502,-71.0421465795801,42.7510672268345,0.454891451772488,0.449649472654712,2024.13410228318,2024.1393442623,EPI_ISL_19736828|A/white-winged_scoter/Massachusetts/007607-001/2024|H5N1|USA-MA|2024-02-21|avian|C2.1
308,24,0.00269137794018193,-71.2579973211482,42.4551192758911,-71.1270383180828,42.6763642482602,0.454891451772488,0.452200073832306,2024.13665288435,2024.1393442623,EPI_ISL_19736827|A/white-winged_scoter/Massachusetts/007607-002/2024|H5N1|USA-MA|2024-02-21|avian|C2.1
319,320,0.00779651563373324,-71.1907305843569,42.6190963998535,-71.3515022997438,42.8209090807297,0.455657024838593,0.447860509204859,2024.13231331973,2024.14010983536,NA
304,305,0.0114244994105454,-70.8352041409117,42.589438155254,-70.8759370935266,42.3393854781834,0.457432475472572,0.446007976062027,2024.13046078658,2024.141885286,NA
248,86,0.234322268209365,-75.8509726587964,44.1798849737989,-76.2116801257989,43.1848101755005,0.457623692209614,0.22330142400025,2023.90775423452,2024.14207650273,EPI_ISL_19387845|A/chicken/New_York/24-005701-001-original/2024|H5N1|USA-NY|2024-02-22|avian|C2.1
285,51,0.0061294613011339,-80.857553208625,40.5661716893704,-81.0485043103273,40.2199394352448,0.457623692209614,0.45149423090848,2024.13594704143,2024.14207650273,EPI_ISL_19882171|A/peafowl/Ohio/OH24-4484-1/2024|H5N1|USA-OH|2024-02-22|avian|C2.1
308,309,0.00637701856574657,-71.2579973211482,42.4551192758911,-71.252312784599,42.4565372579541,0.458577092398053,0.452200073832306,2024.13665288435,2024.14302990292,NA
223,137,0.0708256447348793,-70.6214952970232,42.6582318023666,-69.994174340095,41.8286879505069,0.460355932646968,0.389530287912088,2024.07398309843,2024.14480874317,EPI_ISL_19736808|A/sanderling/Massachusetts/007610-003/2024|H5N1|USA-MA|2024-02-23|avian|C2.1
265,70,0.0149936463805136,-72.2810364885598,42.7203434797871,-72.1998959699361,42.7073694273008,0.460355932646968,0.445362286266454,2024.12981509679,2024.14480874317,EPI_ISL_19736761|A/bald_eagle/Massachusetts/014126-005/2024|H5N1|USA-MA|2024-02-23|avian|C2.1
265,69,0.0149936463805136,-72.2810364885598,42.7203434797871,-71.9756663478653,42.3991050737772,0.460355932646968,0.445362286266454,2024.12981509679,2024.14480874317,EPI_ISL_19736762|A/bald_eagle/Massachusetts/014126-004/2024|H5N1|USA-MA|2024-02-23|avian|C2.1
284,49,0.0137518904829214,-79.7792766490044,41.3338241441387,-80.5305495908,41.0756184237137,0.460355932646968,0.446604042164046,2024.13105685269,2024.14480874317,EPI_ISL_19387850|A/peafowl/Ohio/24-005906-001-original/2024|H5N1|USA-OH|2024-02-23|avian|C2.1
316,25,0.0105849972287719,-70.7506482449787,42.8758440625441,-71.0548465424682,42.7229406715726,0.460355932646968,0.449770935418196,2024.13422374594,2024.14480874317,EPI_ISL_19736819|A/white-winged_scoter/Massachusetts/007609-001/2024|H5N1|USA-MA|2024-02-23|avian|C2.1
285,50,0.00886170173848744,-80.857553208625,40.5661716893704,-80.7237993322413,41.0881664185872,0.460355932646968,0.45149423090848,2024.13594704143,2024.14480874317,EPI_ISL_19387851|A/poultry/Ohio/24-005906-002-original/2024|H5N1|USA-OH|2024-02-23|avian|C2.1
311,23,0.00682143008369041,-71.4527972179027,42.3738850024844,-71.8416730925098,42.3667661881868,0.460355932646968,0.453534502563277,2024.13798731309,2024.14480874317,EPI_ISL_19736760|A/white-winged_scoter/Massachusetts/014126-006/2024|H5N1|USA-MA|2024-02-23|avian|C2.1
309,18,0.00177884024891506,-71.252312784599,42.4565372579541,-71.2905534987373,42.0711693086902,0.460355932646968,0.458577092398053,2024.14302990292,2024.14480874317,SRR29740431|A/white-winged_scoter/MA/24-007609-002/2024|H5N1|USA-MA|2024-02-23|avian|C2.1
309,17,0.00177884024891506,-71.252312784599,42.4565372579541,-71.1141277066973,42.7842703977283,0.460355932646968,0.458577092398053,2024.14302990292,2024.14480874317,SRR29740430|A/white-winged_scoter/MA/24-007609-003/2024|H5N1|USA-MA|2024-02-23|avian|C2.1
206,208,0.0247804727914614,-70.2060247119245,42.1286105023222,-71.2056737722053,40.6232637468823,0.462879552603879,0.438099079812418,2024.12255189033,2024.14733236313,NA
202,120,0.0292318516848635,-70.7019374140748,41.464933520549,-70.6320640369756,41.6484718078579,0.463088173084094,0.43385632139923,2024.11830913192,2024.14754098361,EPI_ISL_19736807|A/sanderling/Massachusetts/007610-004/2024|H5N1|USA-MA|2024-02-24|avian|C2.1
314,20,0.0143402957621885,-70.5865876700293,41.8489063487906,-70.8510525129031,42.6536897532928,0.468552653958346,0.454212358196158,2024.13866516872,2024.15300546448,EPI_ISL_19736802|A/white-winged_scoter/Massachusetts/014126-003/2024|H5N1|USA-MA|2024-02-26|avian|C2.1
313,315,0.0170443787004775,-70.4354789433358,42.1482043003943,-71.0112185833509,42.3641204442553,0.469634054330664,0.452589675630187,2024.13704248615,2024.15408686485,NA
202,203,0.0369400901729872,-70.7019374140748,41.464933520549,-71.8875641878093,41.7891083882002,0.470796411572218,0.43385632139923,2024.11830913192,2024.15524922209,NA
298,14,0.0479043255570448,-70.740612359964,42.694011846559,-70.5269069806992,41.6104867921272,0.471284894395472,0.423380568838428,2024.10783337936,2024.15573770492,EPI_ISL_19736763|A/great_black-backed_gull/Massachusetts/007610-006/2024|H5N1|USA-MA|2024-02-27|avian|C2.1
302,28,0.024703249429237,-70.7362083876294,42.9702941053199,-70.3003747972977,41.7207038187179,0.471284894395472,0.446581644966235,2024.13103445549,2024.15573770492,SRR29740417|A/great_black-backed_gull/MA/24-007610-005/2024|H5N1|USA-MA|2024-02-27|avian|C2.1
307,15,0.0198378271292666,-71.3131232932913,42.4221886866119,-70.8136594306535,42.6916392989768,0.471284894395472,0.451447067266206,2024.13589987779,2024.15573770492,EPI_ISL_19736804|A/white-winged_scoter/Massachusetts/014126-002/2024|H5N1|USA-MA|2024-02-27|avian|C2.1
320,36,0.0156278695568797,-71.3515022997438,42.8209090807297,-71.4239488594599,42.8649819904377,0.471284894395472,0.455657024838593,2024.14010983536,2024.15573770492,SRR29740500|A/herring_gull/NH/24-014129-003/2024|H5N1|USA-NH|2024-02-27|avian|C2.1
203,122,0.00322072326038092,-71.8875641878093,41.7891083882002,-70.3480052445908,41.6757147350226,0.474017134832599,0.470796411572218,2024.15524922209,2024.15846994536,EPI_ISL_19736801|A/great_black-backed_gull/Massachusetts/014126-008/2024|H5N1|USA-MA|2024-02-28|avian|C2.1
294,295,0.0437156083438402,-70.2233049786683,42.1103956770311,-70.625451520546,41.9165863504512,0.477196482594268,0.433480874250428,2024.11793368477,2024.16164929312,NA
324,45,0.0654227169399567,-70.7693057076937,42.5918495158133,-70.6176369867882,41.6609203671188,0.479481615707078,0.414058898767122,2024.09851170929,2024.16393442623,EPI_ISL_19736800|A/herring_gull/Massachusetts/014126-009/2024|H5N1|USA-MA|2024-03-01|avian|C2.1
260,66,0.141647308592221,-76.666590623668,42.0771432048653,-76.0822444408653,45.3759969121781,0.484946096581331,0.34329878798911,2024.02775159851,2024.1693989071,EPI_ISL_19776268|A/Red-Tailed_Hawk/ON/FAV-0092-1/2024|H5N1|Canada-ON|2024-03-03|avian|C2.1
304,29,0.0389381205193041,-70.8352041409117,42.589438155254,-70.8542425905924,42.611115271784,0.484946096581331,0.446007976062027,2024.13046078658,2024.1693989071,EPI_ISL_19736812|A/herring_gull/Massachusetts/007609-008/2024|H5N1|USA-MA|2024-03-03|avian|C2.1
253,93,0.347287839388777,-76.1855111656222,44.108226409182,-75.9981633612829,49.5230088534528,0.490410577455583,0.143122738066806,2023.82757554859,2024.17486338798,EPI_ISL_19776272|A/American_Crow/QC/FAV-0132-5/2024|H5N1|Canada-QC|2024-03-05|avian|C2.1
260,65,0.152576270340726,-76.666590623668,42.0771432048653,-70.6019667396478,41.6807606322238,0.495875058329835,0.34329878798911,2024.02775159851,2024.18032786885,SRR29740441|A/american_crow/MA/24-007607-008/2024|H5N1|USA-MA|2024-03-07|avian|C2.1
183,161,0.0620701329465381,-63.8257202037483,45.7579940686257,-64.2784104846926,45.7962818269057,0.495875058329835,0.433804925383297,2024.11825773591,2024.18032786885,EPI_ISL_19776275|A/Herring_Gull/NS/FAV-0198/2024|H5N1|Canada-NS|2024-03-07|avian|C2.1
207,126,0.0550608528099128,-70.2371067848401,41.904471965108,-70.1927977788337,41.7130974726505,0.495875058329835,0.440814205519922,2024.12526701604,2024.18032786885,EPI_ISL_19736770|A/sanderling/Massachusetts/007607-006/2024|H5N1|USA-MA|2024-03-07|avian|C2.1
293,10,0.053798960991576,-70.4662723099941,43.0699818623304,-70.6619371088652,42.6460505317697,0.495875058329835,0.442076097338259,2024.12652890786,2024.18032786885,EPI_ISL_19736823|A/common_loon/Massachusetts/007608-006/2024|H5N1|USA-MA|2024-03-07|avian|C2.1
293,11,0.053798960991576,-70.4662723099941,43.0699818623304,-71.0181495025171,42.5217645850045,0.495875058329835,0.442076097338259,2024.12652890786,2024.18032786885,EPI_ISL_19736822|A/common_loon/Massachusetts/007608-007/2024|H5N1|USA-MA|2024-03-07|avian|C2.1
319,34,0.0480145491249758,-71.1907305843569,42.6190963998535,-71.1325015279626,42.6231943090241,0.495875058329835,0.447860509204859,2024.13231331973,2024.18032786885,EPI_ISL_19736821|A/common_loon/Massachusetts/007608-009/2024|H5N1|USA-MA|2024-03-07|avian|C2.1
208,115,0.0329955057259558,-71.2056737722053,40.6232637468823,-70.1329336205014,41.6870782815927,0.495875058329835,0.462879552603879,2024.14733236313,2024.18032786885,EPI_ISL_19737347|A/red-tailed_hawk/Massachusetts/007607-009/2024|H5N1|USA-MA|2024-03-07|avian|C2.1
295,7,0.018678575735567,-70.625451520546,41.9165863504512,-70.6083423131923,41.6619991849695,0.495875058329835,0.477196482594268,2024.16164929312,2024.18032786885,EPI_ISL_19736824|A/common_eider/Massachusetts/007607-010/2024|H5N1|USA-MA|2024-03-07|avian|C2.1
279,3,0.314196886848776,-73.7022385335311,41.7109431778002,-71.563457425274,41.6673385636968,0.498607298767189,0.184410411918413,2023.86886322244,2024.18306010929,SRR29740498|A/brandt_goose/RI/24-014130-002/2024|H5N1|USA-RI|2024-03-08|avian|C2.1
305,16,0.0411748232946169,-70.8759370935266,42.3393854781834,-71.6449531407277,41.8764661388982,0.498607298767189,0.457432475472572,2024.141885286,2024.18306010929,EPI_ISL_19736863|A/surf_scoter/Rhode_Island/014130-001/2024|H5N1|USA-RI|2024-03-08|avian|C2.1
183,160,0.0729990946952701,-63.8257202037483,45.7579940686257,-63.5700258545524,46.3601840051049,0.506804020078567,0.433804925383297,2024.11825773591,2024.1912568306,EPI_ISL_19776279|A/American_Crow/PE/FAV-0110-1/2024|H5N1|Canada-PE|2024-03-11|avian|C2.1
301,30,0.0659898249287147,-71.015097258333,42.480448206055,-71.05863628118,42.7920098174583,0.506804020078567,0.440814195149853,2024.12526700567,2024.1912568306,EPI_ISL_19736912|A/white-winged_scoter/Massachusetts/014126-014/2024|H5N1|USA-MA|2024-03-11|avian|C2.1
316,33,0.0570330846603714,-70.7506482449787,42.8758440625441,-70.8263549383954,42.7540297496859,0.506804020078567,0.449770935418196,2024.13422374594,2024.1912568306,EPI_ISL_19736911|A/common_loon/Massachusetts/014126-015/2024|H5N1|USA-MA|2024-03-11|avian|C2.1
280,54,0.409335489063116,-78.5896189479473,42.3460172224576,-77.0908681746742,43.8456321544184,0.509536260515693,0.100200771452578,2023.78465358198,2024.19398907104,EPI_ISL_19776282|A/American_Crow/ON/FAV-0097-1/2024|H5N1|Canada-ON|2024-03-12|avian|C2.1
219,140,0.261787124718739,-71.437709080338,42.1678455343905,-69.1484376470284,44.2494087433077,0.51226850095282,0.250481376234081,2023.93493418676,2024.19672131148,EPI_ISL_19094441|A/chicken/Maine/24-007946-001/2024|H5N1|USA-ME|2024-03-13|avian|C2.1
244,83,0.411657596224907,-79.3104055165177,43.0306306310405,-77.8716127088424,42.6740268678885,0.517732981827299,0.106075385602392,2023.79052819613,2024.20218579235,SRR34270257|A/bobcat/NY/24-009317-001/2024|H5N1|USA-NY|2024-03-15|feline|C2.1
322,41,0.183625273011704,-73.1704188028332,40.6190821780472,-71.1045993873546,42.2890053417304,0.517732981827299,0.334107708815595,2024.01856051934,2024.20218579235,EPI_ISL_19736888|A/red-tailed_hawk/Massachusetts/014126-040/2024|H5N1|USA-MA|2024-03-15|avian|C2.1
317,12,0.0790068191774896,-70.5043846580957,41.7881984594918,-70.94289058577,41.8536733986666,0.517732981827299,0.43872616264981,2024.12317897317,2024.20218579235,EPI_ISL_19736795|A/white-winged_scoter/Massachusetts/014126-041/2024|H5N1|USA-MA|2024-03-15|avian|C2.1
203,204,0.0480144427516658,-71.8875641878093,41.7891083882002,-71.8578240524344,41.837683098795,0.518810854323883,0.470796411572218,2024.15524922209,2024.20326366485,NA
208,209,0.0567890164611674,-71.2056737722053,40.6232637468823,-70.6368105244449,41.408635329299,0.519668569065047,0.462879552603879,2024.14733236313,2024.20412137959,NA
315,21,0.0535634083708876,-71.0112185833509,42.3641204442553,-71.4776981093283,42.5190558743885,0.523197462701552,0.469634054330664,2024.15408686485,2024.20765027322,EPI_ISL_19736909|A/great_horned_owl/Massachusetts/014126-017/2024|H5N1|USA-MA|2024-03-17|avian|C2.1
325,43,0.0772748890583597,-68.5563682288192,43.9395478968227,-70.0520230171984,41.2772054260613,0.525929703138678,0.448654814080318,2024.1331076246,2024.21038251366,EPI_ISL_19736794|A/great_black-backed_gull/Massachusetts/014126-043/2024|H5N1|USA-MA|2024-03-18|avian|C2.1
320,35,0.0730049187372113,-71.3515022997438,42.8209090807297,-70.8585218702772,42.7741168148236,0.528661943575804,0.455657024838593,2024.14010983536,2024.2131147541,SRR34270264|A/harbor_seal/MA/24-026395-001/2024|H5N1|USA-MA|2024-03-19|other_mammal|C2.1
209,119,0.0117256149478834,-70.6368105244449,41.408635329299,-70.4951432190193,41.6624014013403,0.53139418401293,0.519668569065047,2024.20412137959,2024.21584699454,SRR29740550|A/american_crow/MA/24-014126-024/2024|H5N1|USA-MA|2024-03-20|avian|C2.1
181,159,0.200583345102821,-63.8259416461444,46.0293008616477,-63.059237954568,46.3491503534715,0.534126424450056,0.333543079347235,2024.01799588987,2024.21857923497,EPI_ISL_19776291|A/American_Crow/PE/FAV-0105-1/2024|H5N1|Canada-PE|2024-03-21|avian|C2.1
315,22,0.0754213318681243,-71.0112185833509,42.3641204442553,-71.4401196113387,42.0185494789872,0.545055386198788,0.469634054330664,2024.15408686485,2024.22950819672,EPI_ISL_19736900|A/great_black-backed_gull/Massachusetts/014126-026/2024|H5N1|USA-MA|2024-03-25|avian|C2.1
295,8,0.0705911440416462,-70.625451520546,41.9165863504512,-70.7952440816923,41.7140374910531,0.547787626635915,0.477196482594268,2024.16164929312,2024.23224043716,EPI_ISL_19736891|A/common_raven/Massachusetts/014126-036/2024|H5N1|USA-MA|2024-03-26|avian|C2.1
216,217,0.301195541066939,-71.2691523914517,42.4147580952534,-71.3382402882007,42.1857439096469,0.549818003222627,0.248622462155688,2023.93307527268,2024.23427081375,NA
213,132,0.312515898892077,-71.2235067059099,42.4084892316734,-71.3187955107689,42.600212867632,0.550519867073041,0.238003968180963,2023.9224567787,2024.2349726776,EPI_ISL_19736792|A/bald_eagle/Massachusetts/014126-048/2024|H5N1|USA-MA|2024-03-27|avian|C2.1
217,141,0.000701863850413709,-71.3382402882007,42.1857439096469,-71.3290793759904,42.2774817319283,0.550519867073041,0.549818003222627,2024.23427081375,2024.2349726776,SRR29740527|A/bald_eagle/MA/24-014126-051/2024|H5N1|USA-MA|2024-03-27|avian|C2.1
217,142,0.000701863850413709,-71.3382402882007,42.1857439096469,-71.1740060535448,41.8340441533132,0.550519867073041,0.549818003222627,2024.23427081375,2024.2349726776,EPI_ISL_19736887|A/bald_eagle/Massachusetts/014126-049/2024|H5N1|USA-MA|2024-03-27|avian|C2.1
209,210,0.0378729860864183,-70.6368105244449,41.408635329299,-70.3844592361989,41.425010446189,0.557541555151465,0.519668569065047,2024.20412137959,2024.24199436567,NA
314,19,0.107236470625615,-70.5865876700293,41.8489063487906,-70.4974574672846,41.7521696427608,0.561448828821773,0.454212358196158,2024.13866516872,2024.24590163934,EPI_ISL_19736875|A/american_crow/Massachusetts/014126-063/2024|H5N1|USA-MA|2024-03-31|avian|C2.1
326,47,0.362001560757413,-73.5600951944018,41.1652040150082,-76.7339619838543,50.6148502707102,0.566913309696025,0.204911748938612,2023.88936455946,2024.25136612022,EPI_ISL_19776298|A/Peregrine_Falcon/QC/FAV-0120-1/2024|H5N1|Canada-QC|2024-04-02|avian|C2.1
210,211,0.0112734273387828,-70.3844592361989,41.425010446189,-70.9731520531298,41.8619526510653,0.568814982490248,0.557541555151465,2024.24199436567,2024.25326779301,NA
262,73,0.338866449698131,-71.5316721577433,45.744457629737,-77.5551745314038,50.9842780477883,0.569645550133151,0.23077910043502,2023.91523191096,2024.25409836066,EPI_ISL_19776299|A/Brant/QC/FAV-0121-2/2024|H5N1|Canada-QC|2024-04-03|avian|C2.1
252,91,0.466468006096879,-76.1552044808289,43.9780224625449,-72.4252713583602,47.8044697808316,0.572377790570277,0.105909784473399,2023.790362595,2024.25683060109,EPI_ISL_19776300|A/American_Crow/QC/FAV-0237-1/2024|H5N1|Canada-QC|2024-04-04|avian|C2.1
207,121,0.134295825487481,-70.2371067848401,41.904471965108,-70.5562232155173,41.5802736348193,0.575110031007404,0.440814205519922,2024.12526701604,2024.25956284153,SRR29740526|A/sanderling/MA/24-014126-052/2024|H5N1|USA-MA|2024-04-05|avian|C2.1
211,118,0.00629504851715568,-70.9731520531298,41.8619526510653,-71.0715109287139,41.8349831260588,0.575110031007404,0.568814982490248,2024.25326779301,2024.25956284153,EPI_ISL_19736880|A/sanderling/Massachusetts/014126-057/2024|H5N1|USA-MA|2024-04-05|avian|C2.1
211,117,0.00629504851715568,-70.9731520531298,41.8619526510653,-70.4434761235156,41.6074552951766,0.575110031007404,0.568814982490248,2024.25326779301,2024.25956284153,EPI_ISL_19736881|A/sanderling/Massachusetts/014126-056/2024|H5N1|USA-MA|2024-04-05|avian|C2.1
204,205,0.0616441903095671,-71.8578240524344,41.837683098795,-71.409574936725,41.4990269279576,0.580455044633451,0.518810854323883,2024.20326366485,2024.26490785516,NA
210,116,0.0339619184789228,-70.3844592361989,41.425010446189,-70.4471348826438,41.6779488960082,0.591503473630388,0.557541555151465,2024.24199436567,2024.27595628415,EPI_ISL_19736867|A/american_crow/Massachusetts/014126-073/2024|H5N1|USA-MA|2024-04-11|avian|C2.1
302,27,0.147654069101279,-70.7362083876294,42.9702941053199,-70.9552074636927,42.5726345889204,0.594235714067514,0.446581644966235,2024.13103445549,2024.27868852459,EPI_ISL_19736869|A/scoter/Massachusetts/014126-071/2024|H5N1|USA-MA|2024-04-12|avian|C2.1
311,32,0.140701211504237,-71.4527972179027,42.3738850024844,-70.758680676871,42.6791073709225,0.594235714067514,0.453534502563277,2024.13798731309,2024.27868852459,EPI_ISL_19736787|A/scoter/Massachusetts/014126-072/2024|H5N1|USA-MA|2024-04-12|avian|C2.1
204,125,0.0781571001809841,-71.8578240524344,41.837683098795,-72.6773149430641,42.5963731211065,0.596967954504868,0.518810854323883,2024.20326366485,2024.28142076503,SRR29740516|A/herring_gull/MA/24-014126-061/2024|H5N1|USA-MA|2024-04-13|avian|C2.1
317,13,0.174635234477815,-70.5043846580957,41.7881984594918,-70.4621095396151,41.7290275711748,0.613361397127625,0.43872616264981,2024.12317897317,2024.29781420765,EPI_ISL_19736889|A/american_crow/Massachusetts/014126-039/2024|H5N1|USA-MA|2024-04-19|avian|C2.1
325,44,0.170171063921786,-68.5563682288192,43.9395478968227,-65.807206651331,44.4884046659571,0.618825878002104,0.448654814080318,2024.1331076246,2024.30327868852,EPI_ISL_19776305|A/Northern_Fulmar/NS/FAV-0245-8/2024|H5N1|Canada-NS|2024-04-21|avian|C2.1
205,123,0.0438353142429061,-71.409574936725,41.4990269279576,-71.2447655703272,41.6785730645189,0.624290358876357,0.580455044633451,2024.26490785516,2024.3087431694,EPI_ISL_19736859|A/herring_gull/Rhode_Island/014130-006/2024|H5N1|USA-RI|2024-04-23|avian|C2.1
230,107,0.536280102324069,-76.747504917897,40.3319998389922,-81.842497405345,29.8371314157171,0.627022599313483,0.0907424969894139,2023.77519530751,2024.31147540984,EPI_ISL_19387861|A/domestic_duck/Florida/24-012642-001-original/2024|H5N1|USA-FL|2024-04-24|avian|C2.1
305,31,0.180519085589643,-70.8759370935266,42.3393854781834,-70.5035476261285,41.6677022066955,0.637951561062215,0.457432475472572,2024.141885286,2024.32240437158,EPI_ISL_19736873|A/american_crow/Massachusetts/014126-066/2024|H5N1|USA-MA|2024-04-28|avian|C2.1
269,56,0.506943119622969,-79.0959843534916,38.6414299648925,-92.826138137138,44.0964767981917,0.640683801499341,0.133740681876372,2023.8181934924,2024.32513661202,EPI_ISL_19430016|A/turkey/Minnesota/24-012740-002-original/2024|H5N1|USA-MN|2024-04-29|avian|C2.1
318,37,0.218296622269224,-71.1376566645463,42.2764352595801,-71.5574404141735,41.5915817495416,0.643416041936467,0.425119419667243,2024.10957223019,2024.32786885246,EPI_ISL_19430019|A/great_black-backed_gull/Rhode_Island/24-014172-002-original/2024|H5N1|USA-RI|2024-04-30|avian|C2.1
205,124,0.125802527357601,-71.409574936725,41.4990269279576,-71.5072938305384,41.4652628903976,0.706257571991051,0.580455044633451,2024.26490785516,2024.39071038251,EPI_ISL_19430021|A/herring_gull/Rhode_Island/24-016702-001-original/2024|H5N1|USA-RI|2024-05-23|avian|C2.1
