node1,node2,length,startLon,startLat,endLon,endLat,endNodeL,startNodeL,startYear,endYear,tipLabel
583,584,0.000820507694701211,-78.7332517979399,37.7449645507119,-77.4069190464163,37.497491142275,0.000820507694701211,0,2021.81394128057,2021.81476178827,NA
583,658,0.021468960024013,-78.7332517979399,37.7449645507119,-79.1034135436625,36.0455226354191,0.021468960024013,0,2021.81394128057,2021.8354102406,NA
658,676,0.021395062543031,-79.1034135436625,36.0455226354191,-79.0977437411481,35.9851665061113,0.042864022567044,0.021468960024013,2021.8354102406,2021.85680530314,NA
584,590,0.0480219973968801,-77.4069190464163,37.497491142275,-68.0913485840429,43.7750334150308,0.0488425050915813,0.000820507694701211,2021.81476178827,2021.86278378566,NA
584,585,0.0489163418098915,-77.4069190464163,37.497491142275,-71.3855462839552,40.9311343492843,0.0497368495045927,0.000820507694701211,2021.81476178827,2021.86367813008,NA
676,677,0.0106277738290175,-79.0977437411481,35.9851665061113,-78.9674939345105,35.7689686747123,0.0534917963960615,0.042864022567044,2021.85680530314,2021.86743307697,NA
677,737,0.000487150367301403,-78.9674939345105,35.7689686747123,-78.8968179930139,35.7251007972832,0.0539789467633629,0.0534917963960615,2021.86743307697,2021.86792022734,NA
658,659,0.0367765767940209,-79.1034135436625,36.0455226354191,-79.7834941412996,35.7417311883841,0.0582455368180339,0.021468960024013,2021.8354102406,2021.87218681739,NA
676,857,0.0241519251476436,-79.0977437411481,35.9851665061113,-84.8779239207665,35.9685271620077,0.0670159477146877,0.042864022567044,2021.85680530314,2021.88095722829,NA
737,738,0.0132907121477486,-78.8968179930139,35.7251007972832,-79.5413411646062,36.0398217997323,0.0672696589111115,0.0539789467633629,2021.86792022734,2021.88121093948,NA
857,858,0.000859910980112621,-84.8779239207665,35.9685271620077,-84.1192516312927,36.7146001881078,0.0678758586948003,0.0670159477146877,2021.88095722829,2021.88181713927,NA
659,660,0.0118728342094097,-79.7834941412996,35.7417311883841,-79.5155824325134,35.5726952373925,0.0701183710274436,0.0582455368180339,2021.87218681739,2021.8840596516,NA
677,678,0.016863000158388,-78.9674939345105,35.7689686747123,-79.5388967831021,35.7631646571612,0.0703547965544495,0.0534917963960615,2021.86743307697,2021.88429607713,NA
590,591,0.0217557101977632,-68.0913485840429,43.7750334150308,-68.8983550186074,43.8591772415125,0.0705982152893445,0.0488425050915813,2021.86278378566,2021.88453949586,NA
678,679,0.000775004657247669,-79.5388967831021,35.7631646571612,-79.6112445143063,35.805941227469,0.0711298012116972,0.0703547965544495,2021.88429607713,2021.88507108178,NA
858,859,0.00393446328818947,-84.1192516312927,36.7146001881078,-84.4132286201863,37.6688928672498,0.0718103219829898,0.0678758586948003,2021.88181713927,2021.88575160255,NA
660,661,0.0017592625200713,-79.5155824325134,35.5726952373925,-77.9246246715397,35.9523504536854,0.0718776335475149,0.0701183710274436,2021.8840596516,2021.88581891412,NA
678,714,0.00177202795939224,-79.5388967831021,35.7631646571612,-79.2372909787222,35.6603615555691,0.0721268245138418,0.0703547965544495,2021.88429607713,2021.88606810509,NA
661,662,0.000392270590989785,-77.9246246715397,35.9523504536854,-77.9207261727353,35.9549331129074,0.0722699041385046,0.0718776335475149,2021.88581891412,2021.88621118471,NA
859,860,0.00134201011038049,-84.4132286201863,37.6688928672498,-84.724884081291,37.56572660215,0.0731523320933702,0.0718103219829898,2021.88575160255,2021.88709361267,NA
660,665,0.00328190651421245,-79.5155824325134,35.5726952373925,-79.1388921285316,35.7538901483013,0.073400277541656,0.0701183710274436,2021.8840596516,2021.88734155811,NA
665,666,6.10099609630321e-05,-79.1388921285316,35.7538901483013,-79.1320797681355,35.7379221366178,0.073461287502619,0.073400277541656,2021.88734155811,2021.88740256807,NA
738,795,0.00688899599633386,-79.5413411646062,36.0398217997323,-78.5943784683976,35.583635018057,0.0741586549074453,0.0672696589111115,2021.88121093948,2021.88809993548,NA
858,1104,0.00648302257689082,-84.1192516312927,36.7146001881078,-82.8553276811293,35.8236967236295,0.0743588812716911,0.0678758586948003,2021.88181713927,2021.88830016184,NA
591,592,0.00378178196023393,-68.8983550186074,43.8591772415125,-69.1683208659027,43.8908985927044,0.0743799972495784,0.0705982152893445,2021.88453949586,2021.88832127782,NA
1104,1105,9.0711983837588e-05,-82.8553276811293,35.8236967236295,-82.6508044989691,35.8085596040051,0.0744495932555287,0.0743588812716911,2021.88830016184,2021.88839087383,NA
585,589,0.0247228041315497,-71.3855462839552,40.9311343492843,-71.9421768744677,41.0526329323558,0.0744596536361424,0.0497368495045927,2021.86367813008,2021.88840093421,NA
679,707,0.00360254105017321,-79.6112445143063,35.805941227469,-80.3457352678591,35.5749632239455,0.0747323422618704,0.0711298012116972,2021.88507108178,2021.88867362283,NA
795,797,0.000628313520269819,-78.5943784683976,35.583635018057,-78.4236627702032,35.4478038030032,0.0747869684277152,0.0741586549074453,2021.88809993548,2021.888728249,NA
737,802,0.021046824912063,-78.8968179930139,35.7251007972832,-79.7266211107054,35.2542100904687,0.0750257716754259,0.0539789467633629,2021.86792022734,2021.88896705225,NA
714,715,0.00308944254818644,-79.2372909787222,35.6603615555691,-77.0971497418927,35.5556462589947,0.0752162670620282,0.0721268245138418,2021.88606810509,2021.88915754763,NA
714,718,0.00314715924571751,-79.2372909787222,35.6603615555691,-78.7235033119279,35.3277953556362,0.0752739837595593,0.0721268245138418,2021.88606810509,2021.88921526433,NA
718,719,0.000250208001854935,-78.7235033119279,35.3277953556362,-78.8649123067508,35.0888814476322,0.0755241917614142,0.0752739837595593,2021.88921526433,2021.88946547233,NA
797,800,0.000935883571840046,-78.4236627702032,35.4478038030032,-78.4015468442369,35.3822957870653,0.0757228519995552,0.0747869684277152,2021.888728249,2021.88966413257,NA
1105,1115,0.0014799816134865,-82.6508044989691,35.8085596040051,-82.4606745722198,35.6618407257881,0.0759295748690152,0.0744495932555287,2021.88839087383,2021.88987085544,NA
797,798,0.00114593704892108,-78.4236627702032,35.4478038030032,-78.3537247338137,35.5081899235878,0.0759329054766362,0.0747869684277152,2021.888728249,2021.88987418605,NA
1104,1117,0.00451600426203758,-82.8553276811293,35.8236967236295,-82.2756191248263,35.7591187676204,0.0788748855337287,0.0743588812716911,2021.88830016184,2021.89281616611,NA
802,811,0.00685908174773431,-79.7266211107054,35.2542100904687,-82.0155353685794,35.7915942574584,0.0818848534231602,0.0750257716754259,2021.88896705225,2021.895826134,NA
718,723,0.0068643603024503,-78.7235033119279,35.3277953556362,-76.6705052066787,35.991171323186,0.0821383440620096,0.0752739837595593,2021.88921526433,2021.89607962463,NA
707,711,0.00763361135068341,-80.3457352678591,35.5749632239455,-80.3605410546798,35.548032977475,0.0823659536125538,0.0747323422618704,2021.88867362283,2021.89630723418,NA
662,663,0.0144068097324626,-77.9207261727353,35.9549331129074,-79.2322640425678,38.1350834070914,0.0866767138709672,0.0722699041385046,2021.88621118471,2021.90061799444,NA
666,667,0.0137061166113901,-79.1320797681355,35.7379221366178,-78.9892031218567,35.7305508920241,0.0871674041140091,0.073461287502619,2021.88740256807,2021.90110868469,NA
666,668,0.0204649854761564,-79.1320797681355,35.7379221366178,-78.6083875608965,35.9310221290712,0.0939262729787754,0.073461287502619,2021.88740256807,2021.90786755355,NA
802,803,0.0209183736265273,-79.7266211107054,35.2542100904687,-81.343648041217,32.210815272183,0.0959441453019532,0.0750257716754259,2021.88896705225,2021.90988542587,NA
803,804,0.00223284598046791,-81.343648041217,32.210815272183,-80.4320964816893,35.2391263736893,0.0981769912824211,0.0959441453019532,2021.90988542587,2021.91211827185,NA
811,814,0.0214396570918101,-82.0155353685794,35.7915942574584,-82.2025715464189,35.4435663265227,0.10332451051497,0.0818848534231602,2021.895826134,2021.91726579109,NA
803,809,0.00766299100100021,-81.343648041217,32.210815272183,-81.3381691593727,34.7283541055829,0.103607136302953,0.0959441453019532,2021.90988542587,2021.91754841687,NA
814,815,0.00180488444319393,-82.2025715464189,35.4435663265227,-82.2606760390264,35.4639385684873,0.105129394958164,0.10332451051497,2021.91726579109,2021.91907067553,NA
1117,1150,0.02640631696235,-82.2756191248263,35.7591187676204,-78.7760722046643,36.5253605585539,0.105281202496079,0.0788748855337287,2021.89281616611,2021.91922248307,NA
1105,1106,0.0333120796043131,-82.6508044989691,35.8085596040051,-77.8954570643397,33.3251870489453,0.107761672859842,0.0744495932555287,2021.88839087383,2021.92170295343,NA
815,816,0.00371547106701742,-82.2606760390264,35.4639385684873,-82.9919060550389,34.9605047420681,0.108844866025182,0.105129394958164,2021.91907067553,2021.9227861466,NA
707,708,0.0399032741097023,-80.3457352678591,35.5749632239455,-83.2228121966676,36.1749267956219,0.114635616371573,0.0747323422618704,2021.88867362283,2021.92857689694,NA
860,861,0.0501646054557712,-84.724884081291,37.56572660215,-84.879937570043,37.7068035700885,0.123316937549141,0.0731523320933702,2021.88709361267,2021.93725821812,NA
1117,1118,0.0465222399169429,-82.2756191248263,35.7591187676204,-87.2693102162638,37.3858315266654,0.125397125450672,0.0788748855337287,2021.89281616611,2021.93933840602,NA
592,593,0.0540404596583985,-69.1683208659027,43.8908985927044,-68.7880046465239,41.6659627977326,0.128420456907977,0.0743799972495784,2021.88832127782,2021.94236173748,NA
1150,1161,0.0264629455816693,-78.7760722046643,36.5253605585539,-78.8293134327273,36.3498493414225,0.131744148077748,0.105281202496079,2021.91922248307,2021.94568542865,NA
857,1162,0.0654939384218912,-84.8779239207665,35.9685271620077,-77.1549175813086,37.8960099686004,0.132509886136579,0.0670159477146877,2021.88095722829,2021.94645116671,NA
1162,1163,0.000135683023616884,-77.1549175813086,37.8960099686004,-77.1515837861109,37.8086188510388,0.132645569160196,0.132509886136579,2021.94645116671,2021.94658684973,NA
723,724,0.052882479885097,-76.6705052066787,35.991171323186,-72.8795679189186,41.3207369028327,0.135020823947107,0.0821383440620096,2021.89607962463,2021.94896210452,NA
659,673,0.0769170757230578,-79.7834941412996,35.7417311883841,-80.6782380232368,34.8045712597578,0.135162612541092,0.0582455368180339,2021.87218681739,2021.94910389311,NA
593,597,0.0130173941077436,-68.7880046465239,41.6659627977326,-67.9483831303383,41.3369492110218,0.141437851015721,0.128420456907977,2021.94236173748,2021.95537913159,NA
719,720,0.0665267356690299,-78.8649123067508,35.0888814476322,-79.7642504001644,35.8947419457873,0.142050927430444,0.0755241917614142,2021.88946547233,2021.955992208,NA
1106,1107,0.0366075848920399,-77.8954570643397,33.3251870489453,-79.2893781492631,35.2979966563437,0.144369257751882,0.107761672859842,2021.92170295343,2021.95831053832,NA
597,598,0.00670404284932014,-67.9483831303383,41.3369492110218,-69.6261956883616,41.237128143127,0.148141893865041,0.141437851015721,2021.95537913159,2021.96208317444,NA
708,710,0.0386941044555831,-83.2228121966676,36.1749267956219,-81.8889108537618,36.1062878921169,0.153329720827156,0.114635616371573,2021.92857689694,2021.9672710014,NA
1150,1151,0.0496662648581333,-78.7760722046643,36.5253605585539,-79.7114043534616,35.3285366297835,0.154947467354212,0.105281202496079,2021.91922248307,2021.96888874793,NA
1151,1152,0.000741037131970712,-79.7114043534616,35.3285366297835,-80.1211893558908,35.6068404599222,0.155688504486183,0.154947467354212,2021.96888874793,2021.96962978506,NA
724,728,0.0239803176407639,-72.8795679189186,41.3207369028327,-72.3355273274013,41.8317882434492,0.15900114158787,0.135020823947107,2021.94896210452,2021.97294242216,NA
811,812,0.0793085361273339,-82.0155353685794,35.7915942574584,-81.7716771931442,35.4981360351028,0.161193389550494,0.0818848534231602,2021.895826134,2021.97513467012,NA
668,669,0.0673109374168306,-78.6083875608965,35.9310221290712,-77.6923516780135,35.0122783835789,0.161237210395606,0.0939262729787754,2021.90786755355,2021.97517849097,NA
1152,1153,0.0056648864776836,-80.1211893558908,35.6068404599222,-79.5349213288459,35.5023122837495,0.161353390963866,0.155688504486183,2021.96962978506,2021.97529467154,NA
1106,1108,0.0537887335265214,-77.8954570643397,33.3251870489453,-77.7244276216091,32.8300335075052,0.161550406386363,0.107761672859842,2021.92170295343,2021.97549168696,NA
597,622,0.0202029402551412,-67.9483831303383,41.3369492110218,-72.7384866822456,40.8898621966097,0.161640791270862,0.141437851015721,2021.95537913159,2021.97558207184,NA
816,827,0.053024341221169,-82.9919060550389,34.9605047420681,-81.4176243486006,34.3518699589576,0.161869207246351,0.108844866025182,2021.9227861466,2021.97581048782,NA
815,828,0.0584921021029354,-82.2606760390264,35.4639385684873,-80.0969468059204,32.6173556324668,0.1636214970611,0.105129394958164,2021.91907067553,2021.97756277763,NA
1151,1158,0.00997133550842566,-79.7114043534616,35.3285366297835,-79.8641576053897,35.1353873539886,0.164918802862638,0.154947467354212,2021.96888874793,2021.97886008343,NA
861,862,0.0420290245021997,-84.879937570043,37.7068035700885,-85.1582873435289,37.6806714620663,0.165345962051341,0.123316937549141,2021.93725821812,2021.97928724262,NA
593,594,0.037124722178823,-68.7880046465239,41.6659627977326,-67.9907762149602,41.5939370690914,0.1655451790868,0.128420456907977,2021.94236173748,2021.97948645966,NA
711,712,0.0850319092700614,-80.3605410546798,35.548032977475,-81.2479918950306,35.2674715777515,0.167397862882615,0.0823659536125538,2021.89630723418,2021.98133914345,NA
669,670,0.00770760044822894,-77.6923516780135,35.0122783835789,-78.4344665469877,34.9413408927565,0.168944810843835,0.161237210395606,2021.97517849097,2021.98288609142,NA
594,595,0.00562186922337249,-67.9907762149602,41.5939370690914,-67.5536114097447,41.1766466895002,0.171167048310172,0.1655451790868,2021.97948645966,2021.98510832888,NA
862,911,0.00643965543835634,-85.1582873435289,37.6806714620663,-85.2671251760929,36.9516591132545,0.171785617489697,0.165345962051341,2021.97928724262,2021.98572689806,NA
1153,1154,0.0109309913836889,-79.5349213288459,35.5023122837495,-79.4881803862949,35.452513442074,0.172284382347555,0.161353390963866,2021.97529467154,2021.98622566292,NA
720,722,0.0302986899184942,-79.7642504001644,35.8947419457873,-77.0270647322104,33.6678030255042,0.172349617348938,0.142050927430444,2021.955992208,2021.98629089792,NA
1153,1157,0.0173732685739234,-79.5349213288459,35.5023122837495,-80.1615469250504,35.8012384858831,0.17872665953779,0.161353390963866,2021.97529467154,2021.99266794011,NA
911,926,0.00778607515056984,-85.2671251760929,36.9516591132545,-85.4629590657508,36.8702965587285,0.179571692640267,0.171785617489697,2021.98572689806,2021.99351297321,NA
809,810,0.0763236540766756,-81.3381691593727,34.7283541055829,-81.2065285351804,34.6118336904697,0.179930790379629,0.103607136302953,2021.91754841687,2021.99387207095,NA
810,513,0.000648476993829306,-81.2065285351804,34.6118336904697,-81.1905289971959,34.6180508438607,0.180579267373458,0.179930790379629,2021.99387207095,2021.99452054795,A/American_Wigeon/South_Carolina/22-000345-001/2021|H5N1|USA-SC|2021-12-30|avian|A1
810,514,0.000648476993829306,-81.2065285351804,34.6118336904697,-81.766856626297,33.5406908394053,0.180579267373458,0.179930790379629,2021.99387207095,2021.99452054795,A/American_wigeon/South_Carolina/AH0195145/2021|H5N1|USA-SC|2021-12-30|avian|A1
1158,1159,0.0160853076236002,-79.8641576053897,35.1353873539886,-79.3681821180476,34.8256198955053,0.181004110486238,0.164918802862638,2021.97886008343,2021.99494539106,NA
926,927,0.00184844116012173,-85.4629590657508,36.8702965587285,-86.090231245297,36.6569488055846,0.181420133800389,0.179571692640267,2021.99351297321,2021.99536141437,NA
927,953,0.00415300538820773,-86.090231245297,36.6569488055846,-86.450432332623,37.5517485176654,0.185573139188597,0.181420133800389,2021.99536141437,2021.99951441976,NA
670,671,0.0169625358611285,-78.4344665469877,34.9413408927565,-78.6285414288229,34.9839684793845,0.185907346704963,0.168944810843835,2021.98288609142,2021.99984862728,NA
1154,1155,0.0164096255861574,-79.4881803862949,35.452513442074,-79.2041584243815,36.0456163789918,0.188694007933713,0.172284382347555,2021.98622566292,2022.00263528851,NA
795,796,0.11461261817949,-78.5943784683976,35.583635018057,-79.4521779981835,34.5619442643645,0.188771273086935,0.0741586549074453,2021.88809993548,2022.00271255366,NA
927,928,0.00877424131735771,-86.090231245297,36.6569488055846,-86.7241589136977,39.3863837462731,0.190194375117747,0.181420133800389,2021.99536141437,2022.00413565569,NA
953,954,0.00479908661536255,-86.450432332623,37.5517485176654,-85.7413739436417,37.3895773139867,0.190372225803959,0.185573139188597,2021.99951441976,2022.00431350638,NA
812,813,0.0295365713637787,-81.7716771931442,35.4981360351028,-78.8571957399127,35.358013029894,0.190729960914273,0.161193389550494,2021.97513467012,2022.00467124149,NA
598,599,0.0429124536709167,-69.6261956883616,41.237128143127,-68.5791759197843,45.2700542318414,0.191054347535957,0.148141893865041,2021.96208317444,2022.00499562811,NA
1154,1156,0.0191134300988287,-79.4881803862949,35.452513442074,-79.5017234963358,35.1805763312768,0.191397812446384,0.172284382347555,2021.98622566292,2022.00533909302,NA
954,1050,0.00114239016102025,-85.7413739436417,37.3895773139867,-85.9111397720067,37.4842273461262,0.19151461596498,0.190372225803959,2022.00431350638,2022.00545589654,NA
592,649,0.117522226862685,-69.1683208659027,43.8908985927044,-72.7867214384306,44.3285196832692,0.191902224112263,0.0743799972495784,2021.88832127782,2022.00584350468,NA
954,955,0.00208604175342475,-85.7413739436417,37.3895773139867,-85.5106504090885,38.2346306627347,0.192458267557384,0.190372225803959,2022.00431350638,2022.00639954813,NA
828,829,0.0293176117506417,-80.0969468059204,32.6173556324668,-82.4449185910093,33.6459212289122,0.192939108811741,0.1636214970611,2021.97756277763,2022.00688038938,NA
862,863,0.0301640619113618,-85.1582873435289,37.6806714620663,-92.3029608777874,39.7554199001086,0.195510023962703,0.165345962051341,2021.97928724262,2022.00945130453,NA
711,713,0.113291831931588,-80.3605410546798,35.548032977475,-76.0693462833963,39.4421985945944,0.195657785544141,0.0823659536125538,2021.89630723418,2022.00959906612,NA
953,1098,0.011215435768917,-86.450432332623,37.5517485176654,-86.9614920591208,37.8994506315664,0.196788574957514,0.185573139188597,2021.99951441976,2022.01072985553,NA
622,623,0.0357243333711748,-72.7384866822456,40.8898621966097,-73.2346383616376,43.4557520558348,0.197365124642037,0.161640791270862,2021.97558207184,2022.01130640521,NA
1098,1101,0.000586359367030331,-86.9614920591208,37.8994506315664,-87.0524461340992,37.9560879396311,0.197374934324544,0.196788574957514,2022.01072985553,2022.0113162149,NA
863,874,0.0022703048335706,-92.3029608777874,39.7554199001086,-92.49735842913,39.725522815926,0.197780328796273,0.195510023962703,2022.00945130453,2022.01172160937,NA
715,716,0.123561759475934,-77.0971497418927,35.5556462589947,-77.0788359948184,34.9353317534364,0.198778026537962,0.0752162670620282,2021.88915754763,2022.01271930711,NA
671,672,0.0132140460886827,-78.6285414288229,34.9839684793845,-78.9868682979288,35.1268431736074,0.199121392793646,0.185907346704963,2021.99984862728,2022.01306267337,NA
1118,1119,0.0737495607237132,-87.2693102162638,37.3858315266654,-85.9635757001714,35.7408409206848,0.199146686174385,0.125397125450672,2021.93933840602,2022.01308796675,NA
860,80,0.126605017471817,-84.724884081291,37.56572660215,-81.8909309139128,34.0395299049342,0.199757349565187,0.0731523320933702,2021.88709361267,2022.01369863014,A/American_Wigeon/South_Carolina/22-001743-014/2022|H5N1|USA-SC|2022-01-06|avian|A1
804,515,0.101580358282766,-80.4320964816893,35.2391263736893,-80.6103497665671,34.6326240138075,0.199757349565187,0.0981769912824211,2021.91211827185,2022.01369863014,A/Blue-winged_and_Cinnamon_Teal/South_Carolina/22-001743-033/2022|H5N1|USA-SC|2022-01-06|avian|A1
814,551,0.0964328390502172,-82.2025715464189,35.4435663265227,-82.3162755156974,34.1932473050813,0.199757349565187,0.10332451051497,2021.91726579109,2022.01369863014,A/Gadwall/South_Carolina/22-001743-003/2022|H5N1|USA-SC|2022-01-06|avian|A1
809,512,0.096150213262234,-81.3381691593727,34.7283541055829,-81.0096256393489,32.8414350860575,0.199757349565187,0.103607136302953,2021.91754841687,2022.01369863014,A/Gadwall/South_Carolina/22-001743-004/2022|H5N1|USA-SC|2022-01-06|avian|A1
827,538,0.0378881423188369,-81.4176243486006,34.3518699589576,-81.5998356183002,33.1493771193585,0.199757349565187,0.161869207246351,2021.97581048782,2022.01369863014,A/Gadwall/South_Carolina/22-001743-008/2022|H5N1|USA-SC|2022-01-06|avian|A1
827,539,0.0378881423188369,-81.4176243486006,34.3518699589576,-82.4249022071762,33.9504135075881,0.199757349565187,0.161869207246351,2021.97581048782,2022.01369863014,A/Gadwall/South_Carolina/22-001743-002/2022|H5N1|USA-SC|2022-01-06|avian|A1
828,581,0.0361358525040878,-80.0969468059204,32.6173556324668,-79.9367995158814,34.6837434850613,0.199757349565187,0.1636214970611,2021.97756277763,2022.01369863014,A/American_Wigeon/South_Carolina/22-001743-011/2022|H5N1|USA-SC|2022-01-06|avian|A1
829,580,0.00681824075344606,-82.4449185910093,33.6459212289122,-81.7821565014152,33.5715957858122,0.199757349565187,0.192939108811741,2022.00688038938,2022.01369863014,A/Gadwall/South_Carolina/22-001743-007/2022|H5N1|USA-SC|2022-01-06|avian|A1
728,729,0.0415344994744401,-72.3355273274013,41.8317882434492,-64.3747777934859,46.7645856262401,0.200535641062311,0.15900114158787,2021.97294242216,2022.01447692163,NA
716,717,0.00235722056687027,-77.0788359948184,34.9353317534364,-76.9488952442142,35.0167848651329,0.201135247104833,0.198778026537962,2022.01271930711,2022.01507652768,NA
798,799,0.126780525898884,-78.3537247338137,35.5081899235878,-79.1068768122389,34.9445439639465,0.20271343137552,0.0759329054766362,2021.88987418605,2022.01665471195,NA
623,624,0.00663319637225823,-73.2346383616376,43.4557520558348,-72.934015117782,43.332036939324,0.203998321014295,0.197365124642037,2022.01130640521,2022.01793960159,NA
1159,1160,0.0240609296775163,-79.3681821180476,34.8256198955053,-79.491214613111,34.8273539121995,0.205065040163754,0.181004110486238,2021.99494539106,2022.01900632074,NA
715,506,0.130020534557874,-77.0971497418927,35.5556462589947,-77.5748188192727,35.3418233517398,0.205236801619902,0.0752162670620282,2021.88915754763,2022.01917808219,A/American_Wigeon/North_Carolina/22-001330-030/2022|H5N1|USA-NC|2022-01-08|avian|A1
719,537,0.129712609858488,-78.8649123067508,35.0888814476322,-78.6899527153382,34.435541646986,0.205236801619902,0.0755241917614142,2021.88946547233,2022.01917808219,A/Green-winged_Teal/North_Carolina/22-001673-001/2022|H5N1|USA-NC|2022-01-08|avian|A1
723,518,0.123098457557893,-76.6705052066787,35.991171323186,-77.5269007548818,35.828744888062,0.205236801619902,0.0821383440620096,2021.89607962463,2022.01917808219,A/American_Wigeon/North_Carolina/22-001330-001/2022|H5N1|USA-NC|2022-01-08|avian|A1
667,534,0.118069397505893,-78.9892031218567,35.7305508920241,-78.3798519704718,35.834447597327,0.205236801619902,0.0871674041140091,2021.90110868469,2022.01917808219,A/American_Wigeon/North_Carolina/22-001330-029/2022|H5N1|USA-NC|2022-01-08|avian|A1
668,524,0.111310528641127,-78.6083875608965,35.9310221290712,-79.643112832104,36.3404625339735,0.205236801619902,0.0939262729787754,2021.90786755355,2022.01917808219,A/American_Wigeon/North_Carolina/22-001672-001/2022|H5N1|USA-NC|2022-01-08|avian|A1
1161,349,0.0734926535421543,-78.8293134327273,36.3498493414225,-77.5418268536826,36.5223014301521,0.205236801619902,0.131744148077748,2021.94568542865,2022.01917808219,A/American_Wigeon/North_Carolina/22-001330-024/2022|H5N1|USA-NC|2022-01-08|avian|A1
673,533,0.0700741890788105,-80.6782380232368,34.8045712597578,-79.1286456275549,35.8704910947912,0.205236801619902,0.135162612541092,2021.94910389311,2022.01917808219,A/Gadwall/North_Carolina/22-001672-002/2022|H5N1|USA-NC|2022-01-08|avian|A1
710,481,0.0519070807927464,-81.8889108537618,36.1062878921169,-83.1439881947472,35.456467227362,0.205236801619902,0.153329720827156,2021.9672710014,2022.01917808219,A/American_Wigeon/North_Carolina/22-001330-019/2022|H5N1|USA-NC|2022-01-08|avian|A1
1152,337,0.0495482971337196,-80.1211893558908,35.6068404599222,-81.2150066511225,35.2978363627243,0.205236801619902,0.155688504486183,2021.96962978506,2022.01917808219,A/American_Wigeon/North_Carolina/22-001330-027/2022|H5N1|USA-NC|2022-01-08|avian|A1
812,479,0.0440434120694081,-81.7716771931442,35.4981360351028,-81.0623596925182,35.3894148876572,0.205236801619902,0.161193389550494,2021.97513467012,2022.01917808219,A/Gadwall/North_Carolina/22-001330-021/2022|H5N1|USA-NC|2022-01-08|avian|A1
669,523,0.0439995912242962,-77.6923516780135,35.0122783835789,-76.4506834902318,34.9076645666908,0.205236801619902,0.161237210395606,2021.97517849097,2022.01917808219,A/American_Wigeon/North_Carolina/22-001330-018/2022|H5N1|USA-NC|2022-01-08|avian|A1
1158,344,0.0403179987572646,-79.8641576053897,35.1353873539886,-78.5740147453188,35.1925048222487,0.205236801619902,0.164918802862638,2021.97886008343,2022.01917808219,A/American_Wigeon/North_Carolina/22-001330-023/2022|H5N1|USA-NC|2022-01-08|avian|A1
712,500,0.0378389387372869,-81.2479918950306,35.2674715777515,-79.8204832176049,35.9101902903313,0.205236801619902,0.167397862882615,2021.98133914345,2022.01917808219,A/American_Wigeon/North_Carolina/22-001330-012/2022|H5N1|USA-NC|2022-01-08|avian|A1
670,519,0.0362919907760673,-78.4344665469877,34.9413408927565,-78.4177562988906,35.1301197085643,0.205236801619902,0.168944810843835,2021.98288609142,2022.01917808219,A/American_Wigeon/North_Carolina/22-001330-031/2022|H5N1|USA-NC|2022-01-08|avian|A1
722,517,0.0328871842709639,-77.0270647322104,33.6678030255042,-77.8639691345392,34.581198715677,0.205236801619902,0.172349617348938,2021.98629089792,2022.01917808219,A/American_wigeon/North_Carolina/AH0182954/2022|H5N1|USA-NC|2022-01-08|avian|A1
722,516,0.0328871842709639,-77.0270647322104,33.6678030255042,-78.0875498827,34.0130556504281,0.205236801619902,0.172349617348938,2021.98629089792,2022.01917808219,A/Gadwall/North_Carolina/22-001330-032/2022|H5N1|USA-NC|2022-01-08|avian|A1
1157,340,0.0265101420821126,-80.1615469250504,35.8012384858831,-78.9613160363974,35.8851072570199,0.205236801619902,0.17872665953779,2021.99266794011,2022.01917808219,A/American_Wigeon/North_Carolina/22-001330-025/2022|H5N1|USA-NC|2022-01-08|avian|A1
1159,341,0.0242326911336644,-79.3681821180476,34.8256198955053,-80.0534069342317,35.2682855513521,0.205236801619902,0.181004110486238,2021.99494539106,2022.01917808219,A/American_Wigeon/North_Carolina/22-001330-011/2022|H5N1|USA-NC|2022-01-08|avian|A1
671,520,0.0193294549149388,-78.6285414288229,34.9839684793845,-77.1829914463057,34.691488083774,0.205236801619902,0.185907346704963,2021.99984862728,2022.01917808219,A/Northern_Shoveler/North_Carolina/22-001330-016/2022|H5N1|USA-NC|2022-01-08|avian|A1
1155,338,0.0165427936861896,-79.2041584243815,36.0456163789918,-82.0586131392172,35.6685115672827,0.205236801619902,0.188694007933713,2022.00263528851,2022.01917808219,A/American_Wigeon/North_Carolina/22-001330-015/2022|H5N1|USA-NC|2022-01-08|avian|A1
1155,346,0.0165427936861896,-79.2041584243815,36.0456163789918,-80.8272594895617,36.2845767189147,0.205236801619902,0.188694007933713,2022.00263528851,2022.01917808219,A/American_Wigeon/North_Carolina/22-001330-017/2022|H5N1|USA-NC|2022-01-08|avian|A1
796,475,0.0164655285329672,-79.4521779981835,34.5619442643645,-79.7110844832716,35.4237321152485,0.205236801619902,0.188771273086935,2022.00271255366,2022.01917808219,A/northern_shoveler/North_Carolina/AH0182913/2022|H5N1|USA-NC|2022-01-08|avian|A1
796,474,0.0164655285329672,-79.4521779981835,34.5619442643645,-80.7683062339047,35.9343736315,0.205236801619902,0.188771273086935,2022.00271255366,2022.01917808219,A/Northern_Pintail/North_Carolina/22-001330-008/2022|H5N1|USA-NC|2022-01-08|avian|A1
813,477,0.0145068407056294,-78.8571957399127,35.358013029894,-78.1187768846206,35.8185902861608,0.205236801619902,0.190729960914273,2022.00467124149,2022.01917808219,A/American_Wigeon/North_Carolina/22-001672-005/2022|H5N1|USA-NC|2022-01-08|avian|A1
813,478,0.0145068407056294,-78.8571957399127,35.358013029894,-79.65012946422,35.3785822843488,0.205236801619902,0.190729960914273,2022.00467124149,2022.01917808219,A/American_Wigeon/North_Carolina/22-001672-009/2022|H5N1|USA-NC|2022-01-08|avian|A1
1156,347,0.0138389891735183,-79.5017234963358,35.1805763312768,-79.3724113009641,35.2874580876763,0.205236801619902,0.191397812446384,2022.00533909302,2022.01917808219,A/Gadwall/North_Carolina/22-001330-004/2022|H5N1|USA-NC|2022-01-08|avian|A1
716,503,0.00645877508193993,-77.0788359948184,34.9353317534364,-76.8211610895378,35.9988524296566,0.205236801619902,0.198778026537962,2022.01271930711,2022.01917808219,A/mallard/North_Carolina/AH0182886/2022|H5N1|USA-NC|2022-01-08|avian|A1
672,522,0.00611540882625605,-78.9868682979288,35.1268431736074,-78.2231706989144,35.1235372132237,0.205236801619902,0.199121392793646,2022.01306267337,2022.01917808219,A/gadwall/North_Carolina/AH0182894/2022|H5N1|USA-NC|2022-01-08|avian|A1
672,521,0.00611540882625605,-78.9868682979288,35.1268431736074,-78.9447909304993,35.105877423886,0.205236801619902,0.199121392793646,2022.01306267337,2022.01917808219,A/American_Wigeon/North_Carolina/22-001330-009/2022|H5N1|USA-NC|2022-01-08|avian|A1
717,502,0.00410155451506966,-76.9488952442142,35.0167848651329,-76.9524260701743,34.7738985310505,0.205236801619902,0.201135247104833,2022.01507652768,2022.01917808219,A/American_Wigeon/North_Carolina/22-001329-001/2022|H5N1|USA-NC|2022-01-08|avian|A1
717,501,0.00410155451506966,-76.9488952442142,35.0167848651329,-78.1055517639708,35.4764880096196,0.205236801619902,0.201135247104833,2022.01507652768,2022.01917808219,A/American_Wigeon/North_Carolina/22-001330-028/2022|H5N1|USA-NC|2022-01-08|avian|A1
799,469,0.00252337024438221,-79.1068768122389,34.9445439639465,-79.9183828003749,35.3798047619357,0.205236801619902,0.20271343137552,2022.01665471195,2022.01917808219,A/Mallard/North_Carolina/22-001330-003/2022|H5N1|USA-NC|2022-01-08|avian|A1
799,470,0.00252337024438221,-79.1068768122389,34.9445439639465,-79.6743134012399,35.6121292281079,0.205236801619902,0.20271343137552,2022.01665471195,2022.01917808219,A/American_wigeon/North_Carolina/AH0182517/2022|H5N1|USA-NC|2022-01-08|avian|A1
1160,343,0.000171761456148167,-79.491214613111,34.8273539121995,-78.3454021277483,34.2526504327428,0.205236801619902,0.205065040163754,2022.01900632074,2022.01917808219,A/northern_pintail/North_Carolina/AH0182892/2022|H5N1|USA-NC|2022-01-08|avian|A1
1160,342,0.000171761456148167,-79.491214613111,34.8273539121995,-79.5700658979525,35.0244699897869,0.205236801619902,0.205065040163754,2022.01900632074,2022.01917808219,A/Gadwall/North_Carolina/22-001330-010/2022|H5N1|USA-NC|2022-01-08|avian|A1
623,628,0.00799823423979618,-73.2346383616376,43.4557520558348,-71.4793572473903,43.3114212095038,0.205363358881833,0.197365124642037,2022.01130640521,2022.01930463945,NA
628,630,0.000254992806691057,-71.4793572473903,43.3114212095038,-70.997588338605,43.2475201410378,0.205618351688524,0.205363358881833,2022.01930463945,2022.01955963226,NA
928,943,0.0155325763104452,-86.7241589136977,39.3863837462731,-89.0906054698302,40.7128584793336,0.205726951428192,0.190194375117747,2022.00413565569,2022.019668232,NA
874,875,0.00834860180078667,-92.49735842913,39.725522815926,-95.8429488389064,42.3951886007715,0.20612893059706,0.197780328796273,2022.01172160937,2022.02007021117,NA
724,725,0.071192013133245,-72.8795679189186,41.3207369028327,-74.7203448659437,40.4289703834694,0.206212837080352,0.135020823947107,2021.94896210452,2022.02015411765,NA
729,730,0.00648109616310744,-64.3747777934859,46.7645856262401,-64.3934326545815,45.4346126281768,0.207016737225418,0.200535641062311,2022.01447692163,2022.0209580178,NA
955,956,0.0148211045137376,-85.5106504090885,38.2346306627347,-85.5630288131541,38.5743345248816,0.207279372071122,0.192458267557384,2022.00639954813,2022.02122065264,NA
955,1025,0.0158914074140025,-85.5106504090885,38.2346306627347,-88.8818263941521,38.5919541671249,0.208349674971387,0.192458267557384,2022.00639954813,2022.02229095554,NA
943,944,0.00367951658012666,-89.0906054698302,40.7128584793336,-91.6143443128613,41.1055587100201,0.209406468008319,0.205726951428192,2022.019668232,2022.02334774858,NA
628,629,0.00548403401818787,-71.4793572473903,43.3114212095038,-71.6695998677912,43.2551171609909,0.210847392900021,0.205363358881833,2022.01930463945,2022.02478867347,NA
624,625,0.00751653885673886,-72.934015117782,43.332036939324,-70.3788649050103,43.828499575121,0.211514859871034,0.203998321014295,2022.01793960159,2022.02545614044,NA
599,600,0.0207239741768828,-68.5791759197843,45.2700542318414,-69.8835693022993,45.4504698462191,0.21177832171284,0.191054347535957,2022.00499562811,2022.02571960228,NA
1025,1026,0.00353663249409097,-88.8818263941521,38.5919541671249,-89.0979345530756,38.8385215613741,0.211886307465478,0.208349674971387,2022.02229095554,2022.02582758804,NA
599,611,0.021014578273248,-68.5791759197843,45.2700542318414,-66.3505009445792,45.3764149472885,0.212068925809205,0.191054347535957,2022.00499562811,2022.02601020638,NA
956,987,0.0050306557433033,-85.5630288131541,38.5743345248816,-85.5699094207437,38.5873313077315,0.212310027814425,0.207279372071122,2022.02122065264,2022.02625130839,NA
987,990,0.000749173732570219,-85.5699094207437,38.5873313077315,-85.0007781475044,38.3655971968295,0.213059201546995,0.212310027814425,2022.02625130839,2022.02700048212,NA
725,726,0.00738623111024439,-74.7203448659437,40.4289703834694,-74.8717512314939,40.4405869070834,0.213599068190596,0.206212837080352,2022.02015411765,2022.02754034876,NA
1050,1051,0.0225256652056205,-85.9111397720067,37.4842273461262,-85.5661205275557,37.5106426123212,0.2140402811706,0.19151461596498,2022.00545589654,2022.02798156174,NA
679,680,0.14312391457413,-79.6112445143063,35.805941227469,-79.0439692815521,42.3731396976299,0.214253715785828,0.0711298012116972,2021.88507108178,2022.02819499636,NA
730,731,0.00833153001395126,-64.3934326545815,45.4346126281768,-64.5433416359666,45.5144878865069,0.215348267239369,0.207016737225418,2022.0209580178,2022.02928954781,NA
1050,1066,0.0241965417795302,-85.9111397720067,37.4842273461262,-87.1270276173797,36.1842613913331,0.21571115774451,0.19151461596498,2022.00545589654,2022.02965243832,NA
594,67,0.0506505266427592,-67.9907762149602,41.5939370690914,-65.0128640388079,43.9553028573337,0.216195705729559,0.1655451790868,2021.97948645966,2022.0301369863,A/Canada_Goose/NS/FAV-0054-1/2022|H5N1|Canada-NS|2022-01-12|avian|A1
1051,1054,0.00235935329971704,-85.5661205275557,37.5106426123212,-86.0786634789445,37.2809027389212,0.216399634470317,0.2140402811706,2022.02798156174,2022.03034091504,NA
956,957,0.00914550587849372,-85.5630288131541,38.5743345248816,-85.1124758550653,38.4675315933705,0.216424877949615,0.207279372071122,2022.02122065264,2022.03036615852,NA
944,945,0.00780179691716776,-91.6143443128613,41.1055587100201,-91.6936839911217,40.8849668750266,0.217208264925486,0.209406468008319,2022.02334774858,2022.0311495455,NA
1066,1075,0.00247648179314985,-87.1270276173797,36.1842613913331,-87.3688038200843,36.0975342972807,0.21818763953766,0.21571115774451,2022.02965243832,2022.03212892011,NA
630,631,0.0131664303879617,-70.997588338605,43.2475201410378,-71.3776610624088,43.2906199500802,0.218784782076486,0.205618351688524,2022.01955963226,2022.03272606265,NA
1075,1078,0.00082776707150467,-87.3688038200843,36.0975342972807,-87.8410474043046,36.3707226262962,0.219015406609164,0.21818763953766,2022.03212892011,2022.03295668718,NA
600,601,0.00774777293223794,-69.8835693022993,45.4504698462191,-66.869278545637,44.69904554022,0.219526094645078,0.21177832171284,2022.02571960228,2022.03346737522,NA
720,721,0.0778860470744649,-79.7642504001644,35.8947419457873,-79.8365294435502,35.9443035959127,0.219936974504909,0.142050927430444,2021.955992208,2022.03387825508,NA
1078,1079,0.00180660053561132,-87.8410474043046,36.3707226262962,-88.6909182008415,35.9363120470638,0.220822007144776,0.219015406609164,2022.03295668718,2022.03476328772,NA
631,632,0.00255813732330212,-71.3776610624088,43.2906199500802,-71.6434881233081,43.3111375655479,0.221342919399788,0.218784782076486,2022.03272606265,2022.03528419997,NA
911,912,0.0495660444503352,-85.2671251760929,36.9516591132545,-83.8626271676504,36.2401353919547,0.221351661940033,0.171785617489697,2021.98572689806,2022.03529294251,NA
1119,1120,0.0230596661651491,-85.9635757001714,35.7408409206848,-89.5253227114747,36.5638996891673,0.222206352339534,0.199146686174385,2022.01308796675,2022.03614763291,NA
680,682,0.00837019455147425,-79.0439692815521,42.3731396976299,-78.750539532396,42.1224933505279,0.222623910337302,0.214253715785828,2022.02819499636,2022.03656519091,NA
990,991,0.00967929432333148,-85.0007781475044,38.3655971968295,-83.1225894118114,39.6855633953228,0.222738495870327,0.213059201546995,2022.02700048212,2022.03667977644,NA
863,864,0.0272728958912415,-92.3029608777874,39.7554199001086,-91.7125633839114,39.6111811990991,0.222782919853944,0.195510023962703,2022.00945130453,2022.03672420043,NA
1079,1080,0.00303069765650765,-88.6909182008415,35.9363120470638,-87.6647607605579,34.9532718006922,0.223852704801283,0.220822007144776,2022.03476328772,2022.03779398537,NA
1107,328,0.0800456260597496,-79.2893781492631,35.2979966563437,-80.5826372169655,36.2070289474789,0.224414883811631,0.144369257751882,2021.95831053832,2022.03835616438,A/Gadwall/North_Carolina/22-001996-001/2022|H5N1|USA-NC|2022-01-15|avian|A1
1157,339,0.0456882242738417,-80.1615469250504,35.8012384858831,-80.1398315591683,36.1452597194253,0.224414883811631,0.17872665953779,2021.99266794011,2022.03835616438,A/Gadwall/North_Carolina/22-002491-002/2022|H5N1|USA-NC|2022-01-15|avian|A1
912,919,0.0031319083949114,-83.8626271676504,36.2401353919547,-83.9698421590307,36.5808334404596,0.224483570334944,0.221351661940033,2022.03529294251,2022.03842485091,NA
1026,1027,0.0129094895046556,-89.0979345530756,38.8385215613741,-88.8759716837669,38.7028452760306,0.224795796970133,0.211886307465478,2022.02582758804,2022.03873707754,NA
991,992,0.00209006277188362,-83.1225894118114,39.6855633953228,-83.7661481589434,39.6155062296306,0.22482855864221,0.222738495870327,2022.03667977644,2022.03876983921,NA
1080,1081,0.00179974925012161,-87.6647607605579,34.9532718006922,-88.9212503458507,35.1214398760868,0.225652454051405,0.223852704801283,2022.03779398537,2022.03959373462,NA
1054,1059,0.009833180937452,-86.0786634789445,37.2809027389212,-86.5271983201011,35.6801623688815,0.226232815407769,0.216399634470317,2022.03034091504,2022.04017409598,NA
874,895,0.0295124912039585,-92.49735842913,39.725522815926,-91.3733368436971,39.9916604354374,0.227292820000232,0.197780328796273,2022.01172160937,2022.04123410057,NA
895,896,0.000160979570096975,-91.3733368436971,39.9916604354374,-91.3443584017613,39.9954869460999,0.227453799570329,0.227292820000232,2022.04123410057,2022.04139508014,NA
649,650,0.0355977450022011,-72.7867214384306,44.3285196832692,-71.670547050185,43.8576657818373,0.227499969114464,0.191902224112263,2022.00584350468,2022.04144124969,NA
919,920,0.00363388940195564,-83.9698421590307,36.5808334404596,-83.8083019395549,36.502742129448,0.2281174597369,0.224483570334944,2022.03842485091,2022.04205874031,NA
864,865,0.00542069646194265,-91.7125633839114,39.6111811990991,-92.5911562862727,39.4489935091581,0.228203616315887,0.222782919853944,2022.03672420043,2022.04214489689,NA
895,902,0.00263983557641578,-91.3733368436971,39.9916604354374,-91.9682160784604,39.6440562347809,0.229932655576648,0.227292820000232,2022.04123410057,2022.04387393615,NA
1081,1082,0.00493067645471068,-88.9212503458507,35.1214398760868,-88.8292160712798,35.0776180576183,0.230583130506116,0.225652454051405,2022.03959373462,2022.04452441108,NA
1026,1041,0.0192896845663397,-89.0979345530756,38.8385215613741,-88.7740517245488,38.6801107448727,0.231175992031817,0.211886307465478,2022.02582758804,2022.0451172726,NA
928,929,0.0427768518210095,-86.7241589136977,39.3863837462731,-85.563615560416,38.7252911471679,0.232971226938756,0.190194375117747,2022.00413565569,2022.04691250751,NA
1066,1067,0.0178776848273302,-87.1270276173797,36.1842613913331,-87.4834509470862,35.8789170179267,0.23358884257184,0.21571115774451,2022.02965243832,2022.04753012314,NA
1082,1085,0.00315426239592997,-88.8292160712798,35.0776180576183,-88.3750612883686,34.9240542774285,0.233737392902046,0.230583130506116,2022.04452441108,2022.04767867347,NA
1085,1086,0.000788820465367768,-88.3750612883686,34.9240542774285,-87.0922237463562,35.2119548431208,0.234526213367413,0.233737392902046,2022.04767867347,2022.04846749394,NA
800,801,0.159287451514423,-78.4015468442369,35.3822957870653,-75.5855083741522,39.1718777552136,0.235010303513979,0.0757228519995552,2021.88966413257,2022.04895158409,NA
1162,77,0.102863901784709,-77.1549175813086,37.8960099686004,-78.8841087411044,36.9930310790994,0.235373787921288,0.132509886136579,2021.94645116671,2022.04931506849,A/Green-winged_Teal/Virginia/22-002768-003/2022|H5N1|USA-VA|2022-01-19|avian|A1
1082,1083,0.00528681853375412,-88.8292160712798,35.0776180576183,-87.9329256748062,35.1089726966883,0.23586994903987,0.230583130506116,2022.04452441108,2022.04981122961,NA
945,946,0.0190051920011634,-91.6936839911217,40.8849668750266,-99.2199092887256,38.8518678230191,0.23621345692665,0.217208264925486,2022.0311495455,2022.0501547375,NA
630,644,0.0308554843939916,-70.997588338605,43.2475201410378,-73.4374759959456,43.1658038099,0.236473836082515,0.205618351688524,2022.01955963226,2022.05041511665,NA
1025,1048,0.028641410608277,-88.8818263941521,38.5919541671249,-88.6714704115265,36.2117610438276,0.236991085579664,0.208349674971387,2022.02229095554,2022.05093236615,NA
929,930,0.00429660716818647,-85.563615560416,38.7252911471679,-84.5808127536449,38.5327757185065,0.237267834106943,0.232971226938756,2022.04691250751,2022.05120911468,NA
1078,1095,0.0185357555744801,-87.8410474043046,36.3707226262962,-87.4586472857861,36.3406852013124,0.237551162183644,0.219015406609164,2022.03295668718,2022.05149244276,NA
595,596,0.0663995380969826,-67.5536114097447,41.1766466895002,-65.3848873832546,43.8221558813806,0.237566586407155,0.171167048310172,2021.98510832888,2022.05150786698,NA
946,948,0.00175608837235575,-99.2199092887256,38.8518678230191,-99.1070348704203,38.7076256662591,0.237969545299005,0.23621345692665,2022.0501547375,2022.05191082587,NA
1041,1042,0.00705484860878858,-88.7740517245488,38.6801107448727,-89.1764264462867,38.9860434941538,0.238230840640606,0.231175992031817,2022.0451172726,2022.05217212121,NA
902,903,0.00832611329450594,-91.9682160784604,39.6440562347809,-93.0738574050644,40.0363504943572,0.238258768871154,0.229932655576648,2022.04387393615,2022.05220004944,NA
601,607,0.0187936673690559,-66.869278545637,44.69904554022,-67.3095066047769,44.6523075434053,0.238319762014134,0.219526094645078,2022.03346737522,2022.05226104259,NA
875,885,0.0325724460979864,-95.8429488389064,42.3951886007715,-96.1703117316651,43.0654254277147,0.238701376695047,0.20612893059706,2022.02007021117,2022.05264265727,NA
624,627,0.0353214079080407,-72.934015117782,43.332036939324,-71.5472117870401,44.8396480492996,0.239319728922336,0.203998321014295,2022.01793960159,2022.05326100949,NA
987,988,0.027426070876459,-85.5699094207437,38.5873313077315,-87.0102510811509,40.547296220102,0.239736098690884,0.212310027814425,2022.02625130839,2022.05367737926,NA
1067,1068,0.00614738726122577,-87.4834509470862,35.8789170179267,-87.2659562816882,35.7135769005427,0.239736229833066,0.23358884257184,2022.04753012314,2022.0536775104,NA
1081,1090,0.0145099001104632,-88.9212503458507,35.1214398760868,-88.8770336030134,35.5939832421254,0.240162354161868,0.225652454051405,2022.03959373462,2022.05410363473,NA
1041,1044,0.00933103341852637,-88.7740517245488,38.6801107448727,-91.6253994384539,39.2957243575744,0.240507025450344,0.231175992031817,2022.0451172726,2022.05444830602,NA
1042,1043,0.00241402135246138,-89.1764264462867,38.9860434941538,-89.5054234004492,39.3522047987622,0.240644861993067,0.238230840640606,2022.05217212121,2022.05458614256,NA
662,535,0.168583335837726,-77.9207261727353,35.9549331129074,-77.2352304377719,35.7005467515926,0.24085323997623,0.0722699041385046,2021.88621118471,2022.05479452055,A/Snow_Goose/North_Carolina/22-003496-007/2022|H5N1|USA-NC|2022-01-21|avian|A1
1086,1087,0.00656170579174242,-87.0922237463562,35.2119548431208,-87.2401549550174,35.7965889757124,0.241087919159156,0.234526213367413,2022.04846749394,2022.05502919973,NA
591,655,0.170707662610149,-68.8983550186074,43.8591772415125,-64.4331422239411,44.9399644259328,0.241305877899494,0.0705982152893445,2021.88453949586,2022.05524715847,NA
1083,1084,0.0062218602286287,-87.9329256748062,35.1089726966883,-87.2933821753455,35.5953739860805,0.242091809268498,0.23586994903987,2022.04981122961,2022.05603308984,NA
1068,1069,0.00254745899169972,-87.2659562816882,35.7135769005427,-87.5403811655987,35.5832048660029,0.242283688824765,0.239736229833066,2022.0536775104,2022.0562249694,NA
1027,1030,0.0175456146956061,-88.8759716837669,38.7028452760306,-89.0826509534891,39.7998129100279,0.242341411665739,0.224795796970133,2022.03873707754,2022.05628269224,NA
598,621,0.0943606415669415,-69.6261956883616,41.237128143127,-73.1389371705271,40.7575662810736,0.242502535431982,0.148141893865041,2021.96208317444,2022.056443816,NA
804,805,0.144357657359724,-80.4320964816893,35.2391263736893,-83.0841120958678,32.7272740879284,0.242534648642145,0.0981769912824211,2021.91211827185,2022.05647592921,NA
1086,1089,0.00853499225186527,-87.0922237463562,35.2119548431208,-85.416688661834,35.6464956921036,0.243061205619279,0.234526213367413,2022.04846749394,2022.05700248619,NA
611,616,0.0312112158320806,-66.3505009445792,45.3764149472885,-68.3087492328839,47.4390870323714,0.243280141641286,0.212068925809205,2022.02601020638,2022.05722142221,NA
1030,1036,0.000947076835218219,-89.0826509534891,39.7998129100279,-89.2058585035839,39.6007388109201,0.243288488500958,0.242341411665739,2022.05628269224,2022.05722976907,NA
708,709,0.128761687977014,-83.2228121966676,36.1749267956219,-76.3302772469752,39.7412956537911,0.243397304348587,0.114635616371573,2021.92857689694,2022.05733858492,NA
710,480,0.090263245176432,-81.8889108537618,36.1062878921169,-79.2121715579244,36.182400922404,0.243592966003588,0.153329720827156,2021.9672710014,2022.05753424658,A/Gadwall/North_Carolina/22-003150-010/2022|H5N1|USA-NC|2022-01-22|avian|A1
1108,329,0.0820425596172246,-77.7244276216091,32.8300335075052,-81.0983786263936,25.4434757870322,0.243592966003588,0.161550406386363,2021.97549168696,2022.05753424658,A/Blue-winged_Teal/Florida/22-002578-009/2022|H5N1|USA-FL|2022-01-22|avian|A1
1156,345,0.0521951535572039,-79.5017234963358,35.1805763312768,-80.1551137373975,35.9760543065966,0.243592966003588,0.191397812446384,2022.00533909302,2022.05753424658,A/American_Wigeon/North_Carolina/22-003150-006/2022|H5N1|USA-NC|2022-01-22|avian|A1
1068,1071,0.00400550085435492,-87.2659562816882,35.7135769005427,-87.3811999329131,36.5194178210128,0.243741730687421,0.239736229833066,2022.0536775104,2022.05768301126,NA
731,732,0.0285272841868222,-64.5433416359666,45.5144878865069,-72.7670565539589,44.6770623137365,0.243875551426191,0.215348267239369,2022.02928954781,2022.057816832,NA
622,645,0.082261358262176,-72.7384866822456,40.8898621966097,-72.7909071428277,41.8841779034311,0.243902149533038,0.161640791270862,2021.97558207184,2022.0578434301,NA
1069,1070,0.00187717037548318,-87.5403811655987,35.5832048660029,-87.7008567360582,35.3104443469583,0.244160859200249,0.242283688824765,2022.0562249694,2022.05810213977,NA
1075,1076,0.0260477679834393,-87.3688038200843,36.0975342972807,-86.4272752724499,35.7890220175586,0.244235407521099,0.21818763953766,2022.03212892011,2022.05817668809,NA
1059,1064,0.0180427404538952,-86.5271983201011,35.6801623688815,-87.0465750751623,36.065560114385,0.244275555861664,0.226232815407769,2022.04017409598,2022.05821683643,NA
1048,1049,0.00766462619847408,-88.6714704115265,36.2117610438276,-88.6583046328046,36.1418247889949,0.244655711778138,0.236991085579664,2022.05093236615,2022.05859699235,NA
655,656,0.00341772380498961,-64.4331422239411,44.9399644259328,-64.4256232732928,44.9337592433611,0.244723601704483,0.241305877899494,2022.05524715847,2022.05866488228,NA
611,612,0.0327407662452114,-66.3505009445792,45.3764149472885,-65.9402225613668,45.3877542501401,0.244809692054417,0.212068925809205,2022.02601020638,2022.05875097263,NA
1071,1072,0.00142737229270351,-87.3811999329131,36.5194178210128,-87.5250151008468,36.2140950712761,0.245169102980124,0.243741730687421,2022.05768301126,2022.05911038355,NA
1090,1091,0.00530557313212165,-88.8770336030134,35.5939832421254,-87.0174329846179,35.9014077707698,0.24546792729399,0.240162354161868,2022.05410363473,2022.05940920787,NA
990,1018,0.0327386562264651,-85.0007781475044,38.3655971968295,-86.401283192909,39.5863293720317,0.24579785777346,0.213059201546995,2022.02700048212,2022.05973913835,NA
625,626,0.0346209689758349,-70.3788649050103,43.828499575121,-71.8570596151336,43.6284885625611,0.246135828846869,0.211514859871034,2022.02545614044,2022.06007710942,NA
1091,1092,0.000739829577408035,-87.0174329846179,35.9014077707698,-86.9853179979677,36.518414128194,0.246207756871398,0.24546792729399,2022.05940920787,2022.06014903744,NA
709,482,0.00293538768235824,-76.3302772469752,39.7412956537911,-75.8115414086818,39.6968601016041,0.246332692030945,0.243397304348587,2022.05733858492,2022.0602739726,A/Lesser_Scaup/Maryland/22-003098-003/2022|H5N1|USA-MD|2022-01-23|avian|A1
709,483,0.00293538768235824,-76.3302772469752,39.7412956537911,-76.6229611171681,39.369039959042,0.246332692030945,0.243397304348587,2022.05733858492,2022.0602739726,A/Lesser_scaup/MD/-LC-EESC-024/2022|H5N1|USA-MD|2022-01-23|avian|A1
1064,1065,0.00226818338110057,-87.0465750751623,36.065560114385,-85.4540705896347,35.7993682228761,0.246543739242765,0.244275555861664,2022.05821683643,2022.06048501981,NA
1095,1096,0.0101453820466531,-87.4586472857861,36.3406852013124,-86.4463478648754,35.9360067474338,0.247696544230297,0.237551162183644,2022.05149244276,2022.0616378248,NA
1076,1077,0.0036775487686288,-86.4272752724499,35.7890220175586,-86.7109149824248,35.8494986398837,0.247912956289728,0.244235407521099,2022.05817668809,2022.06185423686,NA
1048,114,0.0120813324786391,-88.6714704115265,36.2117610438276,-88.9706344147466,35.7852302155148,0.249072418058303,0.236991085579664,2022.05093236615,2022.06301369863,A/mallard_duck/Tennessee/CEIRR-278/2022|H5N1|USA-TN|2022-01-24|avian|A1
1064,247,0.00479686219663833,-87.0465750751623,36.065560114385,-87.3986897752569,36.3168576238279,0.249072418058303,0.244275555861664,2022.05821683643,2022.06301369863,A/mallard_duck/Tennessee/CEIRR-282/2022|H5N1|USA-TN|2022-01-24|avian|A1
1049,113,0.004416706280165,-88.6583046328046,36.1418247889949,-88.3767323104669,36.2742734516898,0.249072418058303,0.244655711778138,2022.05859699235,2022.06301369863,A/mallard_duck/Tennessee/TN22-278/2022|H5N1|USA-TN|2022-01-24|avian|A1
1049,115,0.004416706280165,-88.6583046328046,36.1418247889949,-87.9956000294993,35.2531955577481,0.249072418058303,0.244655711778138,2022.05859699235,2022.06301369863,A/mallard/Tennessee/22-024871-001/2022|H5N1|USA-TN|2022-01-24|avian|A1
1065,245,0.00252867881553775,-85.4540705896347,35.7993682228761,-85.4763817055389,35.8240604132634,0.249072418058303,0.246543739242765,2022.06048501981,2022.06301369863,A/mallard/Tennessee/22-024871-002/2022|H5N1|USA-TN|2022-01-24|avian|A1
1065,246,0.00252867881553775,-85.4540705896347,35.7993682228761,-84.5517571201194,35.775301314567,0.249072418058303,0.246543739242765,2022.06048501981,2022.06301369863,A/mallard_duck/Tennessee/TN22-282/2022|H5N1|USA-TN|2022-01-24|avian|A1
1080,1093,0.0255552492681618,-87.6647607605579,34.9532718006922,-88.0754153943832,35.9640599603425,0.249407954069445,0.223852704801283,2022.03779398537,2022.06334923464,NA
1071,1073,0.00586784891004577,-87.3811999329131,36.5194178210128,-87.2041333027161,36.596146800861,0.249609579597466,0.243741730687421,2022.05768301126,2022.06355086017,NA
1073,1074,0.000226884902771674,-87.2041333027161,36.596146800861,-87.1505322339332,36.5773634137183,0.249836464500238,0.249609579597466,2022.06355086017,2022.06377774507,NA
1093,1094,0.000607988949492322,-88.0754153943832,35.9640599603425,-88.0592343528061,35.9529117185462,0.250015943018937,0.249407954069445,2022.06334923464,2022.06395722359,NA
1095,1097,0.0127598175836042,-87.4586472857861,36.3406852013124,-86.2653230470451,35.823746136474,0.250310979767249,0.237551162183644,2022.05149244276,2022.06425226034,NA
1018,1019,0.0051830991038333,-86.401283192909,39.5863293720317,-86.4324705438386,39.573584448065,0.250980956877294,0.24579785777346,2022.05973913835,2022.06492223745,NA
673,674,0.11624498733187,-80.6782380232368,34.8045712597578,-89.2137474841879,36.3102102040192,0.251407599872962,0.135162612541092,2021.94910389311,2022.06534888044,NA
1079,196,0.0309901369408844,-88.6909182008415,35.9363120470638,-87.5096497244559,35.3869589921198,0.25181214408566,0.220822007144776,2022.03476328772,2022.06575342466,A/american_wigeon/Tennessee/CEIRR-298/2022|H5N1|USA-TN|2022-01-25|avian|A1
1067,167,0.01822330151382,-87.4834509470862,35.8789170179267,-86.9422481630965,35.7884318605945,0.25181214408566,0.23358884257184,2022.04753012314,2022.06575342466,A/gadwall_duck/Tennessee/CEIRR-295/2022|H5N1|USA-TN|2022-01-25|avian|A1
1085,171,0.0180747511836145,-88.3750612883686,34.9240542774285,-82.9122628016417,36.5313214048072,0.25181214408566,0.233737392902046,2022.04767867347,2022.06575342466,A/gadwall/Tennessee/22-024871-015/2022|H5N1|USA-TN|2022-01-25|avian|A1
1083,189,0.0159421950457903,-87.9329256748062,35.1089726966883,-88.6659348427225,35.127626575985,0.25181214408566,0.23586994903987,2022.04981122961,2022.06575342466,A/american_wigeon/Tennessee/22-024871-014/2022|H5N1|USA-TN|2022-01-25|avian|A1
1087,187,0.0107242249265043,-87.2401549550174,35.7965889757124,-87.4042898660873,36.1525433401886,0.25181214408566,0.241087919159156,2022.05502919973,2022.06575342466,A/gadwall/Tennessee/22-024871-011/2022|H5N1|USA-TN|2022-01-25|avian|A1
1084,173,0.00972033481716161,-87.2933821753455,35.5953739860805,-85.1476374343966,36.0668240095895,0.25181214408566,0.242091809268498,2022.05603308984,2022.06575342466,A/gadwall_duck/Tennessee/TN22-297/2022|H5N1|USA-TN|2022-01-25|avian|A1
1084,191,0.00972033481716161,-87.2933821753455,35.5953739860805,-88.1774977180662,35.8067015090219,0.25181214408566,0.242091809268498,2022.05603308984,2022.06575342466,A/mallard/Tennessee/22-024871-005/2022|H5N1|USA-TN|2022-01-25|avian|A1
1069,190,0.00952845526089452,-87.5403811655987,35.5832048660029,-87.9140396921911,36.165556770452,0.25181214408566,0.242283688824765,2022.0562249694,2022.06575342466,A/mallard/Tennessee/22-024871-004/2022|H5N1|USA-TN|2022-01-25|avian|A1
1089,174,0.00875093846638142,-85.416688661834,35.6464956921036,-84.4063067204461,35.5449635963108,0.25181214408566,0.243061205619279,2022.05700248619,2022.06575342466,A/mallard_duck/Tennessee/CEIRR-291/2022|H5N1|USA-TN|2022-01-25|avian|A1
1089,176,0.00875093846638142,-85.416688661834,35.6464956921036,-84.7174489027123,35.3741257413154,0.25181214408566,0.243061205619279,2022.05700248619,2022.06575342466,A/mallard_duck/Tennessee/TN22-290/2022|H5N1|USA-TN|2022-01-25|avian|A1
1070,195,0.00765128488541134,-87.7008567360582,35.3104443469583,-89.3576134021167,35.2526507212419,0.25181214408566,0.244160859200249,2022.05810213977,2022.06575342466,A/mallard_duck/Tennessee/TN22-293/2022|H5N1|USA-TN|2022-01-25|avian|A1
1070,181,0.00765128488541134,-87.7008567360582,35.3104443469583,-87.9896373529715,35.7527270551856,0.25181214408566,0.244160859200249,2022.05810213977,2022.06575342466,A/gadwall_duck/Tennessee/CEIRR-296/2022|H5N1|USA-TN|2022-01-25|avian|A1
1076,199,0.00757673656456104,-86.4272752724499,35.7890220175586,-85.3819591210847,35.431900696425,0.25181214408566,0.244235407521099,2022.05817668809,2022.06575342466,A/gadwall_duck/Tennessee/CEIRR-297/2022|H5N1|USA-TN|2022-01-25|avian|A1
1072,170,0.00664304110553582,-87.5250151008468,36.2140950712761,-86.7635826494444,35.4706999395816,0.25181214408566,0.245169102980124,2022.05911038355,2022.06575342466,A/mallard_duck/Tennessee/TN22-291/2022|H5N1|USA-TN|2022-01-25|avian|A1
1072,182,0.00664304110553582,-87.5250151008468,36.2140950712761,-87.5572768578504,36.2985840261132,0.25181214408566,0.245169102980124,2022.05911038355,2022.06575342466,A/gadwall/Tennessee/22-024871-010/2022|H5N1|USA-TN|2022-01-25|avian|A1
1091,184,0.0063442167916703,-87.0174329846179,35.9014077707698,-86.4010050716368,36.1829834931182,0.25181214408566,0.24546792729399,2022.05940920787,2022.06575342466,A/american_wigeon/Tennessee/22-024871-013/2022|H5N1|USA-TN|2022-01-25|avian|A1
1092,177,0.00560438721426226,-86.9853179979677,36.518414128194,-88.6599096586086,36.0321891541302,0.25181214408566,0.246207756871398,2022.06014903744,2022.06575342466,A/gadwall_duck/Tennessee/TN22-295/2022|H5N1|USA-TN|2022-01-25|avian|A1
1092,197,0.00560438721426226,-86.9853179979677,36.518414128194,-87.3039294985036,36.5784033708808,0.25181214408566,0.246207756871398,2022.06014903744,2022.06575342466,A/American_wigeon/Tennessee/TN22-298/2022|H5N1|USA-TN|2022-01-25|avian|A1
1096,188,0.00411559985536258,-86.4463478648754,35.9360067474338,-88.2919547047488,35.6596217020418,0.25181214408566,0.247696544230297,2022.0616378248,2022.06575342466,A/gadwall/Tennessee/22-024871-012/2022|H5N1|USA-TN|2022-01-25|avian|A1
1096,172,0.00411559985536258,-86.4463478648754,35.9360067474338,-86.3181900990621,36.4841756892625,0.25181214408566,0.247696544230297,2022.0616378248,2022.06575342466,A/mallard_duck/Tennessee/CEIRR-293/2022|H5N1|USA-TN|2022-01-25|avian|A1
1077,198,0.00389918779593224,-86.7109149824248,35.8494986398837,-86.3843132225052,35.7525028487105,0.25181214408566,0.247912956289728,2022.06185423686,2022.06575342466,A/mallard/Tennessee/22-024871-007/2022|H5N1|USA-TN|2022-01-25|avian|A1
1077,185,0.00389918779593224,-86.7109149824248,35.8494986398837,-86.5655190665561,35.1000884814476,0.25181214408566,0.247912956289728,2022.06185423686,2022.06575342466,A/mallard_duck/Tennessee/CEIRR-290/2022|H5N1|USA-TN|2022-01-25|avian|A1
1093,192,0.00240419001621495,-88.0754153943832,35.9640599603425,-88.6423522230429,36.121355389095,0.25181214408566,0.249407954069445,2022.06334923464,2022.06575342466,A/mallard_duck/Tennessee/CEIRR-287/2022|H5N1|USA-TN|2022-01-25|avian|A1
1073,175,0.00220256448819356,-87.2041333027161,36.596146800861,-87.8334177404991,35.8553552314051,0.25181214408566,0.249609579597466,2022.06355086017,2022.06575342466,A/mallard_duck/Tennessee/TN22-288/2022|H5N1|USA-TN|2022-01-25|avian|A1
1074,168,0.00197567958542189,-87.1505322339332,36.5773634137183,-86.6270816917003,36.1151509269156,0.25181214408566,0.249836464500238,2022.06377774507,2022.06575342466,A/mallard_duck/Tennessee/CEIRR-288/2022|H5N1|USA-TN|2022-01-25|avian|A1
1074,178,0.00197567958542189,-87.1505322339332,36.5773634137183,-87.126840832828,36.6030075450417,0.25181214408566,0.249836464500238,2022.06377774507,2022.06575342466,A/mallard/Tennessee/22-024871-006/2022|H5N1|USA-TN|2022-01-25|avian|A1
1094,194,0.00179620106672262,-88.0592343528061,35.9529117185462,-87.8640783258084,35.684445681129,0.25181214408566,0.250015943018937,2022.06395722359,2022.06575342466,A/mallard/Tennessee/22-024871-003/2022|H5N1|USA-TN|2022-01-25|avian|A1
1094,193,0.00179620106672262,-88.0592343528061,35.9529117185462,-88.1380629446758,35.9760706603593,0.25181214408566,0.250015943018937,2022.06395722359,2022.06575342466,A/mallard_duck/Tennessee/TN22-287/2022|H5N1|USA-TN|2022-01-25|avian|A1
1097,183,0.00150116431841141,-86.2653230470451,35.823746136474,-86.7077732548665,35.8583994621531,0.25181214408566,0.250310979767249,2022.06425226034,2022.06575342466,A/mallard/Tennessee/22-024871-009/2022|H5N1|USA-TN|2022-01-25|avian|A1
1097,186,0.00150116431841141,-86.2653230470451,35.823746136474,-88.794345789312,36.2268295601167,0.25181214408566,0.250310979767249,2022.06425226034,2022.06575342466,A/gadwall_duck/Tennessee/TN22-296/2022|H5N1|USA-TN|2022-01-25|avian|A1
957,959,0.0371157926125669,-85.1124758550653,38.4675315933705,-96.779688777938,39.0588361582017,0.253540670562182,0.216424877949615,2022.03036615852,2022.06748195113,NA
920,921,0.0257350905113694,-83.8083019395549,36.502742129448,-85.0736088328802,36.2419742016997,0.253852550248269,0.2281174597369,2022.04205874031,2022.06779383082,NA
731,734,0.0387118210456102,-64.5433416359666,45.5144878865069,-64.6180133184747,43.630103482607,0.25406008828498,0.215348267239369,2022.02928954781,2022.06800136886,NA
903,904,0.0159727001186322,-93.0738574050644,40.0363504943572,-90.7672769960021,38.2770757459664,0.254231468989786,0.238258768871154,2022.05220004944,2022.06817274956,NA
1118,1149,0.128860927754322,-87.2693102162638,37.3858315266654,-82.6760707912668,37.8244248729794,0.254258053204993,0.125397125450672,2021.93933840602,2022.06819933378,NA
800,476,0.178829018113462,-78.4015468442369,35.3822957870653,-77.7047613975505,34.8521280885804,0.254551870113017,0.0757228519995552,2021.88966413257,2022.06849315068,A/American_Wigeon/North_Carolina/22-003439-003/2022|H5N1|USA-NC|2022-01-26|avian|A1
629,60,0.0437044772129968,-71.6695998677912,43.2551171609909,-71.2759519631882,43.0358554517698,0.254551870113017,0.210847392900021,2022.02478867347,2022.06849315068,A/Mallard/New_Hampshire/22-003359-036/2022|H5N1|USA-NH|2022-01-26|avian|A1
629,59,0.0437044772129968,-71.6695998677912,43.2551171609909,-72.0087018568071,43.5302641098783,0.254551870113017,0.210847392900021,2022.02478867347,2022.06849315068,A/Mallard/New_Hampshire/22-003359-025/2022|H5N1|USA-NH|2022-01-26|avian|A1
625,40,0.0430370102419837,-70.3788649050103,43.828499575121,-71.8185554277909,43.9976422591214,0.254551870113017,0.211514859871034,2022.02545614044,2022.06849315068,A/Mallard/New_Hampshire/22-003417-047/2022|H5N1|USA-NH|2022-01-26|avian|A1
631,44,0.0357670880365318,-71.3776610624088,43.2906199500802,-71.1088513524134,43.4975751801126,0.254551870113017,0.218784782076486,2022.03272606265,2022.06849315068,A/Mallard/New_Hampshire/22-003417-053/2022|H5N1|USA-NH|2022-01-26|avian|A1
632,43,0.0332089507132297,-71.6434881233081,43.3111375655479,-72.0035959727987,43.3268866725613,0.254551870113017,0.221342919399788,2022.03528419997,2022.06849315068,A/Mallard/New_Hampshire/22-003417-032/2022|H5N1|USA-NH|2022-01-26|avian|A1
801,472,0.0195415665990387,-75.5855083741522,39.1718777552136,-75.7160647421502,39.2573867987067,0.254551870113017,0.235010303513979,2022.04895158409,2022.06849315068,A/American_Wigeon/Delaware/22-003358-008/2022|H5N1|USA-DE|2022-01-26|avian|A1
644,46,0.018078034030502,-73.4374759959456,43.1658038099,-72.4526425103048,43.0351694409795,0.254551870113017,0.236473836082515,2022.05041511665,2022.06849315068,A/Mallard/New_Hampshire/22-003417-039/2022|H5N1|USA-NH|2022-01-26|avian|A1
644,45,0.018078034030502,-73.4374759959456,43.1658038099,-71.6598695909671,44.2509688860077,0.254551870113017,0.236473836082515,2022.05041511665,2022.06849315068,A/Mallard/New_Hampshire/22-003359-006/2022|H5N1|USA-NH|2022-01-26|avian|A1
627,42,0.0152321411906818,-71.5472117870401,44.8396480492996,-71.425265127462,44.5578100998987,0.254551870113017,0.239319728922336,2022.05326100949,2022.06849315068,A/Mallard/New_Hampshire/22-003417-054/2022|H5N1|USA-NH|2022-01-26|avian|A1
626,38,0.00841604126614881,-71.8570596151336,43.6284885625611,-71.8542720182634,43.5768562898268,0.254551870113017,0.246135828846869,2022.06007710942,2022.06849315068,A/Mallard/New_Hampshire/22-003417-048/2022|H5N1|USA-NH|2022-01-26|avian|A1
626,39,0.00841604126614881,-71.8570596151336,43.6284885625611,-71.3346204884768,42.8002660898421,0.254551870113017,0.246135828846869,2022.06007710942,2022.06849315068,A/Mallard/New_Hampshire/22-003417-043/2022|H5N1|USA-NH|2022-01-26|avian|A1
645,646,0.0107820675354277,-72.7909071428277,41.8841779034311,-72.7299933453311,41.6364201305182,0.254684217068465,0.243902149533038,2022.0578434301,2022.06862549764,NA
1030,1031,0.012437503885051,-89.0826509534891,39.7998129100279,-88.1460963373776,36.5862553603718,0.25477891555079,0.242341411665739,2022.05628269224,2022.06872019612,NA
732,733,0.0115291989218856,-72.7670565539589,44.6770623137365,-72.0574358275666,43.9742258206773,0.255404750348077,0.243875551426191,2022.057816832,2022.06934603092,NA
1098,1099,0.0586901354169543,-86.9614920591208,37.8994506315664,-88.0825620124717,36.5320549534895,0.255478710374468,0.196788574957514,2022.01072985553,2022.06941999095,NA
885,886,0.0167987237010977,-96.1703117316651,43.0654254277147,-95.3876846326958,41.9210272208502,0.255500100396144,0.238701376695047,2022.05264265727,2022.06944138097,NA
904,905,0.00198348958807348,-90.7672769960021,38.2770757459664,-91.3288325487295,39.1070547262864,0.256214958577859,0.254231468989786,2022.06817274956,2022.07015623915,NA
875,876,0.0509129802705185,-95.8429488389064,42.3951886007715,-99.4068415747034,43.4754490812889,0.257041910867579,0.20612893059706,2022.02007021117,2022.07098319144,NA
612,19,0.0124819040861853,-65.9402225613668,45.3877542501401,-64.0509086503399,45.0085144034003,0.257291596140602,0.244809692054417,2022.05875097263,2022.07123287671,A/Mallard/NS/FAV-0094-78/2022|H5N1|Canada-NS|2022-01-27|avian|A1
656,657,0.0138701851276504,-64.4256232732928,44.9337592433611,-63.1691844559473,44.613015415429,0.258593786832134,0.244723601704483,2022.05866488228,2022.0725350674,NA
1027,1028,0.033832813812652,-88.8759716837669,38.7028452760306,-93.8542902151628,38.9261335426947,0.258628610782785,0.224795796970133,2022.03873707754,2022.07256989135,NA
601,602,0.0400125717865644,-66.869278545637,44.69904554022,-69.812868573195,43.7537606550388,0.259538666431642,0.219526094645078,2022.03346737522,2022.073479947,NA
930,933,0.0223798887587495,-84.5808127536449,38.5327757185065,-85.6922747852954,38.6661330909883,0.259647722865692,0.237267834106943,2022.05120911468,2022.07358900344,NA
655,73,0.0187254442684659,-64.4331422239411,44.9399644259328,-63.644434733499,44.4734665276631,0.26003132216796,0.241305877899494,2022.05524715847,2022.07397260274,A/Mixed/NS/FAV-0066-3/2021|H5N1|Canada-NS|2022-01-28|avian|A1
656,71,0.0153077204634763,-64.4256232732928,44.9337592433611,-65.0191303975498,44.1824260580254,0.26003132216796,0.244723601704483,2022.05866488228,2022.07397260274,A/Mixed/NS/FAV-0065-10/2022|H5N1|Canada-NS|2022-01-28|avian|A1
657,72,0.00143753533582591,-63.1691844559473,44.613015415429,-64.7544510111152,44.1167062873399,0.26003132216796,0.258593786832134,2022.0725350674,2022.07397260274,A/Mixed/NS/FAV-0066-1/2021|H5N1|Canada-NS|2022-01-28|avian|A1
657,70,0.00143753533582591,-63.1691844559473,44.613015415429,-63.1586497849908,44.7198160964925,0.26003132216796,0.258593786832134,2022.0725350674,2022.07397260274,A/Mixed/NS/FAV-0065-11/2022|H5N1|Canada-NS|2022-01-28|avian|A1
1087,1088,0.0191243253461373,-87.2401549550174,35.7965889757124,-88.0592766861641,36.2757315631228,0.260212244505293,0.241087919159156,2022.05502919973,2022.07415352508,NA
829,830,0.0677529550265412,-82.4449185910093,33.6459212289122,-76.7790460509589,36.9438368307025,0.260692063838283,0.192939108811741,2022.00688038938,2022.07463334441,NA
959,964,0.0073098770614114,-96.779688777938,39.0588361582017,-97.9732017689614,39.1043287740301,0.260850547623594,0.253540670562182,2022.06748195113,2022.0747918282,NA
616,617,0.0180166814178118,-68.3087492328839,47.4390870323714,-67.4766576589552,47.4378859955738,0.261296823059098,0.243280141641286,2022.05722142221,2022.07523810363,NA
607,608,0.0232202045357593,-67.3095066047769,44.6523075434053,-67.9471290552386,44.154085638694,0.261539966549893,0.238319762014134,2022.05226104259,2022.07548124712,NA
665,528,0.189370770653661,-79.1388921285316,35.7538901483013,-78.4239656790864,36.0517840014877,0.262771048195317,0.073400277541656,2021.88734155811,2022.07671232877,A/Wood_Duck/North_Carolina/22-003829-001/2022|H5N1|USA-NC|2022-01-29|avian|A1
589,74,0.188311394559175,-71.9421768744677,41.0526329323558,-78.9074001414693,35.9205007347102,0.262771048195317,0.0744596536361424,2021.88840093421,2022.07671232877,A/Green-winged_Teal/North_Carolina/22-003830-004/2022|H5N1|USA-NC|2022-01-29|avian|A1
1115,383,0.186841473326302,-82.4606745722198,35.6618407257881,-78.708122741331,34.832384673801,0.262771048195317,0.0759295748690152,2021.88987085544,2022.07671232877,A/Green-winged_Teal/North_Carolina/22-003444-004/2022|H5N1|USA-NC|2022-01-29|avian|A1
663,529,0.17609433432435,-79.2322640425678,38.1350834070914,-79.6035963625939,36.5376114969647,0.262771048195317,0.0866767138709672,2021.90061799444,2022.07671232877,A/Green-winged_Teal/North_Carolina/22-003827-001/2022|H5N1|USA-NC|2022-01-29|avian|A1
667,525,0.175603644081308,-78.9892031218567,35.7305508920241,-79.02920137898,36.410771931302,0.262771048195317,0.0871674041140091,2021.90110868469,2022.07671232877,A/Northern_Shoveler/North_Carolina/22-003831-019/2022|H5N1|USA-NC|2022-01-29|avian|A1
1161,348,0.131026900117569,-78.8293134327273,36.3498493414225,-78.5722359676613,36.2798868641612,0.262771048195317,0.131744148077748,2021.94568542865,2022.07671232877,A/Green-winged_Teal/North_Carolina/22-003830-003/2022|H5N1|USA-NC|2022-01-29|avian|A1
1163,76,0.130125479035121,-77.1515837861109,37.8086188510388,-76.8533944100296,37.7184836753515,0.262771048195317,0.132645569160196,2021.94658684973,2022.07671232877,A/Gadwall/Virginia/22-003923-001/2022|H5N1|USA-VA|2022-01-29|avian|A1
1107,327,0.118401790443435,-79.2893781492631,35.2979966563437,-80.8416646246195,36.513089424835,0.262771048195317,0.144369257751882,2021.95831053832,2022.07671232877,A/Mallard/North_Carolina/22-003441-001/2022|H5N1|USA-NC|2022-01-29|avian|A1
712,582,0.0953731853127017,-81.2479918950306,35.2674715777515,-77.4028554057425,34.8217059515176,0.262771048195317,0.167397862882615,2021.98133914345,2022.07671232877,A/Green-winged_Teal/North_Carolina/22-003830-009/2022|H5N1|USA-NC|2022-01-29|avian|A1
1031,1032,0.00809842925087079,-88.1460963373776,36.5862553603718,-88.8191941133176,35.9776758888358,0.262877344801661,0.25477891555079,2022.06872019612,2022.07681862537,NA
1019,1021,0.0122689236644735,-86.4324705438386,39.573584448065,-86.5392474366796,39.6653553736267,0.263249880541767,0.250980956877294,2022.06492223745,2022.07719116111,NA
1031,1034,0.00893684110832027,-88.1460963373776,36.5862553603718,-87.9922331977015,36.5156912121088,0.263715756659111,0.25477891555079,2022.06872019612,2022.07765703723,NA
682,683,0.0411401451618453,-78.750539532396,42.1224933505279,-79.6070550949306,42.6264952277352,0.263764055499147,0.222623910337302,2022.03656519091,2022.07770533607,NA
674,675,0.0131753526547964,-89.2137474841879,36.3102102040192,-89.6749917134568,36.1564095533738,0.264582952527758,0.251407599872962,2022.06534888044,2022.0785242331,NA
886,891,0.00990349184393813,-95.3876846326958,41.9210272208502,-97.2039070138226,42.4738793883396,0.265403592240082,0.255500100396144,2022.06944138097,2022.07934487281,NA
798,471,0.189577868746038,-78.3537247338137,35.5081899235878,-82.8400481812206,30.9569844188332,0.265510774222674,0.0759329054766362,2021.88987418605,2022.07945205479,A/Gadwall/Georgia/22-003669-001/2022|H5N1|USA-GA|2022-01-30|avian|A1
1090,169,0.0253484200608063,-88.8770336030134,35.5939832421254,-88.3097280744106,35.4469178167846,0.265510774222674,0.240162354161868,2022.05410363473,2022.07945205479,A/american_wigeon/Tennessee/22-024871-016/2022|H5N1|USA-TN|2022-01-30|avian|A1
674,530,0.0141031743497128,-89.2137474841879,36.3102102040192,-86.3139616483944,35.627575146533,0.265510774222674,0.251407599872962,2022.06534888044,2022.07945205479,A/mallard/Tennessee/22-024871-017/2022|H5N1|USA-TN|2022-01-30|avian|A1
1088,180,0.00529852971738132,-88.0592766861641,36.2757315631228,-86.9689966435076,36.3687370298045,0.265510774222674,0.260212244505293,2022.07415352508,2022.07945205479,A/American_wigeon/Tennessee/TN22-301/2022|H5N1|USA-TN|2022-01-30|avian|A1
1088,179,0.00529852971738132,-88.0592766861641,36.2757315631228,-87.9421871867078,35.7698286379937,0.265510774222674,0.260212244505293,2022.07415352508,2022.07945205479,A/american_wigeon/Tennessee/CEIRR-301/2022|H5N1|USA-TN|2022-01-30|avian|A1
675,531,0.000927821694916342,-89.6749917134568,36.1564095533738,-88.8410320211472,36.3283257246416,0.265510774222674,0.264582952527758,2022.0785242331,2022.07945205479,A/mallard_duck/Tennessee/TN22-303/2022|H5N1|USA-TN|2022-01-30|avian|A1
675,532,0.000927821694916342,-89.6749917134568,36.1564095533738,-89.1029550686921,36.2702965462583,0.265510774222674,0.264582952527758,2022.0785242331,2022.07945205479,A/mallard_duck/Tennessee/CEIRR-303/2022|H5N1|USA-TN|2022-01-30|avian|A1
1032,1033,0.0033057138668876,-88.8191941133176,35.9776758888358,-88.9236566950209,36.3503018607271,0.266183058668549,0.262877344801661,2022.07681862537,2022.08012433924,NA
1099,1100,0.0120232169018065,-88.0825620124717,36.5320549534895,-88.1168659190197,36.5361285054366,0.267501927276275,0.255478710374468,2022.06941999095,2022.08144320785,NA
859,79,0.196440178267042,-84.4132286201863,37.6688928672498,-76.7033085574428,35.1702374859235,0.268250500250032,0.0718103219829898,2021.88575160255,2022.08219178082,A/Green-winged_Teal/North_Carolina/22-004007-005/2022|H5N1|USA-NC|2022-01-31|avian|A1
801,473,0.033240196736053,-75.5855083741522,39.1718777552136,-75.7326703625734,39.017084755392,0.268250500250032,0.235010303513979,2022.04895158409,2022.08219178082,A/Northern_Shoveler/Delaware/22-003933-001/2022|H5N1|USA-DE|2022-01-31|avian|A1
1032,219,0.00537315544837058,-88.8191941133176,35.9776758888358,-87.92320802336,35.6819607321739,0.268250500250032,0.262877344801661,2022.07681862537,2022.08219178082,A/mallard/Tennessee/22-024871-019/2022|H5N1|USA-TN|2022-01-31|avian|A1
1033,217,0.00206744158148298,-88.9236566950209,36.3503018607271,-88.732410712791,35.1537376969066,0.268250500250032,0.266183058668549,2022.08012433924,2022.08219178082,A/mallard_duck/Tennessee/TN22-309/2022|H5N1|USA-TN|2022-01-31|avian|A1
1033,218,0.00206744158148298,-88.9236566950209,36.3503018607271,-89.1138521437158,36.4477565794943,0.268250500250032,0.266183058668549,2022.08012433924,2022.08219178082,A/mallard_duck/Tennessee/CEIRR-309/2022|H5N1|USA-TN|2022-01-31|avian|A1
1100,117,0.000748572973757078,-88.1168659190197,36.5361285054366,-87.8258426993786,36.2190886336841,0.268250500250032,0.267501927276275,2022.08144320785,2022.08219178082,A/mallard_duck/Tennessee/CEIRR-307/2022|H5N1|USA-TN|2022-01-31|avian|A1
1100,116,0.000748572973757078,-88.1168659190197,36.5361285054366,-88.4533865058132,36.180554966881,0.268250500250032,0.267501927276275,2022.08144320785,2022.08219178082,A/mallard_duck/Tennessee/TN22-307/2022|H5N1|USA-TN|2022-01-31|avian|A1
886,887,0.0127698079709384,-95.3876846326958,41.9210272208502,-90.1628330658119,43.284530901356,0.268269908367083,0.255500100396144,2022.06944138097,2022.08221118894,NA
1108,1109,0.108325404200586,-77.7244276216091,32.8300335075052,-82.4006641953694,27.6673054668285,0.269875810586949,0.161550406386363,2021.97549168696,2022.08381709116,NA
964,965,0.00973412839605647,-97.9732017689614,39.1043287740301,-98.6327897285716,39.0210863576999,0.27058467601965,0.260850547623594,2022.0747918282,2022.08452595659,NA
646,647,0.0160171797576439,-72.7299933453311,41.6364201305182,-72.822931139508,41.405812576804,0.270701396826109,0.254684217068465,2022.06862549764,2022.0846426774,NA
965,966,0.000270876472471926,-98.6327897285716,39.0210863576999,-98.5920313359151,38.8801548503015,0.270855552492122,0.27058467601965,2022.08452595659,2022.08479683306,NA
650,651,0.0438658472482619,-71.670547050185,43.8576657818373,-70.9329552200484,41.9661723758471,0.271365816362726,0.227499969114464,2022.04144124969,2022.08530709693,NA
992,1006,0.0474688589522569,-83.7661481589434,39.6155062296306,-83.7863292986963,39.0766989097175,0.272297417594467,0.22482855864221,2022.03876983921,2022.08623869817,NA
891,892,0.00770727250939074,-97.2039070138226,42.4738793883396,-96.0607431937408,43.0236394086828,0.273110864749473,0.265403592240082,2022.07934487281,2022.08705214532,NA
1021,1022,0.00999618890011122,-86.5392474366796,39.6653553736267,-86.5076938676276,39.4187481693895,0.273246069441878,0.263249880541767,2022.07719116111,2022.08718735001,NA
964,984,0.0130030588777582,-97.9732017689614,39.1043287740301,-98.6371625870544,38.5791799626672,0.273853606501352,0.260850547623594,2022.0747918282,2022.08779488707,NA
1022,1023,0.000817587379044249,-86.5076938676276,39.4187481693895,-86.5470451511766,39.4684272981196,0.274063656820923,0.273246069441878,2022.08718735001,2022.08800493739,NA
646,648,0.0196878189907729,-72.7299933453311,41.6364201305182,-72.5265211162725,41.900042209989,0.274372036059238,0.254684217068465,2022.06862549764,2022.08831331663,NA
1044,1045,0.0341612039452586,-91.6253994384539,39.2957243575744,-93.4584552439602,42.1505556409442,0.274668229395602,0.240507025450344,2022.05444830602,2022.08860950997,NA
965,970,0.00457565967860374,-98.6327897285716,39.0210863576999,-100.44213822747,39.7258201716095,0.275160335698254,0.27058467601965,2022.08452595659,2022.08910161627,NA
734,735,0.0213404620206458,-64.6180133184747,43.630103482607,-64.4505747265859,45.2291362298866,0.275400550305625,0.25406008828498,2022.06800136886,2022.08934183088,NA
726,727,0.0618373960861712,-74.8717512314939,40.4405869070834,-74.2690988353601,39.1509465356508,0.275436464276767,0.213599068190596,2022.02754034876,2022.08937774485,NA
805,806,0.0329443332469681,-83.0841120958678,32.7272740879284,-82.6645787584673,34.0823722458282,0.275478981889114,0.242534648642145,2022.05647592921,2022.08942026246,NA
933,934,0.0168004488781965,-85.6922747852954,38.6661330909883,-85.5359231827592,38.1452939937365,0.276448171743889,0.259647722865692,2022.07358900344,2022.09038945232,NA
645,61,0.0325675287992935,-72.7909071428277,41.8841779034311,-72.2819602107692,41.9230107366167,0.276469678332331,0.243902149533038,2022.0578434301,2022.0904109589,A/Mallard/Connecticut/22-003935-013/2022|H5N1|USA-CT|2022-02-03|avian|A1
647,65,0.00576828150622188,-72.822931139508,41.405812576804,-73.3198298642855,41.6559926997501,0.276469678332331,0.270701396826109,2022.0846426774,2022.0904109589,A/Mallard/Connecticut/22-003935-001/2022|H5N1|USA-CT|2022-02-03|avian|A1
647,62,0.00576828150622188,-72.822931139508,41.405812576804,-73.0510685022312,41.8844644536541,0.276469678332331,0.270701396826109,2022.0846426774,2022.0904109589,A/Mallard/Connecticut/22-003935-022/2022|H5N1|USA-CT|2022-02-03|avian|A1
651,8,0.005103861969605,-70.9329552200484,41.9661723758471,-71.2515175095758,42.1414349685122,0.276469678332331,0.271365816362726,2022.08530709693,2022.0904109589,A/Canada_Goose/Massachusetts/22-005893-002/2022|H5N1|USA-MA|2022-02-03|avian|A1
651,9,0.005103861969605,-70.9329552200484,41.9661723758471,-70.822983787051,41.9447101714364,0.276469678332331,0.271365816362726,2022.08530709693,2022.0904109589,A/Canada_Goose/Massachusetts/22-005893-001/2022|H5N1|USA-MA|2022-02-03|avian|A1
648,64,0.00209764227309295,-72.5265211162725,41.900042209989,-72.5346538080427,42.0157080064837,0.276469678332331,0.274372036059238,2022.08831331663,2022.0904109589,A/Mallard/Connecticut/22-003935-014/2022|H5N1|USA-CT|2022-02-03|avian|A1
648,63,0.00209764227309295,-72.5265211162725,41.900042209989,-72.3618610680151,41.5994791033992,0.276469678332331,0.274372036059238,2022.08831331663,2022.0904109589,A/Mallard/Connecticut/22-003935-024/2022|H5N1|USA-CT|2022-02-03|avian|A1
1120,1121,0.0543954714494329,-89.5253227114747,36.5638996891673,-98.4300298116968,42.4986539611257,0.276601823788967,0.222206352339534,2022.03614763291,2022.09054310436,NA
970,982,0.0025829441721491,-100.44213822747,39.7258201716095,-100.842512105946,39.5190348406522,0.277743279870403,0.275160335698254,2022.08910161627,2022.09168456044,NA
904,906,0.0237031740556807,-90.7672769960021,38.2770757459664,-91.2359178782801,37.4538664667339,0.277934643045467,0.254231468989786,2022.06817274956,2022.09187592362,NA
896,897,0.051068761936722,-91.3443584017613,39.9954869460999,-95.2594097961041,39.3450777977901,0.278522561507051,0.227453799570329,2022.04139508014,2022.09246384208,NA
612,613,0.0338880998334172,-65.9402225613668,45.3877542501401,-65.6062382913211,45.2822038445517,0.278697791887834,0.244809692054417,2022.05875097263,2022.09263907246,NA
632,633,0.0577320438188802,-71.6434881233081,43.3111375655479,-72.4983479140038,42.5529016710671,0.279074963218668,0.221342919399788,2022.03528419997,2022.09301624379,NA
713,505,0.0835516188155472,-76.0693462833963,39.4421985945944,-75.4921695673547,39.1350601511829,0.279209404359689,0.195657785544141,2022.00959906612,2022.09315068493,A/Canada_Goose/Delaware/22-004745-001/2022|H5N1|USA-DE|2022-02-04|avian|A1
734,490,0.0251493160747092,-64.6180133184747,43.630103482607,-65.7964309730701,43.7280853207255,0.279209404359689,0.25406008828498,2022.06800136886,2022.09315068493,A/Common_Merganser/NS/FAV-0102-4/2022|H5N1|Canada-NS|2022-02-04|avian|A1
616,619,0.0361702509891323,-68.3087492328839,47.4390870323714,-68.1803517279403,47.3027391320382,0.279450392630418,0.243280141641286,2022.05722142221,2022.0933916732,NA
966,967,0.00868674138820402,-98.5920313359151,38.8801548503015,-98.7129598656966,38.8857124109403,0.279542293880326,0.270855552492122,2022.08479683306,2022.09348357445,NA
991,1011,0.0574703559211914,-83.1225894118114,39.6855633953228,-81.0641974813884,39.7174696135209,0.280208851791518,0.222738495870327,2022.03667977644,2022.09415013236,NA
912,913,0.0600142894481447,-83.8626271676504,36.2401353919547,-93.358405221715,39.7149679561666,0.281365951388177,0.221351661940033,2022.03529294251,2022.09530723196,NA
930,931,0.0444077280473185,-84.5808127536449,38.5327757185065,-84.477350558988,37.9548591815712,0.281675562154261,0.237267834106943,2022.05120911468,2022.09561684273,NA
921,309,0.028096580138777,-85.0736088328802,36.2419742016997,-85.5593566035966,32.3858470370166,0.281949130387046,0.253852550248269,2022.06779383082,2022.09589041096,A/American_Wigeon/Alabama/22-004941-003/2022|H5N1|USA-AL|2022-02-05|avian|A1
897,898,0.00351158519653816,-95.2594097961041,39.3450777977901,-95.168418203343,39.5636966854587,0.282034146703589,0.278522561507051,2022.09246384208,2022.09597542728,NA
613,615,0.00337798741230877,-65.6062382913211,45.2822038445517,-65.3060702593,44.5681963851173,0.282075779300143,0.278697791887834,2022.09263907246,2022.09601705987,NA
1054,1055,0.0657251442617922,-86.0786634789445,37.2809027389212,-85.1265721391237,45.0799741524885,0.282124778732109,0.216399634470317,2022.03034091504,2022.0960660593,NA
957,958,0.0657420430169902,-85.1124758550653,38.4675315933705,-85.1877901624566,38.4052594403915,0.282166920966606,0.216424877949615,2022.03036615852,2022.09610820154,NA
970,971,0.00843769231844849,-100.44213822747,39.7258201716095,-99.8454800141017,41.2743620968974,0.283598028016702,0.275160335698254,2022.08910161627,2022.09753930859,NA
898,900,0.00170201004054293,-95.168418203343,39.5636966854587,-94.4004646759942,39.4050095101504,0.283736156744132,0.282034146703589,2022.09597542728,2022.09767743732,NA
613,614,0.00522746273213126,-65.6062382913211,45.2822038445517,-65.5374517728287,44.3384658604924,0.283925254619965,0.278697791887834,2022.09263907246,2022.09786653519,NA
728,484,0.125687714826533,-72.3355273274013,41.8317882434492,-72.285147813869,42.0235449633445,0.284688856414403,0.15900114158787,2021.97294242216,2022.09863013699,A/American_Black_Duck/Connecticut/22-005000-001/2022|H5N1|USA-CT|2022-02-06|avian|A1
982,983,0.00698801336684907,-100.842512105946,39.5190348406522,-100.808999146571,39.5598332551984,0.284731293237252,0.277743279870403,2022.09168456044,2022.09867257381,NA
900,901,0.00220534406971362,-94.4004646759942,39.4050095101504,-93.7671158109,37.0210692685297,0.285941500813846,0.283736156744132,2022.09767743732,2022.09988278139,NA
931,932,0.0055847237916482,-84.477350558988,37.9548591815712,-83.9366314921008,37.5830992925091,0.287260285945909,0.281675562154261,2022.09561684273,2022.10120156652,NA
725,497,0.0812157453614093,-74.7203448659437,40.4289703834694,-74.1953707320556,40.0171322279524,0.287428582441761,0.206212837080352,2022.02015411765,2022.10136986301,A/Mallard/New_Jersey/22-005110-004/2022|H5N1|USA-NJ|2022-02-07|avian|A1
726,496,0.0738295142511649,-74.8717512314939,40.4405869070834,-74.3390489602813,40.8446112792614,0.287428582441761,0.213599068190596,2022.02754034876,2022.10136986301,A/Mallard/New_Jersey/22-005110-003/2022|H5N1|USA-NJ|2022-02-07|avian|A1
929,130,0.0544573555030046,-85.563615560416,38.7252911471679,-86.4444482676483,37.965021242768,0.287428582441761,0.232971226938756,2022.04691250751,2022.10136986301,A/Mallard/Kentucky/22-005153-004/2022|H5N1|USA-KY|2022-02-07|avian|A1
727,494,0.0119921181649937,-74.2690988353601,39.1509465356508,-75.3389674462718,39.5429794538131,0.287428582441761,0.275436464276767,2022.08937774485,2022.10136986301,A/Mallard/New_Jersey/22-005110-014/2022|H5N1|USA-NJ|2022-02-07|avian|A1
727,495,0.0119921181649937,-74.2690988353601,39.1509465356508,-74.6406010276379,39.4106042251385,0.287428582441761,0.275436464276767,2022.08937774485,2022.10136986301,A/Mallard/New_Jersey/22-005110-001/2022|H5N1|USA-NJ|2022-02-07|avian|A1
934,140,0.010980410697872,-85.5359231827592,38.1452939937365,-86.765696715909,38.4451225363068,0.287428582441761,0.276448171743889,2022.09038945232,2022.10136986301,A/turkey/Indiana/22-003707-003/2022|H5N1|USA-IN|2022-02-07|avian|A1
633,58,0.00835361922309297,-72.4983479140038,42.5529016710671,-73.4702438396307,42.1965419072038,0.287428582441761,0.279074963218668,2022.09301624379,2022.10136986301,A/snowy_owl/MA/22MM00323/2022|H5N1|USA-MA|2022-02-07|avian|A1
615,16,0.00535280314161801,-65.3060702593,44.5681963851173,-65.2785222435897,44.6375611587357,0.287428582441761,0.282075779300143,2022.09601705987,2022.10136986301,A/Mixed/NS/FAV-0083-126/2022|H5N1|Canada-NS|2022-02-07|avian|A1
615,15,0.00535280314161801,-65.3060702593,44.5681963851173,-63.1632432901145,45.439005755999,0.287428582441761,0.282075779300143,2022.09601705987,2022.10136986301,A/Mixed/NS/FAV-0083-154/2022|H5N1|Canada-NS|2022-02-07|avian|A1
614,18,0.00350332782179552,-65.5374517728287,44.3384658604924,-65.5095625547427,44.3774304318222,0.287428582441761,0.283925254619965,2022.09786653519,2022.10136986301,A/Mixed/NS/FAV-0083-155/2022|H5N1|Canada-NS|2022-02-07|avian|A1
614,17,0.00350332782179552,-65.5374517728287,44.3384658604924,-65.4245541973979,44.3152363392057,0.287428582441761,0.283925254619965,2022.09786653519,2022.10136986301,A/Mixed/NS/FAV-0083-125/2022|H5N1|Canada-NS|2022-02-07|avian|A1
934,935,0.0116980915359312,-85.5359231827592,38.1452939937365,-87.0087937621106,39.685328452679,0.28814626327982,0.276448171743889,2022.09038945232,2022.10208754385,NA
738,739,0.221098618840753,-79.5413411646062,36.0398217997323,-78.8732824578276,39.5978877114371,0.288368277751865,0.0672696589111115,2021.88121093948,2022.10230955832,NA
971,973,0.00608896018323835,-99.8454800141017,41.2743620968974,-99.6461459235176,40.3820693846737,0.289686988199941,0.283598028016702,2022.09753930859,2022.10362826877,NA
903,907,0.0516861824879583,-93.0738574050644,40.0363504943572,-92.7641687424612,40.8423975778747,0.289944951359112,0.238258768871154,2022.05220004944,2022.10388623193,NA
1101,256,0.0927933741448015,-87.0524461340992,37.9560879396311,-83.2394390461464,37.7104117339709,0.290168308469346,0.197374934324544,2022.0113162149,2022.10410958904,A/Snow_Goose/Kentucky/22-004809-002/2022|H5N1|USA-KY|2022-02-08|avian|A1
596,69,0.0526017220621905,-65.3848873832546,43.8221558813806,-64.4611436252524,44.2906590482163,0.290168308469346,0.237566586407155,2022.05150786698,2022.10410958904,A/Blue_Jay/NS/FAV-0095-1/2022|H5N1|Canada-NS|2022-02-08|avian|A1
1044,230,0.049661283019002,-91.6253994384539,39.2957243575744,-83.125296499197,37.5760201347901,0.290168308469346,0.240507025450344,2022.05444830602,2022.10410958904,A/Gadwall/Kentucky/22-005154-004/2022|H5N1|USA-KY|2022-02-08|avian|A1
602,31,0.0306296420377031,-69.812868573195,43.7537606550388,-65.2975924042123,43.8875589527914,0.290168308469346,0.259538666431642,2022.073479947,2022.10410958904,A/Red-Tailed_Hawk/NS/FAV-0095-2/2022|H5N1|Canada-NS|2022-02-08|avian|A1
958,121,0.00800138750274004,-85.1877901624566,38.4052594403915,-85.0104754327482,38.3087217337156,0.290168308469346,0.282166920966606,2022.09610820154,2022.10410958904,A/Snow_Goose/Kentucky/22-004809-001/2022|H5N1|USA-KY|2022-02-08|avian|A1
958,122,0.00800138750274004,-85.1877901624566,38.4052594403915,-84.3819536889197,37.639765570786,0.290168308469346,0.282166920966606,2022.09610820154,2022.10410958904,A/snow_goose/Kentucky/W22-092/2022|H5N1|USA-KY|2022-02-08|avian|A1
585,586,0.240670443985744,-71.3855462839552,40.9311343492843,-71.987522293819,42.7368282133323,0.290407293490336,0.0497368495045927,2021.86367813008,2022.10434857406,NA
887,888,0.0226040005829139,-90.1628330658119,43.284530901356,-100.440689081041,42.893281408925,0.290873908949997,0.268269908367083,2022.08221118894,2022.10481518952,NA
1121,1141,0.0143448631220822,-98.4300298116968,42.4986539611257,-98.5261158077083,42.4237930460255,0.290946686911049,0.276601823788967,2022.09054310436,2022.10488796748,NA
973,974,0.00144495951207568,-99.6461459235176,40.3820693846737,-99.5491684106461,40.4120283746297,0.291131947712016,0.289686988199941,2022.10362826877,2022.10507322828,NA
992,993,0.0666435317837227,-83.7661481589434,39.6155062296306,-84.3664699411414,39.4102902940816,0.291472090425933,0.22482855864221,2022.03876983921,2022.105413371,NA
935,936,0.00358565678126466,-87.0087937621106,39.685328452679,-87.0157313673717,40.0753625135242,0.291731920061085,0.28814626327982,2022.10208754385,2022.10567320063,NA
974,978,0.000787650806508888,-99.5491684106461,40.4120283746297,-99.5465772171169,40.4140392826196,0.291919598518525,0.291131947712016,2022.10507322828,2022.10586087909,NA
1011,1013,0.0131681612460309,-81.0641974813884,39.7174696135209,-80.9392600001083,39.8064955603296,0.293377013037549,0.280208851791518,2022.09415013236,2022.10731829361,NA
913,914,0.012603495611439,-93.358405221715,39.7149679561666,-94.5199963643438,40.5371276512895,0.293969446999616,0.281365951388177,2022.09530723196,2022.10791072757,NA
735,736,0.0195087946463824,-64.4505747265859,45.2291362298866,-64.961168073076,44.7896112552427,0.294909344952008,0.275400550305625,2022.08934183088,2022.10885062552,NA
935,937,0.00710612981662739,-87.0087937621106,39.685328452679,-86.4777831347574,39.8657904119805,0.295252393096447,0.28814626327982,2022.10208754385,2022.10919367367,NA
959,960,0.0420336455407746,-96.779688777938,39.0588361582017,-96.6897973069071,40.200387035191,0.295574316102957,0.253540670562182,2022.06748195113,2022.10951559667,NA
914,917,0.00160812335837712,-94.5199963643438,40.5371276512895,-94.7581247682273,40.3656476022287,0.295577570357993,0.293969446999616,2022.10791072757,2022.10951885093,NA
713,504,0.0999899749799189,-76.0693462833963,39.4421985945944,-75.4738018016126,38.8783997142469,0.29564776052406,0.195657785544141,2022.00959906612,2022.1095890411,A/Red-shouldered_Hawk/Delaware/22-004621-001/2022|H5N1|USA-DE|2022-02-10|avian|A1
805,808,0.0532022741741354,-83.0841120958678,32.7272740879284,-85.0629311749571,31.4844987145728,0.295736922816281,0.242534648642145,2022.05647592921,2022.10967820339,NA
1006,1007,0.0242190804948008,-83.7863292986963,39.0766989097175,-83.2888044891761,38.6066142527781,0.296516498089268,0.272297417594467,2022.08623869817,2022.11045777866,NA
586,587,0.00744949722172072,-71.987522293819,42.7368282133323,-71.2108860943546,43.6133475313467,0.297856790712057,0.290407293490336,2022.10434857406,2022.11179807128,NA
661,536,0.226509853003903,-77.9246246715397,35.9523504536854,-78.0256019661194,37.446625158041,0.298387486551418,0.0718776335475149,2021.88581891412,2022.11232876712,A/chicken/Virginia/22-004415-001/2022|H5N1|USA-VA|2022-02-11|avian|A1
931,143,0.0167119243971565,-84.477350558988,37.9548591815712,-85.3698010376277,37.6550493481397,0.298387486551418,0.281675562154261,2022.09561684273,2022.11232876712,A/chicken/Kentucky/22-004416-003/2022|H5N1|USA-KY|2022-02-11|avian|A1
932,141,0.0111272006055083,-83.9366314921008,37.5830992925091,-83.5315486953334,37.1732897089047,0.298387486551418,0.287260285945909,2022.10120156652,2022.11232876712,A/chicken/Kentucky/22-004416-001/2022|H5N1|USA-KY|2022-02-11|avian|A1
932,142,0.0111272006055083,-83.9366314921008,37.5830992925091,-83.8622808625065,37.2782912648594,0.298387486551418,0.287260285945909,2022.10120156652,2022.11232876712,A/chicken/Kentucky/22-004416-002/2022|H5N1|USA-KY|2022-02-11|avian|A1
1013,1016,0.00536047470907464,-80.9392600001083,39.8064955603296,-81.2498322901739,40.0163033414987,0.298737487746624,0.293377013037549,2022.10731829361,2022.11267876832,NA
891,894,0.0338244943942689,-97.2039070138226,42.4738793883396,-99.5393154866509,41.4814996650189,0.299228086634351,0.265403592240082,2022.07934487281,2022.11316936721,NA
680,681,0.08600855434905,-79.0439692815521,42.3731396976299,-76.1362683814526,41.1468540380424,0.300262270134878,0.214253715785828,2022.02819499636,2022.11420355071,NA
589,75,0.226667558942633,-71.9421768744677,41.0526329323558,-65.979916503943,43.7022493680818,0.301127212578775,0.0744596536361424,2021.88840093421,2022.11506849315,A/Herring_Gull/NS/FAV-0111-1/2022|H5N1|Canada-NS|2022-02-12|avian|A1
861,317,0.177810275029634,-84.879937570043,37.7068035700885,-86.7736732682126,35.3497549713774,0.301127212578775,0.123316937549141,2021.93725821812,2022.11506849315,A/American_Green-winged_Teal/Tennessee/22-005910-002/2022|H5N1|USA-TN|2022-02-12|avian|A1
988,200,0.0613911138878912,-87.0102510811509,40.547296220102,-86.6504217178305,35.9222329895149,0.301127212578775,0.239736098690884,2022.05367737926,2022.11506849315,A/Mallard/Tennessee/22-005910-004/2022|H5N1|USA-TN|2022-02-12|avian|A1
1007,229,0.00461071448950712,-83.2888044891761,38.6066142527781,-83.9560921133977,38.6949132184985,0.301127212578775,0.296516498089268,2022.11045777866,2022.11506849315,A/turkey/Kentucky/22-004546-002/2022|H5N1|USA-KY|2022-02-12|avian|A1
1007,228,0.00461071448950712,-83.2888044891761,38.6066142527781,-83.256421606518,38.6157116594434,0.301127212578775,0.296516498089268,2022.11045777866,2022.11506849315,A/turkey/Kentucky/22-004546-001/2022|H5N1|USA-KY|2022-02-12|avian|A1
974,975,0.0100873528923856,-99.5491684106461,40.4120283746297,-101.352625690313,39.4342414493532,0.301219300604402,0.291131947712016,2022.10507322828,2022.11516058118,NA
1121,1122,0.0254096321546492,-98.4300298116968,42.4986539611257,-97.3527604013051,41.115379629119,0.302011455943616,0.276601823788967,2022.09054310436,2022.11595273652,NA
914,915,0.00858589082728145,-94.5199963643438,40.5371276512895,-94.5560556838539,40.9575794383309,0.302555337826898,0.293969446999616,2022.10791072757,2022.1164966184,NA
682,684,0.0810969703969139,-78.750539532396,42.1224933505279,-76.0283868570044,39.1741966570984,0.303720880734216,0.222623910337302,2022.03656519091,2022.11766216131,NA
1034,214,0.0401511819472493,-87.9922331977015,36.5156912121088,-85.8260198695012,36.1472818961224,0.30386693860636,0.263715756659111,2022.07765703723,2022.11780821918,A/Wood_Duck/Tennessee/22-005907-002/2022|H5N1|USA-TN|2022-02-13|avian|A1
649,654,0.112429028522149,-72.7867214384306,44.3285196832692,-75.4821070241928,43.8759517224834,0.304331252634413,0.191902224112263,2022.00584350468,2022.11827253321,NA
907,909,0.014557541125882,-92.7641687424612,40.8423975778747,-89.6136159062412,40.190613792849,0.304502492484994,0.289944951359112,2022.10388623193,2022.11844377306,NA
1045,1046,0.0304142906611056,-93.4584552439602,42.1505556409442,-93.8773126859351,40.9389894945997,0.305082520056708,0.274668229395602,2022.08860950997,2022.11902380063,NA
937,942,0.0101247709790386,-86.4777831347574,39.8657904119805,-87.2454976215052,40.1054743958657,0.305377164075486,0.295252393096447,2022.10919367367,2022.11931844465,NA
1115,1116,0.229613010439389,-82.4606745722198,35.6618407257881,-83.0200160734358,30.8151951436324,0.305542585308404,0.0759295748690152,2021.88987085544,2022.11948386588,NA
684,685,0.00252537880837433,-76.0283868570044,39.1741966570984,-76.2562356816174,39.6205590370429,0.30624625954259,0.303720880734216,2022.11766216131,2022.12018754011,NA
1046,1047,0.0012499032689739,-93.8773126859351,40.9389894945997,-92.9660728497893,41.0888558725455,0.306332423325682,0.305082520056708,2022.11902380063,2022.1202737039,NA
917,918,0.0108972818084707,-94.7581247682273,40.3656476022287,-94.6059426125063,40.3321324499317,0.306474852166464,0.295577570357993,2022.10951885093,2022.12041613274,NA
933,129,0.0469589417680251,-85.6922747852954,38.6661330909883,-84.9106329416189,40.6899762689924,0.306606664633717,0.259647722865692,2022.07358900344,2022.12054794521,A/turkey/Indiana/22-004688-002/2022|H5N1|USA-IN|2022-02-14|avian|A1
936,139,0.0148747445726327,-87.0157313673717,40.0753625135242,-87.1680269636929,39.9975507748773,0.306606664633717,0.291731920061085,2022.10567320063,2022.12054794521,A/turkey/Indiana/22-004688-003/2022|H5N1|USA-IN|2022-02-14|avian|A1
936,131,0.0148747445726327,-87.0157313673717,40.0753625135242,-86.9719028537415,38.8666236046684,0.306606664633717,0.291731920061085,2022.10567320063,2022.12054794521,A/turkey/Indiana/22-004688-006/2022|H5N1|USA-IN|2022-02-14|avian|A1
915,916,0.0057844612884852,-94.5560556838539,40.9575794383309,-94.7628390910802,40.830517063576,0.308339799115383,0.302555337826898,2022.1164966184,2022.12228107969,NA
864,870,0.0855661415512847,-91.7125633839114,39.6111811990991,-95.6547785535296,41.4720843484818,0.308349061405229,0.222782919853944,2022.03672420043,2022.12229034198,NA
1141,1145,0.017447242727761,-98.5261158077083,42.4237930460255,-96.004316582759,43.4904506925154,0.30839392963881,0.290946686911049,2022.10488796748,2022.12233521021,NA
876,882,0.0514546215646131,-99.4068415747034,43.4754490812889,-99.6270856941566,45.6638697666744,0.308496532432192,0.257041910867579,2022.07098319144,2022.122437813,NA
736,491,0.014437045709067,-64.961168073076,44.7896112552427,-64.9540330664454,43.7642687755095,0.309346390661075,0.294909344952008,2022.10885062552,2022.12328767123,A/Red-breasted_Merganser/NS/FAV-0113-1/2022|H5N1|Canada-NS|2022-02-15|avian|A1
739,740,0.0211566773115164,-78.8732824578276,39.5978877114371,-77.6349153491313,40.7394385737268,0.309524955063381,0.288368277751865,2022.10230955832,2022.12346623564,NA
684,690,0.00615021525141968,-76.0283868570044,39.1741966570984,-74.9196565176151,38.0970765705527,0.309871095985635,0.303720880734216,2022.11766216131,2022.12381237656,NA
1019,1020,0.0590662984046889,-86.4324705438386,39.573584448065,-86.0280310880738,38.5932867271575,0.310047255281983,0.250980956877294,2022.06492223745,2022.12398853585,NA
690,691,0.00029126595474116,-74.9196565176151,38.0970765705527,-74.6899348739893,38.0023724297464,0.310162361940377,0.309871095985635,2022.12381237656,2022.12410364251,NA
1016,1017,0.0115625712446853,-81.2498322901739,40.0163033414987,-80.6550022542561,40.0782581657917,0.310300058991309,0.298737487746624,2022.11267876832,2022.12424133956,NA
943,952,0.104865846322781,-89.0906054698302,40.7128584793336,-85.926306010984,41.2066601129027,0.310592797750973,0.205726951428192,2022.019668232,2022.12453407832,NA
685,686,0.00493708388303937,-76.2562356816174,39.6205590370429,-76.1501651744059,39.6702694422553,0.31118334342563,0.30624625954259,2022.12018754011,2022.125124624,NA
1051,1052,0.0974714108863038,-85.5661205275557,37.5106426123212,-85.6974082472904,37.5903028107388,0.311511692056904,0.2140402811706,2022.02798156174,2022.12545297263,NA
600,25,0.100307794975592,-69.8835693022993,45.4504698462191,-64.4901002996293,45.2244464255873,0.312086116688432,0.21177832171284,2022.02571960228,2022.12602739726,A/Broad-winged_Hawk/NS/FAV-0124-1/2022|H5N1|Canada-NS|2022-02-16|avian|A1
721,498,0.0921491421835231,-79.8365294435502,35.9443035959127,-63.6465560095924,46.2446816815807,0.312086116688432,0.219936974504909,2022.03387825508,2022.12602739726,A/American_Crow/PE/FAV-0109-1/2022|H5N1|Canada-PE|2022-02-16|avian|A1
952,239,0.00149331893745897,-85.926306010984,41.2066601129027,-85.0088917979962,41.0205939737852,0.312086116688432,0.310592797750973,2022.12453407832,2022.12602739726,A/turkey/Indiana/22-005289-002/2022|H5N1|USA-IN|2022-02-16|avian|A1
952,238,0.00149331893745897,-85.926306010984,41.2066601129027,-85.6649468386835,40.9883773474343,0.312086116688432,0.310592797750973,2022.12453407832,2022.12602739726,A/turkey/Indiana/22-005289-001/2022|H5N1|USA-IN|2022-02-16|avian|A1
973,980,0.0225268872470054,-99.6461459235176,40.3820693846737,-100.602457054528,40.7124725561573,0.312213875446946,0.289686988199941,2022.10362826877,2022.12615515602,NA
882,883,0.00446425262498162,-99.6270856941566,45.6638697666744,-99.0738004577669,45.6009849118169,0.312960785057173,0.308496532432192,2022.122437813,2022.12690206563,NA
865,866,0.0852144430551065,-92.5911562862727,39.4489935091581,-91.2683595123872,38.8229779060048,0.313418059370994,0.228203616315887,2022.04214489689,2022.12735933994,NA
876,877,0.0572508988065781,-99.4068415747034,43.4754490812889,-92.7831036253423,41.2340634772774,0.314292809674157,0.257041910867579,2022.07098319144,2022.12823409025,NA
1122,1123,0.012353210918408,-97.3527604013051,41.115379629119,-98.3004977738662,41.3257546343429,0.314364666862024,0.302011455943616,2022.11595273652,2022.12830594743,NA
617,35,0.0535290196566917,-67.4766576589552,47.4378859955738,-68.2420060585607,46.0022051435912,0.31482584271579,0.261296823059098,2022.07523810363,2022.12876712329,A/chicken/Maine/22-005158-001/2022|H5N1|USA-ME|2022-02-17|avian|A1
967,969,0.0357503742616819,-98.7129598656966,38.8857124109403,-99.0849542111043,38.9294925185063,0.315292668142008,0.279542293880326,2022.09348357445,2022.12923394871,NA
907,908,0.0255715248686618,-92.7641687424612,40.8423975778747,-91.4413534876278,41.539705616375,0.315516476227774,0.289944951359112,2022.10388623193,2022.1294577568,NA
1059,1060,0.089285642319325,-86.5271983201011,35.6801623688815,-89.0768665592817,39.6032743796382,0.315518457727094,0.226232815407769,2022.04017409598,2022.1294597383,NA
978,979,0.0237205715685846,-99.5465772171169,40.4140392826196,-105.667121918533,39.5100518053956,0.31564017008711,0.291919598518525,2022.10586087909,2022.12958145066,NA
691,692,0.00567075035261988,-74.6899348739893,38.0023724297464,-74.8592654421358,38.0870580445172,0.315833112292996,0.310162361940377,2022.12410364251,2022.12977439286,NA
692,694,0.000150595714591084,-74.8592654421358,38.0870580445172,-74.4821758691778,38.0569812438723,0.315983708007588,0.315833112292996,2022.12977439286,2022.12992498858,NA
984,986,0.0423618712621896,-98.6371625870544,38.5791799626672,-97.9755229465272,36.8497759435938,0.316215477763542,0.273853606501352,2022.08779488707,2022.13015675834,NA
596,68,0.0799989823359918,-65.3848873832546,43.8221558813806,-64.74369932811,44.7340081084266,0.317565568743147,0.237566586407155,2022.05150786698,2022.13150684931,A/Blue_Jay/NS/FAV-0122-1/2022|H5N1|Canada-NS|2022-02-18|avian|A1
1022,203,0.0443194993012686,-86.5076938676276,39.4187481693895,-84.9193343002699,38.7047886967543,0.317565568743147,0.273246069441878,2022.08718735001,2022.13150684931,A/Snow_Goose/Kentucky/22-006742-003/2022|H5N1|USA-KY|2022-02-18|avian|A1
1116,326,0.0120229834347425,-83.0200160734358,30.8151951436324,-83.8668109042026,30.3214182779963,0.317565568743147,0.305542585308404,2022.11948386588,2022.13150684931,A/Royal_Tern/Florida/22-005590-001/2022|H5N1|USA-FL|2022-02-18|avian|A1
1020,119,0.00751831346116438,-86.0280310880738,38.5932867271575,-86.1453410706748,39.8057037578707,0.317565568743147,0.310047255281983,2022.12398853585,2022.13150684931,A/turkey/Indiana/22-005328-001/2022|H5N1|USA-IN|2022-02-18|avian|A1
1020,120,0.00751831346116438,-86.0280310880738,38.5932867271575,-85.6213443047373,38.4522537291095,0.317565568743147,0.310047255281983,2022.12398853585,2022.13150684931,A/turkey/Indiana/22-005328-002/2022|H5N1|USA-IN|2022-02-18|avian|A1
694,695,0.00302830358958694,-74.4821758691778,38.0569812438723,-75.9918780279451,38.9583066375171,0.319012011597175,0.315983708007588,2022.12992498858,2022.13295329217,NA
1055,1058,0.0369821750360319,-85.1265721391237,45.0799741524885,-84.9598615780392,45.2213110171515,0.319106953768141,0.282124778732109,2022.0960660593,2022.13304823434,NA
909,910,0.0147059343973354,-89.6136159062412,40.190613792849,-95.0052512964979,40.0157649071022,0.319208426882329,0.304502492484994,2022.11844377306,2022.13314970745,NA
870,871,0.0111144770743623,-95.6547785535296,41.4720843484818,-94.8101997592511,42.2064656797676,0.319463538479591,0.308349061405229,2022.12229034198,2022.13340481905,NA
866,868,0.007280767532159,-91.2683595123872,38.8229779060048,-90.9720203447352,38.3356220681961,0.320698826903153,0.313418059370994,2022.12735933994,2022.13464010747,NA
695,696,0.00179347909445537,-75.9918780279451,38.9583066375171,-75.5331952056549,38.9108783237833,0.32080549069163,0.319012011597175,2022.13295329217,2022.13474677126,NA
685,689,0.0150556792629771,-76.2562356816174,39.6205590370429,-77.1963460477495,39.6030176979658,0.321301938805567,0.30624625954259,2022.12018754011,2022.13524321938,NA
691,704,0.0120075236796194,-74.6899348739893,38.0023724297464,-75.2132583094882,39.4209021866754,0.322169885619996,0.310162361940377,2022.12410364251,2022.13611116619,NA
1123,1124,0.00864111603026685,-98.3004977738662,41.3257546343429,-96.8703669835374,41.4904565968171,0.323005782892291,0.314364666862024,2022.12830594743,2022.13694706346,NA
806,509,0.0475660389089755,-82.6645787584673,34.0823722458282,-82.2598741255741,35.5344825214667,0.323045020798089,0.275478981889114,2022.08942026246,2022.13698630137,A/Brown_Pelican/North_Carolina/22-007917-001/2022|H5N1|USA-NC|2022-02-20|avian|A1
619,32,0.0435946281676707,-68.1803517279403,47.3027391320382,-69.8386682421011,46.2017887059315,0.323045020798089,0.279450392630418,2022.0933916732,2022.13698630137,A/chicken/Maine/22-005443-001/2022|H5N1|USA-ME|2022-02-20|avian|A1
608,609,0.0620277056707174,-67.9471290552386,44.154085638694,-67.7845364969484,44.4585290744203,0.323567672220611,0.261539966549893,2022.07548124712,2022.13750895279,NA
704,706,0.00156090051960411,-75.2132583094882,39.4209021866754,-75.2469974603309,39.537390439587,0.3237307861396,0.322169885619996,2022.13611116619,2022.13767206671,NA
806,807,0.0489384277870459,-82.6645787584673,34.0823722458282,-82.8331071306134,34.978453895816,0.32441740967616,0.275478981889114,2022.08942026246,2022.13835869025,NA
704,705,0.00246901795082743,-75.2132583094882,39.4209021866754,-75.1942887349376,38.7154496874679,0.324638903570823,0.322169885619996,2022.13611116619,2022.13858018414,NA
937,938,0.0299835465960436,-86.4777831347574,39.8657904119805,-85.6612150726071,40.007083306974,0.325235939692491,0.295252393096447,2022.10919367367,2022.13917722026,NA
942,132,0.0204075827499605,-87.2454976215052,40.1054743958657,-86.5583120566494,39.7449590060427,0.325784746825446,0.305377164075486,2022.11931844465,2022.1397260274,A/turkey/Indiana/22-005696-001/2022|H5N1|USA-IN|2022-02-21|avian|A1
942,133,0.0204075827499605,-87.2454976215052,40.1054743958657,-85.017895526361,39.3082455006535,0.325784746825446,0.305377164075486,2022.11931844465,2022.1397260274,A/turkey/Indiana/22-005696-002/2022|H5N1|USA-IN|2022-02-21|avian|A1
706,401,0.00205396068584629,-75.2469974603309,39.537390439587,-75.0597312377915,38.4922237725089,0.325784746825446,0.3237307861396,2022.13767206671,2022.1397260274,A/chicken/Delaware/22-005260-001/2022|H5N1|USA-DE|2022-02-21|avian|A1
705,388,0.00114584325462297,-75.1942887349376,38.7154496874679,-75.3496883570349,38.499183978617,0.325784746825446,0.324638903570823,2022.13858018414,2022.1397260274,A/chicken/Delaware/22-005260-003/2022|H5N1|USA-DE|2022-02-21|avian|A1
705,399,0.00114584325462297,-75.1942887349376,38.7154496874679,-75.3862325079327,39.0316471779607,0.325784746825446,0.324638903570823,2022.13858018414,2022.1397260274,A/chicken/Delaware/22-005260-002/2022|H5N1|USA-DE|2022-02-21|avian|A1
938,134,0.000548807132955464,-85.6612150726071,40.007083306974,-85.7131344697169,40.1045060138654,0.325784746825446,0.325235939692491,2022.13917722026,2022.1397260274,A/turkey/Indiana/22-005696-003/2022|H5N1|USA-IN|2022-02-21|avian|A1
1055,1056,0.0444851172770626,-85.1265721391237,45.0799741524885,-84.9233100212273,45.1049036019215,0.326609896009172,0.282124778732109,2022.0960660593,2022.14055117658,NA
1056,1057,0.000836703377729009,-84.9233100212273,45.1049036019215,-84.8976071898338,45.1266020906729,0.327446599386901,0.326609896009172,2022.14055117658,2022.14138787996,NA
1123,1133,0.0136454218689763,-98.3004977738662,41.3257546343429,-97.0941983206871,40.1575646022398,0.328010088731,0.314364666862024,2022.12830594743,2022.1419513693,NA
1043,166,0.0878796108597366,-89.5054234004492,39.3522047987622,-93.5820206226574,40.0050471612211,0.328524472852804,0.240644861993067,2022.05458614256,2022.14246575342,A/Rosss_Goose/Missouri/22-006328-019/2022|H5N1|USA-MO|2022-02-22|avian|A1
732,487,0.0846489214266124,-72.7670565539589,44.6770623137365,-71.2410555907461,44.5644912552887,0.328524472852804,0.243875551426191,2022.057816832,2022.14246575342,A/Canada_Goose/New_Hampshire/22-006203-003/2022|H5N1|USA-NH|2022-02-22|avian|A1
733,485,0.0731197225047268,-72.0574358275666,43.9742258206773,-72.0363720492744,43.9874020405959,0.328524472852804,0.255404750348077,2022.06934603092,2022.14246575342,A/Canada_Goose/New_Hampshire/22-006203-001/2022|H5N1|USA-NH|2022-02-22|avian|A1
733,486,0.0731197225047268,-72.0574358275666,43.9742258206773,-71.8470938424206,43.0625315340833,0.328524472852804,0.255404750348077,2022.06934603092,2022.14246575342,A/Canada_Goose/New_Hampshire/22-006203-002/2022|H5N1|USA-NH|2022-02-22|avian|A1
892,261,0.0554136081033307,-96.0607431937408,43.0236394086828,-91.342908692403,39.5225230428365,0.328524472852804,0.273110864749473,2022.08705214532,2022.14246575342,A/Snow_Goose/Missouri/22-006328-032/2022|H5N1|USA-MO|2022-02-22|avian|A1
906,285,0.0505898298073373,-91.2359178782801,37.4538664667339,-91.4779934394793,37.3262173595123,0.328524472852804,0.277934643045467,2022.09187592362,2022.14246575342,A/Snow_Goose/Missouri/22-006328-004/2022|H5N1|USA-MO|2022-02-22|avian|A1
906,286,0.0505898298073373,-91.2359178782801,37.4538664667339,-92.7148248573106,37.5840291277453,0.328524472852804,0.277934643045467,2022.09187592362,2022.14246575342,A/Snow_Goose/Missouri/22-006328-015/2022|H5N1|USA-MO|2022-02-22|avian|A1
913,324,0.0471585214646265,-93.358405221715,39.7149679561666,-92.7837473330204,39.5034048249334,0.328524472852804,0.281365951388177,2022.09530723196,2022.14246575342,A/Snow_Goose/Missouri/22-006328-011/2022|H5N1|USA-MO|2022-02-22|avian|A1
654,6,0.0241932202183912,-75.4821070241928,43.8759517224834,-75.2197462792121,43.8184770635206,0.328524472852804,0.304331252634413,2022.11827253321,2022.14246575342,A/pheasant/New_York/22-005647-002/2022|H5N1|USA-NY|2022-02-22|avian|A1
654,7,0.0241932202183912,-75.4821070241928,43.8759517224834,-76.0852874017267,43.8296617971953,0.328524472852804,0.304331252634413,2022.11827253321,2022.14246575342,A/pheasant/New_York/22-005647-001/2022|H5N1|USA-NY|2022-02-22|avian|A1
916,320,0.0201846737374208,-94.7628390910802,40.830517063576,-93.558036535345,40.3766485047253,0.328524472852804,0.308339799115383,2022.12228107969,2022.14246575342,A/Snow_Goose/Missouri/22-006328-022/2022|H5N1|USA-MO|2022-02-22|avian|A1
1056,240,0.00191457684363194,-84.9233100212273,45.1049036019215,-84.98900862815,45.5747138050119,0.328524472852804,0.326609896009172,2022.14055117658,2022.14246575342,A/guinea_fowl/Michigan/22-005440-003/2022|H5N1|USA-MI|2022-02-22|avian|A1
1057,242,0.00107787346590293,-84.8976071898338,45.1266020906729,-85.6765907099103,45.1242625516913,0.328524472852804,0.327446599386901,2022.14138787996,2022.14246575342,A/turkey/Michigan/22-005440-001/2022|H5N1|USA-MI|2022-02-22|avian|A1
1057,241,0.00107787346590293,-84.8976071898338,45.1266020906729,-84.1814606807269,43.4732965259085,0.328524472852804,0.327446599386901,2022.14138787996,2022.14246575342,A/chicken/Michigan/22-005440-002/2022|H5N1|USA-MI|2022-02-22|avian|A1
695,700,0.0099856059201826,-75.9918780279451,38.9583066375171,-76.2147002985429,39.4976391141451,0.328997617517357,0.319012011597175,2022.13295329217,2022.14293889809,NA
905,288,0.0750492403023019,-91.3288325487295,39.1070547262864,-92.6082808789505,40.0658435575025,0.331264198880161,0.256214958577859,2022.07015623915,2022.14520547945,A/Snow_Goose/Missouri/22-006805-001/2022|H5N1|USA-MO|2022-02-23|avian|A1
735,492,0.055863648574536,-64.4505747265859,45.2291362298866,-62.9088587789312,46.1635400446342,0.331264198880161,0.275400550305625,2022.08934183088,2022.14520547945,A/Snowy_Owl/PE/FAV-0121-1/2022|H5N1|Canada-PE|2022-02-23|avian|A1
586,588,0.0408896827232786,-71.987522293819,42.7368282133323,-71.8185766190776,42.5818808461504,0.331296976213615,0.290407293490336,2022.10434857406,2022.14523825679,NA
1109,1114,0.0625604284184424,-82.4006641953694,27.6673054668285,-80.96389111959,26.7850667832723,0.332436239005391,0.269875810586949,2022.08381709116,2022.14637751958,NA
663,664,0.245789725018755,-79.2322640425678,38.1350834070914,-81.8739441889817,48.549636705691,0.332466438889722,0.0866767138709672,2021.90061799444,2022.14640771946,NA
938,939,0.00815542772210454,-85.6612150726071,40.007083306974,-86.4681046395028,39.998248505887,0.333391367414596,0.325235939692491,2022.13917722026,2022.14733264799,NA
627,41,0.0946841959851831,-71.5472117870401,44.8396480492996,-71.4912311574265,44.780544204463,0.334003924907519,0.239319728922336,2022.05326100949,2022.14794520548,A/Snow_Goose/New_Hampshire/22-007420-001/2022|H5N1|USA-NH|2022-02-24|avian|A1
939,940,0.00291774336207484,-86.4681046395028,39.998248505887,-86.5173106117701,39.9773677076893,0.33630911077667,0.333391367414596,2022.14733264799,2022.15025039135,NA
960,961,0.0419656300274512,-96.6897973069071,40.200387035191,-95.1258256340367,36.5297686780702,0.337539946130408,0.295574316102957,2022.10951559667,2022.1514812267,NA
696,697,0.0169004632562588,-75.5331952056549,38.9108783237833,-76.5941695333185,39.7737591667725,0.337705953947889,0.32080549069163,2022.13474677126,2022.15164723452,NA
686,687,0.0272317525985551,-76.1501651744059,39.6702694422553,-76.9708148049537,39.9990098156849,0.338415096024185,0.31118334342563,2022.125124624,2022.1523563766,NA
816,817,0.232721505195932,-82.9919060550389,34.9605047420681,-79.9909150776791,40.9585688691999,0.341566371221113,0.108844866025182,2021.9227861466,2022.15550765179,NA
1060,1062,0.026318730136245,-89.0768665592817,39.6032743796382,-92.7204662369974,41.44611549213,0.341837187863339,0.315518457727094,2022.1294597383,2022.15577846844,NA
700,701,0.0132880066438605,-76.2147002985429,39.4976391141451,-77.1458451880935,38.844844441843,0.342285624161218,0.328997617517357,2022.14293889809,2022.15622690473,NA
940,941,0.00674922030012437,-86.5173106117701,39.9773677076893,-86.2861662798604,40.2607815002967,0.343058331076795,0.33630911077667,2022.15025039135,2022.15699961165,NA
868,869,0.0227466079119595,-90.9720203447352,38.3356220681961,-91.2369794009007,38.7134495908938,0.343445434815112,0.320698826903153,2022.13464010747,2022.15738671539,NA
1119,1146,0.144406819745042,-85.9635757001714,35.7408409206848,-94.5501524141579,34.1998830692544,0.343553505919427,0.199146686174385,2022.01308796675,2022.15749478649,NA
988,989,0.105213271639151,-87.0102510811509,40.547296220102,-90.966599002629,43.6751457554375,0.344949370330035,0.239736098690884,2022.05367737926,2022.1588906509,NA
621,14,0.102460293585193,-73.1389371705271,40.7575662810736,-73.5064854598723,41.5771569049218,0.344962829017176,0.242502535431982,2022.056443816,2022.15890410959,A/chicken/Connecticut/22-006118-001/2022|H5N1|USA-CT|2022-02-28|avian|A1
966,84,0.0741072765250534,-98.5920313359151,38.8801548503015,-98.2674029343064,39.8938831973485,0.344962829017176,0.270855552492122,2022.08479683306,2022.15890410959,A/Snow_Goose/Kansas/22-006804-007/2022|H5N1|USA-KS|2022-02-28|avian|A1
901,276,0.0590213282033298,-93.7671158109,37.0210692685297,-93.7730390578304,36.9505033634953,0.344962829017176,0.285941500813846,2022.09988278139,2022.15890410959,A/American_White_Pelican/Missouri/22-006970-001/2022|H5N1|USA-MO|2022-02-28|avian|A1
975,97,0.0437435284127735,-101.352625690313,39.4342414493532,-101.756463774991,38.9453712323774,0.344962829017176,0.301219300604402,2022.11516058118,2022.15890410959,A/Snow_Goose/Kansas/22-006804-003/2022|H5N1|USA-KS|2022-02-28|avian|A1
1047,233,0.0386304056914939,-92.9660728497893,41.0888558725455,-92.7179344785886,39.5175432492597,0.344962829017176,0.306332423325682,2022.1202737039,2022.15890410959,A/Hooded_Merganser/Missouri/22-007184-001/2022|H5N1|USA-MO|2022-02-28|avian|A1
910,281,0.0257544021348461,-95.0052512964979,40.0157649071022,-96.4708057936883,43.2341500068752,0.344962829017176,0.319208426882329,2022.13314970745,2022.15890410959,A/silkie_chicken/Iowa/22-006114-001/2022|H5N1|USA-IA|2022-02-28|avian|A1
588,3,0.0136658528035606,-71.8185766190776,42.5818808461504,-71.7954295405126,42.5551604984177,0.344962829017176,0.331296976213615,2022.14523825679,2022.15890410959,A/great_horned_owl/Massachusetts/22-006976-009/2022|H5N1|USA-MA|2022-02-28|avian|A1
940,137,0.0086537182405052,-86.5173106117701,39.9773677076893,-86.3226998281814,39.1142677974004,0.344962829017176,0.33630911077667,2022.15025039135,2022.15890410959,A/turkey/Indiana/22-006259-002/2022|H5N1|USA-IN|2022-02-28|avian|A1
941,135,0.00190449794038083,-86.2861662798604,40.2607815002967,-85.3480927690932,39.9361402627648,0.344962829017176,0.343058331076795,2022.15699961165,2022.15890410959,A/turkey/Indiana/22-006259-001/2022|H5N1|USA-IN|2022-02-28|avian|A1
619,620,0.0655503769154684,-68.1803517279403,47.3027391320382,-68.1824955484863,46.6246555908904,0.345000769545887,0.279450392630418,2022.0933916732,2022.15894205012,NA
1141,1142,0.0543128653502233,-98.5261158077083,42.4237930460255,-106.270419477664,42.7240005369748,0.345259552261272,0.290946686911049,2022.10488796748,2022.15920083283,NA
866,867,0.0319718263597587,-91.2683595123872,38.8229779060048,-90.2816686708091,37.2306275270181,0.345389885730752,0.313418059370994,2022.12735933994,2022.1593311663,NA
877,878,0.0319246105007637,-92.7831036253423,41.2340634772774,-92.4681652905469,41.6302997134717,0.34621742017492,0.314292809674157,2022.12823409025,2022.16015870075,NA
1006,1008,0.0739241407395892,-83.7863292986963,39.0766989097175,-91.0799499242434,45.2863682314257,0.346221558334056,0.272297417594467,2022.08623869817,2022.16016283891,NA
692,693,0.0306544711631751,-74.8592654421358,38.0870580445172,-77.0741247522482,39.6032404534424,0.346487583456172,0.315833112292996,2022.12977439286,2022.16042886403,NA
905,287,0.0914875964666736,-91.3288325487295,39.1070547262864,-93.3043798172969,39.0327082625408,0.347702555044533,0.256214958577859,2022.07015623915,2022.16164383562,A/Pelican/Missouri/22-012338-019/2022|H5N1|USA-MO|2022-03-01|avian|A1
1145,351,0.039308625405723,-96.004316582759,43.4904506925154,-97.5651622800468,44.7340390732701,0.347702555044533,0.30839392963881,2022.12233521021,2022.16164383562,A/Bald_Eagle/South_Dakota/22-009685-001/2022|H5N1|USA-SD|2022-03-01|avian|A1
1114,330,0.0152663160391417,-80.96389111959,26.7850667832723,-80.9859334795281,26.7225439228379,0.347702555044533,0.332436239005391,2022.14637751958,2022.16164383562,A/Gull/Florida/22-007915-006/2022|H5N1|USA-FL|2022-03-01|avian|A1
1114,331,0.0152663160391417,-80.96389111959,26.7850667832723,-82.43231053879,27.4692250308713,0.347702555044533,0.332436239005391,2022.14637751958,2022.16164383562,A/gull/Florida/W22-162/2022|H5N1|USA-FL|2022-03-01|avian|A1
664,526,0.0152361161548112,-81.8739441889817,48.549636705691,-78.3605604082679,42.1929624637035,0.347702555044533,0.332466438889722,2022.14640771946,2022.16164383562,A/Snow_Goose/New_York/22-008835-004/2022|H5N1|USA-NY|2022-03-01|avian|A1
939,138,0.0143111876299374,-86.4681046395028,39.998248505887,-86.4579942696014,40.0129614269736,0.347702555044533,0.333391367414596,2022.14733264799,2022.16164383562,A/turkey/Indiana/22-006261-002/2022|H5N1|USA-IN|2022-03-01|avian|A1
941,136,0.00464422396773823,-86.2861662798604,40.2607815002967,-87.3136032499501,40.9202049852521,0.347702555044533,0.343058331076795,2022.15699961165,2022.16164383562,A/turkey/Indiana/22-006261-001/2022|H5N1|USA-IN|2022-03-01|avian|A1
898,899,0.0679524948392621,-95.168418203343,39.5636966854587,-97.440736275421,42.4438093844289,0.349986641542851,0.282034146703589,2022.09597542728,2022.16392792211,NA
910,280,0.0312338541897883,-95.0052512964979,40.0157649071022,-94.3109569724003,39.7686047701343,0.350442281072118,0.319208426882329,2022.13314970745,2022.16438356164,A/Merganser/Missouri/22-007765-001/2022|H5N1|USA-MO|2022-03-02|avian|A1
868,271,0.0297434541689652,-90.9720203447352,38.3356220681961,-91.7497404585535,37.8666475406764,0.350442281072118,0.320698826903153,2022.13464010747,2022.16438356164,A/chicken/Missouri/22-006569-007/2022|H5N1|USA-MO|2022-03-02|avian|A1
869,273,0.0069968462570057,-91.2369794009007,38.7134495908938,-91.3206025617717,38.6921268358108,0.350442281072118,0.343445434815112,2022.15738671539,2022.16438356164,A/chicken/Missouri/22-006569-001/2022|H5N1|USA-MO|2022-03-02|avian|A1
869,272,0.0069968462570057,-91.2369794009007,38.7134495908938,-90.2749323293708,38.719474154647,0.350442281072118,0.343445434815112,2022.15738671539,2022.16438356164,A/chicken/Missouri/22-006569-002/2022|H5N1|USA-MO|2022-03-02|avian|A1
867,275,0.00505239534136548,-90.2816686708091,37.2306275270181,-91.2637300339365,37.1869320864687,0.350442281072118,0.345389885730752,2022.1593311663,2022.16438356164,A/chicken/Missouri/22-006569-005/2022|H5N1|USA-MO|2022-03-02|avian|A1
867,274,0.00505239534136548,-90.2816686708091,37.2306275270181,-90.0936402093509,36.9903038125409,0.350442281072118,0.345389885730752,2022.1593311663,2022.16438356164,A/chicken/Missouri/22-006569-004/2022|H5N1|USA-MO|2022-03-02|avian|A1
1011,1012,0.0702812271787218,-81.0641974813884,39.7174696135209,-81.4336757829305,40.576942547259,0.35049007897024,0.280208851791518,2022.09415013236,2022.16443135954,NA
975,976,0.0499246215898259,-101.352625690313,39.4342414493532,-105.113325201505,40.217975264502,0.351143922194228,0.301219300604402,2022.11516058118,2022.16508520277,NA
878,879,0.00515597872945939,-92.4681652905469,41.6302997134717,-93.5487304782983,42.6289666634816,0.35137339890438,0.34621742017492,2022.16015870075,2022.16531467948,NA
697,698,0.0138326602947868,-76.5941695333185,39.7737591667725,-76.1668637958126,39.6263376379583,0.351538614242676,0.337705953947889,2022.15164723452,2022.16547989481,NA
1109,1110,0.0819920025946734,-82.4006641953694,27.6673054668285,-81.0639431831792,27.3070229863483,0.351867813181622,0.269875810586949,2022.08381709116,2022.16580909375,NA
808,507,0.0574450842831943,-85.0629311749571,31.4844987145728,-85.684988008106,30.5559870066901,0.353182007099475,0.295736922816281,2022.10967820339,2022.16712328767,A/Black_Vulture/Florida/22-006981-001/2022|H5N1|USA-FL|2022-03-03|avian|A1
918,322,0.0467071549330109,-94.6059426125063,40.3321324499317,-94.9326362482926,40.0943950692061,0.353182007099475,0.306474852166464,2022.12041613274,2022.16712328767,A/chicken/Missouri/22-006639-001/2022|H5N1|USA-MO|2022-03-03|avian|A1
689,391,0.0318800682939079,-77.1963460477495,39.6030176979658,-77.1629919510909,39.3403178700223,0.353182007099475,0.321301938805567,2022.13524321938,2022.16712328767,A/chicken/Maryland/22-006578-013/2022|H5N1|USA-MD|2022-03-03|avian|A1
700,397,0.024184389582118,-76.2147002985429,39.4976391141451,-76.3550319133052,39.5411951417263,0.353182007099475,0.328997617517357,2022.14293889809,2022.16712328767,A/chicken/Maryland/22-006578-014/2022|H5N1|USA-MD|2022-03-03|avian|A1
588,2,0.0218850308858601,-71.8185766190776,42.5818808461504,-71.7921918107428,42.5721731495059,0.353182007099475,0.331296976213615,2022.14523825679,2022.16712328767,A/great_horned_owl/MA/22MM00199/2022|H5N1|USA-MA|2022-03-03|avian|A1
697,408,0.0154760531515864,-76.5941695333185,39.7737591667725,-77.1075552005621,39.3859777093512,0.353182007099475,0.337705953947889,2022.15164723452,2022.16712328767,A/chicken/Maryland/22-006578-001/2022|H5N1|USA-MD|2022-03-03|avian|A1
693,390,0.00669442364330353,-77.0741247522482,39.6032404534424,-77.3675211351943,39.5517877665579,0.353182007099475,0.346487583456172,2022.16042886403,2022.16712328767,A/chicken/Maryland/22-006578-002/2022|H5N1|USA-MD|2022-03-03|avian|A1
698,411,0.0016433928567996,-76.1668637958126,39.6263376379583,-76.2193766029423,39.6001773497135,0.353182007099475,0.351538614242676,2022.16547989481,2022.16712328767,A/chicken/Maryland/22-006578-005/2022|H5N1|USA-MD|2022-03-03|avian|A1
698,699,0.00164869442607729,-76.1668637958126,39.6263376379583,-76.7040234514301,39.1961958146593,0.353187308668753,0.351538614242676,2022.16547989481,2022.16712858924,NA
1013,1014,0.0602787654661829,-80.9392600001083,39.8064955603296,-81.7606616918467,38.3800602800286,0.353655778503732,0.293377013037549,2022.10731829361,2022.16759705908,NA
687,688,0.0172260682817972,-76.9708148049537,39.9990098156849,-76.7747937370939,39.656946867636,0.355641164305982,0.338415096024185,2022.1523563766,2022.16958244488,NA
808,508,0.0601848103105517,-85.0629311749571,31.4844987145728,-85.2615854066599,30.7987739597998,0.355921733126833,0.295736922816281,2022.10967820339,2022.1698630137,A/Brown_Pelican/Florida/22-007313-001/2022|H5N1|USA-FL|2022-03-04|avian|A1
1017,159,0.0456216741355235,-80.6550022542561,40.0782581657917,-81.4527433691077,40.8502526783926,0.355921733126833,0.310300058991309,2022.12424133956,2022.1698630137,A/American_Black_Duck/Ohio/22-009205-010/2022|H5N1|USA-OH|2022-03-04|avian|A1
969,104,0.0406290649848244,-99.0849542111043,38.9294925185063,-99.1782886340034,38.5327114817828,0.355921733126833,0.315292668142008,2022.12923394871,2022.1698630137,A/Snow_Goose/Kansas/22-007919-003/2022|H5N1|USA-KS|2022-03-04|avian|A1
807,510,0.031504323450673,-82.8331071306134,34.978453895816,-80.9022227480304,34.9412001221584,0.355921733126833,0.32441740967616,2022.13835869025,2022.1698630137,A/Bald_Eagle/South_Carolina/22-007918-001/2022|H5N1|USA-SC|2022-03-04|avian|A1
807,511,0.031504323450673,-82.8331071306134,34.978453895816,-82.7768702521219,34.7950675685773,0.355921733126833,0.32441740967616,2022.13835869025,2022.1698630137,A/Bald_Eagle/South_Carolina/22-007918-002/2022|H5N1|USA-SC|2022-03-04|avian|A1
899,284,0.0059350915839812,-97.440736275421,42.4438093844289,-98.4492823620177,44.5737580045403,0.355921733126833,0.349986641542851,2022.16392792211,2022.1698630137,A/turkey/South_Dakota/22-006792-001/2022|H5N1|USA-SD|2022-03-04|avian|A1
899,283,0.0059350915839812,-97.440736275421,42.4438093844289,-97.6253895182413,44.3155684820239,0.355921733126833,0.349986641542851,2022.16392792211,2022.1698630137,A/turkey/South_Dakota/22-006792-002/2022|H5N1|USA-SD|2022-03-04|avian|A1
688,407,0.000280568820850702,-76.7747937370939,39.656946867636,-76.8709794218925,38.94621149973,0.355921733126833,0.355641164305982,2022.16958244488,2022.1698630137,A/chicken/Maryland/22-006948-001/2022|H5N1|USA-MD|2022-03-04|avian|A1
1028,1029,0.0979591895394075,-93.8542902151628,38.9261335426947,-93.4164925957435,38.5092443809141,0.356587800322193,0.258628610782785,2022.07256989135,2022.17052908089,NA
948,949,0.119017452982583,-99.1070348704203,38.7076256662591,-100.354575965216,39.4925021935344,0.356986998281589,0.237969545299005,2022.05191082587,2022.17092827885,NA
607,610,0.118800812453725,-67.3095066047769,44.6523075434053,-68.9310862260566,45.1162614594048,0.357120574467858,0.238319762014134,2022.05226104259,2022.17106185504,NA
920,922,0.129496987148111,-83.8083019395549,36.502742129448,-85.1652329154048,42.5225446845829,0.357614446885011,0.2281174597369,2022.04205874031,2022.17155572746,NA
961,962,0.0201913883271487,-95.1258256340367,36.5297686780702,-94.4288777927,34.9950993100501,0.357731334457557,0.337539946130408,2022.1514812267,2022.17167261503,NA
962,963,0.000269999857443137,-94.4288777927,34.9950993100501,-94.5276378324821,34.9293387839545,0.358001334315,0.357731334457557,2022.17167261503,2022.17194261489,NA
1062,1063,0.0163886171478264,-92.7204662369974,41.44611549213,-92.0953599620253,41.6029889471355,0.358225805011165,0.341837187863339,2022.15577846844,2022.17216708558,NA
1060,1061,0.0429196606818197,-89.0768665592817,39.6032743796382,-91.5739167391004,41.6086676718018,0.358438118408914,0.315518457727094,2022.1294597383,2022.17237939898,NA
879,880,0.00751019784037688,-93.5487304782983,42.6289666634816,-93.6021474768382,40.9560371051628,0.358883596744757,0.35137339890438,2022.16531467948,2022.17282487732,NA
1110,1111,0.0077463108863185,-81.0639431831792,27.3070229863483,-80.9327166666928,27.3610441603403,0.359614124067941,0.351867813181622,2022.16580909375,2022.17355540464,NA
650,652,0.133392623311947,-71.670547050185,43.8576657818373,-66.0538179602128,44.3817898138102,0.360892592426411,0.227499969114464,2022.04144124969,2022.174833873,NA
1110,1112,0.00926644693965384,-81.0639431831792,27.3070229863483,-80.9633901482369,27.409077703073,0.361134260121276,0.351867813181622,2022.16580909375,2022.17507554069,NA
908,279,0.0458847089537735,-91.4413534876278,41.539705616375,-88.8809491851481,37.3070060217387,0.361401185181547,0.315516476227774,2022.1294577568,2022.17534246575,A/Rosss_Goose/Illinois/22-007691-001/2022|H5N1|USA-IL|2022-03-06|avian|A1
961,109,0.0238612390511391,-95.1258256340367,36.5297686780702,-97.1347561597267,37.6930244990872,0.361401185181547,0.337539946130408,2022.1514812267,2022.17534246575,A/snow_goose/Kansas/W22-174B/2022|H5N1|USA-KS|2022-03-06|avian|A1
962,110,0.0036698507239904,-94.4288777927,34.9950993100501,-98.7587665014858,37.449976248629,0.361401185181547,0.357731334457557,2022.17167261503,2022.17534246575,A/Snow_Goose/Kansas/22-007919-002/2022|H5N1|USA-KS|2022-03-06|avian|A1
1061,252,0.00296306677263347,-91.5739167391004,41.6086676718018,-91.8162552835332,41.977422938742,0.361401185181547,0.358438118408914,2022.17237939898,2022.17534246575,A/turkey/Iowa/22-006795-001/2022|H5N1|USA-IA|2022-03-06|avian|A1
1061,251,0.00296306677263347,-91.5739167391004,41.6086676718018,-92.1683988005962,41.3900849427016,0.361401185181547,0.358438118408914,2022.17237939898,2022.17534246575,A/turkey/Iowa/22-006795-002/2022|H5N1|USA-IA|2022-03-06|avian|A1
652,653,0.000977167241972499,-66.0538179602128,44.3817898138102,-65.9670455279502,44.2013468655728,0.361869759668384,0.360892592426411,2022.174833873,2022.17581104024,NA
976,977,0.0108482717854801,-105.113325201505,40.217975264502,-104.502065526718,41.2450023876625,0.361992193979708,0.351143922194228,2022.16508520277,2022.17593347455,NA
1008,1009,0.0161296433372848,-91.0799499242434,45.2863682314257,-91.8316953342405,45.3563574027642,0.362351201671341,0.346221558334056,2022.16016283891,2022.17629248224,NA
1028,205,0.105512300426119,-93.8542902151628,38.9261335426947,-97.3325213488221,41.031569937202,0.364140911208905,0.258628610782785,2022.07256989135,2022.17808219178,A/Canada_Goose/Nebraska/22-007179-001/2022|H5N1|USA-NE|2022-03-07|avian|A1
917,318,0.0685633408509112,-94.7581247682273,40.3656476022287,-94.867303927387,40.2783440478708,0.364140911208905,0.295577570357993,2022.10951885093,2022.17808219178,A/turkey/Missouri/22-006944-002/2022|H5N1|USA-MO|2022-03-07|avian|A1
686,396,0.0529575677832752,-76.1501651744059,39.6702694422553,-75.5534226538664,38.8797231085764,0.364140911208905,0.31118334342563,2022.125124624,2022.17808219178,A/chicken/Delaware/22-006945-004/2022|H5N1|USA-DE|2022-03-07|avian|A1
694,404,0.0481572032013171,-74.4821758691778,38.0569812438723,-75.6667343374024,38.9430736834348,0.364140911208905,0.315983708007588,2022.12992498858,2022.17808219178,A/chicken/Delaware/22-006945-003/2022|H5N1|USA-DE|2022-03-07|avian|A1
871,303,0.0446773727293133,-94.8101997592511,42.2064656797676,-97.900843421583,41.9052282199507,0.364140911208905,0.319463538479591,2022.13340481905,2022.17808219178,A/Canada_Goose/Nebraska/22-007169-001/2022|H5N1|USA-NE|2022-03-07|avian|A1
696,403,0.0433354205172748,-75.5331952056549,38.9108783237833,-75.4547516748694,38.9446300024674,0.364140911208905,0.32080549069163,2022.13474677126,2022.17808219178,A/chicken/Delaware/22-006945-002/2022|H5N1|USA-DE|2022-03-07|avian|A1
706,402,0.0404101250693045,-75.2469974603309,39.537390439587,-75.4718473199086,39.2565052760139,0.364140911208905,0.3237307861396,2022.13767206671,2022.17808219178,A/chicken/Delaware/22-006945-001/2022|H5N1|USA-DE|2022-03-07|avian|A1
688,406,0.00849974690292288,-76.7747937370939,39.656946867636,-76.7748457153504,39.6617346659993,0.364140911208905,0.355641164305982,2022.16958244488,2022.17808219178,A/chicken/Maryland/22-007086-001/2022|H5N1|USA-MD|2022-03-07|avian|A1
963,111,0.00613957689390465,-94.5276378324821,34.9293387839545,-85.0252493666171,30.3334660560987,0.364140911208905,0.358001334315,2022.17194261489,2022.17808219178,A/ring-billed_gull/Florida/W22-169/2022|H5N1|USA-FL|2022-03-07|avian|A1
963,112,0.00613957689390465,-94.5276378324821,34.9293387839545,-85.6368405333304,30.2376521906013,0.364140911208905,0.358001334315,2022.17194261489,2022.17808219178,A/Ring-billed_Gull/Florida/22-007915-012/2022|H5N1|USA-FL|2022-03-07|avian|A1
1142,1143,0.0200513992836236,-106.270419477664,42.7240005369748,-104.925768699934,42.0905316785006,0.365310951544896,0.345259552261272,2022.15920083283,2022.17925223212,NA
948,951,0.128204081677239,-99.1070348704203,38.7076256662591,-99.577299353884,39.0599688573719,0.366173626976244,0.237969545299005,2022.05191082587,2022.18011490755,NA
1023,204,0.0928169804155668,-86.5470451511766,39.4684272981196,-90.7213360166062,36.9765544765207,0.366880637236489,0.274063656820923,2022.08800493739,2022.18082191781,A/pelican/Missouri/22-012338-011/2022|H5N1|USA-MO|2022-03-08|avian|A1
901,289,0.0809391364226437,-93.7671158109,37.0210692685297,-101.474978871632,31.094933315213,0.366880637236489,0.285941500813846,2022.09988278139,2022.18082191781,A/peregrine_falcon/Texas/22-017713-001/2022|H5N1|USA-TX|2022-03-08|avian|A1
909,282,0.0623781447514954,-89.6136159062412,40.190613792849,-94.9085250356826,41.3100209572922,0.366880637236489,0.304502492484994,2022.11844377306,2022.18082191781,A/Snow_Goose/Iowa/22-007764-001/2022|H5N1|USA-IA|2022-03-08|avian|A1
690,405,0.057009541250854,-74.9196565176151,38.0970765705527,-76.2108006995314,38.9575991188404,0.366880637236489,0.309871095985635,2022.12381237656,2022.18082191781,A/chicken/Maryland/22-007273-004/2022|H5N1|USA-MD|2022-03-08|avian|A1
687,398,0.0284655412123048,-76.9708148049537,39.9990098156849,-76.8340294855187,39.2814101589517,0.366880637236489,0.338415096024185,2022.1523563766,2022.18082191781,A/chicken/Maryland/22-007273-003/2022|H5N1|USA-MD|2022-03-08|avian|A1
693,400,0.0203930537803179,-77.0741247522482,39.6032404534424,-76.6231847546504,38.9110956091045,0.366880637236489,0.346487583456172,2022.16042886403,2022.18082191781,A/chicken/Maryland/22-007273-005/2022|H5N1|USA-MD|2022-03-08|avian|A1
1012,161,0.0163905582662496,-81.4336757829305,40.576942547259,-81.4223182412737,40.6835021968083,0.366880637236489,0.35049007897024,2022.16443135954,2022.18082191781,A/Mallard/Ohio/22-009207-002/2022|H5N1|USA-OH|2022-03-08|avian|A1
1012,160,0.0163905582662496,-81.4336757829305,40.576942547259,-82.3849658723004,38.8993297762517,0.366880637236489,0.35049007897024,2022.16443135954,2022.18082191781,A/Mallard/Ohio/22-009207-003/2022|H5N1|USA-OH|2022-03-08|avian|A1
699,410,0.0136933285677366,-76.7040234514301,39.1961958146593,-76.9913911241467,39.1642687938927,0.366880637236489,0.353187308668753,2022.16712858924,2022.18082191781,A/chicken/Maryland/22-007273-001/2022|H5N1|USA-MD|2022-03-08|avian|A1
699,409,0.0136933285677366,-76.7040234514301,39.1961958146593,-76.585451210746,39.0227471929955,0.366880637236489,0.353187308668753,2022.16712858924,2022.18082191781,A/chicken/Maryland/22-007273-002/2022|H5N1|USA-MD|2022-03-08|avian|A1
1029,206,0.0102928369142967,-93.4164925957435,38.5092443809141,-94.5034040874544,39.5049840897138,0.366880637236489,0.356587800322193,2022.17052908089,2022.18082191781,A/turkey/Missouri/22-007087-001/2022|H5N1|USA-MO|2022-03-08|avian|A1
1029,207,0.0102928369142967,-93.4164925957435,38.5092443809141,-93.2719149211121,39.0741211770326,0.366880637236489,0.356587800322193,2022.17052908089,2022.18082191781,A/turkey/Missouri/22-007087-002/2022|H5N1|USA-MO|2022-03-08|avian|A1
1101,1102,0.169634236959892,-87.0524461340992,37.9560879396311,-89.7560554774156,40.4113863935508,0.367009171284436,0.197374934324544,2022.0113162149,2022.18095045186,NA
993,994,0.0780172231143155,-84.3664699411414,39.4102902940816,-80.5680442641702,45.7723251673937,0.369489313540248,0.291472090425933,2022.105413371,2022.18343059411,NA
729,488,0.169084722201536,-64.3747777934859,46.7645856262401,-63.6699955822091,45.4979019820834,0.369620363263847,0.200535641062311,2022.01447692163,2022.18356164384,A/Canada_Goose/NS/FAV-0248-1/2022|H5N1|Canada-NS|2022-03-09|avian|A1
896,292,0.142166563693518,-91.3443584017613,39.9954869460999,-101.92281747555,44.0355783289283,0.369620363263847,0.227453799570329,2022.04139508014,2022.18356164384,A/Snow_Goose/South_Dakota/22-007946-002/2022|H5N1|USA-SD|2022-03-09|avian|A1
1036,213,0.126331874762889,-89.2058585035839,39.6007388109201,-90.379010173471,39.9464494189447,0.369620363263847,0.243288488500958,2022.05722976907,2022.18356164384,A/guinea_fowl/Illinois/22-007382-001/2022|H5N1|USA-IL|2022-03-09|avian|A1
888,268,0.0787464543138503,-100.440689081041,42.893281408925,-100.251134784866,43.5678946180284,0.369620363263847,0.290873908949997,2022.10481518952,2022.18356164384,A/Bald_Eagle/South_Dakota/22-009405-001/2022|H5N1|USA-SD|2022-03-09|avian|A1
993,144,0.0781482728379138,-84.3664699411414,39.4102902940816,-83.9914722624425,38.9045201276853,0.369620363263847,0.291472090425933,2022.105413371,2022.18356164384,A/Mallard/Ohio/22-009209-012/2022|H5N1|USA-OH|2022-03-09|avian|A1
1016,165,0.0708828755172232,-81.2498322901739,40.0163033414987,-84.5529626833209,40.0980377814778,0.369620363263847,0.298737487746624,2022.11267876832,2022.18356164384,A/Mallard/Ohio/22-009209-011/2022|H5N1|USA-OH|2022-03-09|avian|A1
916,319,0.0612805641484638,-94.7628390910802,40.830517063576,-94.5553064444965,40.6974585968734,0.369620363263847,0.308339799115383,2022.12228107969,2022.18356164384,A/Mallard/Iowa/22-007265-001/2022|H5N1|USA-IA|2022-03-09|avian|A1
1017,158,0.0593203042725379,-80.6550022542561,40.0782581657917,-82.0493859492398,39.3923579448178,0.369620363263847,0.310300058991309,2022.12424133956,2022.18356164384,A/American_Black_Duck/Ohio/22-009209-007/2022|H5N1|USA-OH|2022-03-09|avian|A1
1058,243,0.0505134094957057,-84.9598615780392,45.2213110171515,-84.6058162246424,44.0773340361417,0.369620363263847,0.319106953768141,2022.13304823434,2022.18356164384,A/Black_Swift/Michigan/22-007412-003/2022|H5N1|USA-MI|2022-03-09|avian|A1
1058,244,0.0505134094957057,-84.9598615780392,45.2213110171515,-84.1663529060984,45.5402905934609,0.369620363263847,0.319106953768141,2022.13304823434,2022.18356164384,A/Black_Swift/Michigan/22-007412-002/2022|H5N1|USA-MI|2022-03-09|avian|A1
951,82,0.00344673628760239,-99.577299353884,39.0599688573719,-99.852955850458,38.9801831045483,0.369620363263847,0.366173626976244,2022.18011490755,2022.18356164384,A/poultry/Kansas/22-007391-002/2022|H5N1|USA-KS|2022-03-09|avian|A1
951,81,0.00344673628760239,-99.577299353884,39.0599688573719,-101.248117114431,37.0169247566509,0.369620363263847,0.366173626976244,2022.18011490755,2022.18356164384,A/poultry/Kansas/22-007391-001/2022|H5N1|USA-KS|2022-03-09|avian|A1
880,881,0.0108606366758824,-93.6021474768382,40.9560371051628,-93.797657064883,41.2921077629458,0.369744233420639,0.358883596744757,2022.17282487732,2022.18368551399,NA
980,981,0.0595148222145497,-100.602457054528,40.7124725561573,-99.1281437420634,41.1004858792875,0.371728697661496,0.312213875446946,2022.12615515602,2022.18566997823,NA
877,297,0.0580672796170475,-92.7831036253423,41.2340634772774,-93.4891802479659,41.2369384564342,0.372360089291204,0.314292809674157,2022.12823409025,2022.18630136986,A/chicken/Iowa/22-007376-007/2022|H5N1|USA-IA|2022-03-10|avian|A1
620,36,0.0273593197453175,-68.1824955484863,46.6246555908904,-67.9688213624382,45.7153764520398,0.372360089291204,0.345000769545887,2022.15894205012,2022.18630136986,A/turkey/Maine/22-007410-001/2022|H5N1|USA-ME|2022-03-10|avian|A1
620,37,0.0273593197453175,-68.1824955484863,46.6246555908904,-68.0331245045277,46.4747475480901,0.372360089291204,0.345000769545887,2022.15894205012,2022.18630136986,A/chicken/Maine/22-007410-002/2022|H5N1|USA-ME|2022-03-10|avian|A1
878,299,0.0261426691162838,-92.4681652905469,41.6302997134717,-92.4614000189466,41.6337942779733,0.372360089291204,0.34621742017492,2022.16015870075,2022.18630136986,A/chicken/Iowa/22-007376-001/2022|H5N1|USA-IA|2022-03-10|avian|A1
879,298,0.0209866903868244,-93.5487304782983,42.6289666634816,-92.5913793307718,41.9186616339498,0.372360089291204,0.35137339890438,2022.16531467948,2022.18630136986,A/chicken/Iowa/22-007376-002/2022|H5N1|USA-IA|2022-03-10|avian|A1
880,302,0.0134764925464476,-93.6021474768382,40.9560371051628,-92.72258706076,42.4750785876574,0.372360089291204,0.358883596744757,2022.17282487732,2022.18630136986,A/chicken/Iowa/22-007376-005/2022|H5N1|USA-IA|2022-03-10|avian|A1
881,301,0.00261585587056512,-93.797657064883,41.2921077629458,-95.1654432884549,41.1409186319469,0.372360089291204,0.369744233420639,2022.18368551399,2022.18630136986,A/chicken/Iowa/22-007376-003/2022|H5N1|USA-IA|2022-03-10|avian|A1
881,300,0.00261585587056512,-93.797657064883,41.2921077629458,-93.8767860671801,41.339639349621,0.372360089291204,0.369744233420639,2022.18368551399,2022.18630136986,A/chicken/Iowa/22-007376-012/2022|H5N1|USA-IA|2022-03-10|avian|A1
609,23,0.051532143097951,-67.7845364969484,44.4585290744203,-70.9932058832456,45.2874413045602,0.375099815318562,0.323567672220611,2022.13750895279,2022.18904109589,A/chicken/Maine/22-007582-001/2022|H5N1|USA-ME|2022-03-11|avian|A1
981,98,0.00337111765706577,-99.1281437420634,41.1004858792875,-100.176598627027,43.6717343082756,0.375099815318562,0.371728697661496,2022.18566997823,2022.18904109589,A/turkey/South_Dakota/22-007534-002/2022|H5N1|USA-SD|2022-03-11|avian|A1
981,99,0.00337111765706577,-99.1281437420634,41.1004858792875,-98.7400240945045,43.3389253279867,0.375099815318562,0.371728697661496,2022.18566997823,2022.18904109589,A/turkey/South_Dakota/22-007534-001/2022|H5N1|USA-SD|2022-03-11|avian|A1
701,702,0.0330498449740276,-77.1458451880935,38.844844441843,-75.6884994461656,38.8181824613876,0.375335469135245,0.342285624161218,2022.15622690473,2022.18927674971,NA
740,745,0.0667612135962359,-77.6349153491313,40.7394385737268,-76.2311209272172,43.6497211361849,0.376286168659617,0.309524955063381,2022.12346623564,2022.19022744923,NA
1009,1010,0.015134554871866,-91.8316953342405,45.3563574027642,-91.8372192274684,45.3194621239805,0.377485756543207,0.362351201671341,2022.17629248224,2022.19142703712,NA
969,105,0.062546873203911,-99.0849542111043,38.9294925185063,-98.4253139236643,38.7557467335088,0.377839541345919,0.315292668142008,2022.12923394871,2022.19178082192,A/Snow_Goose/Kansas/22-008980-003/2022|H5N1|USA-KS|2022-03-12|avian|A1
652,11,0.016946948919508,-66.0538179602128,44.3817898138102,-65.4676515545714,43.6151968004857,0.377839541345919,0.360892592426411,2022.174833873,2022.19178082192,A/Mixed/NS/FAV-0127-141B/2022|H5N1|Canada-NS|2022-03-12|avian|A1
653,12,0.0159697816775355,-65.9670455279502,44.2013468655728,-65.5871648834014,44.3116845859354,0.377839541345919,0.361869759668384,2022.17581104024,2022.19178082192,A/Mixed/NS/FAV-0127-153/2022|H5N1|Canada-NS|2022-03-12|avian|A1
653,10,0.0159697816775355,-65.9670455279502,44.2013468655728,-66.0772610478994,44.2068790184821,0.377839541345919,0.361869759668384,2022.17581104024,2022.19178082192,A/Mixed/NS/FAV-0127-154/2022|H5N1|Canada-NS|2022-03-12|avian|A1
1133,1134,0.0523427496393037,-97.0941983206871,40.1575646022398,-97.4894409102778,39.2665562999459,0.380352838370304,0.328010088731,2022.1419513693,2022.19429411894,NA
900,277,0.0968431106291443,-94.4004646759942,39.4050095101504,-90.8832052713439,43.5585113390619,0.380579267373276,0.283736156744132,2022.09767743732,2022.19452054795,A/Coopers_Hawk/Wisconsin/22-009404-002/2022|H5N1|USA-WI|2022-03-13|avian|A1
1008,227,0.03435770903922,-91.0799499242434,45.2863682314257,-90.0841168076083,45.1857074016977,0.380579267373276,0.346221558334056,2022.16016283891,2022.19452054795,A/chicken/Wisconsin/22-007545-004/2022|H5N1|USA-WI|2022-03-13|avian|A1
949,257,0.0235922690916877,-100.354575965216,39.4925021935344,-100.291463401194,40.254531289801,0.380579267373276,0.356986998281589,2022.17092827885,2022.19452054795,A/Swan/Nebraska/22-008227-001/2022|H5N1|USA-NE|2022-03-13|avian|A1
1009,226,0.0182280657019351,-91.8316953342405,45.3563574027642,-91.9617498573982,45.6069779637688,0.380579267373276,0.362351201671341,2022.17629248224,2022.19452054795,A/chicken/Wisconsin/22-007545-005/2022|H5N1|USA-WI|2022-03-13|avian|A1
1010,224,0.00309351083006915,-91.8372192274684,45.3194621239805,-92.288939551872,45.5881319389889,0.380579267373276,0.377485756543207,2022.19142703712,2022.19452054795,A/chicken/Wisconsin/22-007545-002/2022|H5N1|USA-WI|2022-03-13|avian|A1
1010,225,0.00309351083006915,-91.8372192274684,45.3194621239805,-90.6304511805999,44.773227444495,0.380579267373276,0.377485756543207,2022.19142703712,2022.19452054795,A/chicken/Wisconsin/22-007545-001/2022|H5N1|USA-WI|2022-03-13|avian|A1
1134,374,0.000226429002972317,-97.4894409102778,39.2665562999459,-97.5810646854444,39.3050132459442,0.380579267373276,0.380352838370304,2022.19429411894,2022.19452054795,A/bald_eagle/Kansas/W22-197/2022|H5N1|USA-KS|2022-03-13|avian|A1
1052,1053,0.0696567813968482,-85.6974082472904,37.5903028107388,-98.5436821335804,39.6967772967173,0.381168473453752,0.311511692056904,2022.12545297263,2022.19510975403,NA
830,832,0.121168130568928,-76.7790460509589,36.9438368307025,-80.2875485940004,35.8652762952938,0.38186019440721,0.260692063838283,2022.07463334441,2022.19580147498,NA
871,872,0.0624341056734465,-94.8101997592511,42.2064656797676,-94.2869994257666,42.6382929414494,0.381897644153038,0.319463538479591,2022.13340481905,2022.19583892472,NA
817,823,0.0403677779363973,-79.9909150776791,40.9585688691999,-77.627164021565,42.1612157915844,0.381934149157511,0.341566371221113,2022.15550765179,2022.19587542973,NA
1102,1103,0.0149341506605626,-89.7560554774156,40.4113863935508,-88.6804550173505,37.6208675803211,0.381943321944999,0.367009171284436,2022.18095045186,2022.19588460252,NA
740,741,0.0724962660913575,-77.6349153491313,40.7394385737268,-80.5849854601715,43.4687890166511,0.382021221154739,0.309524955063381,2022.12346623564,2022.19596250173,NA
971,972,0.0984479108473855,-99.8454800141017,41.2743620968974,-99.9423788487425,38.9927213793538,0.382045938864088,0.283598028016702,2022.09753930859,2022.19598721944,NA
887,890,0.113861890143704,-90.1628330658119,43.284530901356,-93.731493461339,40.2614927098148,0.382131798510787,0.268269908367083,2022.08221118894,2022.19607307908,NA
915,323,0.0807636555739634,-94.5560556838539,40.9575794383309,-99.90464170832,44.7416116051122,0.383318993400861,0.302555337826898,2022.1164966184,2022.19726027397,A/Canada_Goose/South_Dakota/22-008571-003/2022|H5N1|USA-SD|2022-03-14|avian|A1
1102,236,0.0163098221164247,-89.7560554774156,40.4113863935508,-89.7384935110284,40.5318037025835,0.383318993400861,0.367009171284436,2022.18095045186,2022.19726027397,A/Graylag_Goose/Illinois/22-008377-005/2022|H5N1|USA-IL|2022-03-14|avian|A1
1134,375,0.00296615503055708,-97.4894409102778,39.2665562999459,-98.1987448568881,39.296687455663,0.383318993400861,0.380352838370304,2022.19429411894,2022.19726027397,A/Bald_Eagle/Kansas/22-008980-001/2022|H5N1|USA-KS|2022-03-14|avian|A1
1103,234,0.00137567145586215,-88.6804550173505,37.6208675803211,-89.7470840302803,37.8821773013363,0.383318993400861,0.381943321944999,2022.19588460252,2022.19726027397,A/goose/Illinois/22-008377-004/2022|H5N1|USA-IL|2022-03-14|avian|A1
1103,235,0.00137567145586215,-88.6804550173505,37.6208675803211,-90.0328151767876,39.2470357596359,0.383318993400861,0.381943321944999,2022.19588460252,2022.19726027397,A/Graylag_Goose/Illinois/22-008377-002/2022|H5N1|USA-IL|2022-03-14|avian|A1
890,269,0.00118719489007413,-93.731493461339,40.2614927098148,-93.8183223399298,40.2364215042721,0.383318993400861,0.382131798510787,2022.19607307908,2022.19726027397,A/chicken/Missouri/22-007677-002/2022|H5N1|USA-MO|2022-03-14|avian|A1
890,270,0.00118719489007413,-93.731493461339,40.2614927098148,-92.2406155743267,38.567260977295,0.383318993400861,0.382131798510787,2022.19607307908,2022.19726027397,A/chicken/Missouri/22-007677-001/2022|H5N1|USA-MO|2022-03-14|avian|A1
832,855,0.0025195493077903,-80.2875485940004,35.8652762952938,-78.2501794570969,35.2565721682668,0.384379743715001,0.38186019440721,2022.19580147498,2022.19832102429,NA
702,703,0.00962640194307407,-75.6884994461656,38.8181824613876,-75.5967019014462,38.6638623393715,0.384961871078319,0.375335469135245,2022.18927674971,2022.19890315165,NA
994,995,0.0155926866313485,-80.5680442641702,45.7723251673937,-80.8074343707761,46.9144829010941,0.385082000171597,0.369489313540248,2022.18343059411,2022.19902328074,NA
1099,118,0.13058000905375,-88.0825620124717,36.5320549534895,-92.7938743542831,38.9501172564835,0.386058719428219,0.255478710374468,2022.06941999095,2022.2,A/goose/Missouri/22-012338-006/2022|H5N1|USA-MO|2022-03-15|avian|A1
683,384,0.122294663929071,-79.6070550949306,42.6264952277352,-89.0910121130419,50.111148939654,0.386058719428219,0.263764055499147,2022.07770533607,2022.2,A/Redhead/ON/FAV-0161-1/2022|H5N1|Canada-ON|2022-03-15|avian|A1
1023,222,0.111995062607296,-86.5470451511766,39.4684272981196,-91.4722027219901,40.8824903044933,0.386058719428219,0.274063656820923,2022.08800493739,2022.2,A/Rosss_Goose/Iowa/22-008378-001/2022|H5N1|USA-IA|2022-03-15|avian|A1
587,1,0.0882019287161615,-71.2108860943546,43.6133475313467,-71.3437804736632,43.765329123678,0.386058719428219,0.297856790712057,2022.11179807128,2022.2,A/turkey/New_Hampshire/22-007886-001/2022|H5N1|USA-NH|2022-03-15|avian|A1
908,278,0.0705422432004448,-91.4413534876278,41.539705616375,-90.3638345960434,41.9609904113946,0.386058719428219,0.315516476227774,2022.1294577568,2022.2,A/Rosss_Goose/Iowa/22-008376-002/2022|H5N1|USA-IA|2022-03-15|avian|A1
1112,1113,0.0271969589542579,-80.9633901482369,27.409077703073,-81.9831748418485,28.0894659697086,0.388331219075534,0.361134260121276,2022.17507554069,2022.20227249965,NA
590,5,0.339955940363995,-68.0913485840429,43.7750334150308,-63.950079835792,45.7995225397196,0.388798445455576,0.0488425050915813,2021.86278378566,2022.20273972603,A/American_Crow/NS/FAV-0322-1/2022|H5N1|Canada-NS|2022-03-16|avian|A1
883,294,0.0758376603984026,-99.0738004577669,45.6009849118169,-100.926555188529,45.3223586068807,0.388798445455576,0.312960785057173,2022.12690206563,2022.20273972603,A/Rosss_Goose/South_Dakota/22-008384-004/2022|H5N1|USA-SD|2022-03-16|avian|A1
701,395,0.0465128212943583,-77.1458451880935,38.844844441843,-75.592796276139,38.63537909182,0.388798445455576,0.342285624161218,2022.15622690473,2022.20273972603,A/chicken/Delaware/22-008054-004/2022|H5N1|USA-DE|2022-03-16|avian|A1
989,201,0.0438490751255413,-90.966599002629,43.6751457554375,-90.8652889137529,44.3177673118748,0.388798445455576,0.344949370330035,2022.1588906509,2022.20273972603,A/Snowy_Owl/Wisconsin/22-010236-001/2022|H5N1|USA-WI|2022-03-16|avian|A1
702,394,0.0134629763203307,-75.6884994461656,38.8181824613876,-75.5861040517535,38.8095091873866,0.388798445455576,0.375335469135245,2022.18927674971,2022.20273972603,A/chicken/Delaware/22-008054-003/2022|H5N1|USA-DE|2022-03-16|avian|A1
1053,255,0.00762997200182391,-98.5436821335804,39.6967772967173,-95.4715664744888,37.810199357263,0.388798445455576,0.381168473453752,2022.19510975403,2022.20273972603,A/chicken/Kansas/22-008259-001/2022|H5N1|USA-KS|2022-03-16|avian|A1
1053,254,0.00762997200182391,-98.5436821335804,39.6967772967173,-98.2686760188912,39.5338957526603,0.388798445455576,0.381168473453752,2022.19510975403,2022.20273972603,A/chicken/Kansas/22-008259-002/2022|H5N1|USA-KS|2022-03-16|avian|A1
972,87,0.00675250659148807,-99.9423788487425,38.9927213793538,-99.2906020646802,38.1553596556253,0.388798445455576,0.382045938864088,2022.19598721944,2022.20273972603,A/duck/Kansas/22-008114-001/2022|H5N1|USA-KS|2022-03-16|avian|A1
972,86,0.00675250659148807,-99.9423788487425,38.9927213793538,-100.142071943194,39.2146845724058,0.388798445455576,0.382045938864088,2022.19598721944,2022.20273972603,A/chicken/Kansas/22-008114-002/2022|H5N1|USA-KS|2022-03-16|avian|A1
703,392,0.0038365743772566,-75.5967019014462,38.6638623393715,-75.4839911845534,38.9817671005664,0.388798445455576,0.384961871078319,2022.19890315165,2022.20273972603,A/chicken/Delaware/22-008054-002/2022|H5N1|USA-DE|2022-03-16|avian|A1
703,393,0.0038365743772566,-75.5967019014462,38.6638623393715,-75.5995836886075,38.6516854488592,0.388798445455576,0.384961871078319,2022.19890315165,2022.20273972603,A/chicken/Delaware/22-008054-001/2022|H5N1|USA-DE|2022-03-16|avian|A1
1113,332,0.000467226380042041,-81.9831748418485,28.0894659697086,-81.7395259799598,28.0008769163732,0.388798445455576,0.388331219075534,2022.20227249965,2022.20273972603,A/Royal_Tern/Florida/22-008226-001/2022|H5N1|USA-FL|2022-03-16|avian|A1
995,1001,0.00465844576319541,-80.8074343707761,46.9144829010941,-82.0729046139788,47.6349547416276,0.389740445934792,0.385082000171597,2022.19902328074,2022.20368172651,NA
823,824,0.009056270905759,-77.627164021565,42.1612157915844,-77.633182735263,42.1556132718804,0.39099042006327,0.381934149157511,2022.19587542973,2022.20493170064,NA
1116,325,0.085995586174529,-83.0200160734358,30.8151951436324,-81.0816426032546,28.6339630609552,0.391538171482933,0.305542585308404,2022.11948386588,2022.20547945205,A/Royal_Tern/Florida/22-010506-002/2022|H5N1|USA-FL|2022-03-17|avian|A1
689,389,0.0702362326773661,-77.1963460477495,39.6030176979658,-77.3353925906093,39.6455415848034,0.391538171482933,0.321301938805567,2022.13524321938,2022.20547945205,A/chicken/Maryland/22-008243-001/2022|H5N1|USA-MD|2022-03-17|avian|A1
1062,248,0.0497009836195943,-92.7204662369974,41.44611549213,-93.2310981924774,40.6995130285185,0.391538171482933,0.341837187863339,2022.15577846844,2022.20547945205,A/chicken/Iowa/22-008176-005/2022|H5N1|USA-IA|2022-03-17|avian|A1
1063,250,0.0333123664717679,-92.0953599620253,41.6029889471355,-91.7215750259831,41.1386819327178,0.391538171482933,0.358225805011165,2022.17216708558,2022.20547945205,A/chicken/Iowa/22-008176-004/2022|H5N1|USA-IA|2022-03-17|avian|A1
1063,249,0.0333123664717679,-92.0953599620253,41.6029889471355,-92.1719773268713,41.750329178929,0.391538171482933,0.358225805011165,2022.17216708558,2022.20547945205,A/chicken/Iowa/22-008176-003/2022|H5N1|USA-IA|2022-03-17|avian|A1
1111,334,0.0319240474149927,-80.9327166666928,27.3610441603403,-81.0773024588365,26.4381223752329,0.391538171482933,0.359614124067941,2022.17355540464,2022.20547945205,A/Royal_Tern/Florida/22-010506-001/2022|H5N1|USA-FL|2022-03-17|avian|A1
926,220,0.214706204870023,-85.4629590657508,36.8702965587285,-90.3345296305191,38.124658596949,0.394277897510291,0.179571692640267,2021.99351297321,2022.20821917808,A/Bald_Eagle/Missouri/22-012338-009/2022|H5N1|USA-MO|2022-03-18|avian|A1
944,237,0.184871429501972,-91.6143443128613,41.1055587100201,-96.7372891433011,43.1297120019955,0.394277897510291,0.209406468008319,2022.02334774858,2022.20821917808,A/Snow_Goose/South_Dakota/22-009478-004/2022|H5N1|USA-SD|2022-03-18|avian|A1
1045,123,0.119609668114689,-93.4584552439602,42.1505556409442,-98.962339507934,45.8079953077191,0.394277897510291,0.274668229395602,2022.08860950997,2022.20821917808,A/Snow_Goose/South_Dakota/22-009478-007/2022|H5N1|USA-SD|2022-03-18|avian|A1
960,108,0.0987035814073338,-96.6897973069071,40.200387035191,-100.152359877845,45.1632021934851,0.394277897510291,0.295574316102957,2022.10951559667,2022.20821917808,A/Snow_Goose/South_Dakota/22-009478-008/2022|H5N1|USA-SD|2022-03-18|avian|A1
894,265,0.0950498108759394,-99.5393154866509,41.4814996650189,-103.349593758178,44.60785554391,0.394277897510291,0.299228086634351,2022.11316936721,2022.20821917808,A/Snow_Goose/South_Dakota/22-009478-003/2022|H5N1|USA-SD|2022-03-18|avian|A1
918,321,0.0878030453438265,-94.6059426125063,40.3321324499317,-100.9509868749,44.2195055635485,0.394277897510291,0.306474852166464,2022.12041613274,2022.20821917808,A/Snow_Goose/South_Dakota/22-009478-020/2022|H5N1|USA-SD|2022-03-18|avian|A1
882,293,0.085781365078099,-99.6270856941566,45.6638697666744,-99.2757738806736,45.795680419037,0.394277897510291,0.308496532432192,2022.122437813,2022.20821917808,A/Snow_Goose/South_Dakota/22-009478-018/2022|H5N1|USA-SD|2022-03-18|avian|A1
980,85,0.0820640220633446,-100.602457054528,40.7124725561573,-104.542778145894,37.7460932163431,0.394277897510291,0.312213875446946,2022.12615515602,2022.20821917808,A/Rosss_Goose/Colorado/22-008935-005/2022|H5N1|USA-CO|2022-03-18|avian|A1
610,20,0.0371573230424322,-68.9310862260566,45.1162614594048,-68.2096525231995,45.298541783202,0.394277897510291,0.357120574467858,2022.17106185504,2022.20821917808,A/turkey/Maine/22-008367-002/2022|H5N1|USA-ME|2022-03-18|avian|A1
610,21,0.0371573230424322,-68.9310862260566,45.1162614594048,-69.0477346697503,44.6822177696418,0.394277897510291,0.357120574467858,2022.17106185504,2022.20821917808,A/chicken/Maine/22-008367-001/2022|H5N1|USA-ME|2022-03-18|avian|A1
977,91,0.0322857035305827,-104.502065526718,41.2450023876625,-105.954915679662,40.4220322452287,0.394277897510291,0.361992193979708,2022.17593347455,2022.20821917808,A/Snow_Goose/Colorado/22-008935-001/2022|H5N1|USA-CO|2022-03-18|avian|A1
1149,381,0.142759570332882,-82.6760707912668,37.8244248729794,-80.073970194163,39.7837917903238,0.397017623537876,0.254258053204993,2022.06819933378,2022.21095890411,A/Bald_Eagle/Pennsylvania/22-008745-001/2022|H5N1|USA-PA|2022-03-19|avian|A1
824,825,0.00782119706968953,-77.633182735263,42.1556132718804,-78.3344972507729,40.9278486840217,0.398811617132959,0.39099042006327,2022.20493170064,2022.2127528977,NA
633,634,0.120353189385722,-72.4983479140038,42.5529016710671,-71.9714251274238,42.4478742396011,0.39942815260439,0.279074963218668,2022.09301624379,2022.21336943318,NA
1018,124,0.153959491791773,-86.401283192909,39.5863293720317,-87.2545579765065,42.663660810669,0.399757349565233,0.24579785777346,2022.05973913835,2022.21369863014,A/Canada_Goose/Wisconsin/22-009408-001/2022|H5N1|USA-WI|2022-03-20|avian|A1
634,57,0.000329196960842881,-71.9714251274238,42.4478742396011,-71.4990077143316,42.1545564334696,0.399757349565233,0.39942815260439,2022.21336943318,2022.21369863014,A/snowy_owl/MA/22MM00463/2022|H5N1|USA-MA|2022-03-20|avian|A1
825,826,0.00121695243360564,-78.3344972507729,40.9278486840217,-79.0851919466408,40.2844406799684,0.400028569566565,0.398811617132959,2022.2127528977,2022.21396985014,NA
617,618,0.138901648157429,-67.4766576589552,47.4378859955738,-67.833548304573,45.8133436081721,0.400198471216527,0.261296823059098,2022.07523810363,2022.21413975179,NA
745,746,0.0262053395157938,-76.2311209272172,43.6497211361849,-75.5912667804618,41.9993982085589,0.402491508175411,0.376286168659617,2022.19022744923,2022.21643278875,NA
885,260,0.163795698897544,-96.1703117316651,43.0654254277147,-101.413361670517,48.28663380477,0.40249707559259,0.238701376695047,2022.05264265727,2022.21643835616,A/Snow_Goose/North_Dakota/22-008734-001/2022|H5N1|USA-ND|2022-03-21|avian|A1
870,304,0.0941480141873612,-95.6547785535296,41.4720843484818,-97.7298482748746,41.4607386138907,0.40249707559259,0.308349061405229,2022.12229034198,2022.21643835616,A/chicken/Nebraska/22-008467-001/2022|H5N1|USA-NE|2022-03-21|avian|A1
1112,336,0.0413628154713143,-80.9633901482369,27.409077703073,-80.4490909794907,27.2435126157294,0.40249707559259,0.361134260121276,2022.17507554069,2022.21643835616,A/Royal_Tern/Florida/22-009056-001/2022|H5N1|USA-FL|2022-03-21|avian|A1
1034,1035,0.139986814725789,-87.9922331977015,36.5156912121088,-92.8772079098093,42.4451389546591,0.4037025713849,0.263715756659111,2022.07765703723,2022.21764385196,NA
983,94,0.120505508382696,-100.808999146571,39.5598332551984,-106.618960394093,40.5208459942454,0.405236801619948,0.284731293237252,2022.09867257381,2022.21917808219,A/Mallard/Colorado/22-009476-001/2022|H5N1|USA-CO|2022-03-22|avian|A1
587,4,0.107380010907891,-71.2108860943546,43.6133475313467,-70.6617387617723,43.764609409786,0.405236801619948,0.297856790712057,2022.11179807128,2022.21917808219,A/chicken/Maine/22-008540-001/2022|H5N1|USA-ME|2022-03-22|avian|A1
894,264,0.106008714985596,-99.5393154866509,41.4814996650189,-98.3479590536804,47.7744252137847,0.405236801619948,0.299228086634351,2022.11316936721,2022.21917808219,A/Snow_Goose/North_Dakota/22-009483-002/2022|H5N1|USA-ND|2022-03-22|avian|A1
681,387,0.10497453148507,-76.1362683814526,41.1468540380424,-73.3214810043509,43.2998445035912,0.405236801619948,0.300262270134878,2022.11420355071,2022.21917808219,A/Snowy_Owl/New_York/22-008969-001/2022|H5N1|USA-NY|2022-03-22|avian|A1
824,544,0.0142463815566781,-77.633182735263,42.1556132718804,-78.6097502033678,41.753237693416,0.405236801619948,0.39099042006327,2022.20493170064,2022.21917808219,A/Merganser/Pennsylvania/22-008909-005/2022|H5N1|USA-PA|2022-03-22|avian|A1
825,542,0.00642518448698859,-78.3344972507729,40.9278486840217,-78.280883330412,41.3656325802131,0.405236801619948,0.398811617132959,2022.2127528977,2022.21917808219,A/Merganser/Pennsylvania/22-008909-001/2022|H5N1|USA-PA|2022-03-22|avian|A1
826,541,0.00520823205338294,-79.0851919466408,40.2844406799684,-78.7471638822523,40.2702729257419,0.405236801619948,0.400028569566565,2022.21396985014,2022.21917808219,A/Merganser/Pennsylvania/22-008909-003/2022|H5N1|USA-PA|2022-03-22|avian|A1
826,540,0.00520823205338294,-79.0851919466408,40.2844406799684,-79.3983528505171,40.531757390926,0.405236801619948,0.400028569566565,2022.21396985014,2022.21917808219,A/Merganser/Pennsylvania/22-008909-004/2022|H5N1|USA-PA|2022-03-22|avian|A1
995,996,0.0214328704657194,-80.8074343707761,46.9144829010941,-79.9843312463081,46.2710416948097,0.406514870637316,0.385082000171597,2022.19902328074,2022.22045615121,NA
949,950,0.0503695258632137,-100.354575965216,39.4925021935344,-100.105110614013,41.7138277680967,0.407356524144803,0.356986998281589,2022.17092827885,2022.22129780472,NA
832,833,0.025600767519646,-80.2875485940004,35.8652762952938,-79.1706018710947,35.8299722728132,0.407460961926856,0.38186019440721,2022.19580147498,2022.2214022425,NA
1043,83,0.167331665654238,-89.5054234004492,39.3522047987622,-102.180935996708,47.345748536026,0.407976527647305,0.240644861993067,2022.05458614256,2022.22191780822,A/Snow_Goose/North_Dakota/22-009481-002/2022|H5N1|USA-ND|2022-03-23|avian|A1
978,88,0.11605692912878,-99.5465772171169,40.4140392826196,-97.8828841688018,41.0900526490661,0.407976527647305,0.291919598518525,2022.10586087909,2022.22191780822,A/chicken/Nebraska/22-009006-001/2022|H5N1|USA-NE|2022-03-23|avian|A1
736,493,0.113067182695297,-64.961168073076,44.7896112552427,-61.9812942598169,45.189008876201,0.407976527647305,0.294909344952008,2022.10885062552,2022.22191780822,A/Great_Black-Backed_Gull/NS/FAV-0330-1/2022|H5N1|Canada-NS|2022-03-23|avian|A1
979,96,0.0923363575601951,-105.667121918533,39.5100518053956,-103.767339567451,43.5792102204085,0.407976527647305,0.31564017008711,2022.12958145066,2022.22191780822,A/Red-tailed_Hawk/South_Dakota/22-009041-001/2022|H5N1|USA-SD|2022-03-23|avian|A1
1001,152,0.0182360817125127,-82.0729046139788,47.6349547416276,-76.6370362526798,47.6839224325822,0.407976527647305,0.389740445934792,2022.20368172651,2022.22191780822,A/Snow_Goose/QC/FAV-0177-2/2022|H5N1|Canada-QC|2022-03-23|avian|A1
833,834,0.00191794498357578,-79.1706018710947,35.8299722728132,-79.6924128227702,35.4733613219098,0.409378906910432,0.407460961926856,2022.2214022425,2022.22332018748,NA
608,24,0.149176287124769,-67.9471290552386,44.154085638694,-71.1512934290229,42.7037261729634,0.410716253674662,0.261539966549893,2022.07548124712,2022.22465753425,A/peregrine_falcon/Massachusetts/22-010671-009/2022|H5N1|USA-MA|2022-03-24|avian|A1
950,258,0.00335972952985997,-100.105110614013,41.7138277680967,-100.061989697473,42.7317742345385,0.410716253674662,0.407356524144803,2022.22129780472,2022.22465753425,A/chicken/Nebraska/22-009190-002/2022|H5N1|USA-NE|2022-03-24|avian|A1
950,259,0.00335972952985997,-100.105110614013,41.7138277680967,-100.087831891668,41.5239679780346,0.410716253674662,0.407356524144803,2022.22129780472,2022.22465753425,A/domestic_duck/Nebraska/22-009190-001/2022|H5N1|USA-NE|2022-03-24|avian|A1
834,842,0.0031632579354659,-79.6924128227702,35.4733613219098,-78.9476734993178,35.5704149273475,0.412542164845898,0.409378906910432,2022.22332018748,2022.22648344542,NA
621,13,0.170953444270265,-73.1389371705271,40.7575662810736,-71.2413057711545,41.744100272333,0.413455979702247,0.242502535431982,2022.056443816,2022.22739726027,A/Sebastopol_goose/Massachusetts/22-009371-001/2022|H5N1|USA-MA|2022-03-25|avian|A1
921,310,0.159603429453978,-85.0736088328802,36.2419742016997,-78.2427289600915,41.3126555993951,0.413455979702247,0.253852550248269,2022.06779383082,2022.22739726027,A/Bald_Eagle/Pennsylvania/22-009884-002/2022|H5N1|USA-PA|2022-03-25|avian|A1
618,33,0.0132575084857203,-67.833548304573,45.8133436081721,-68.6949906443635,45.5915022772961,0.413455979702247,0.400198471216527,2022.21413975179,2022.22739726027,A/chicken/Maine/22-009412-001/2022|H5N1|USA-ME|2022-03-25|avian|A1
618,34,0.0132575084857203,-67.833548304573,45.8133436081721,-69.4242479450917,46.028287044786,0.413455979702247,0.400198471216527,2022.21413975179,2022.22739726027,A/guinea_fowl/Maine/22-009412-002/2022|H5N1|USA-ME|2022-03-25|avian|A1
1035,215,0.00975340831734717,-92.8772079098093,42.4451389546591,-92.5512163813163,42.7294498938906,0.413455979702247,0.4037025713849,2022.21764385196,2022.22739726027,A/chicken/Iowa/22-009180-001/2022|H5N1|USA-IA|2022-03-25|avian|A1
1035,216,0.00975340831734717,-92.8772079098093,42.4451389546591,-91.7777660638507,41.991733977675,0.413455979702247,0.4037025713849,2022.21764385196,2022.22739726027,A/chicken/Iowa/22-009180-002/2022|H5N1|USA-IA|2022-03-25|avian|A1
1146,1147,0.0717374721242225,-94.5501524141579,34.1998830692544,-95.5029776271664,33.8567703058025,0.415290978043649,0.343553505919427,2022.15749478649,2022.22923225862,NA
741,742,0.0338874610238237,-80.5849854601715,43.4687890166511,-75.9740051461183,44.2717601269028,0.415908682178562,0.382021221154739,2022.19596250173,2022.22984996275,NA
996,999,0.00965647903158029,-79.9843312463081,46.2710416948097,-79.3286283230023,46.6681772406279,0.416171349668897,0.406514870637316,2022.22045615121,2022.23011263024,NA
982,90,0.138452425859202,-100.842512105946,39.5190348406522,-102.223455263308,43.5552318918561,0.416195705729605,0.277743279870403,2022.09168456044,2022.2301369863,A/turkey/South_Dakota/22-009198-001/2022|H5N1|USA-SD|2022-03-26|avian|A1
1124,1125,0.0938314379658448,-96.8703669835374,41.4904565968171,-92.6014530787794,40.4324864986497,0.416837220858136,0.323005782892291,2022.13694706346,2022.23077850143,NA
842,845,0.00430481293964258,-78.9476734993178,35.5704149273475,-79.2871809534718,35.1375814623532,0.416846977785541,0.412542164845898,2022.22648344542,2022.23078825836,NA
742,743,0.00108044150528386,-75.9740051461183,44.2717601269028,-75.9000631182517,44.2697359050294,0.416989123683846,0.415908682178562,2022.22984996275,2022.23093040426,NA
946,947,0.180858822875061,-99.2199092887256,38.8518678230191,-107.96444641259,42.8411952532616,0.41707227980171,0.23621345692665,2022.0501547375,2022.23101356037,NA
634,635,0.0176803732354273,-71.9714251274238,42.4478742396011,-72.0146889068278,42.0862159027513,0.417108525839817,0.39942815260439,2022.21336943318,2022.23104980641,NA
922,923,0.0599979234099205,-85.1652329154048,42.5225446845829,-85.5561720900952,46.4634787333364,0.417612370294932,0.357614446885011,2022.17155572746,2022.23155365087,NA
999,1000,0.00147822380930096,-79.3286283230023,46.6681772406279,-79.4339119845828,46.5730031733766,0.417649573478198,0.416171349668897,2022.23011263024,2022.23159085405,NA
1001,1002,0.028265254576818,-82.0729046139788,47.6349547416276,-82.1548107605916,47.7730774563338,0.41800570051161,0.389740445934792,2022.20368172651,2022.23194698108,NA
996,997,0.0118645760808693,-79.9843312463081,46.2710416948097,-79.1755599690611,45.9098419265351,0.418379446718186,0.406514870637316,2022.22045615121,2022.23232072729,NA
855,856,0.0341193809713435,-78.2501794570969,35.2565721682668,-78.271592326213,35.0399241619555,0.418499124686344,0.384379743715001,2022.19832102429,2022.23244040526,NA
845,846,0.00172614510733038,-79.2871809534718,35.1375814623532,-79.2893108883632,35.6316334399532,0.418573122892871,0.416846977785541,2022.23078825836,2022.23251440346,NA
846,847,1.3956072173027e-05,-79.2893108883632,35.6316334399532,-79.3591319462491,35.6479578702334,0.418587078965044,0.418573122892871,2022.23251440346,2022.23252835954,NA
1111,335,0.0593213076890213,-80.9327166666928,27.3610441603403,-81.1260136082192,27.5158784820145,0.418935431756962,0.359614124067941,2022.17355540464,2022.23287671233,A/Black_Vulture/Florida/22-009936-001/2022|H5N1|USA-FL|2022-03-27|avian|A1
994,145,0.0494461182167135,-80.5680442641702,45.7723251673937,-79.6635366755027,45.0175137383296,0.418935431756962,0.369489313540248,2022.18343059411,2022.23287671233,A/Turkey/ON/FAV-0163-136/2022|H5N1|Canada-ON|2022-03-27|avian|A1
833,556,0.0114744698301057,-79.1706018710947,35.8299722728132,-78.8162316324288,36.0072530552211,0.418935431756962,0.407460961926856,2022.2214022425,2022.23287671233,A/turkey/North_Carolina/22-009332-001/2022|H5N1|USA-NC|2022-03-27|avian|A1
845,569,0.00208845397142143,-79.2871809534718,35.1375814623532,-80.8395776471235,35.2026708050096,0.418935431756962,0.416846977785541,2022.23078825836,2022.23287671233,A/turkey/North_Carolina/22-009332-002/2022|H5N1|USA-NC|2022-03-27|avian|A1
856,553,0.000436307070617925,-78.271592326213,35.0399241619555,-77.2790364442962,35.41854670418,0.418935431756962,0.418499124686344,2022.23244040526,2022.23287671233,A/turkey/North_Carolina/22-009583-001/2022|H5N1|USA-NC|2022-03-27|avian|A1
856,552,0.000436307070617925,-78.271592326213,35.0399241619555,-78.3944090229998,34.5059021557819,0.418935431756962,0.418499124686344,2022.23244040526,2022.23287671233,A/turkey/North_Carolina/22-009583-002/2022|H5N1|USA-NC|2022-03-27|avian|A1
743,744,0.0021805493639746,-75.9000631182517,44.2697359050294,-75.2503172044787,44.2877774905604,0.419169673047821,0.416989123683846,2022.23093040426,2022.23311095362,NA
602,603,0.159637563161414,-69.812868573195,43.7537606550388,-75.2413739520173,41.974196577169,0.419176229593056,0.259538666431642,2022.073479947,2022.23311751016,NA
739,758,0.131149283859788,-78.8732824578276,39.5978877114371,-78.022056321227,39.7305886792836,0.419517561611653,0.288368277751865,2022.10230955832,2022.23345884218,NA
997,998,0.0013384117788886,-79.1755599690611,45.9098419265351,-79.4296155986151,46.0279887561234,0.419717858497074,0.418379446718186,2022.23232072729,2022.23365913907,NA
834,835,0.0103864945858658,-79.6924128227702,35.4733613219098,-79.5100981630971,35.3872110283481,0.419765401496298,0.409378906910432,2022.22332018748,2022.23370668207,NA
1125,1126,0.00324597992856146,-92.6014530787794,40.4324864986497,-94.8133115286073,45.2386480831706,0.420083200786697,0.416837220858136,2022.23077850143,2022.23402448136,NA
835,837,0.0010534212241704,-79.5100981630971,35.3872110283481,-78.8618754211579,35.6189695812376,0.420818822720468,0.419765401496298,2022.23370668207,2022.23476010329,NA
742,464,0.00576647560575694,-75.9740051461183,44.2717601269028,-75.3459381132053,43.9608620216267,0.421675157784319,0.415908682178562,2022.22984996275,2022.23561643836,A/quail/New_York/22-009324-009/2022|H5N1|USA-NY|2022-03-28|avian|A1
743,465,0.00468603410047308,-75.9000631182517,44.2697359050294,-75.9692291035582,44.331758259731,0.421675157784319,0.416989123683846,2022.23093040426,2022.23561643836,A/domestic_duck/New_York/22-009324-004/2022|H5N1|USA-NY|2022-03-28|avian|A1
744,467,0.00250548473649848,-75.2503172044787,44.2877774905604,-75.1617808593557,44.3802402715123,0.421675157784319,0.419169673047821,2022.23311095362,2022.23561643836,A/American_Buff_goose/New_York/22-009324-006/2022|H5N1|USA-NY|2022-03-28|avian|A1
744,466,0.00250548473649848,-75.2503172044787,44.2877774905604,-74.8668424094196,43.1261818887714,0.421675157784319,0.419169673047821,2022.23311095362,2022.23561643836,A/chicken/New_York/22-009324-002/2022|H5N1|USA-NY|2022-03-28|avian|A1
837,839,0.00101173169622903,-78.8618754211579,35.6189695812376,-78.7644003138126,35.5394526982307,0.421830554416697,0.420818822720468,2022.23476010329,2022.23577183499,NA
847,849,0.00395215765556489,-79.3591319462491,35.6479578702334,-79.1335537924652,34.6228821079477,0.422539236620609,0.418587078965044,2022.23252835954,2022.23648051719,NA
1147,1148,0.00750811482457892,-95.5029776271664,33.8567703058025,-94.5905971156274,33.6463591744457,0.422799092868228,0.415290978043649,2022.22923225862,2022.23674037344,NA
1002,1003,0.00481632307315261,-82.1548107605916,47.7730774563338,-82.6824630594002,47.7295617683753,0.422822023584763,0.41800570051161,2022.23194698108,2022.23676330416,NA
835,836,0.00315317344376764,-79.5100981630971,35.3872110283481,-79.9392214044191,35.0669562325933,0.422918574940066,0.419765401496298,2022.23370668207,2022.23685985551,NA
849,850,0.000635674928570307,-79.1335537924652,34.6228821079477,-79.1881910882936,34.6467435094219,0.423174911549179,0.422539236620609,2022.23648051719,2022.23711619212,NA
846,852,0.00482354758233128,-79.2893108883632,35.6316334399532,-79.321373571597,35.3870888467132,0.423396670475202,0.418573122892871,2022.23251440346,2022.23733795105,NA
635,636,0.00631676678826154,-72.0146889068278,42.0862159027513,-72.2348696775138,42.45702241456,0.423425292628079,0.417108525839817,2022.23104980641,2022.2373665732,NA
883,884,0.110637877593886,-99.0738004577669,45.6009849118169,-97.9127577155005,45.2453428852943,0.423598662651059,0.312960785057173,2022.12690206563,2022.23753994322,NA
872,873,0.0417915384216291,-94.2869994257666,42.6382929414494,-95.8492326541648,45.3651605242983,0.423689182574667,0.381897644153038,2022.19583892472,2022.23763046315,NA
989,202,0.0794655134816421,-90.966599002629,43.6751457554375,-91.0397773426654,43.8493761835488,0.424414883811677,0.344949370330035,2022.1588906509,2022.23835616438,A/Great_Horned_Owl/Wisconsin/22-011239-001/2022|H5N1|USA-WI|2022-03-29|avian|A1
1142,352,0.0791553315504046,-106.270419477664,42.7240005369748,-100.014576356285,43.3870781392357,0.424414883811677,0.345259552261272,2022.15920083283,2022.23835616438,A/turkey/South_Dakota/22-009534-001/2022|H5N1|USA-SD|2022-03-29|avian|A1
1147,377,0.00912390576802768,-95.5029776271664,33.8567703058025,-95.6350378128649,33.7996043140399,0.424414883811677,0.415290978043649,2022.22923225862,2022.23835616438,A/pheasant/Texas/22-010008-001/2022|H5N1|USA-TX|2022-03-29|avian|A1
1148,379,0.00161579094344877,-94.5905971156274,33.6463591744457,-94.5439043675874,33.6237450346379,0.424414883811677,0.422799092868228,2022.23674037344,2022.23835616438,A/pheasant/Texas/22-010008-002/2022|H5N1|USA-TX|2022-03-29|avian|A1
1148,378,0.00161579094344877,-94.5905971156274,33.6463591744457,-95.9643094763868,33.1177943443635,0.424414883811677,0.422799092868228,2022.23674037344,2022.23835616438,A/pheasant/Texas/22-009984-001/2022|H5N1|USA-TX|2022-03-29|avian|A1
852,853,0.00195618073794268,-79.321373571597,35.3870888467132,-78.666446282386,35.4958573308405,0.425352851213145,0.423396670475202,2022.23733795105,2022.23929413179,NA
1003,1004,0.00259242643419011,-82.6824630594002,47.7295617683753,-82.2801336235654,47.7067356321567,0.425414450018953,0.422822023584763,2022.23676330416,2022.23935573059,NA
853,854,0.00156360056613092,-78.666446282386,35.4958573308405,-78.9637933080658,34.7010557845396,0.426916451779276,0.425352851213145,2022.23929413179,2022.24085773235,NA
837,838,0.00627716636719322,-78.8618754211579,35.6189695812376,-78.6629528452942,35.8362298868957,0.427095989087662,0.420818822720468,2022.23476010329,2022.24103726966,NA
664,527,0.0946881709493125,-81.8739441889817,48.549636705691,-92.7626947955623,43.5950307147824,0.427154609839034,0.332466438889722,2022.14640771946,2022.24109589041,A/Great_Horned_Owl/Minnesota/22-010027-007/2022|H5N1|USA-MN|2022-03-30|avian|A1
997,155,0.00877516312084847,-79.1755599690611,45.9098419265351,-79.8026981734913,46.09816696539,0.427154609839034,0.418379446718186,2022.23232072729,2022.24109589041,A/Mixed/ON/FAV-0167-103/2022|H5N1|Canada-ON|2022-03-30|avian|A1
998,154,0.00743675134195987,-79.4296155986151,46.0279887561234,-78.8223095316072,45.6630512593335,0.427154609839034,0.419717858497074,2022.23365913907,2022.24109589041,A/Mixed/ON/FAV-0167-102/2022|H5N1|Canada-ON|2022-03-30|avian|A1
998,153,0.00743675134195987,-79.4296155986151,46.0279887561234,-80.9660519172578,46.3127094518553,0.427154609839034,0.419717858497074,2022.23365913907,2022.24109589041,A/Mixed/ON/FAV-0167-101/2022|H5N1|Canada-ON|2022-03-30|avian|A1
847,848,0.00957021364553068,-79.3591319462491,35.6479578702334,-80.0103172735323,35.8934559653738,0.428157292610575,0.418587078965044,2022.23252835954,2022.24209857318,NA
839,840,0.00648473300197216,-78.7644003138126,35.5394526982307,-77.9931822770712,34.9678229663979,0.42831528741867,0.421830554416697,2022.23577183499,2022.24225656799,NA
892,893,0.155573074431077,-96.0607431937408,43.0236394086828,-96.2219805572483,43.5042264627009,0.42868393918055,0.273110864749473,2022.08705214532,2022.24262521975,NA
636,637,0.00595925771552286,-72.2348696775138,42.45702241456,-71.184071757392,41.587505566084,0.429384550343602,0.423425292628079,2022.2373665732,2022.24332583092,NA
721,499,0.20995736136171,-79.8365294435502,35.9443035959127,-86.0145250335181,47.8722969134451,0.429894335866619,0.219936974504909,2022.03387825508,2022.24383561644,A/Canada_Goose/ON/FAV-0235-2/2022|H5N1|Canada-ON|2022-03-31|avian|A1
1149,382,0.175636282661626,-82.6760707912668,37.8244248729794,-78.3790152784487,35.704007349716,0.429894335866619,0.254258053204993,2022.06819933378,2022.24383561644,A/Bald_Eagle/North_Carolina/22-009805-002/2022|H5N1|USA-NC|2022-03-31|avian|A1
1046,232,0.124811815809911,-93.8773126859351,40.9389894945997,-88.5483566460803,44.3102318704555,0.429894335866619,0.305082520056708,2022.11902380063,2022.24383561644,A/silkie_chicken/Wisconsin/22-009934-002/2022|H5N1|USA-WI|2022-03-31|avian|A1
979,95,0.114254165779509,-105.667121918533,39.5100518053956,-96.9931909068798,41.0929491681299,0.429894335866619,0.31564017008711,2022.12958145066,2022.24383561644,A/chicken/Nebraska/22-010155-001/2022|H5N1|USA-NE|2022-03-31|avian|A1
976,92,0.078750413672391,-105.113325201505,40.217975264502,-106.926220885183,42.7172831615675,0.429894335866619,0.351143922194228,2022.16508520277,2022.24383561644,A/chicken/Wyoming/22-010378-001/2022|H5N1|USA-WY|2022-03-31|avian|A1
947,127,0.0128220560649085,-107.96444641259,42.8411952532616,-107.171946974055,42.6953822688737,0.429894335866619,0.41707227980171,2022.23101356037,2022.24383561644,A/chicken/Wyoming/22-010157-002/2022|H5N1|USA-WY|2022-03-31|avian|A1
947,128,0.0128220560649085,-107.96444641259,42.8411952532616,-106.107221708717,43.2160761760666,0.429894335866619,0.41707227980171,2022.23101356037,2022.24383561644,A/chicken/Wyoming/22-010157-001/2022|H5N1|USA-WY|2022-03-31|avian|A1
839,575,0.00806378144992159,-78.7644003138126,35.5394526982307,-78.6386711785995,35.4257353008691,0.429894335866619,0.421830554416697,2022.23577183499,2022.24383561644,A/turkey/North_Carolina/22-009983-007/2022|H5N1|USA-NC|2022-03-31|avian|A1
849,557,0.00735509924601008,-79.1335537924652,34.6228821079477,-79.8407724239342,35.9788092181188,0.429894335866619,0.422539236620609,2022.23648051719,2022.24383561644,A/turkey/North_Carolina/22-009981-004/2022|H5N1|USA-NC|2022-03-31|avian|A1
836,572,0.00697576092655339,-79.9392214044191,35.0669562325933,-80.4061433363638,35.1960077680373,0.429894335866619,0.422918574940066,2022.23685985551,2022.24383561644,A/turkey/North_Carolina/22-010145-001/2022|H5N1|USA-NC|2022-03-31|avian|A1
836,577,0.00697576092655339,-79.9392214044191,35.0669562325933,-77.4417790734536,34.9304734206306,0.429894335866619,0.422918574940066,2022.23685985551,2022.24383561644,A/turkey/North_Carolina/22-010144-002/2022|H5N1|USA-NC|2022-03-31|avian|A1
850,568,0.00671942431743977,-79.1881910882936,34.6467435094219,-79.8836909323157,35.1319819987862,0.429894335866619,0.423174911549179,2022.23711619212,2022.24383561644,A/turkey/North_Carolina/22-009982-002/2022|H5N1|USA-NC|2022-03-31|avian|A1
852,562,0.00649766539141672,-79.321373571597,35.3870888467132,-78.9625712379158,35.2859944301002,0.429894335866619,0.423396670475202,2022.23733795105,2022.24383561644,A/Turkey/North_Carolina/22-009981-003/2022|H5N1|USA-NC|2022-03-31|avian|A1
853,567,0.00454148465347404,-78.666446282386,35.4958573308405,-78.652432227654,35.458526739126,0.429894335866619,0.425352851213145,2022.23929413179,2022.24383561644,A/turkey/North_Carolina/22-009982-001/2022|H5N1|USA-NC|2022-03-31|avian|A1
854,555,0.00297788408734312,-78.9637933080658,34.7010557845396,-79.3807606992478,34.8040418597551,0.429894335866619,0.426916451779276,2022.24085773235,2022.24383561644,A/Turkey/North_Carolina/22-009982-003/2022|H5N1|USA-NC|2022-03-31|avian|A1
854,561,0.00297788408734312,-78.9637933080658,34.7010557845396,-79.3577366782226,35.6082225871818,0.429894335866619,0.426916451779276,2022.24085773235,2022.24383561644,A/turkey/North_Carolina/22-009981-001/2022|H5N1|USA-NC|2022-03-31|avian|A1
838,570,0.00279834677895741,-78.6629528452942,35.8362298868957,-76.6548685769641,36.3051799133856,0.429894335866619,0.427095989087662,2022.24103726966,2022.24383561644,A/turkey/North_Carolina/22-010145-002/2022|H5N1|USA-NC|2022-03-31|avian|A1
838,571,0.00279834677895741,-78.6629528452942,35.8362298868957,-79.0687098257565,36.0948730009251,0.429894335866619,0.427095989087662,2022.24103726966,2022.24383561644,A/turkey/North_Carolina/22-009983-008/2022|H5N1|USA-NC|2022-03-31|avian|A1
840,576,0.00157904844794943,-77.9931822770712,34.9678229663979,-78.0724700526919,35.1623196145007,0.429894335866619,0.42831528741867,2022.24225656799,2022.24383561644,A/turkey/North_Carolina/22-010144-001/2022|H5N1|USA-NC|2022-03-31|avian|A1
637,638,0.00128403620927697,-71.184071757392,41.587505566084,-70.404509042672,42.0146920618336,0.430668586552879,0.429384550343602,2022.24332583092,2022.24460986712,NA
945,223,0.21542579696849,-91.6936839911217,40.8849668750266,-88.1130747363792,35.7281264529475,0.432634061893976,0.217208264925486,2022.0311495455,2022.24657534247,A/Canada_Goose/Tennessee/22-010667-001/2022|H5N1|USA-TN|2022-04-01|avian|A1
1120,350,0.210427709554442,-89.5253227114747,36.5638996891673,-102.472533247098,38.1806697546982,0.432634061893976,0.222206352339534,2022.03614763291,2022.24657534247,A/Canada_Goose/Colorado/22-010377-001/2022|H5N1|USA-CO|2022-04-01|avian|A1
1146,380,0.0890805559745498,-94.5501524141579,34.1998830692544,-91.9327632940879,42.9761342747555,0.432634061893976,0.343553505919427,2022.15749478649,2022.24657534247,A/chicken/Iowa/22-009985-001/2022|H5N1|USA-IA|2022-04-01|avian|A1
636,53,0.00920876926589753,-72.2348696775138,42.45702241456,-72.5470800925376,42.1497570277154,0.432634061893976,0.423425292628079,2022.2373665732,2022.24657534247,A/snowy_owl/Massachusetts/22-016611-002/2022|H5N1|USA-MA|2022-04-01|avian|A1
884,295,0.0090353992429173,-97.9127577155005,45.2453428852943,-98.4730177211041,45.7928732845769,0.432634061893976,0.423598662651059,2022.23753994322,2022.24657534247,A/turkey/South_Dakota/22-009979-002/2022|H5N1|USA-SD|2022-04-01|avian|A1
884,296,0.0090353992429173,-97.9127577155005,45.2453428852943,-96.9410253879164,44.9571320745461,0.432634061893976,0.423598662651059,2022.23753994322,2022.24657534247,A/turkey/South_Dakota/22-009979-001/2022|H5N1|USA-SD|2022-04-01|avian|A1
637,52,0.00324951155037467,-71.184071757392,41.587505566084,-71.1534808548777,42.7046420893825,0.432634061893976,0.429384550343602,2022.24332583092,2022.24657534247,A/snowy_owl/Massachusetts/22-016611-010/2022|H5N1|USA-MA|2022-04-01|avian|A1
638,54,0.0019654753410977,-70.404509042672,42.0146920618336,-71.6107039718114,42.4340348213282,0.432634061893976,0.430668586552879,2022.24460986712,2022.24657534247,A/snowy_owl/Massachusetts/22-016611-012/2022|H5N1|USA-MA|2022-04-01|avian|A1
638,56,0.0019654753410977,-70.404509042672,42.0146920618336,-70.836369660353,42.1184404818504,0.432634061893976,0.430668586552879,2022.24460986712,2022.24657534247,A/snowy_owl/Massachusetts/22-016611-003/2022|H5N1|USA-MA|2022-04-01|avian|A1
603,604,0.0139712917836298,-75.2413739520173,41.974196577169,-74.4932904212784,41.284039633298,0.433147521376686,0.419176229593056,2022.23311751016,2022.24708880195,NA
922,924,0.076671036840704,-85.1652329154048,42.5225446845829,-84.1641928605129,41.3033009035227,0.434285483725715,0.357614446885011,2022.17155572746,2022.2482267643,NA
893,263,0.00668984874078327,-96.2219805572483,43.5042264627009,-95.7177549964342,44.1514888864614,0.435373787921334,0.42868393918055,2022.24262521975,2022.24931506849,A/turkey/Minnesota/22-009997-002/2022|H5N1|USA-MN|2022-04-02|avian|A1
893,262,0.00668984874078327,-96.2219805572483,43.5042264627009,-96.0931538677692,44.3107826262924,0.435373787921334,0.42868393918055,2022.24262521975,2022.24931506849,A/turkey/Minnesota/22-009997-001/2022|H5N1|USA-MN|2022-04-02|avian|A1
850,851,0.0141515856298507,-79.1881910882936,34.6467435094219,-81.4895760345501,36.1404962639875,0.43732649717903,0.423174911549179,2022.23711619212,2022.25126777775,NA
1000,146,0.0204639404704935,-79.4339119845828,46.5730031733766,-81.0420102247831,48.2137358843617,0.438113513948691,0.417649573478198,2022.23159085405,2022.25205479452,A/Mixed/ON/FAV-0182-1/2022|H5N1|Canada-ON|2022-04-03|avian|A1
1002,147,0.0201078134370807,-82.1548107605916,47.7730774563338,-81.7023433156288,48.1671094808134,0.438113513948691,0.41800570051161,2022.23194698108,2022.25205479452,A/Mixed/ON/FAV-0182-3/2022|H5N1|Canada-ON|2022-04-03|avian|A1
1004,148,0.012699063929738,-82.2801336235654,47.7067356321567,-82.7323265946686,47.1261489206022,0.438113513948691,0.425414450018953,2022.23935573059,2022.25205479452,A/Mixed/ON/FAV-0182-4/2022|H5N1|Canada-ON|2022-04-03|avian|A1
1003,1005,0.0156474591333835,-82.6824630594002,47.7295617683753,-85.1790330440328,50.4413367765286,0.438469482718147,0.422822023584763,2022.23676330416,2022.25241076329,NA
902,290,0.210920584399401,-91.9682160784604,39.6440562347809,-94.5072641677211,40.1873012535562,0.440853239976049,0.229932655576648,2022.04387393615,2022.25479452055,A/turkey/Missouri/22-010296-001/2022|H5N1|USA-MO|2022-04-04|avian|A1
681,386,0.140590969841171,-76.1362683814526,41.1468540380424,-73.4019469416083,43.8395296036859,0.440853239976049,0.300262270134878,2022.11420355071,2022.25479452055,A/Fish_Crow/New_York/22-010487-001/2022|H5N1|USA-NY|2022-04-04|avian|A1
609,22,0.117285567755438,-67.7845364969484,44.4585290744203,-91.8320646641498,42.2182556462938,0.440853239976049,0.323567672220611,2022.13750895279,2022.25479452055,A/Bald_Eagle/Iowa/22-010129-001/2022|H5N1|USA-IA|2022-04-04|avian|A1
855,554,0.0564734962610479,-78.2501794570969,35.2565721682668,-77.2080140760599,35.4029029786579,0.440853239976049,0.384379743715001,2022.19832102429,2022.25479452055,A/chicken/North_Carolina/22-010299-002/2022|H5N1|USA-NC|2022-04-04|avian|A1
999,156,0.0246818903071518,-79.3286283230023,46.6681772406279,-79.4416233887371,46.6777716289426,0.440853239976049,0.416171349668897,2022.23011263024,2022.25479452055,A/Mixed/ON/FAV-0189-4/2022|H5N1|Canada-ON|2022-04-04|avian|A1
923,316,0.0232408696811169,-85.5561720900952,46.4634787333364,-86.2320845933613,46.4802479628415,0.440853239976049,0.417612370294932,2022.23155365087,2022.25479452055,A/Amazon_parrot/Michigan/22-010848-001/2022|H5N1|USA-MI|2022-04-04|avian|A1
923,315,0.0232408696811169,-85.5561720900952,46.4634787333364,-85.7280972824106,46.5606976875852,0.440853239976049,0.417612370294932,2022.23155365087,2022.25479452055,A/Catalina_macaw/Michigan/22-010848-002/2022|H5N1|USA-MI|2022-04-04|avian|A1
1000,157,0.0232036664978509,-79.4339119845828,46.5730031733766,-79.3802615554596,46.4291402695278,0.440853239976049,0.417649573478198,2022.23159085405,2022.25479452055,A/Mixed/ON/FAV-0189-2/2022|H5N1|Canada-ON|2022-04-04|avian|A1
1126,372,0.0207700391893514,-94.8133115286073,45.2386480831706,-96.7950422805558,47.3213600003685,0.440853239976049,0.420083200786697,2022.23402448136,2022.25479452055,A/turkey/Minnesota/22-010123-004/2022|H5N1|USA-MN|2022-04-04|avian|A1
1004,150,0.0154387899570954,-82.2801336235654,47.7067356321567,-82.0964767058279,49.5009379037882,0.440853239976049,0.425414450018953,2022.23935573059,2022.25479452055,A/Mixed/ON/FAV-0189-5/2022|H5N1|Canada-ON|2022-04-04|avian|A1
848,564,0.0126959473654739,-80.0103172735323,35.8934559653738,-77.2991394631172,34.9635064914031,0.440853239976049,0.428157292610575,2022.24209857318,2022.25479452055,A/chicken/North_Carolina/22-010298-002/2022|H5N1|USA-NC|2022-04-04|avian|A1
848,563,0.0126959473654739,-80.0103172735323,35.8934559653738,-80.0720881352422,35.6676894017813,0.440853239976049,0.428157292610575,2022.24209857318,2022.25479452055,A/chicken/North_Carolina/22-010298-001/2022|H5N1|USA-NC|2022-04-04|avian|A1
851,566,0.00352674279701859,-81.4895760345501,36.1404962639875,-80.6680003980553,35.4352271025252,0.440853239976049,0.43732649717903,2022.25126777775,2022.25479452055,A/turkey/North_Carolina/22-010146-001/2022|H5N1|USA-NC|2022-04-04|avian|A1
851,565,0.00352674279701859,-81.4895760345501,36.1404962639875,-80.3382858468417,35.8135198105461,0.440853239976049,0.43732649717903,2022.25126777775,2022.25479452055,A/turkey/North_Carolina/22-010146-002/2022|H5N1|USA-NC|2022-04-04|avian|A1
1005,151,0.00238375725790196,-85.1790330440328,50.4413367765286,-88.6325954446993,53.8053255575162,0.440853239976049,0.438469482718147,2022.25241076329,2022.25479452055,A/Mixed/ON/FAV-0189-3/2022|H5N1|Canada-ON|2022-04-04|avian|A1
1005,149,0.00238375725790196,-85.1790330440328,50.4413367765286,-84.4976723540286,50.9246457830916,0.440853239976049,0.438469482718147,2022.25241076329,2022.25479452055,A/Mixed/ON/FAV-0189-1/2022|H5N1|Canada-ON|2022-04-04|avian|A1
758,759,0.0214718431703922,-78.022056321227,39.7305886792836,-78.2816985833935,40.3361290554851,0.440989404782045,0.419517561611653,2022.23345884218,2022.25493068535,NA
758,765,0.0230164386736971,-78.022056321227,39.7305886792836,-78.5268460612942,40.0019927931858,0.44253400028535,0.419517561611653,2022.23345884218,2022.25647528086,NA
1124,1128,0.119730254150691,-96.8703669835374,41.4904565968171,-95.6146890187031,42.5044042748538,0.442736037042982,0.323005782892291,2022.13694706346,2022.25667731761,NA
840,841,0.0145114767557732,-77.9931822770712,34.9678229663979,-78.8984727979021,35.2102871430392,0.442826764174443,0.42831528741867,2022.24225656799,2022.25676804475,NA
765,766,0.00172343731402758,-78.5268460612942,40.0019927931858,-78.7737580602162,40.0864535359734,0.444257437599378,0.44253400028535,2022.25647528086,2022.25819871817,NA
1128,1129,0.0020219393449834,-95.6146890187031,42.5044042748538,-95.5683426520436,42.5396944132876,0.444757976387965,0.442736037042982,2022.25667731761,2022.25869925696,NA
842,843,0.0326681282690104,-78.9476734993178,35.5704149273475,-78.7045127208981,35.6511748412275,0.445210293114908,0.412542164845898,2022.22648344542,2022.25915157369,NA
843,844,9.51119060891292e-05,-78.7045127208981,35.6511748412275,-78.6681543550211,35.5508045025816,0.445305405020998,0.445210293114908,2022.25915157369,2022.25924668559,NA
817,818,0.104528393349774,-79.9909150776791,40.9585688691999,-88.1249406073765,42.7840163553409,0.446094764570887,0.341566371221113,2022.15550765179,2022.26003604514,NA
1047,231,0.140000268705309,-92.9660728497893,41.0888558725455,-103.246327176838,51.2393319622505,0.446332692030991,0.306332423325682,2022.1202737039,2022.2602739726,A/Snow_Goose/SK/FAV-0268-4/2022|H5N1|Canada-SK|2022-04-06|avian|A1
741,468,0.0643114708762519,-80.5849854601715,43.4687890166511,-81.023404475083,43.9810066902759,0.446332692030991,0.382021221154739,2022.19596250173,2022.2602739726,A/Canada_Goose/ON/FAV-0244-3/2022|H5N1|Canada-ON|2022-04-06|avian|A1
841,574,0.00350592785654791,-78.8984727979021,35.2102871430392,-79.0650992532899,34.804355269121,0.446332692030991,0.442826764174443,2022.25676804475,2022.2602739726,A/turkey/North_Carolina/22-010448-003/2022|H5N1|USA-NC|2022-04-06|avian|A1
841,573,0.00350592785654791,-78.8984727979021,35.2102871430392,-79.174299170585,35.253709526844,0.446332692030991,0.442826764174443,2022.25676804475,2022.2602739726,A/turkey/North_Carolina/22-010448-001/2022|H5N1|USA-NC|2022-04-06|avian|A1
766,768,0.00248599413848216,-78.7737580602162,40.0864535359734,-78.8337869617821,40.2612694716683,0.44674343173786,0.444257437599378,2022.25819871817,2022.26068471231,NA
1129,1130,0.00238659150397691,-95.5683426520436,42.5396944132876,-94.5526869931993,42.0337580792728,0.447144567891942,0.444757976387965,2022.25869925696,2022.26108584846,NA
765,787,0.00638431317865551,-78.5268460612942,40.0019927931858,-78.3577355951964,40.9095686547889,0.448918313464006,0.44253400028535,2022.25647528086,2022.26285959404,NA
1163,78,0.316426848898152,-77.1515837861109,37.8086188510388,-90.9077654718916,49.9296100245798,0.449072418058348,0.132645569160196,2021.94658684973,2022.26301369863,A/Snowy_Owl/ON/FAV-0242-2/2022|H5N1|Canada-ON|2022-04-07|avian|A1
730,489,0.24205568083293,-64.3934326545815,45.4346126281768,-64.4470240394121,45.4049102346475,0.449072418058348,0.207016737225418,2022.0209580178,2022.26301369863,A/American_Crow/NS/FAV-0467-1/2022|H5N1|Canada-NS|2022-04-07|avian|A1
683,385,0.185308362559201,-79.6070550949306,42.6264952277352,-81.1518884176941,49.6314908855377,0.449072418058348,0.263764055499147,2022.07770533607,2022.26301369863,A/Mixed/ON/FAV-0209-1/2022|H5N1|Canada-ON|2022-04-07|avian|A1
603,30,0.0298961884652919,-75.2413739520173,41.974196577169,-75.9042271419725,42.2569633202995,0.449072418058348,0.419176229593056,2022.23311751016,2022.26301369863,A/Great_Horned_Owl/New_York/22-010806-001/2022|H5N1|USA-NY|2022-04-07|avian|A1
604,26,0.0159248966816621,-74.4932904212784,41.284039633298,-74.4989761504336,41.6613544237809,0.449072418058348,0.433147521376686,2022.24708880195,2022.26301369863,A/Great_Horned_Owl/New_York/22-010804-002/2022|H5N1|USA-NY|2022-04-07|avian|A1
984,985,0.175721225141207,-98.6371625870544,38.5791799626672,-106.489581124781,44.2573147628211,0.449574831642559,0.273853606501352,2022.08779488707,2022.26351611221,NA
759,760,0.00921816810490961,-78.2816985833935,40.3361290554851,-76.7789217598752,39.6659308448016,0.450207572886955,0.440989404782045,2022.25493068535,2022.26414885346,NA
635,639,0.0344666791659188,-72.0146889068278,42.0862159027513,-71.3997668316204,42.28911162314,0.451575205005736,0.417108525839817,2022.23104980641,2022.26551648558,NA
924,925,0.0180127539880576,-84.1641928605129,41.3033009035227,-84.7009276621559,39.6807485458023,0.452298237713773,0.434285483725715,2022.2482267643,2022.26623951829,NA
1130,1132,0.00532346980521914,-94.5526869931993,42.0337580792728,-94.312058519732,41.9887065946256,0.452468037697161,0.447144567891942,2022.26108584846,2022.26640931827,NA
983,93,0.169820576875811,-100.808999146571,39.5598332551984,-100.197446722181,38.7076077151413,0.454551870113063,0.284731293237252,2022.09867257381,2022.26849315068,A/Turkey/Kansas/22-011119-001/2022|H5N1|USA-KS|2022-04-09|avian|A1
787,790,0.00775506164031425,-78.3577355951964,40.9095686547889,-78.6120277218351,40.8486794131552,0.45667337510432,0.448918313464006,2022.26285959404,2022.27061465568,NA
639,55,0.00571639113468414,-71.3997668316204,42.28911162314,-71.3177487170151,42.1519413387368,0.45729159614042,0.451575205005736,2022.26551648558,2022.27123287671,A/snowy_owl/MA/22MM00467/2022|H5N1|USA-MA|2022-04-10|avian|A1
1130,1131,0.0107040676410362,-94.5526869931993,42.0337580792728,-94.3282167977423,41.7297507851872,0.457848635532978,0.447144567891942,2022.26108584846,2022.2717899161,NA
604,605,0.0263422806485909,-74.4932904212784,41.284039633298,-75.2158095462432,41.7758408943425,0.459489802025277,0.433147521376686,2022.24708880195,2022.2734310826,NA
787,788,0.0108505643397983,-78.3577355951964,40.9095686547889,-78.0815899712199,40.1185698325482,0.459768877803804,0.448918313464006,2022.26285959404,2022.27371015838,NA
919,311,0.235547751833061,-83.9698421590307,36.5808334404596,-85.6488316904664,42.607311562447,0.460031322168005,0.224483570334944,2022.03842485091,2022.27397260274,A/Tundra_Swan/Michigan/22-011517-010/2022|H5N1|USA-MI|2022-04-11|avian|A1
872,307,0.0781336780149671,-94.2869994257666,42.6382929414494,-90.8953496669942,46.5865884671827,0.460031322168005,0.381897644153038,2022.19583892472,2022.27397260274,A/wood_duck/Wisconsin/22-013269-001/2022|H5N1|USA-WI|2022-04-11|avian|A1
843,558,0.0148210290530966,-78.7045127208981,35.6511748412275,-76.7968159589963,36.0404750600619,0.460031322168005,0.445210293114908,2022.25915157369,2022.27397260274,A/chicken/North_Carolina/22-010929-001/2022|H5N1|USA-NC|2022-04-11|avian|A1
844,560,0.0147259171470074,-78.6681543550211,35.5508045025816,-76.9914613335886,35.3041083097725,0.460031322168005,0.445305405020998,2022.25924668559,2022.27397260274,A/chicken/North_Carolina/22-010929-007/2022|H5N1|USA-NC|2022-04-11|avian|A1
844,559,0.0147259171470074,-78.6681543550211,35.5508045025816,-79.2012824876572,34.5890346486221,0.460031322168005,0.445305405020998,2022.25924668559,2022.27397260274,A/chicken/North_Carolina/22-010929-002/2022|H5N1|USA-NC|2022-04-11|avian|A1
768,770,0.0145511141976382,-78.8337869617821,40.2612694716683,-76.619748773405,40.4961462709456,0.461294545935498,0.44674343173786,2022.26068471231,2022.27523582651,NA
770,771,0.000886442034834456,-76.619748773405,40.4961462709456,-77.4699808497119,41.245828029916,0.462180987970333,0.461294545935498,2022.27523582651,2022.27612226854,NA
1128,369,0.0200350111523806,-95.6146890187031,42.5044042748538,-95.5564628490524,42.503653699774,0.462771048195362,0.442736037042982,2022.25667731761,2022.27671232877,A/American_White_Pelican/Iowa/22-011101-007/2022|H5N1|USA-IA|2022-04-12|avian|A1
1129,367,0.0180130718073972,-95.5683426520436,42.5396944132876,-96.1346615707915,43.4499251507282,0.462771048195362,0.444757976387965,2022.25869925696,2022.27671232877,A/American_White_Pelican/Iowa/22-011101-001/2022|H5N1|USA-IA|2022-04-12|avian|A1
1132,368,0.0103030104982011,-94.312058519732,41.9887065946256,-94.3256924354319,42.1617862934582,0.462771048195362,0.452468037697161,2022.26640931827,2022.27671232877,A/pelican/Iowa/22-011101-008/2022|H5N1|USA-IA|2022-04-12|avian|A1
1132,365,0.0103030104982011,-94.312058519732,41.9887065946256,-93.9207369686979,42.3792923464287,0.462771048195362,0.452468037697161,2022.26640931827,2022.27671232877,A/pelican/Iowa/22-011101-009/2022|H5N1|USA-IA|2022-04-12|avian|A1
1131,364,0.00492241266238413,-94.3282167977423,41.7297507851872,-95.5414208100649,40.7526545369452,0.462771048195362,0.457848635532978,2022.2717899161,2022.27671232877,A/pelican/Iowa/22-011101-006/2022|H5N1|USA-IA|2022-04-12|avian|A1
1131,366,0.00492241266238413,-94.3282167977423,41.7297507851872,-94.752154561646,42.8683354934182,0.462771048195362,0.457848635532978,2022.2717899161,2022.27671232877,A/American_White_Pelican/Iowa/22-011101-003/2022|H5N1|USA-IA|2022-04-12|avian|A1
766,767,0.0201117448053384,-78.7737580602162,40.0864535359734,-79.289892078081,41.6792111349258,0.464369182404716,0.444257437599378,2022.25819871817,2022.27831046298,NA
1014,1015,0.111057738989182,-81.7606616918467,38.3800602800286,-86.9029585755567,45.6394653021689,0.464713517492914,0.353655778503732,2022.16759705908,2022.27865479806,NA
1021,1024,0.201850557874956,-86.5392474366796,39.6653553736267,-91.0302227860958,46.9606638050913,0.465100438416723,0.263249880541767,2022.07719116111,2022.27904171899,NA
925,313,0.0132125365089472,-84.7009276621559,39.6807485458023,-85.0920150705036,39.0625803815339,0.46551077422272,0.452298237713773,2022.26623951829,2022.27945205479,A/Bald_Eagle/Indiana/22-011948-001/2022|H5N1|USA-IN|2022-04-13|avian|A1
925,314,0.0132125365089472,-84.7009276621559,39.6807485458023,-85.1955675956406,39.8956215586482,0.46551077422272,0.452298237713773,2022.26623951829,2022.27945205479,A/Bald_Eagle/Indiana/22-011948-002/2022|H5N1|USA-IN|2022-04-13|avian|A1
760,763,0.0166817236372157,-76.7789217598752,39.6659308448016,-77.5414650634523,39.9773193050116,0.466889296524171,0.450207572886955,2022.26414885346,2022.2808305771,NA
790,791,0.010236593462206,-78.6120277218351,40.8486794131552,-78.6182212104525,40.8540350530501,0.466909968566526,0.45667337510432,2022.27061465568,2022.28085124914,NA
759,441,0.0272610954680319,-78.2816985833935,40.3361290554851,-79.3242742889242,40.4614188556004,0.468250500250077,0.440989404782045,2022.25493068535,2022.28219178082,A/chicken/Pennsylvania/22-011531-006/2022|H5N1|USA-PA|2022-04-14|avian|A1
985,106,0.0186756686075182,-106.489581124781,44.2573147628211,-105.061555110197,44.9835544391656,0.468250500250077,0.449574831642559,2022.26351611221,2022.28219178082,A/Wild_Turkey/Wyoming/22-011876-001/2022|H5N1|USA-WY|2022-04-14|avian|A1
985,107,0.0186756686075182,-106.489581124781,44.2573147628211,-104.340372283749,43.4700625295197,0.468250500250077,0.449574831642559,2022.26351611221,2022.28219178082,A/Wild_Turkey/Wyoming/22-011876-002/2022|H5N1|USA-WY|2022-04-14|avian|A1
788,420,0.00848162244627326,-78.0815899712199,40.1185698325482,-77.3219667845861,40.0064966138475,0.468250500250077,0.459768877803804,2022.27371015838,2022.28219178082,A/chicken/Pennsylvania/22-011531-005/2022|H5N1|USA-PA|2022-04-14|avian|A1
767,442,0.00388131784536105,-79.289892078081,41.6792111349258,-78.4448618473706,41.3412585228235,0.468250500250077,0.464369182404716,2022.27831046298,2022.28219178082,A/chicken/Pennsylvania/22-011531-002/2022|H5N1|USA-PA|2022-04-14|avian|A1
767,443,0.00388131784536105,-79.289892078081,41.6792111349258,-78.4651197685577,41.1943969763025,0.468250500250077,0.464369182404716,2022.27831046298,2022.28219178082,A/chicken/Pennsylvania/22-011531-001/2022|H5N1|USA-PA|2022-04-14|avian|A1
1015,164,0.00353698275716285,-86.9029585755567,45.6394653021689,-87.2869431735539,45.4770126193469,0.468250500250077,0.464713517492914,2022.27865479806,2022.28219178082,A/Great_Horned_Owl/Michigan/22-012056-006/2022|H5N1|USA-MI|2022-04-14|avian|A1
1015,163,0.00353698275716285,-86.9029585755567,45.6394653021689,-86.9155693396907,46.0234350063651,0.468250500250077,0.464713517492914,2022.27865479806,2022.28219178082,A/great_horned_owl/Michigan/22-012056-007/2022|H5N1|USA-MI|2022-04-14|avian|A1
771,772,0.00837362966743393,-77.4699808497119,41.245828029916,-76.6722039165642,41.4695285805614,0.470554617637767,0.462180987970333,2022.27612226854,2022.28449589821,NA
1042,221,0.232759385636829,-89.1764264462867,38.9860434941538,-95.5866683558742,41.6712954865337,0.470990226277435,0.238230840640606,2022.05217212121,2022.28493150685,A/Great_Horned_Owl/Iowa/22-011678-001/2022|H5N1|USA-IA|2022-04-15|avian|A1
791,412,0.00681998373826609,-78.6182212104525,40.8540350530501,-78.4511425928708,40.6030534559091,0.473729952304792,0.466909968566526,2022.28085124914,2022.28767123288,A/chicken/Pennsylvania/22-011767-001/2022|H5N1|USA-PA|2022-04-16|avian|A1
791,792,0.00717868990112169,-78.6182212104525,40.8540350530501,-78.9353260809867,40.8722813240043,0.474088658467648,0.466909968566526,2022.28085124914,2022.28802993904,NA
760,761,0.0251455898011489,-76.7789217598752,39.6659308448016,-76.7808164666591,40.3800769644603,0.475353162688104,0.450207572886955,2022.26414885346,2022.28929444326,NA
768,769,0.0293331139294848,-78.8337869617821,40.2612694716683,-76.0043653697396,40.2698964367872,0.476076545667345,0.44674343173786,2022.26068471231,2022.29001782624,NA
763,764,0.00956815160878344,-77.5414650634523,39.9773193050116,-76.7161371198863,40.6935769081275,0.476457448132954,0.466889296524171,2022.2808305771,2022.2903987287,NA
818,819,0.031139877253837,-88.1249406073765,42.7840163553409,-89.8320256573454,42.8420746191626,0.477234641824724,0.446094764570887,2022.26003604514,2022.2911759224,NA
788,789,0.0176189684200301,-78.0815899712199,40.1185698325482,-80.5037312694161,40.6905214370691,0.477387846223834,0.459768877803804,2022.27371015838,2022.2913291268,NA
605,606,0.0191552191511416,-75.2158095462432,41.7758408943425,-75.4669090125012,42.0510947597055,0.478645021176418,0.459489802025277,2022.2734310826,2022.29258630175,NA
772,779,0.00832243144500999,-76.6722039165642,41.4695285805614,-76.8452995791453,41.3909798601369,0.478877049082777,0.470554617637767,2022.28449589821,2022.29281832965,NA
792,413,0.00512074589208655,-78.9353260809867,40.8722813240043,-79.1849535470491,40.9266922062875,0.479209404359734,0.474088658467648,2022.28802993904,2022.29315068493,A/chicken/Pennsylvania/22-011920-001/2022|H5N1|USA-PA|2022-04-18|avian|A1
769,418,0.00313285869238944,-76.0043653697396,40.2698964367872,-77.3475548582069,40.7642888757809,0.479209404359734,0.476076545667345,2022.29001782624,2022.29315068493,A/chicken/Pennsylvania/22-011921-002/2022|H5N1|USA-PA|2022-04-18|avian|A1
761,762,0.00416120866206771,-76.7808164666591,40.3800769644603,-76.8716729500554,40.5105806531675,0.479514371350171,0.475353162688104,2022.28929444326,2022.29345565192,NA
595,66,0.310782082076919,-67.5536114097447,41.1766466895002,-65.3177338571051,44.6550046275975,0.481949130387092,0.171167048310172,2021.98510832888,2022.29589041096,A/Red-Tailed_Hawk/NS/FAV-0326-1/2022|H5N1|Canada-NS|2022-04-19|avian|A1
770,440,0.0206545844515934,-76.619748773405,40.4961462709456,-77.6213174923767,41.2659337001454,0.481949130387092,0.461294545935498,2022.27523582651,2022.29589041096,A/chicken/Pennsylvania/22-012092-008/2022|H5N1|USA-PA|2022-04-19|avian|A1
792,414,0.00786047191944395,-78.9353260809867,40.8722813240043,-78.530950171677,40.9352693310236,0.481949130387092,0.474088658467648,2022.28802993904,2022.29589041096,A/chicken/Pennsylvania/22-012091-001/2022|H5N1|USA-PA|2022-04-19|avian|A1
761,446,0.00659596769898774,-76.7808164666591,40.3800769644603,-77.0423132265639,40.4987210618031,0.481949130387092,0.475353162688104,2022.28929444326,2022.29589041096,A/chicken/Pennsylvania/22-012092-010/2022|H5N1|USA-PA|2022-04-19|avian|A1
769,419,0.00587258471974683,-76.0043653697396,40.2698964367872,-76.2524167740913,40.2200288503306,0.481949130387092,0.476076545667345,2022.29001782624,2022.29589041096,A/chicken/Pennsylvania/22-012092-007/2022|H5N1|USA-PA|2022-04-19|avian|A1
764,416,0.00549168225413754,-76.7161371198863,40.6935769081275,-76.260219471029,40.6527623085711,0.481949130387092,0.476457448132954,2022.2903987287,2022.29589041096,A/chicken/Pennsylvania/22-012248-003/2022|H5N1|USA-PA|2022-04-19|avian|A1
764,417,0.00549168225413754,-76.7161371198863,40.6935769081275,-76.8126340904046,41.3997037946639,0.481949130387092,0.476457448132954,2022.2903987287,2022.29589041096,A/chicken/Pennsylvania/22-012248-001/2022|H5N1|USA-PA|2022-04-19|avian|A1
789,422,0.00456128416325752,-80.5037312694161,40.6905214370691,-80.2691691514683,40.5888496030133,0.481949130387092,0.477387846223834,2022.2913291268,2022.29589041096,A/chicken/Pennsylvania/22-012092-003/2022|H5N1|USA-PA|2022-04-19|avian|A1
762,444,0.00243475903692003,-76.8716729500554,40.5105806531675,-75.594015393081,41.395713099294,0.481949130387092,0.479514371350171,2022.29345565192,2022.29589041096,A/chicken/Pennsylvania/22-012092-005/2022|H5N1|USA-PA|2022-04-19|avian|A1
762,445,0.00243475903692003,-76.8716729500554,40.5105806531675,-76.8041700237421,40.5767171739443,0.481949130387092,0.479514371350171,2022.29345565192,2022.29589041096,A/chicken/Pennsylvania/22-012092-006/2022|H5N1|USA-PA|2022-04-19|avian|A1
745,463,0.108402687754832,-76.2311209272172,43.6497211361849,-80.3872575388686,49.0450306391905,0.484688856414449,0.376286168659617,2022.19022744923,2022.29863013699,A/Common_Raven/ON/FAV-0320-3/2022|H5N1|Canada-ON|2022-04-20|avian|A1
606,28,0.00604383523803043,-75.4669090125012,42.0510947597055,-75.2126669014693,41.967171769868,0.484688856414449,0.478645021176418,2022.29258630175,2022.29863013699,A/Ring-necked_pheasant/New_York/22-013871-001/2022|H5N1|USA-NY|2022-04-20|avian|A1
606,29,0.00604383523803043,-75.4669090125012,42.0510947597055,-76.0782601642865,43.0276852739227,0.484688856414449,0.478645021176418,2022.29258630175,2022.29863013699,A/Ring-necked_pheasant/New_York/22-013873-001/2022|H5N1|USA-NY|2022-04-20|avian|A1
1125,1127,0.0680412121112716,-92.6014530787794,40.4324864986497,-91.3937329505765,43.2629778046887,0.484878432969407,0.416837220858136,2022.23077850143,2022.29881971354,NA
986,102,0.171213104678265,-97.9755229465272,36.8497759435938,-111.542340472646,41.7500809227886,0.487428582441806,0.316215477763542,2022.13015675834,2022.30136986301,A/chicken/Utah/22-012375-001/2022|H5N1|USA-UT|2022-04-21|avian|A1
819,820,0.0124852623578555,-89.8320256573454,42.8420746191626,-90.1025821998201,43.9830442297457,0.48971990418258,0.477234641824724,2022.2911759224,2022.30366118475,NA
790,793,0.0333652540999279,-78.6120277218351,40.8486794131552,-78.7229955317186,40.8606296426521,0.490038629204248,0.45667337510432,2022.27061465568,2022.30397990978,NA
772,773,0.0216562342703797,-76.6722039165642,41.4695285805614,-77.6708926362804,41.0518129688138,0.492210851908146,0.470554617637767,2022.28449589821,2022.30615213248,NA
888,889,0.201391041215858,-100.440689081041,42.893281408925,-108.579543754473,43.9217353470209,0.492264950165855,0.290873908949997,2022.10481518952,2022.30620623074,NA
639,640,0.041015533901211,-71.3997668316204,42.28911162314,-71.9586888851137,42.8756377267503,0.492590738906947,0.451575205005736,2022.26551648558,2022.30653201948,NA
820,822,0.00384105900377563,-90.1025821998201,43.9830442297457,-90.9774513302511,44.0156218038712,0.493560963186355,0.48971990418258,2022.30366118475,2022.30750224376,NA
779,780,0.0178471892591726,-76.8452995791453,41.3909798601369,-76.9414246444459,41.3611778410214,0.496724238341949,0.478877049082777,2022.29281832965,2022.31066551891,NA
793,794,0.00730524769947816,-78.7229955317186,40.8606296426521,-78.5672655880031,41.2743298385816,0.497343876903726,0.490038629204248,2022.30397990978,2022.31128515748,NA
771,439,0.0362064985811307,-77.4699808497119,41.245828029916,-77.8453043394716,40.886886960037,0.498387486551463,0.462180987970333,2022.27612226854,2022.31232876712,A/chicken/Pennsylvania/22-012578-004/2022|H5N1|USA-PA|2022-04-25|avian|A1
1143,1144,0.135146345846205,-104.925768699934,42.0905316785006,-109.944084011468,43.0381750236706,0.500457297391101,0.365310951544896,2022.17925223212,2022.31439857796,NA
986,103,0.184911734815279,-97.9755229465272,36.8497759435938,-102.868797764156,36.2241275295009,0.501127212578821,0.316215477763542,2022.13015675834,2022.31506849315,A/Owl/Texas/22-012996-001/2022|H5N1|USA-TX|2022-04-26|avian|A1
1113,333,0.112795993503287,-81.9831748418485,28.0894659697086,-82.7072129852408,28.336760305411,0.501127212578821,0.388331219075534,2022.20227249965,2022.31506849315,A/bald_eagle/Florida/22-013493-003/2022|H5N1|USA-FL|2022-04-26|avian|A1
605,27,0.0416374105535438,-75.2158095462432,41.7758408943425,-78.0183205165719,42.3928888889856,0.501127212578821,0.459489802025277,2022.2734310826,2022.31506849315,A/Ring-necked_Pheasant/New_York/22-013005-001/2022|H5N1|USA-NY|2022-04-26|avian|A1
793,448,0.0110885833745729,-78.7229955317186,40.8606296426521,-79.0535056569294,40.9677065350036,0.501127212578821,0.490038629204248,2022.30397990978,2022.31506849315,A/chicken/Pennsylvania/22-012742-001/2022|H5N1|USA-PA|2022-04-26|avian|A1
794,449,0.0037833356750947,-78.5672655880031,41.2743298385816,-77.2335115303864,40.8801127768157,0.501127212578821,0.497343876903726,2022.31128515748,2022.31506849315,A/chicken/Pennsylvania/22-012742-002/2022|H5N1|USA-PA|2022-04-26|avian|A1
967,968,0.222587756459339,-98.7129598656966,38.8857124109403,-110.994027420162,50.5677573636895,0.502130050339665,0.279542293880326,2022.09348357445,2022.31607133091,NA
780,781,0.00607680224824136,-76.9414246444459,41.3611778410214,-78.3294089833906,41.1511266638744,0.50280104059019,0.496724238341949,2022.31066551891,2022.31674232116,NA
781,783,0.000137728812661719,-78.3294089833906,41.1511266638744,-78.3385247707706,41.1221324035919,0.502938769402852,0.50280104059019,2022.31674232116,2022.31688004997,NA
865,308,0.275663322290291,-92.5911562862727,39.4489935091581,-93.4614381874071,46.6913114711545,0.503866938606178,0.228203616315887,2022.04214489689,2022.31780821918,A/hooded_merganser/Minnesota/22-013435-001/2022|H5N1|USA-MN|2022-04-27|avian|A1
897,291,0.225344377099127,-95.2594097961041,39.3450777977901,-110.229100418783,55.6234010871007,0.503866938606178,0.278522561507051,2022.09246384208,2022.31780821918,A/Red-Tailed_Hawk/AB/FAV-0505-35/2022|H5N1|Canada-AB|2022-04-27|avian|A1
968,100,0.00173688826651297,-110.994027420162,50.5677573636895,-112.719809375554,51.7685739401077,0.503866938606178,0.502130050339665,2022.31607133091,2022.31780821918,A/Canada_Goose/AB/FAV-0505-36/2022|H5N1|Canada-AB|2022-04-27|avian|A1
968,101,0.00173688826651297,-110.994027420162,50.5677573636895,-110.944345520091,50.622118139095,0.503866938606178,0.502130050339665,2022.31607133091,2022.31780821918,A/Great_Horned_Owl/AB/FAV-0505-38/2022|H5N1|Canada-AB|2022-04-27|avian|A1
820,821,0.0154374440224242,-90.1025821998201,43.9830442297457,-87.9396984354653,44.2557473716671,0.505157348205004,0.48971990418258,2022.30366118475,2022.31909862878,NA
1036,1037,0.262880915454951,-89.2058585035839,39.6007388109201,-106.624478076363,39.6706006268622,0.506169403955909,0.243288488500958,2022.05722976907,2022.32011068453,NA
1133,356,0.178596575902762,-97.0941983206871,40.1575646022398,-90.4346886081686,44.8654591673604,0.506606664633763,0.328010088731,2022.1419513693,2022.32054794521,A/bald_eagle/Wisconsin/22-013262-001/2022|H5N1|USA-WI|2022-04-28|avian|A1
1014,162,0.152950886130031,-81.7606616918467,38.3800602800286,-92.3513812333255,46.5883022810364,0.506606664633763,0.353655778503732,2022.16759705908,2022.32054794521,A/red_shouldered_hawk/Minnesota/22-013517-010/2022|H5N1|USA-MN|2022-04-28|avian|A1
1143,355,0.141295713088867,-104.925768699934,42.0905316785006,-104.124852217124,40.9745985959259,0.506606664633763,0.365310951544896,2022.17925223212,2022.32054794521,A/chicken/Colorado/22-013057-001/2022|H5N1|USA-CO|2022-04-28|avian|A1
780,430,0.00988242629181368,-76.9414246444459,41.3611778410214,-77.4925024444143,41.9816225394655,0.506606664633763,0.496724238341949,2022.31066551891,2022.32054794521,A/Pekin_duck/Pennsylvania/22-013189-004/2022|H5N1|USA-PA|2022-04-28|avian|A1
783,427,0.0036678952309106,-78.3385247707706,41.1221324035919,-76.2582220370769,40.6187388852109,0.506606664633763,0.502938769402852,2022.31688004997,2022.32054794521,A/Pekin_duck/Pennsylvania/22-013189-003/2022|H5N1|USA-PA|2022-04-28|avian|A1
640,641,0.0181501684759406,-71.9586888851137,42.8756377267503,-71.7032806256099,42.9960215106523,0.510740907382888,0.492590738906947,2022.30653201948,2022.32468218795,NA
889,267,0.0198211665226226,-108.579543754473,43.9217353470209,-108.521330680767,43.7361781307515,0.512086116688478,0.492264950165855,2022.30620623074,2022.32602739726,A/great_horned_owl/Wyoming/22-014489-001/2022|H5N1|USA-WY|2022-04-30|avian|A1
889,266,0.0198211665226226,-108.579543754473,43.9217353470209,-108.924780737849,43.9057033833498,0.512086116688478,0.492264950165855,2022.30620623074,2022.32602739726,A/great_horned_owl/Wyoming/22-014489-002/2022|H5N1|USA-WY|2022-04-30|avian|A1
977,89,0.152833648736127,-104.502065526718,41.2450023876625,-105.222989698472,51.4257053596288,0.514825842715835,0.361992193979708,2022.17593347455,2022.32876712329,A/Great_Horned_Owl/SK/FAV-0802-16/2022|H5N1|Canada-SK|2022-05-01|avian|A1
789,421,0.0401777225193584,-80.5037312694161,40.6905214370691,-78.8545068175745,41.0926933917119,0.517565568743192,0.477387846223834,2022.2913291268,2022.33150684932,A/great_horned_owl/Pennsylvania/22-021652-001/2022|H5N1|USA-PA|2022-05-02|avian|A1
773,431,0.0253547168350462,-77.6708926362804,41.0518129688138,-77.4927445807965,40.0682023992208,0.517565568743192,0.492210851908146,2022.30615213248,2022.33150684932,A/duck/Pennsylvania/22-013368-002/2022|H5N1|USA-PA|2022-05-02|avian|A1
640,51,0.0249748298362452,-71.9586888851137,42.8756377267503,-71.4755013243199,42.6038891548845,0.517565568743192,0.492590738906947,2022.30653201948,2022.33150684932,A/great_horned_owl/Massachusetts/22-016611-013/2022|H5N1|USA-MA|2022-05-02|avian|A1
1144,354,0.0171082713520917,-109.944084011468,43.0381750236706,-107.339293651844,43.4501866220731,0.517565568743192,0.500457297391101,2022.31439857796,2022.33150684932,A/great_horned_owl/Wyoming/22-013814-002/2022|H5N1|USA-WY|2022-05-02|avian|A1
1144,353,0.0171082713520917,-109.944084011468,43.0381750236706,-110.312231750504,42.9665614552486,0.517565568743192,0.500457297391101,2022.31439857796,2022.33150684932,A/great_horned_owl/Wyoming/22-013814-001/2022|H5N1|USA-WY|2022-05-02|avian|A1
641,50,0.00682466136030457,-71.7032806256099,42.9960215106523,-72.0808080739828,42.5566441870554,0.517565568743192,0.510740907382888,2022.32468218795,2022.33150684932,A/great_horned_owl/Massachusetts/22-016611-011/2022|H5N1|USA-MA|2022-05-02|avian|A1
781,782,0.015599371284591,-78.3294089833906,41.1511266638744,-77.979410827237,41.0152117374089,0.518400411874781,0.50280104059019,2022.31674232116,2022.33234169245,NA
1126,373,0.100222093983853,-94.8133115286073,45.2386480831706,-96.2020370212351,47.380301098517,0.52030529477055,0.420083200786697,2022.23402448136,2022.33424657534,A/great_horned_owl/Minnesota/22-013663-002/2022|H5N1|USA-MN|2022-05-03|avian|A1
873,305,0.0966161121958827,-95.8492326541648,45.3651605242983,-96.1639240864188,45.6183892389622,0.52030529477055,0.423689182574667,2022.23763046315,2022.33424657534,A/red_tailed_hawk/Minnesota/22-014517-001/2022|H5N1|USA-MN|2022-05-03|avian|A1
924,312,0.0860198110448347,-84.1641928605129,41.3033009035227,-80.9043533874911,47.2797517166194,0.52030529477055,0.434285483725715,2022.2482267643,2022.33424657534,A/Great_Horned_Owl/ON/FAV-0527-1/2022|H5N1|Canada-ON|2022-05-03|avian|A1
773,774,0.0286510686522392,-77.6708926362804,41.0518129688138,-77.4935941610265,40.9270423500991,0.520861920560385,0.492210851908146,2022.30615213248,2022.33480320113,NA
783,784,0.0183531708205972,-78.3385247707706,41.1221324035919,-76.4704213556333,40.9684093024539,0.521291940223449,0.502938769402852,2022.31688004997,2022.3352332208,NA
784,785,0.00021421458769344,-76.4704213556333,40.9684093024539,-75.7343969545554,40.8748410637434,0.521506154811143,0.521291940223449,2022.3352332208,2022.33544743538,NA
774,775,0.00104141320582152,-77.4935941610265,40.9270423500991,-77.0803319424663,41.2257387984852,0.521903333766207,0.520861920560385,2022.33480320113,2022.33584461434,NA
1145,376,0.214651091159325,-96.004316582759,43.4904506925154,-95.211591526855,43.9655859078959,0.523045020798135,0.30839392963881,2022.12233521021,2022.33698630137,A/turkey_vulture/Minnesota/22-014520-001/2022|H5N1|USA-MN|2022-05-04|avian|A1
823,543,0.141110871640624,-77.627164021565,42.1612157915844,-79.8915280877231,48.2388177361307,0.523045020798135,0.381934149157511,2022.19587542973,2022.33698630137,A/Common_Raven/ON/FAV-0473-2/2022|H5N1|Canada-ON|2022-05-04|avian|A1
782,429,0.00464460892335306,-77.979410827237,41.0152117374089,-77.9728602353458,41.1213575406446,0.523045020798135,0.518400411874781,2022.33234169245,2022.33698630137,A/chicken/Pennsylvania/22-014338-002/2022|H5N1|USA-PA|2022-05-04|avian|A1
782,428,0.00464460892335306,-77.979410827237,41.0152117374089,-78.3698589210868,41.5246285961045,0.523045020798135,0.518400411874781,2022.33234169245,2022.33698630137,A/chicken/Pennsylvania/22-014338-001/2022|H5N1|USA-PA|2022-05-04|avian|A1
775,778,0.00323738408462404,-77.0803319424663,41.2257387984852,-77.0976702380264,41.2160160313097,0.525140717850831,0.521903333766207,2022.33584461434,2022.33908199842,NA
873,306,0.102095564250825,-95.8492326541648,45.3651605242983,-95.5160939562205,52.0349736986661,0.525784746825492,0.423689182574667,2022.23763046315,2022.3397260274,A/Swainsons_Hawk/MB/FAV-0469-8/2022|H5N1|Canada-MB|2022-05-05|avian|A1
775,776,0.0078246042634782,-77.0803319424663,41.2257387984852,-76.7306226235405,41.1773546494265,0.529727938029685,0.521903333766207,2022.33584461434,2022.3436692186,NA
1024,126,0.0661637604634836,-91.0302227860958,46.9606638050913,-95.3616881442772,47.9780107490602,0.531264198880207,0.465100438416723,2022.27904171899,2022.34520547945,A/wood_duck/Minnesota/22-014659-001/2022|H5N1|USA-MN|2022-05-07|avian|A1
779,438,0.0523871497974302,-76.8452995791453,41.3909798601369,-76.6839740344137,41.1541715378959,0.531264198880207,0.478877049082777,2022.29281832965,2022.34520547945,A/duck/Pennsylvania/22-014337-007/2022|H5N1|USA-PA|2022-05-07|avian|A1
784,424,0.0127119846841147,-76.4704213556333,40.9684093024539,-76.0619124864982,39.8430760329723,0.534003924907564,0.521291940223449,2022.3352332208,2022.34794520548,A/duck/Pennsylvania/22-014339-002/2022|H5N1|USA-PA|2022-05-08|avian|A1
785,423,0.0124977700964213,-75.7343969545554,40.8748410637434,-76.6625036002214,40.8081737212486,0.534003924907564,0.521506154811143,2022.33544743538,2022.34794520548,A/duck/Pennsylvania/22-014339-001/2022|H5N1|USA-PA|2022-05-08|avian|A1
746,756,0.131923171992387,-75.5912667804618,41.9993982085589,-75.2643692559301,46.1146477434479,0.534414680167798,0.402491508175411,2022.21643278875,2022.34835596074,NA
785,786,0.0143959966147171,-75.7343969545554,40.8748410637434,-75.8385110291459,40.0755985783132,0.53590215142586,0.521506154811143,2022.33544743538,2022.349843432,NA
756,757,0.00456913631782507,-75.2643692559301,46.1146477434479,-75.2102898270653,46.2084314623389,0.538983816485623,0.534414680167798,2022.34835596074,2022.35292509706,NA
1024,125,0.0743829385457832,-91.0302227860958,46.9606638050913,-92.4516552615072,47.8569736400892,0.539483376962506,0.465100438416723,2022.27904171899,2022.35342465753,A/american_crow/Minnesota/22-014899-001/2022|H5N1|USA-MN|2022-05-10|avian|A1
763,415,0.0753338064656931,-77.5414650634523,39.9773193050116,-76.9785345753559,40.18659273685,0.542223102989864,0.466889296524171,2022.2808305771,2022.35616438356,A/bald_eagle/Pennsylvania/22-021654-001/2022|H5N1|USA-PA|2022-05-11|avian|A1
794,447,0.0476189521134951,-78.5672655880031,41.2743298385816,-75.5864279722697,41.2647866511362,0.544962829017221,0.497343876903726,2022.31128515748,2022.35890410959,A/turkey_vulture/Pennsylvania/22-016661-001/2022|H5N1|USA-PA|2022-05-12|avian|A1
756,462,0.0105481488494232,-75.2643692559301,46.1146477434479,-75.2504522462936,45.9044026336724,0.544962829017221,0.534414680167798,2022.34835596074,2022.35890410959,A/American_Crow/QC/FAV-0855-4/2022|H5N1|Canada-QC|2022-05-12|avian|A1
757,461,0.00597901253159816,-75.2102898270653,46.2084314623389,-74.8386812338419,46.2272668001385,0.544962829017221,0.538983816485623,2022.35292509706,2022.35890410959,A/American_Crow/QC/FAV-0855-5/2022|H5N1|Canada-QC|2022-05-12|avian|A1
757,460,0.00597901253159816,-75.2102898270653,46.2084314623389,-76.8993409809331,47.9567845225332,0.544962829017221,0.538983816485623,2022.35292509706,2022.35890410959,A/American_Crow/QC/FAV-0855-6/2022|H5N1|Canada-QC|2022-05-12|avian|A1
786,426,0.0118004036187185,-75.8385110291459,40.0755985783132,-75.3460228771823,40.4092247863926,0.547702555044578,0.53590215142586,2022.349843432,2022.36164383562,A/chicken/Pennsylvania/22-015036-001/2022|H5N1|USA-PA|2022-05-13|avian|A1
786,425,0.0118004036187185,-75.8385110291459,40.0755985783132,-77.3109630656629,40.4656412263129,0.547702555044578,0.53590215142586,2022.349843432,2022.36164383562,A/chicken/Pennsylvania/22-015036-002/2022|H5N1|USA-PA|2022-05-13|avian|A1
776,777,0.0203219348627596,-76.7306226235405,41.1773546494265,-77.0037807513384,40.7722578205477,0.550049872892445,0.529727938029685,2022.3436692186,2022.36399115346,NA
778,432,0.0253015632211049,-77.0976702380264,41.2160160313097,-78.9436830959641,41.0594350714241,0.550442281071936,0.525140717850831,2022.33908199842,2022.36438356164,A/chicken/Pennsylvania/22-015201-001/2022|H5N1|USA-PA|2022-05-14|avian|A1
778,433,0.0253015632211049,-77.0976702380264,41.2160160313097,-77.9538306251045,40.9765582171271,0.550442281071936,0.525140717850831,2022.33908199842,2022.36438356164,A/chicken/Pennsylvania/22-015201-002/202|H5N1|USA-PA|2022-05-14|avian|A1
1127,370,0.0710433001574707,-91.3937329505765,43.2629778046887,-90.6013737885429,43.9341246881745,0.555921733126878,0.484878432969407,2022.29881971354,2022.3698630137,A/bald_eagle/Wisconsin/22-015545-001/2022|H5N1|USA-WI|2022-05-16|avian|A1
776,435,0.0261937950971929,-76.7306226235405,41.1773546494265,-77.9787390658089,41.5598364440365,0.555921733126878,0.529727938029685,2022.3436692186,2022.3698630137,A/Pekin_duck/Pennsylvania/22-015337-001/2022|H5N1|USA-PA|2022-05-16|avian|A1
777,436,0.00587186023443331,-77.0037807513384,40.7722578205477,-76.7217279474112,40.2948693014243,0.555921733126878,0.550049872892445,2022.36399115346,2022.3698630137,A/Pekin_duck/Pennsylvania/22-015427-002/2022|H5N1|USA-PA|2022-05-16|avian|A1
777,437,0.00587186023443331,-77.0037807513384,40.7722578205477,-76.7907620930405,40.7087050256201,0.555921733126878,0.550049872892445,2022.36399115346,2022.3698630137,A/Pekin_duck/Pennsylvania/22-015337-003/2022|H5N1|USA-PA|2022-05-16|avian|A1
1127,371,0.0737830261848281,-91.3937329505765,43.2629778046887,-96.3050780657781,45.3292473232,0.558661459154235,0.484878432969407,2022.29881971354,2022.37260273973,A/red_tailed_hawk/Minnesota/22-015675-001/2022|H5N1|USA-MN|2022-05-17|avian|A1
1037,208,0.0524920551983267,-106.624478076363,39.6706006268622,-99.3514132081547,47.6030988380915,0.558661459154235,0.506169403955909,2022.32011068453,2022.37260273973,A/snowy_egret/North_Dakota/22-015805-001/2022|H5N1|USA-ND|2022-05-17|avian|A1
774,434,0.0460187166759222,-77.4935941610265,40.9270423500991,-79.7065833853857,40.7189464719425,0.566880637236308,0.520861920560385,2022.33480320113,2022.38082191781,A/Pekin_duck/Pennsylvania/22-015943-001/2022|H5N1|USA-PA|2022-05-20|avian|A1
821,547,0.0699424671136032,-87.9396984354653,44.2557473716671,-89.7849555041659,44.1827701487183,0.575099815318607,0.505157348205004,2022.31909862878,2022.38904109589,A/bald_eagle/Wisconsin/22-019204-001/2022|H5N1|USA-WI|2022-05-23|avian|A1
822,546,0.0842785781596092,-90.9774513302511,44.0156218038712,-88.5018534953371,44.273414902818,0.577839541345964,0.493560963186355,2022.30750224376,2022.39178082192,A/double_crested_cormorant/Wisconsin/22-030264-001/2022|H5N1|USA-WI|2022-05-24|avian|A1
1037,1038,0.0798885125247139,-106.624478076363,39.6706006268622,-105.666538458013,43.7227883515295,0.586057916480623,0.506169403955909,2022.32011068453,2022.39999919705,NA
1038,1039,0.00178431026850956,-105.666538458013,43.7227883515295,-105.698323267507,43.7111258998953,0.587842226749132,0.586057916480623,2022.39999919705,2022.40178350732,NA
819,550,0.111563803630897,-89.8320256573454,42.8420746191626,-99.3331168178753,50.8556149131318,0.588798445455621,0.477234641824724,2022.2911759224,2022.40273972603,A/Bald_Eagle/MB/FAV-0687-1/2022|H5N1|Canada-MB|2022-05-28|avian|A1
830,831,0.332472943274429,-76.7790460509589,36.9438368307025,-76.2759650253877,43.4835582976882,0.593165007112711,0.260692063838283,2022.07463334441,2022.40710628768,NA
1122,1135,0.29289375755894,-97.3527604013051,41.115379629119,-109.942162864283,52.2607850406147,0.594905213502556,0.302011455943616,2022.11595273652,2022.40884649407,NA
831,578,0.00659234245233975,-76.2759650253877,43.4835582976882,-76.105087942987,43.9029997163302,0.599757349565051,0.593165007112711,2022.40710628768,2022.41369863014,A/bald_eagle/New_York/22-017572-001/2022|H5N1|USA-NY|2022-06-01|avian|A1
831,579,0.00659234245233975,-76.2759650253877,43.4835582976882,-76.918550275196,42.2648825459994,0.599757349565051,0.593165007112711,2022.40710628768,2022.41369863014,A/bald_eagle/New_York/22-017570-001/2022|H5N1|USA-NY|2022-06-01|avian|A1
1038,212,0.0191788851393706,-105.666538458013,43.7227883515295,-105.666753362357,43.7238819753259,0.605236801619993,0.586057916480623,2022.39999919705,2022.41917808219,A/horned_grebe/Wyoming/22-017774-003/2022|H5N1|USA-WY|2022-06-03|avian|A1
1039,211,0.017394574870861,-105.698323267507,43.7111258998953,-106.381974708942,43.1079401639825,0.605236801619993,0.587842226749132,2022.40178350732,2022.41917808219,A/horned_grebe/Wyoming/22-017774-001/2022|H5N1|USA-WY|2022-06-03|avian|A1
1135,1136,0.013285950135042,-109.942162864283,52.2607850406147,-112.074964405771,54.0228054710959,0.608191163637598,0.594905213502556,2022.40884649407,2022.42213244421,NA
1039,1040,0.0250310320205485,-105.698323267507,43.7111258998953,-105.511858060506,43.4023261462286,0.612873258769681,0.587842226749132,2022.40178350732,2022.42681453934,NA
1040,210,0.000582720932384762,-105.511858060506,43.4023261462286,-105.617135887528,43.2426118369325,0.613455979702065,0.612873258769681,2022.42681453934,2022.42739726027,A/eared_grebe/Wyoming/22-017947-001/2022|H5N1|USA-WY|2022-06-06|avian|A1
1040,209,0.000582720932384762,-105.511858060506,43.4023261462286,-105.344632585349,43.3031645572145,0.613455979702065,0.612873258769681,2022.42681453934,2022.42739726027,A/eared_grebe/Wyoming/22-017947-002/2022|H5N1|USA-WY|2022-06-06|avian|A1
1136,1137,0.0235112177592777,-112.074964405771,54.0228054710959,-115.655717060803,54.995124036247,0.631702381396876,0.608191163637598,2022.42213244421,2022.44564366197,NA
1137,1138,0.0019099064677931,-115.655717060803,54.995124036247,-117.651087849822,54.4526867297576,0.633612287864669,0.631702381396876,2022.44564366197,2022.44755356844,NA
1138,1139,0.0108730413816889,-117.651087849822,54.4526867297576,-116.289753016587,53.8476007094981,0.644485329246358,0.633612287864669,2022.44755356844,2022.45842660982,NA
1136,1140,0.0387245491828853,-112.074964405771,54.0228054710959,-113.000215503905,54.1063464523053,0.646915712820483,0.608191163637598,2022.42213244421,2022.46085699339,NA
818,545,0.202977653487506,-88.1249406073765,42.7840163553409,-113.753362004627,65.3829862377059,0.649072418058394,0.446094764570887,2022.26003604514,2022.46301369863,A/Herring_Gull/NT/FAV-0912-22/2022|H5N1|Canada-NT|2022-06-19|avian|A1
641,642,0.147792835490543,-71.7032806256099,42.9960215106523,-73.4823322296994,42.6296901350248,0.658533742873431,0.510740907382888,2022.32468218795,2022.47247502345,NA
1135,357,0.065126108665267,-109.942162864283,52.2607850406147,-114.117803825479,52.7549253048918,0.660031322167823,0.594905213502556,2022.40884649407,2022.47397260274,A/Eared_Grebe/AB/FAV-0833-67/2022|H5N1|Canada-AB|2022-06-23|avian|A1
1137,361,0.0283289407709474,-115.655717060803,54.995124036247,-114.938549442841,52.6458135927208,0.660031322167823,0.631702381396876,2022.44564366197,2022.47397260274,A/Eared_Grebe/AB/FAV-0833-81/2022|H5N1|Canada-AB|2022-06-23|avian|A1
1138,359,0.0264190343031543,-117.651087849822,54.4526867297576,-116.753903232722,53.7843494676831,0.660031322167823,0.633612287864669,2022.44755356844,2022.47397260274,A/Eared_Grebe/AB/FAV-0833-85/2022|H5N1|Canada-AB|2022-06-23|avian|A1
1139,358,0.0155459929214654,-116.289753016587,53.8476007094981,-113.47702778204,57.7691363063522,0.660031322167823,0.644485329246358,2022.45842660982,2022.47397260274,A/Eared_Grebe/AB/FAV-0833-84/2022|H5N1|Canada-AB|2022-06-23|avian|A1
1139,360,0.0155459929214654,-116.289753016587,53.8476007094981,-118.576121628488,54.0165982214869,0.660031322167823,0.644485329246358,2022.45842660982,2022.47397260274,A/Eared_Grebe/AB/FAV-0833-80/2022|H5N1|Canada-AB|2022-06-23|avian|A1
1140,363,0.0131156093473398,-113.000215503905,54.1063464523053,-112.270913238076,52.2081006273575,0.660031322167823,0.646915712820483,2022.46085699339,2022.47397260274,A/Eared_Grebe/AB/FAV-0833-82/2022|H5N1|Canada-AB|2022-06-23|avian|A1
1140,362,0.0131156093473398,-113.000215503905,54.1063464523053,-112.559758804312,53.8982836716129,0.660031322167823,0.646915712820483,2022.46085699339,2022.47397260274,A/Eared_Grebe/AB/FAV-0833-83/2022|H5N1|Canada-AB|2022-06-23|avian|A1
642,643,0.00514602679124887,-73.4823322296994,42.6296901350248,-71.442197898363,42.3500980975632,0.66367976966468,0.658533742873431,2022.47247502345,2022.47762105024,NA
642,48,0.00971675737669164,-73.4823322296994,42.6296901350248,-73.0130456496724,42.4372728585095,0.668250500250123,0.658533742873431,2022.47247502345,2022.48219178082,A/peregrine_falcon/Massachusetts/22-036181-002/2022|H5N1|USA-MA|2022-06-26|avian|A1
643,47,0.00457073058544277,-71.442197898363,42.3500980975632,-71.219285449838,42.5216006980274,0.668250500250123,0.66367976966468,2022.47762105024,2022.48219178082,A/great_horned_owl/Massachusetts/22-036181-004/2022|H5N1|USA-MA|2022-06-26|avian|A1
643,49,0.00457073058544277,-71.442197898363,42.3500980975632,-71.7024901744902,42.6418984179725,0.668250500250123,0.66367976966468,2022.47762105024,2022.48219178082,A/great_horned_owl/Massachusetts/22-036181-003/2022|H5N1|USA-MA|2022-06-26|avian|A1
1052,253,0.386875794494605,-85.6974082472904,37.5903028107388,-93.59943230113,43.7944889664203,0.698387486551509,0.311511692056904,2022.12545297263,2022.51232876712,A/peregrine_falcon/Minnesota/22-021121-001/2022|H5N1|USA-MN|2022-07-07|avian|A1
746,747,0.307018043983187,-75.5912667804618,41.9993982085589,-74.126070021057,43.4795308356399,0.709509552158598,0.402491508175411,2022.21643278875,2022.52345083273,NA
747,749,0.0247243800134991,-74.126070021057,43.4795308356399,-73.6753812076008,42.9551604767247,0.734233932172097,0.709509552158598,2022.52345083273,2022.54817521274,NA
749,750,0.0398826137198658,-73.6753812076008,42.9551604767247,-74.1054589012058,44.4872247127358,0.774116545891963,0.734233932172097,2022.54817521274,2022.58805782646,NA
821,548,0.28638082327802,-87.9396984354653,44.2557473716671,-85.7561204385628,43.755525798311,0.791538171483024,0.505157348205004,2022.31909862878,2022.60547945205,A/caspian_tern/Michigan/22-026129-002/2022|H5N1|USA-MI|2022-08-10|avian|A1
750,751,0.0326100669447356,-74.1054589012058,44.4872247127358,-77.8718123296983,47.6403484046824,0.806726612836698,0.774116545891963,2022.58805782646,2022.62066789341,NA
751,752,0.0125177292531095,-77.8718123296983,47.6403484046824,-75.8321254061953,47.5639680825784,0.819244342089808,0.806726612836698,2022.62066789341,2022.63318562266,NA
747,748,0.129743595155639,-74.126070021057,43.4795308356399,-78.5204653897865,41.1151262078712,0.839253147314237,0.709509552158598,2022.52345083273,2022.65319442789,NA
748,458,0.00707954471661698,-78.5204653897865,41.1151262078712,-79.4764045768243,42.4024485923721,0.846332692030854,0.839253147314237,2022.65319442789,2022.6602739726,A/owl/New_York/22-030593-001/2022|H5N1|USA-NY|2022-08-30|avian|A1
749,457,0.114838485886115,-73.6753812076008,42.9551604767247,-74.1597247233768,43.52824880839,0.849072418058212,0.734233932172097,2022.54817521274,2022.66301369863,A/wood_duck/New_York/22-027736-001/2022|H5N1|USA-NY|2022-08-31|avian|A1
752,753,0.0424524496724313,-75.8321254061953,47.5639680825784,-77.272013681839,49.7019051784511,0.861696791762239,0.819244342089808,2022.63318562266,2022.67563807233,NA
752,455,0.0544856102150753,-75.8321254061953,47.5639680825784,-72.8051886170808,43.771746691392,0.873729952304883,0.819244342089808,2022.63318562266,2022.68767123288,A/wood_duck/Vermont/22-029063-031/2022|H5N1|USA-VT|2022-09-09|avian|A1
753,754,0.0283221057468136,-77.272013681839,49.7019051784511,-78.6668396405651,50.4433356680458,0.890018897509053,0.861696791762239,2022.67563807233,2022.70396017808,NA
751,456,0.0944005997422134,-77.8718123296983,47.6403484046824,-78.1022994041385,41.2710528726121,0.901127212578912,0.806726612836698,2022.62066789341,2022.71506849315,A/canada_goose/Pennsylvania/22-030262-003/2022|H5N1|USA-PA|2022-09-19|avian|A1
748,459,0.0755726954016886,-78.5204653897865,41.1151262078712,-102.186881208884,39.6765340367429,0.914825842715926,0.839253147314237,2022.65319442789,2022.72876712329,A/blue_winged_teal/Colorado/22-030620-001/2022|H5N1|USA-CO|2022-09-24|avian|A1
753,454,0.0613482290357591,-77.272013681839,49.7019051784511,-71.7201959958727,49.6426917958875,0.923045020797998,0.861696791762239,2022.67563807233,2022.73698630137,A/Wood_Duck/QC/FAV-1673-1/2022|H5N1|Canada-QC|2022-09-27|avian|A1
754,451,0.0494644794533171,-78.6668396405651,50.4433356680458,-76.0434902205181,47.2737954305488,0.93948337696237,0.890018897509053,2022.70396017808,2022.75342465753,A/Ring-Billed_Gull/QC/FAV-1149-9/2022|H5N1|Canada-QC|2022-10-03|avian|A1
754,755,0.070175015889647,-78.6668396405651,50.4433356680458,-78.6205874468306,51.0965840667131,0.9601939133987,0.890018897509053,2022.70396017808,2022.77413519397,NA
755,453,0.00942644986505625,-78.6205874468306,51.0965840667131,-79.1505817911185,50.9062221688592,0.969620363263756,0.9601939133987,2022.77413519397,2022.78356164384,A/Mixed/QC/FAV-1167-6/2022|H5N1|Canada-QC|2022-10-14|avian|A1
755,452,0.00942644986505625,-78.6205874468306,51.0965840667131,-77.7464594258475,51.2509924463455,0.969620363263756,0.9601939133987,2022.77413519397,2022.78356164384,A/Mixed/QC/FAV-1167-4/2022|H5N1|Canada-QC|2022-10-14|avian|A1
750,450,0.214681899563522,-74.1054589012058,44.4872247127358,-73.4420935615195,41.6747972687299,0.988798445455485,0.774116545891963,2022.58805782646,2022.80273972603,A/coopers_hawk/Connecticut/22-033697-001/2022|H5N1|USA-CT|2022-10-21|avian|A1
822,549,0.599347071310302,-90.9774513302511,44.0156218038712,-104.4657149344,40.9738007414386,1.09290803449666,0.493560963186355,2022.30750224376,2022.90684931507,A/red_tailed_hawk/Colorado/22-038929-003/2022|H5N1|USA-CO|2022-11-28|avian|A1
