node1,node2,length,startLon,startLat,endLon,endLat,endNodeL,startNodeL,startYear,endYear,tipLabel
146,147,0.00107895146337444,-117.469860257889,47.2357970449953,-117.260324539913,46.9662865251389,0.00107895146337444,0,2022.1724264856,2022.17350543706,NA
147,148,0.000941972306023331,-117.260324539913,46.9662865251389,-117.353759776463,47.0489167119885,0.00202092376939778,0.00107895146337444,2022.17350543706,2022.17444740937,NA
147,279,0.00111867103452212,-117.260324539913,46.9662865251389,-117.080362669833,46.9110454432521,0.00219762249789657,0.00107895146337444,2022.17350543706,2022.1746241081,NA
148,149,0.00308901399852912,-117.353759776463,47.0489167119885,-117.614631577005,46.4234895822004,0.0051099377679269,0.00202092376939778,2022.17444740937,2022.17753642337,NA
279,284,0.00326289499401744,-117.080362669833,46.9110454432521,-117.46800837984,47.2695356066215,0.00546051749191401,0.00219762249789657,2022.1746241081,2022.17788700309,NA
149,150,0.0010769022124264,-117.614631577005,46.4234895822004,-117.609243859027,46.4184549727725,0.0061868399803533,0.0051099377679269,2022.17753642337,2022.17861332558,NA
279,280,0.0365763998058011,-117.080362669833,46.9110454432521,-119.666809132182,47.1664563791769,0.0387740223036976,0.00219762249789657,2022.1746241081,2022.2112005079,NA
149,272,0.0405577397898407,-117.614631577005,46.4234895822004,-109.262069373487,46.760259141685,0.0456676775577676,0.0051099377679269,2022.17753642337,2022.21809416316,NA
148,275,0.0697938029687819,-117.353759776463,47.0489167119885,-115.965752499663,46.2021958083074,0.0718147267381797,0.00202092376939778,2022.17444740937,2022.24424121234,NA
150,151,0.0681076869320996,-117.609243859027,46.4184549727725,-117.742026828757,46.6013647736977,0.0742945269124529,0.0061868399803533,2022.17861332558,2022.24672101251,NA
284,285,0.0964568447590168,-117.46800837984,47.2695356066215,-123.434546992805,54.0145404220698,0.101917362250931,0.00546051749191401,2022.17788700309,2022.27434384785,NA
150,164,0.104704919100947,-117.609243859027,46.4184549727725,-119.345844132634,50.0935474176545,0.1108917590813,0.0061868399803533,2022.17861332558,2022.28331824468,NA
285,286,0.0255898170749127,-123.434546992805,54.0145404220698,-124.821021174172,53.1322676032587,0.127507179325844,0.101917362250931,2022.27434384785,2022.29993366493,NA
280,281,0.0914499117645549,-119.666809132182,47.1664563791769,-120.958806108467,48.4916545122705,0.130223934068253,0.0387740223036976,2022.2112005079,2022.30265041967,NA
275,276,0.0720511124347438,-115.965752499663,46.2021958083074,-115.609981410636,46.0005838656643,0.143865839172924,0.0718147267381797,2022.24424121234,2022.31629232477,NA
276,277,0.00369872794854587,-115.609981410636,46.0005838656643,-115.909649078776,46.1809805337855,0.147564567121469,0.143865839172924,2022.31629232477,2022.31999105272,NA
164,234,0.0453215737831472,-119.345844132634,50.0935474176545,-122.747640441982,52.024157679358,0.156213332864447,0.1108917590813,2022.28331824468,2022.32863981847,NA
286,288,0.0303590032439462,-124.821021174172,53.1322676032587,-124.34202856902,57.8249223268944,0.15786618256979,0.127507179325844,2022.29993366493,2022.33029266817,NA
151,152,0.0880689818485014,-117.742026828757,46.6013647736977,-124.710839695113,50.0896874449122,0.162363508760954,0.0742945269124529,2022.24672101251,2022.33478999436,NA
152,153,0.179725233738029,-124.710839695113,50.0896874449122,-130.163851452935,55.9905938369627,0.342088742498984,0.162363508760954,2022.33478999436,2022.5145152281,NA
234,235,0.427179815982149,-122.747640441982,52.024157679358,-135.988395148132,63.7588664009835,0.583393148846596,0.156213332864447,2022.32863981847,2022.75581963445,NA
286,287,0.456225014977202,-124.821021174172,53.1322676032587,-121.580057183134,49.0751068187059,0.583732194303045,0.127507179325844,2022.29993366493,2022.7561586799,NA
281,282,0.4657561080455,-120.958806108467,48.4916545122705,-103.965732149443,41.0291198546302,0.595980042113753,0.130223934068253,2022.30265041967,2022.76840652771,NA
272,13,0.551768850540067,-109.262069373487,46.760259141685,-107.402775644042,37.9797804447652,0.597436528097835,0.0456676775577676,2022.21809416316,2022.7698630137,EPI_ISL_19606610|A/bald_eagle/Colorado/22-033430-001/2022|H5N1|USA-CO|2022-10-09|avian|A3
235,236,0.018801933284188,-135.988395148132,63.7588664009835,-139.48365792345,66.4938523288758,0.602195082130784,0.583393148846596,2022.75581963445,2022.77462156773,NA
272,273,0.558892726864586,-109.262069373487,46.760259141685,-106.668873334742,48.0359687092008,0.604560404422354,0.0456676775577676,2022.21809416316,2022.77698689002,NA
236,237,0.0226596214174064,-139.48365792345,66.4938523288758,-139.130616204446,66.1656267148746,0.62485470354819,0.602195082130784,2022.77462156773,2022.79728118915,NA
153,26,0.301923128064609,-130.163851452935,55.9905938369627,-128.532049059844,62.4358095510278,0.644011870563593,0.342088742498984,2022.5145152281,2022.81643835616,EPI_ISL_19775488|A/Common_Raven/NT/FAV-0275-16/2023|H5N1|Canada-NT|2022-10-26|avian|A3
282,283,0.0513446343238826,-103.965732149443,41.0291198546302,-103.940378805916,40.6641948514618,0.647324676437635,0.595980042113753,2022.76840652771,2022.81975116204,NA
273,274,0.0783583844807181,-106.668873334742,48.0359687092008,-107.768592043357,49.6306578030613,0.682918788903072,0.604560404422354,2022.77698689002,2022.8553452745,NA
284,12,0.690606147592379,-117.46800837984,47.2695356066215,-112.211548727983,54.0657427084648,0.696066665084293,0.00546051749191401,2022.17788700309,2022.86849315069,EPI_ISL_19154703|A/Black-billed_Magpie/AB/FAV-1655-1/2022|H5N1|Canada-AB|2022-11-14|avian|A3
285,1,0.594149302833362,-123.434546992805,54.0145404220698,-122.603231693669,53.8298321880232,0.696066665084293,0.101917362250931,2022.27434384785,2022.86849315069,EPI_ISL_19154711|A/Wood_Duck/BC/FAV-0053-7/2022|H5N1|Canada-BC|2022-11-14|avian|A3
281,27,0.568582457043397,-120.958806108467,48.4916545122705,-118.960118733613,46.370289437906,0.69880639111165,0.130223934068253,2022.30265041967,2022.87123287671,EPI_ISL_19606640|A/american_crow/Washington/22-037636-003/2022|H5N1|USA-WA|2022-11-15|avian|A3
151,10,0.632731042281269,-117.742026828757,46.6013647736977,-120.499507467996,43.9070913359185,0.707025569193722,0.0742945269124529,2022.24672101251,2022.87945205479,EPI_ISL_19605592|A/red_tailed_hawk/Oregon/22-038528-001/2022|H5N1|USA-OR|2022-11-18|avian|A3
153,25,0.373156004777038,-130.163851452935,55.9905938369627,-127.99394049222,53.606027681439,0.715244747276022,0.342088742498984,2022.5145152281,2022.88767123288,EPI_ISL_19775512|A/Snow_Goose/BC/FAV-0014-48/2023|H5N1|Canada-BC|2022-11-21|avian|A3
288,289,0.560977194431207,-124.34202856902,57.8249223268944,-123.653459394923,60.1123110183325,0.718843377000997,0.15786618256979,2022.33029266817,2022.8912698626,NA
289,5,0.0101000004120388,-123.653459394923,60.1123110183325,-123.119418555405,59.6880879709706,0.728943377413036,0.718843377000997,2022.8912698626,2022.90136986301,EPI_ISL_19154868|A/Red-tailed_Hawk/BC/FAV-0053-38/2022|H5N1|Canada-BC|2022-11-26|avian|A3
146,145,0.734422829467751,-117.469860257889,47.2357970449953,-108.10923983934,40.4130021248315,0.734422829467751,0,2022.1724264856,2022.90684931507,EPI_ISL_19606609|A/bald_eagle/Colorado/22-038658-001/2022|H5N1|USA-CO|2022-11-28|avian|A3
277,33,0.606036344538011,-115.909649078776,46.1809805337855,-108.677765835908,42.0628711165662,0.75360091165948,0.147564567121469,2022.31999105272,2022.92602739726,EPI_ISL_19607276|A/great_horned_owl/Wyoming/22-039756-001-3/2022|H5N1|USA-WY|2022-12-05|avian|A3
280,11,0.731265245520154,-119.666809132182,47.1664563791769,-120.4487589045,45.195338678075,0.770039267823852,0.0387740223036976,2022.2112005079,2022.94246575342,EPI_ISL_19604092|A/mallard/Oregon/22-041048-001/2022|H5N1|USA-OR|2022-12-11|avian|A3
276,32,0.648091236870242,-115.609981410636,46.0005838656643,-121.495888147053,54.140028636977,0.791957076043166,0.143865839172924,2022.31629232477,2022.96438356164,EPI_ISL_18665546|A/Great_Horned_Owl/BC/AIVPHL-853/2022|H5N1|Canada-BC|2022-12-19|avian|A3
282,30,0.237072924340228,-103.965732149443,41.0291198546302,-110.922846630037,41.6502839663593,0.833052966453981,0.595980042113753,2022.76840652771,2023.00547945205,EPI_ISL_19605588|A/red_tailed_hawk/Wyoming/23-000979-001/2023|H5N1|USA-WY|2023-01-03|avian|A3
287,3,0.268498854342893,-121.580057183134,49.0751068187059,-122.81665024483,42.9401940097884,0.852231048645938,0.583732194303045,2022.7561586799,2023.02465753425,EPI_ISL_19605595|A/red_tailed_hawk/Oregon/23-002977-001/2023|H5N1|USA-OR|2023-01-10|avian|A3
283,29,0.20764609823566,-103.940378805916,40.6641948514618,-110.070040665796,43.909743437181,0.854970774673295,0.647324676437635,2022.81975116204,2023.02739726027,EPI_ISL_19605578|A/red_tailed_hawk/Wyoming/23-002118-001/2023|H5N1|USA-WY|2023-01-11|avian|A3
273,7,0.258629548333013,-106.668873334742,48.0359687092008,-109.600972040901,57.9884454952147,0.863189952755367,0.604560404422354,2022.77698689002,2023.03561643836,EPI_ISL_19775550|A/Common_Goldeneye/SK/FAV-0275-22/2023|H5N1|Canada-SK|2023-01-14|avian|A3
289,6,0.149826027809312,-123.653459394923,60.1123110183325,-123.947426198072,57.4890017367606,0.868669404810309,0.718843377000997,2022.8912698626,2023.04109589041,EPI_ISL_17051482|A/canada_goose/BC/AIVPHL-371/2023|H5N1|Canada-BC|2023-01-16|avian|A3
274,8,0.199449246044252,-107.768592043357,49.6306578030613,-108.226740927422,50.2207188319457,0.882368034947324,0.682918788903072,2022.8553452745,2023.05479452055,EPI_ISL_19775554|A/Common_Goldeneye/SK/FAV-0275-24/2023|H5N1|Canada-SK|2023-01-21|avian|A3
274,9,0.210408150153681,-107.768592043357,49.6306578030613,-108.042719953151,49.8334234216755,0.893326939056753,0.682918788903072,2022.8553452745,2023.06575342466,EPI_ISL_19775556|A/Common_Goldeneye/SK/FAV-0275-27/2023|H5N1|Canada-SK|2023-01-25|avian|A3
275,31,0.835210842455588,-115.965752499663,46.2021958083074,-104.848743355434,45.3690441442336,0.907025569193768,0.0718147267381797,2022.24424121234,2023.07945205479,EPI_ISL_19604243|A/raven/Montana/23-003666-004/2023|H5N1|USA-MT|2023-01-30|avian|A3
283,28,0.287098153030161,-103.940378805916,40.6641948514618,-107.212345566866,41.8329986273229,0.934422829467796,0.647324676437635,2022.81975116204,2023.10684931507,EPI_ISL_17964855|A/red-tailed_hawk/Wyoming/23-005384-001/2023|H5N1|USA-WY|2023-02-09|avian|A3
152,154,0.781777527699688,-124.710839695113,50.0896874449122,-111.690316987591,35.5860468755617,0.944141036460642,0.162363508760954,2022.33478999436,2023.11656752206,NA
154,155,0.0102641044307197,-111.690316987591,35.5860468755617,-111.84668777326,35.954049493437,0.954405140891362,0.944141036460642,2023.11656752206,2023.12683162649,NA
155,160,0.0217065334181707,-111.84668777326,35.954049493437,-109.994710280716,34.5644514749188,0.976111674309533,0.954405140891362,2023.12683162649,2023.14853815991,NA
155,156,0.0296735589385027,-111.84668777326,35.954049493437,-110.49620335718,33.1242738388883,0.984078699829865,0.954405140891362,2023.12683162649,2023.15650518543,NA
277,278,0.857022824176109,-115.909649078776,46.1809805337855,-114.980474228734,58.4411918076422,1.00458739129758,0.147564567121469,2022.31999105272,2023.1770138769,NA
156,157,0.0287742528666595,-110.49620335718,33.1242738388883,-111.454801391561,33.2611044794209,1.01285295269652,0.984078699829865,2023.15650518543,2023.1852794383,NA
154,163,0.0893163523048393,-111.690316987591,35.5860468755617,-111.43321024028,34.35182032354,1.03345738876548,0.944141036460642,2023.11656752206,2023.20588387437,NA
156,159,0.0524069324365435,-110.49620335718,33.1242738388883,-113.295686136402,32.3639923543015,1.03648563226641,0.984078699829865,2023.15650518543,2023.20891211787,NA
287,2,0.460279676260638,-121.580057183134,49.0751068187059,-119.13167468156,38.3122688427605,1.04401187056368,0.583732194303045,2022.7561586799,2023.21643835616,EPI_ISL_17964921|A/glaucous_gull/California/23-010132-001/2023|H5N1|USA-CA|2023-03-21|avian|A3
237,238,0.425854256392842,-139.130616204446,66.1656267148746,-143.710959965754,64.8221919718925,1.05070895994103,0.62485470354819,2022.79728118915,2023.22313544554,NA
160,161,0.0806915596709548,-109.994710280716,34.5644514749188,-110.532527473658,34.4522574417281,1.05680323398049,0.976111674309533,2023.14853815991,2023.22922971958,NA
164,165,0.950604907868153,-119.345844132634,50.0935474176545,-126.257392566067,53.2057638885703,1.06149666694945,0.1108917590813,2022.28331824468,2023.23392315255,NA
160,24,0.0925577305005947,-109.994710280716,34.5644514749188,-110.360492834865,34.7522892395502,1.06866940481013,0.976111674309533,2023.14853815991,2023.24109589041,EPI_ISL_19608615|A/california_condor/Arizona/23-010675-002/2023|H5N1|USA-AZ|2023-03-30|avian|A3
157,18,0.0558164521136033,-111.454801391561,33.2611044794209,-111.403071070651,32.3098999883588,1.06866940481013,1.01285295269652,2023.1852794383,2023.24109589041,EPI_ISL_19606427|A/california_condor/Arizona/23-010558-001/2023|H5N1|USA-AZ|2023-03-30|avian|A3
161,23,0.0118661708296399,-110.532527473658,34.4522574417281,-110.65098777619,34.4497753298205,1.06866940481013,1.05680323398049,2023.22922971958,2023.24109589041,EPI_ISL_19608614|A/california_condor/Arizona/23-010675-001/2023|H5N1|USA-AZ|2023-03-30|avian|A3
161,162,0.0139835758954647,-110.532527473658,34.4522574417281,-108.825028885794,35.0998012095486,1.07078680987595,1.05680323398049,2023.22922971958,2023.24321329548,NA
159,15,0.0458824026807336,-113.295686136402,32.3639923543015,-112.266857187438,36.4202296564801,1.08236803494714,1.03648563226641,2023.20891211787,2023.25479452055,EPI_ISL_19608616|A/california_condor/Arizona/23-010946-001/2023|H5N1|USA-AZ|2023-04-04|avian|A3
165,231,0.0244099215083065,-126.257392566067,53.2057638885703,-126.788398600836,53.3282586094194,1.08590658845776,1.06149666694945,2023.23392315255,2023.25833307406,NA
157,158,0.074940414431143,-111.454801391561,33.2611044794209,-110.5604267568,35.1371549457014,1.08779336712767,1.01285295269652,2023.1852794383,2023.26021985273,NA
159,14,0.0513618547356758,-113.295686136402,32.3639923543015,-113.136847501275,33.3149379830374,1.08784748700208,1.03648563226641,2023.20891211787,2023.2602739726,EPI_ISL_19608612|A/california_condor/Arizona/23-011580-002/2023|H5N1|USA-AZ|2023-04-06|avian|A3
158,17,0.0000541198744168359,-110.5604267568,35.1371549457014,-110.553103749468,35.2266018561672,1.08784748700208,1.08779336712767,2023.26021985273,2023.2602739726,EPI_ISL_19608613|A/california_condor/Arizona/23-011580-001/2023|H5N1|USA-AZ|2023-04-06|avian|A3
163,20,0.0708284544009741,-111.43321024028,34.35182032354,-112.690284420611,36.541579235709,1.10428584316646,1.03345738876548,2023.20588387437,2023.27671232877,EPI_ISL_19608611|A/california_condor/Arizona/23-011582-001/2023|H5N1|USA-AZ|2023-04-12|avian|A3
158,16,0.0164924760387886,-110.5604267568,35.1371549457014,-113.698200935694,33.110346733485,1.10428584316646,1.08779336712767,2023.26021985273,2023.27671232877,EPI_ISL_19608610|A/california_condor/Arizona/23-011582-002/2023|H5N1|USA-AZ|2023-04-12|avian|A3
165,166,0.0430966700249258,-126.257392566067,53.2057638885703,-126.702699333091,53.3174526125149,1.10459333697438,1.06149666694945,2023.23392315255,2023.27701982258,NA
166,207,0.00959119364753858,-126.702699333091,53.3174526125149,-125.511627089885,52.1868938096266,1.11418453062192,1.10459333697438,2023.27701982258,2023.28661101622,NA
238,239,0.0648710028027111,-143.710959965754,64.8221919718925,-143.848879867776,64.3755943357162,1.11557996274374,1.05070895994103,2023.22313544554,2023.28800644834,NA
163,19,0.0872668105653458,-111.43321024028,34.35182032354,-112.657183238084,33.4161298354855,1.12072419933083,1.03345738876548,2023.20588387437,2023.29315068493,EPI_ISL_19608607|A/california_condor/Arizona/23-012519-002/2023|H5N1|USA-AZ|2023-04-18|avian|A3
162,21,0.0499373894548751,-108.825028885794,35.0998012095486,-111.925702254688,32.6613692968492,1.12072419933083,1.07078680987595,2023.24321329548,2023.29315068493,EPI_ISL_19608608|A/california_condor/Arizona/23-012521-001/2023|H5N1|USA-AZ|2023-04-18|avian|A3
162,22,0.0499373894548751,-108.825028885794,35.0998012095486,-110.738402144876,35.7377711221276,1.12072419933083,1.07078680987595,2023.24321329548,2023.29315068493,EPI_ISL_19608609|A/california_condor/Arizona/23-012522-002/2023|H5N1|USA-AZ|2023-04-18|avian|A3
278,34,0.121616260087964,-114.980474228734,58.4411918076422,-112.481495713976,52.870445013468,1.12620365138554,1.00458739129758,2023.1770138769,2023.29863013699,EPI_ISL_19775616|A/Chicken/AB/FAV-0190-2/2023|H5N1|Canada-AB|2023-04-20|avian|A3
278,35,0.121616260087964,-114.980474228734,58.4411918076422,-112.277715824041,56.6028903389108,1.12620365138554,1.00458739129758,2023.1770138769,2023.29863013699,EPI_ISL_19775615|A/Chicken/AB/FAV-0190-1/2023|H5N1|Canada-AB|2023-04-20|avian|A3
207,221,0.0220910317686553,-125.511627089885,52.1868938096266,-124.24496199522,53.2139164480083,1.13627556239057,1.11418453062192,2023.28661101622,2023.30870204799,NA
239,241,0.0223233489643377,-143.848879867776,64.3755943357162,-145.916698618003,65.9769044880935,1.13790331170808,1.11557996274374,2023.28800644834,2023.31032979731,NA
239,240,0.0253874068815336,-143.848879867776,64.3755943357162,-143.369822825555,64.8537536652649,1.14096736962528,1.11557996274374,2023.28800644834,2023.31339385523,NA
166,167,0.0379100603261477,-126.702699333091,53.3174526125149,-126.305815671868,50.8658700205865,1.14250339730053,1.10459333697438,2023.27701982258,2023.3149298829,NA
207,208,0.0379751717057186,-125.511627089885,52.1868938096266,-130.756027457894,57.2597428183295,1.15215970232764,1.11418453062192,2023.28661101622,2023.32458618793,NA
167,171,0.0112687771214071,-126.305815671868,50.8658700205865,-123.571301378387,49.8548126792026,1.15377217442193,1.14250339730053,2023.3149298829,2023.32619866002,NA
171,175,0.0091303736602415,-123.571301378387,49.8548126792026,-121.650096703119,49.2469470686064,1.16290254808218,1.15377217442193,2023.32619866002,2023.33532903368,NA
175,181,0.0015171561047802,-121.650096703119,49.2469470686064,-122.091082647129,48.8035655998938,1.16441970418696,1.16290254808218,2023.33532903368,2023.33684618979,NA
221,224,0.0305952911045262,-124.24496199522,53.2139164480083,-124.326726087593,54.5717542519764,1.1668708534951,1.13627556239057,2023.30870204799,2023.3392973391,NA
181,182,0.00405389222053021,-122.091082647129,48.8035655998938,-122.916827237057,49.2867571767457,1.16847359640749,1.16441970418696,2023.33684618979,2023.34090008201,NA
224,225,0.00326092496745711,-124.326726087593,54.5717542519764,-123.657705980806,53.7655210005481,1.17013177846256,1.1668708534951,2023.3392973391,2023.34255826406,NA
225,226,0.00197198817951816,-123.657705980806,53.7655210005481,-123.343718610761,53.6384048158234,1.17210376664207,1.17013177846256,2023.34255826406,2023.34453025224,NA
175,176,0.0104097604690925,-121.650096703119,49.2469470686064,-121.305946375165,50.0887572922071,1.17331230855127,1.16290254808218,2023.33532903368,2023.34573879415,NA
234,242,1.0246467814211,-122.747640441982,52.024157679358,-109.696543253884,49.6909258876877,1.18086011428555,0.156213332864447,2022.32863981847,2023.35328659989,NA
171,172,0.0341294134287908,-123.571301378387,49.8548126792026,-123.950265283346,52.3357154967255,1.18790158785072,1.15377217442193,2023.32619866002,2023.36032807345,NA
181,192,0.0246268005814911,-122.091082647129,48.8035655998938,-120.598523528356,48.5104123899433,1.18904650476845,1.16441970418696,2023.33684618979,2023.36147299037,NA
182,183,0.0560812477587309,-122.916827237057,49.2867571767457,-123.890676992434,55.2072501460399,1.22455484416622,1.16847359640749,2023.34090008201,2023.39698132977,NA
192,202,0.0361766058320117,-120.598523528356,48.5104123899433,-120.110137141416,49.2006654130798,1.22522311060046,1.18904650476845,2023.36147299037,2023.3976495962,NA
176,180,0.0660783739900583,-121.305946375165,50.0887572922071,-121.825096510425,51.5953082590464,1.23939068254133,1.17331230855127,2023.34573879415,2023.41181716814,NA
208,209,0.105011098397255,-130.756027457894,57.2597428183295,-135.635652839605,61.2843739991626,1.25717080072489,1.15215970232764,2023.32458618793,2023.42959728633,NA
209,210,0.000997085453215307,-135.635652839605,61.2843739991626,-135.935432861962,61.5343284749283,1.25816788617811,1.25717080072489,2023.42959728633,2023.43059437178,NA
192,193,0.0737799052214756,-120.598523528356,48.5104123899433,-121.503941591922,53.7090959843412,1.26282640998992,1.18904650476845,2023.36147299037,2023.43525289559,NA
209,212,0.0231360159654657,-135.635652839605,61.2843739991626,-143.572530625136,67.1903040651038,1.28030681669036,1.25717080072489,2023.42959728633,2023.45273330229,NA
226,227,0.117304362433329,-123.343718610761,53.6384048158234,-125.130119017402,55.2097937945688,1.2894081290754,1.17210376664207,2023.34453025224,2023.46183461468,NA
183,184,0.0674511737248746,-123.890676992434,55.2072501460399,-123.034402933149,54.6203840817257,1.29200601789109,1.22455484416622,2023.39698132977,2023.46443250349,NA
193,197,0.0319682761998121,-121.503941591922,53.7090959843412,-122.303988055655,52.7226214877188,1.29479468618973,1.26282640998992,2023.43525289559,2023.46722117179,NA
202,205,0.0740667616584259,-120.110137141416,49.2006654130798,-113.86974860288,47.5678402939613,1.29928987225888,1.22522311060046,2023.3976495962,2023.47171635786,NA
210,211,0.0446467630270397,-135.935432861962,61.5343284749283,-134.74537706006,60.2061811077197,1.30281464920515,1.25816788617811,2023.43059437178,2023.47524113481,NA
176,177,0.134995612119354,-121.305946375165,50.0887572922071,-124.170621140141,54.6838075497274,1.30830792067062,1.17331230855127,2023.34573879415,2023.48073440627,NA
184,185,0.0164966870212007,-123.034402933149,54.6203840817257,-123.379227492454,54.8707008406149,1.30850270491229,1.29200601789109,2023.46443250349,2023.48092919051,NA
221,222,0.172980486078399,-124.24496199522,53.2139164480083,-138.046798628944,55.2247590060829,1.30925604846897,1.13627556239057,2023.30870204799,2023.48168253407,NA
193,194,0.0512367704259595,-121.503941591922,53.7090959843412,-121.226702979079,53.3575274921383,1.31406318041588,1.26282640998992,2023.43525289559,2023.48648966602,NA
185,186,0.0278728946919837,-123.379227492454,54.8707008406149,-123.944030747073,56.7146696541028,1.33637559960428,1.30850270491229,2023.48092919051,2023.5088020852,NA
202,203,0.121135226787714,-120.110137141416,49.2006654130798,-120.443541259176,50.622021422886,1.34635833738817,1.22522311060046,2023.3976495962,2023.51878482299,NA
212,213,0.0744180300060129,-143.572530625136,67.1903040651038,-126.648920620811,53.7242019419937,1.35472484669637,1.28030681669036,2023.45273330229,2023.5271513323,NA
197,198,0.0610445764401482,-122.303988055655,52.7226214877188,-121.317338529948,52.7915922728146,1.35583926262988,1.29479468618973,2023.46722117179,2023.52826574823,NA
235,36,0.78938584500475,-135.988395148132,63.7588664009835,-93.8475059285059,45.8741796913155,1.37277899385135,0.583393148846596,2022.75581963445,2023.54520547945,EPI_ISL_19186462|A/short-tailed_shearwaters/Minnesota/23-025002-003/2023|H5N1|USA-MN|2023-07-19|avian|A3
237,37,0.756143468385227,-139.130616204446,66.1656267148746,-147.400522581626,69.7019677304722,1.38099817193342,0.62485470354819,2022.79728118915,2023.55342465753,EPI_ISL_19186486|A/glaucous_gull/Alaska/23-025003-001/2023|H5N1|USA-AK|2023-07-22|avian|A3
288,4,1.22861144141857,-124.34202856902,57.8249223268944,-131.004522027175,59.2827480700134,1.38647762398836,0.15786618256979,2022.33029266817,2023.55890410959,EPI_ISL_18665607|A/Red_Tailed_Hawk/BC/AIVPHL-1236/2023|H5N1|Canada-BC|2023-07-24|avian|A3
241,38,0.270492120499365,-145.916698618003,65.9769044880935,-146.548810738789,65.8688373267167,1.40839543220745,1.13790331170808,2023.31032979731,2023.58082191781,EPI_ISL_19186532|A/common_murre/Alaska/23-027066-011/2023|H5N1|USA-AK|2023-08-01|avian|A3
241,41,0.270492120499365,-145.916698618003,65.9769044880935,-146.78172965424,66.2429517541737,1.40839543220745,1.13790331170808,2023.31032979731,2023.58082191781,EPI_ISL_19186531|A/common_murre/Alaska/23-027066-010/2023|H5N1|USA-AK|2023-08-01|avian|A3
240,40,0.267428062582169,-143.369822825555,64.8537536652649,-144.696387899411,65.4409758811851,1.40839543220745,1.14096736962528,2023.31339385523,2023.58082191781,EPI_ISL_19186564|A/common_murre/Alaska/23-027066-013/2023|H5N1|USA-AK|2023-08-01|avian|A3
240,39,0.267428062582169,-143.369822825555,64.8537536652649,-142.952993522917,64.9214232593751,1.40839543220745,1.14096736962528,2023.31339385523,2023.58082191781,EPI_ISL_19186499|A/common_murre/Alaska/23-027066-002/2023|H5N1|USA-AK|2023-08-01|avian|A3
212,215,0.259080795524218,-143.572530625136,67.1903040651038,-144.6794117692,67.8415839596791,1.53938761221457,1.28030681669036,2023.45273330229,2023.71181409782,NA
238,42,0.491933047608972,-143.710959965754,64.8221919718925,-145.930888660338,64.0750079259086,1.54264200755,1.05070895994103,2023.22313544554,2023.71506849315,EPI_ISL_19606474|A/black_legged_kittiwake/Alaska/23-029675-001/2023|H5N1|USA-AK|2023-09-19|avian|A3
208,217,0.393849257678859,-130.756027457894,57.2597428183295,-124.557865255227,50.7259436211396,1.54600896000649,1.15215970232764,2023.32458618793,2023.71843544561,NA
213,214,0.202104183936361,-126.648920620811,53.7242019419937,-122.337811677271,49.0004465323031,1.55682903063273,1.35472484669637,2023.5271513323,2023.72925551623,NA
203,204,0.213292089910116,-120.443541259176,50.622021422886,-123.481604465748,54.4246647491948,1.55965042729829,1.34635833738817,2023.51878482299,2023.7320769129,NA
217,218,0.0199083158635229,-124.557865255227,50.7259436211396,-123.94419400184,49.9930135776598,1.56591727587002,1.54600896000649,2023.71843544561,2023.73834376147,NA
222,223,0.257335515407578,-138.046798628944,55.2247590060829,-128.895117929502,56.3118783815801,1.56659156387655,1.30925604846897,2023.48168253407,2023.73901804948,NA
231,233,0.488494614247762,-126.788398600836,53.3282586094194,-117.962334734658,48.8557651442347,1.57440120270552,1.08590658845776,2023.25833307406,2023.74682768831,NA
236,43,0.973323637747964,-139.48365792345,66.4938523288758,-142.262217249726,69.53866482515,1.57551871987875,0.602195082130784,2022.77462156773,2023.74794520548,EPI_ISL_18976667|A/polar_bear/Alaska/23-038123/2023|H5N1|USA-AK|2023-10-01|other_mammal|A3
177,178,0.268501668521022,-124.170621140141,54.6838075497274,-136.077510980696,56.9704339407272,1.57680958919164,1.30830792067062,2023.48073440627,2023.74923607479,NA
227,228,0.31603874588738,-125.130119017402,55.2097937945688,-128.379379789402,59.5351280667454,1.60544687496278,1.2894081290754,2023.46183461468,2023.77787336056,NA
186,187,0.275322372006546,-123.944030747073,56.7146696541028,-124.728728514154,55.5608857100287,1.61169797161082,1.33637559960428,2023.5088020852,2023.78412445721,NA
228,75,0.0111677353267812,-128.379379789402,59.5351280667454,-128.094918823285,59.4501164644744,1.61661461028956,1.60544687496278,2023.77787336056,2023.78904109589,EPI_ISL_19775708|A/Peregrine_Falcon/BC/FAV-0015-49/2024|H5N1|Canada-BC|2023-10-16|avian|A3
215,216,0.0835392887579112,-144.6794117692,67.8415839596791,-146.193418309232,68.3845149870413,1.62292690097249,1.53938761221457,2023.71181409782,2023.79535338657,NA
178,179,0.0507697284239761,-136.077510980696,56.9704339407272,-142.25116165126,61.1734712286234,1.62757931761562,1.57680958919164,2023.74923607479,2023.80000580322,NA
182,191,0.460467101963876,-122.916827237057,49.2867571767457,-123.166542038724,56.2448844538126,1.62894069837136,1.16847359640749,2023.34090008201,2023.80136718397,NA
167,168,0.487162343150464,-126.305815671868,50.8658700205865,-122.735426126254,41.7704730848936,1.62966574045099,1.14250339730053,2023.3149298829,2023.80209222605,NA
198,199,0.27563187076378,-121.317338529948,52.7915922728146,-120.356638191999,52.3713480439739,1.63147113339366,1.35583926262988,2023.52826574823,2023.80389761899,NA
217,93,0.0870440064476683,-124.557865255227,50.7259436211396,-123.085230805934,45.7610991873568,1.63305296645416,1.54600896000649,2023.71843544561,2023.80547945205,EPI_ISL_19490386|A/American_wigeon/Oregon/23-032793-004-original/2023|H5N1|USA-OR|2023-10-22|avian|A3
191,137,0.00685199411015858,-123.166542038724,56.2448844538126,-121.007804604924,55.25300162961,1.63579269248152,1.62894069837136,2023.80136718397,2023.80821917808,EPI_ISL_19775911|A/Great_Blue_Heron/BC/FAV-0015-2/2024|H5N1|Canada-BC|2023-10-23|avian|A3
168,169,0.0114516703845402,-122.735426126254,41.7704730848936,-122.839714156106,41.7906552461937,1.64111741083553,1.62966574045099,2023.80209222605,2023.81354389644,NA
222,96,0.332016096067264,-138.046798628944,55.2247590060829,-120.33117439973,41.4754678099326,1.64127214453624,1.30925604846897,2023.48168253407,2023.81369863014,EPI_ISL_19239878|A/green-winged_teal/California/23-034302-013-original/2023|H5N1|USA-CA|2023-10-25|avian|A3
183,101,0.422196752424734,-123.890676992434,55.2072501460399,-150.368453203709,63.5565256809064,1.64675159659095,1.22455484416622,2023.39698132977,2023.81917808219,EPI_ISL_18698942|A/chicken/Alaska/23-032968-001/2023|H5N1|USA-AK|2023-10-27|avian|A3
180,133,0.407360914049624,-121.825096510425,51.5953082590464,-144.646565807694,69.0565969511406,1.64675159659095,1.23939068254133,2023.41181716814,2023.81917808219,EPI_ISL_19660960|A/American_wigeon/Alaska/23-034446-001-original/2023|H5N1|USA-AK|2023-10-27|avian|A3
215,82,0.107363984376375,-144.6794117692,67.8415839596791,-149.064269467375,67.459385841595,1.64675159659095,1.53938761221457,2023.71181409782,2023.81917808219,EPI_ISL_18698938|A/chicken/Alaska/23-032967-001/2023|H5N1|USA-AK|2023-10-27|avian|A3
216,80,0.0238246956184642,-146.193418309232,68.3845149870413,-146.141156840252,68.3524543250466,1.64675159659095,1.62292690097249,2023.79535338657,2023.81917808219,EPI_ISL_18698940|A/domestic_goose/Alaska/23-032967-002/2023|H5N1|USA-AK|2023-10-27|avian|A3
216,81,0.0238246956184642,-146.193418309232,68.3845149870413,-146.209988782803,68.3818746697541,1.64675159659095,1.62292690097249,2023.79535338657,2023.81917808219,EPI_ISL_18698941|A/guinea_fowl/Alaska/23-032967-003/2023|H5N1|USA-AK|2023-10-27|avian|A3
231,232,0.56132518779593,-126.788398600836,53.3282586094194,-128.81734317785,55.7722140402936,1.64723177625369,1.08590658845776,2023.25833307406,2023.81965826185,NA
218,220,0.0830417781634167,-123.94419400184,49.9930135776598,-123.959010699205,52.0038283403849,1.64895905403343,1.56591727587002,2023.73834376147,2023.82138553963,NA
233,98,0.0750901199130134,-117.962334734658,48.8557651442347,-121.837742152333,52.4753576865963,1.64949132261853,1.57440120270552,2023.74682768831,2023.82191780822,EPI_ISL_19775931|A/American_Wigeon/BC/FAV-0015-5/2024|H5N1|Canada-BC|2023-10-28|avian|A3
226,229,0.48094769538569,-123.343718610761,53.6384048158234,-120.598982592437,50.9749831187149,1.65305146202776,1.17210376664207,2023.34453025224,2023.82547794763,NA
197,201,0.358514426829276,-122.303988055655,52.7226214877188,-124.71839273821,54.7249775969427,1.65330911301901,1.29479468618973,2023.46722117179,2023.82573559862,NA
229,78,0.00739876470019984,-120.598982592437,50.9749831187149,-120.565824548488,50.5079183503161,1.66045022672796,1.65305146202776,2023.82547794763,2023.83287671233,EPI_ISL_19775954|A/Trumpeter_Swan/BC/FAV-0015-47/2024|H5N1|Canada-BC|2023-11-01|avian|A3
201,122,0.00714111370895432,-124.71839273821,54.7249775969427,-123.609579019383,54.1756267262297,1.66045022672796,1.65330911301901,2023.82573559862,2023.83287671233,EPI_ISL_19775948|A/Glaucous-winged_Gull/BC/FAV-0015-12/2024|H5N1|Canada-BC|2023-11-01|avian|A3
184,190,0.371860920985045,-123.034402933149,54.6203840817257,-129.11780924162,59.6758560103427,1.66386693887614,1.29200601789109,2023.46443250349,2023.83629342448,NA
179,141,0.0383503611672864,-142.25116165126,61.1734712286234,-143.485052087379,61.9055451222037,1.66592967878291,1.62757931761562,2023.80000580322,2023.83835616438,EPI_ISL_18698982|A/chicken/Alaska/23-034050-001/2023|H5N1|USA-AK|2023-11-03|avian|A3
179,140,0.0383503611672864,-142.25116165126,61.1734712286234,-145.861570205747,64.455644048945,1.66592967878291,1.62757931761562,2023.80000580322,2023.83835616438,EPI_ISL_18698983|A/domestic_goose/Alaska/23-034050-002/2023|H5N1|USA-AK|2023-11-03|avian|A3
190,109,0.00206273990677053,-129.11780924162,59.6758560103427,-121.198210066507,51.2119430568881,1.66592967878291,1.66386693887614,2023.83629342448,2023.83835616438,EPI_ISL_19775963|A/Red-Tailed_Hawk/BC/FAV-0432-4/2023|H5N1|Canada-BC|2023-11-03|avian|A3
190,110,0.00206273990677053,-129.11780924162,59.6758560103427,-129.11063356984,59.4978763018832,1.66592967878291,1.66386693887614,2023.83629342448,2023.83835616438,EPI_ISL_18665521|A/Red_Tailed_Hawk/BC/AIVPHL-1372/2023|H5N1|Canada-BC|2023-11-03|avian|A3
180,132,0.429278722268938,-121.825096510425,51.5953082590464,-120.10185047003,57.4730261072154,1.66866940481026,1.23939068254133,2023.41181716814,2023.84109589041,EPI_ISL_19303657|A/Bald_Eagle/BC/AIVPHL-1455/2023|H5N1|Canada-BC|2023-11-04|avian|A3
211,83,0.365854755605118,-134.74537706006,60.2061811077197,-120.031327868559,42.1319725816787,1.66866940481026,1.30281464920515,2023.47524113481,2023.84109589041,EPI_ISL_19325222|A/mallard/Oregon/23-035569-010-original/2023|H5N1|USA-OR|2023-11-04|avian|A3
177,138,0.360361484139642,-124.170621140141,54.6838075497274,-117.712459938921,45.9133658534168,1.66866940481026,1.30830792067062,2023.48073440627,2023.84109589041,EPI_ISL_19371784|A/American_wigeon/Oregon/23-035569-016-original/2023|H5N1|USA-OR|2023-11-04|avian|A3
205,118,0.372119258578737,-113.86974860288,47.5678402939613,-119.924600406421,42.9761073373588,1.67140913083762,1.29928987225888,2023.47171635786,2023.84383561644,EPI_ISL_19660998|A/great_horned_owl/Oregon/23-034944-001-original/2023|H5N1|USA-OR|2023-11-05|avian|A3
203,119,0.325050793449449,-120.443541259176,50.622021422886,-122.548830510672,50.5962203616688,1.67140913083762,1.34635833738817,2023.51878482299,2023.84383561644,EPI_ISL_19775968|A/Red-tailed_Hawk/BC/FAV-0015-25/2024|H5N1|Canada-BC|2023-11-05|avian|A3
213,86,0.316684284141252,-126.648920620811,53.7242019419937,-125.211257161149,52.2158347555995,1.67140913083762,1.35472484669637,2023.5271513323,2023.84383561644,EPI_ISL_19710874|A/Chicken/BC/FAV-0337-22022|H5N1|Canada-BC|2023-11-05|avian|A3
172,173,0.485460948699195,-123.950265283346,52.3357154967255,-123.462201765939,52.7698242471031,1.67336253654992,1.18790158785072,2023.36032807345,2023.84578902215,NA
185,113,0.365646151952687,-123.379227492454,54.8707008406149,-122.869200582074,54.9006880890542,1.67414885686498,1.30850270491229,2023.48092919051,2023.84657534247,EPI_ISL_19710880|A/Chicken/BC/FAV-0347-1/2023|H5N1|Canada-BC|2023-11-06|avian|A3
199,200,0.0443007760813077,-120.356638191999,52.3713480439739,-119.882722253493,51.677735806719,1.67577190947497,1.63147113339366,2023.80389761899,2023.84819839508,NA
214,88,0.120059552259606,-122.337811677271,49.0004465323031,-117.692924265934,43.7410242729012,1.67688858289234,1.55682903063273,2023.72925551623,2023.84931506849,EPI_ISL_19660990|A/Canada_goose/Oregon/23-034940-001-original/2023|H5N1|USA-OR|2023-11-07|avian|A3
223,94,0.110297019015787,-128.895117929502,56.3118783815801,-124.479984037679,58.4990869905663,1.67688858289234,1.56659156387655,2023.73901804948,2023.84931506849,EPI_ISL_19710886|A/Chicken/BC/FAV-0349-1/2023|H5N1|Canada-BC|2023-11-07|avian|A3
223,95,0.110297019015787,-128.895117929502,56.3118783815801,-129.229681312632,56.7952299071183,1.67688858289234,1.56659156387655,2023.73901804948,2023.84931506849,EPI_ISL_19710887|A/Chicken/BC/FAV-0349-2/2023|H5N1|Canada-BC|2023-11-07|avian|A3
199,126,0.0454174494986743,-120.356638191999,52.3713480439739,-118.877342646939,49.7231756698083,1.67688858289234,1.63147113339366,2023.80389761899,2023.84931506849,EPI_ISL_18665539|A/Canada_Goose/BC/AIVPHL-1386/2023|H5N1|Canada-BC|2023-11-07|avian|A3
173,115,0.00352604634241693,-123.462201765939,52.7698242471031,-122.785570854543,52.417867888919,1.67688858289234,1.67336253654992,2023.84578902215,2023.84931506849,EPI_ISL_19775984|A/Canada_Goose/BC/FAV-0015-15/2024|H5N1|Canada-BC|2023-11-07|avian|A3
200,125,0.00111667341736665,-119.882722253493,51.677735806719,-120.169703338559,51.3048970838661,1.67688858289234,1.67577190947497,2023.84819839508,2023.84931506849,EPI_ISL_19775986|A/Canada_Goose/BC/FAV-0432-14/2023|H5N1|Canada-BC|2023-11-07|avian|A3
200,124,0.00111667341736665,-119.882722253493,51.677735806719,-119.4434261002,51.5815798231908,1.67688858289234,1.67577190947497,2023.84819839508,2023.84931506849,EPI_ISL_19775985|A/Canada_Goose/BC/FAV-0355-1/2023|H5N1|Canada-BC|2023-11-07|avian|A3
204,120,0.119977881621633,-123.481604465748,54.4246647491948,-125.038347591595,54.5719964753103,1.67962830891992,1.55965042729829,2023.7320769129,2023.85205479452,EPI_ISL_19775998|A/Great_Horned_Owl/BC/FAV-0432-18/2023|H5N1|Canada-BC|2023-11-08|avian|A3
204,121,0.119977881621633,-123.481604465748,54.4246647491948,-120.086433677509,50.0528350191076,1.67962830891992,1.55965042729829,2023.7320769129,2023.85205479452,EPI_ISL_18665542|A/Great_Horned_Owl/BC/AIVPHL-1388/2023|H5N1|Canada-BC|2023-11-08|avian|A3
198,131,0.326528772317396,-121.317338529948,52.7915922728146,-134.298729982485,59.8939348214933,1.68236803494728,1.35583926262988,2023.52826574823,2023.85479452055,EPI_ISL_19776003|A/Barred_Owl/BC/FAV-0015-21/2024|H5N1|Canada-BC|2023-11-09|avian|A3
218,219,0.116753591284038,-123.94419400184,49.9930135776598,-124.400375595838,52.3239002661777,1.68267086715406,1.56591727587002,2023.73834376147,2023.85509735275,NA
219,90,0.00243689382057966,-124.400375595838,52.3239002661777,-125.398444973181,53.3410607207784,1.68510776097464,1.68267086715406,2023.85509735275,2023.85753424658,EPI_ISL_19776018|A/Red-tailed_Hawk/BC/FAV-0015-22/2024|H5N1|Canada-BC|2023-11-10|avian|A3
205,206,0.386540855603716,-113.86974860288,47.5678402939613,-122.947754335323,51.4589711295205,1.6858307278626,1.29928987225888,2023.47171635786,2023.85825721346,NA
