node1,node2,length,startLon,startLat,endLon,endLat,endNodeL,startNodeL,startYear,endYear,tipLabel
146,147,0.181128620079825,-118.84894218778,49.0017520089718,-113.387495764617,45.811012043177,0.181128620079825,0,2022.30717678235,2022.48830540243,NA
146,151,0.0105164852560748,-118.84894218778,49.0017520089718,-118.810309143921,48.9752785915628,0.0105164852560748,0,2022.30717678235,2022.31769326761,NA
151,152,0.0195804080799387,-118.810309143921,48.9752785915628,-115.759562790947,42.899285870664,0.0300968933360135,0.0105164852560748,2022.31769326761,2022.33727367569,NA
152,153,0.00318973749269036,-115.759562790947,42.899285870664,-115.974648022077,43.8359884864317,0.0332866308287039,0.0300968933360135,2022.33727367569,2022.34046341318,NA
152,272,0.00568638533963028,-115.759562790947,42.899285870664,-115.408240850625,41.8467172514194,0.0357832786756438,0.0300968933360135,2022.33727367569,2022.34296006103,NA
153,154,0.00484133519271879,-115.974648022077,43.8359884864317,-116.041989622049,43.8233489318743,0.0381279660214227,0.0332866308287039,2022.34046341318,2022.34530474837,NA
154,155,0.00257797291690265,-116.041989622049,43.8233489318743,-115.557572104046,44.5921353386551,0.0407059389383253,0.0381279660214227,2022.34530474837,2022.34788272129,NA
155,156,0.0549661626573905,-115.557572104046,44.5921353386551,-114.940617920578,44.9053204379671,0.0956721015957158,0.0407059389383253,2022.34788272129,2022.40284888395,NA
151,285,0.101816307452778,-118.810309143921,48.9752785915628,-119.494020210358,50.8987420745295,0.112332792708853,0.0105164852560748,2022.31769326761,2022.41950957506,NA
153,267,0.119963442619594,-115.974648022077,43.8359884864317,-120.143548460203,46.1623509880587,0.153250073448298,0.0332866308287039,2022.34046341318,2022.4604268558,NA
285,286,0.041730293524656,-119.494020210358,50.8987420745295,-124.746804534074,52.9632264329654,0.154063086233509,0.112332792708853,2022.41950957506,2022.46123986859,NA
272,273,0.118848114816723,-115.408240850625,41.8467172514194,-114.181210235785,40.694699301544,0.154631393492366,0.0357832786756438,2022.34296006103,2022.46180817585,NA
286,288,0.0169676237833412,-124.746804534074,52.9632264329654,-124.895576491567,52.9220180749384,0.17103071001685,0.154063086233509,2022.46123986859,2022.47820749237,NA
156,157,0.0897700248842521,-114.940617920578,44.9053204379671,-115.029378404914,44.5685765344649,0.185442126479968,0.0956721015957158,2022.40284888395,2022.49261890883,NA
147,148,0.0174434461574053,-113.387495764617,45.811012043177,-111.774008622087,44.2649784688236,0.19857206623723,0.181128620079825,2022.48830540243,2022.50574884859,NA
267,268,0.0487651321084801,-120.143548460203,46.1623509880587,-120.662912909911,48.2606509235551,0.202015205556778,0.153250073448298,2022.4604268558,2022.50919198791,NA
267,269,0.0528309243125316,-120.143548460203,46.1623509880587,-123.804305353698,48.8258268850932,0.20608099776083,0.153250073448298,2022.4604268558,2022.51325778011,NA
148,149,0.0765480277230637,-111.774008622087,44.2649784688236,-121.331952717387,51.0432094891022,0.275120093960294,0.19857206623723,2022.50574884859,2022.58229687631,NA
273,284,0.125239730389856,-114.181210235785,40.694699301544,-120.55591391886,54.7461669933178,0.279871123882222,0.154631393492366,2022.46180817585,2022.58704790624,NA
157,158,0.115559803069984,-115.029378404914,44.5685765344649,-114.894611275127,47.4312593747016,0.301001929549952,0.185442126479968,2022.49261890883,2022.6081787119,NA
269,13,0.256605233584553,-123.804305353698,48.8258268850932,-105.115222130152,39.8088379212215,0.462686231345383,0.20608099776083,2022.51325778011,2022.7698630137,EPI_ISL_19606610|A/bald_eagle/Colorado/22-033430-001/2022|H5N1|USA-CO|2022-10-09|avian|A3
284,26,0.229390449928918,-120.55591391886,54.7461669933178,-127.125156704861,66.5877102784568,0.50926157381114,0.279871123882222,2022.58704790624,2022.81643835616,EPI_ISL_19775488|A/Common_Raven/NT/FAV-0275-16/2023|H5N1|Canada-NT|2022-10-26|avian|A3
154,12,0.523188402310418,-116.041989622049,43.8233489318743,-113.565103163103,53.9377347178139,0.56131636833184,0.0381279660214227,2022.34530474837,2022.86849315069,EPI_ISL_19154703|A/Black-billed_Magpie/AB/FAV-1655-1/2022|H5N1|Canada-AB|2022-11-14|avian|A3
285,1,0.448983575622987,-119.494020210358,50.8987420745295,-121.619115468269,51.8845837888275,0.56131636833184,0.112332792708853,2022.41950957506,2022.86849315069,EPI_ISL_19154711|A/Wood_Duck/BC/FAV-0053-7/2022|H5N1|Canada-BC|2022-11-14|avian|A3
268,27,0.36204088880242,-120.662912909911,48.2606509235551,-117.34840582084,46.8753959055114,0.564056094359198,0.202015205556778,2022.50919198791,2022.87123287671,EPI_ISL_19606640|A/american_crow/Washington/22-037636-003/2022|H5N1|USA-WA|2022-11-15|avian|A3
268,10,0.370260066884492,-120.662912909911,48.2606509235551,-122.40665202118,42.8658048589701,0.57227527244127,0.202015205556778,2022.50919198791,2022.87945205479,EPI_ISL_19605592|A/red_tailed_hawk/Oregon/22-038528-001/2022|H5N1|USA-OR|2022-11-18|avian|A3
269,270,0.366795487744183,-123.804305353698,48.8258268850932,-106.228038596954,42.2290300660927,0.572876485505013,0.20608099776083,2022.51325778011,2022.88005326786,NA
156,265,0.479302989938676,-114.940617920578,44.9053204379671,-109.082296524065,48.6297433214332,0.574975091534391,0.0956721015957158,2022.40284888395,2022.88215187389,NA
288,289,0.405774105272653,-124.895576491567,52.9220180749384,-125.998466282253,57.0392024317145,0.576804815289503,0.17103071001685,2022.47820749237,2022.88398159764,NA
284,25,0.300623326641347,-120.55591391886,54.7461669933178,-120.083890637981,58.4729146349542,0.580494450523569,0.279871123882222,2022.58704790624,2022.88767123288,EPI_ISL_19775512|A/Snow_Goose/BC/FAV-0014-48/2023|H5N1|Canada-BC|2022-11-21|avian|A3
289,5,0.0173882653710811,-125.998466282253,57.0392024317145,-126.16855349322,57.3882606591505,0.594193080660584,0.576804815289503,2022.88398159764,2022.90136986301,EPI_ISL_19154868|A/Red-tailed_Hawk/BC/FAV-0053-38/2022|H5N1|Canada-BC|2022-11-26|avian|A3
155,145,0.558966593776973,-115.557572104046,44.5921353386551,-108.756149889622,38.1606181655703,0.599672532715299,0.0407059389383253,2022.34788272129,2022.90684931507,EPI_ISL_19606609|A/bald_eagle/Colorado/22-038658-001/2022|H5N1|USA-CO|2022-11-28|avian|A3
286,287,0.451597516386737,-124.746804534074,52.9632264329654,-119.794138598756,46.8688612680307,0.605660602620246,0.154063086233509,2022.46123986859,2022.91283738497,NA
148,33,0.420278548669797,-111.774008622087,44.2649784688236,-109.705749994886,41.7115484036737,0.618850614907028,0.19857206623723,2022.50574884859,2022.92602739726,EPI_ISL_19607276|A/great_horned_owl/Wyoming/22-039756-001-3/2022|H5N1|USA-WY|2022-12-05|avian|A3
272,11,0.599505692395756,-115.408240850625,41.8467172514194,-117.519585304182,43.8879850871482,0.635288971071399,0.0357832786756438,2022.34296006103,2022.94246575342,EPI_ISL_19604092|A/mallard/Oregon/22-041048-001/2022|H5N1|USA-OR|2022-12-11|avian|A3
270,271,0.0671152526350229,-106.228038596954,42.2290300660927,-107.018502558746,42.4710349848241,0.639991738140036,0.572876485505013,2022.88005326786,2022.94716852049,NA
265,266,0.0734426411311442,-109.082296524065,48.6297433214332,-107.440875230582,53.231897931993,0.648417732665536,0.574975091534391,2022.88215187389,2022.95559451502,NA
149,32,0.382086685330419,-121.331952717387,51.0432094891022,-123.114696226079,51.6100963847846,0.657206779290713,0.275120093960294,2022.58229687631,2022.96438356164,EPI_ISL_18665546|A/Great_Horned_Owl/BC/AIVPHL-853/2022|H5N1|Canada-BC|2022-12-19|avian|A3
270,30,0.125426184196516,-106.228038596954,42.2290300660927,-106.488219943738,43.9590674888742,0.698302669701529,0.572876485505013,2022.88005326786,2023.00547945205,EPI_ISL_19605588|A/red_tailed_hawk/Wyoming/23-000979-001/2023|H5N1|USA-WY|2023-01-03|avian|A3
287,3,0.11182014927324,-119.794138598756,46.8688612680307,-117.853898014641,45.6531252445475,0.717480751893485,0.605660602620246,2022.91283738497,2023.02465753425,EPI_ISL_19605595|A/red_tailed_hawk/Oregon/23-002977-001/2023|H5N1|USA-OR|2023-01-10|avian|A3
271,29,0.0802287397808068,-107.018502558746,42.4710349848241,-107.025302078891,42.627096638793,0.720220477920843,0.639991738140036,2022.94716852049,2023.02739726027,EPI_ISL_19605578|A/red_tailed_hawk/Wyoming/23-002118-001/2023|H5N1|USA-WY|2023-01-11|avian|A3
265,7,0.153464564468524,-109.082296524065,48.6297433214332,-109.683607194367,49.4293806067105,0.728439656002915,0.574975091534391,2022.88215187389,2023.03561643836,EPI_ISL_19775550|A/Common_Goldeneye/SK/FAV-0275-22/2023|H5N1|Canada-SK|2023-01-14|avian|A3
289,6,0.157114292768354,-125.998466282253,57.0392024317145,-128.147363214852,59.0612115347048,0.733919108057857,0.576804815289503,2022.88398159764,2023.04109589041,EPI_ISL_17051482|A/canada_goose/BC/AIVPHL-371/2023|H5N1|Canada-BC|2023-01-16|avian|A3
266,8,0.0992000055293358,-107.440875230582,53.231897931993,-106.980869052052,56.8376077478859,0.747617738194871,0.648417732665536,2022.95559451502,2023.05479452055,EPI_ISL_19775554|A/Common_Goldeneye/SK/FAV-0275-24/2023|H5N1|Canada-SK|2023-01-21|avian|A3
158,159,0.448023500099434,-114.894611275127,47.4312593747016,-140.177615981665,61.0431802633997,0.749025429649386,0.301001929549952,2022.6081787119,2023.056202212,NA
266,9,0.110158909638765,-107.440875230582,53.231897931993,-109.604451259779,51.3872806161601,0.758576642304301,0.648417732665536,2022.95559451502,2023.06575342466,EPI_ISL_19775556|A/Common_Goldeneye/SK/FAV-0275-27/2023|H5N1|Canada-SK|2023-01-25|avian|A3
147,31,0.59114665236149,-113.387495764617,45.811012043177,-113.146785273463,45.5413755243825,0.772275272441315,0.181128620079825,2022.48830540243,2023.07945205479,EPI_ISL_19604243|A/raven/Montana/23-003666-004/2023|H5N1|USA-MT|2023-01-30|avian|A3
271,28,0.159680794575308,-107.018502558746,42.4710349848241,-109.893849036946,41.9094120741333,0.799672532715344,0.639991738140036,2022.94716852049,2023.10684931507,EPI_ISL_17964855|A/red-tailed_hawk/Wyoming/23-005384-001/2023|H5N1|USA-WY|2023-02-09|avian|A3
273,274,0.656801836615715,-114.181210235785,40.694699301544,-113.042937042807,38.7134980833862,0.811433230108082,0.154631393492366,2022.46180817585,2023.11861001246,NA
274,275,0.00757839425421025,-113.042937042807,38.7134980833862,-112.916140875622,38.7781765709972,0.819011624362292,0.811433230108082,2023.11861001246,2023.12618840672,NA
275,276,0.0175198196238227,-112.916140875622,38.7781765709972,-109.351367418075,33.52806083079,0.836531443986114,0.819011624362292,2023.12618840672,2023.14370822634,NA
276,279,0.0719862159950535,-109.351367418075,33.52806083079,-112.011841498764,34.9961652804384,0.908517659981168,0.836531443986114,2023.14370822634,2023.21569444233,NA
287,2,0.303600971190986,-119.794138598756,46.8688612680307,-116.344205752206,35.1011139772041,0.909261573811231,0.605660602620246,2022.91283738497,2023.21643835616,EPI_ISL_17964921|A/glaucous_gull/California/23-010132-001/2023|H5N1|USA-CA|2023-03-21|avian|A3
279,280,0.00695449638757895,-112.011841498764,34.9961652804384,-112.62547640232,35.2195585236431,0.915472156368747,0.908517659981168,2023.21569444233,2023.22264893872,NA
279,281,0.0071685770614609,-112.011841498764,34.9961652804384,-112.729700414105,34.844175481246,0.915686237042629,0.908517659981168,2023.21569444233,2023.2228630194,NA
159,160,0.17077917373472,-140.177615981665,61.0431802633997,-142.786833514631,66.6664632212779,0.919804603384106,0.749025429649386,2023.056202212,2023.22698138574,NA
275,282,0.102210858079198,-112.916140875622,38.7781765709972,-110.333822030799,33.3284952058318,0.92122248244149,0.819011624362292,2023.12618840672,2023.22839926479,NA
157,196,0.741221192157092,-115.029378404914,44.5685765344649,-124.024647493873,47.9436823023026,0.92666331863706,0.185442126479968,2022.49261890883,2023.23384010099,NA
274,283,0.117044058181242,-113.042937042807,38.7134980833862,-111.131845797595,35.3850860260732,0.928477288289323,0.811433230108082,2023.11861001246,2023.23565407064,NA
276,277,0.092495022048523,-109.351367418075,33.52806083079,-109.066099885412,34.6368294863082,0.929026466034637,0.836531443986114,2023.14370822634,2023.23620324839,NA
160,161,0.0125550304906878,-142.786833514631,66.6664632212779,-141.935376161723,65.7825651137163,0.932359633874794,0.919804603384106,2023.22698138574,2023.23953641623,NA
280,24,0.0184469516889283,-112.62547640232,35.2195585236431,-112.498408774528,35.1641585232233,0.933919108057675,0.915472156368747,2023.22264893872,2023.24109589041,EPI_ISL_19608615|A/california_condor/Arizona/23-010675-002/2023|H5N1|USA-AZ|2023-03-30|avian|A3
281,23,0.0182328710150463,-112.729700414105,34.844175481246,-112.859111033344,34.6688078204527,0.933919108057675,0.915686237042629,2023.2228630194,2023.24109589041,EPI_ISL_19608614|A/california_condor/Arizona/23-010675-001/2023|H5N1|USA-AZ|2023-03-30|avian|A3
277,18,0.00489264202303774,-109.066099885412,34.6368294863082,-109.187031661824,34.7671901054827,0.933919108057675,0.929026466034637,2023.23620324839,2023.24109589041,EPI_ISL_19606427|A/california_condor/Arizona/23-010558-001/2023|H5N1|USA-AZ|2023-03-30|avian|A3
159,162,0.194708882046727,-140.177615981665,61.0431802633997,-146.085001224752,63.3938262262505,0.943734311696113,0.749025429649386,2023.056202212,2023.25091109405,NA
277,278,0.0168777879958635,-109.066099885412,34.6368294863082,-110.336429447387,35.5527635764866,0.945904254030501,0.929026466034637,2023.23620324839,2023.25308103638,NA
283,15,0.0191404499053662,-111.131845797595,35.3850860260732,-110.785704654729,35.3642734457711,0.94761773819469,0.928477288289323,2023.23565407064,2023.25479452055,EPI_ISL_19608616|A/california_condor/Arizona/23-010946-001/2023|H5N1|USA-AZ|2023-04-04|avian|A3
196,197,0.0226461439871188,-124.024647493873,47.9436823023026,-125.047165478005,50.1692849710225,0.949309462624178,0.92666331863706,2023.23384010099,2023.25648624498,NA
283,14,0.0246199019603084,-111.131845797595,35.3850860260732,-111.918368154132,36.4489994536173,0.953097190249632,0.928477288289323,2023.23565407064,2023.2602739726,EPI_ISL_19608612|A/california_condor/Arizona/23-011580-002/2023|H5N1|USA-AZ|2023-04-06|avian|A3
278,17,0.00719293621913075,-110.336429447387,35.5527635764866,-109.942596821343,35.6615931205475,0.953097190249632,0.945904254030501,2023.25308103638,2023.2602739726,EPI_ISL_19608613|A/california_condor/Arizona/23-011580-001/2023|H5N1|USA-AZ|2023-04-06|avian|A3
162,163,0.0173531612658333,-146.085001224752,63.3938262262505,-144.876068174982,61.8805444206586,0.961087472961947,0.943734311696113,2023.25091109405,2023.26826425532,NA
163,164,0.00109213267656316,-144.876068174982,61.8805444206586,-145.561270852166,62.2453290395046,0.96217960563851,0.961087472961947,2023.26826425532,2023.26935638799,NA
196,204,0.038182081445669,-124.024647493873,47.9436823023026,-127.483171374415,51.4957661467702,0.964845400082729,0.92666331863706,2023.23384010099,2023.27202218244,NA
282,20,0.0483130639725138,-110.333822030799,33.3284952058318,-110.594881341528,34.3339629660596,0.969535546414003,0.92122248244149,2023.22839926479,2023.27671232877,EPI_ISL_19608611|A/california_condor/Arizona/23-011582-001/2023|H5N1|USA-AZ|2023-04-12|avian|A3
278,16,0.0236312923835025,-110.336429447387,35.5527635764866,-110.036682697072,35.0758431216034,0.969535546414003,0.945904254030501,2023.25308103638,2023.27671232877,EPI_ISL_19608610|A/california_condor/Arizona/23-011582-002/2023|H5N1|USA-AZ|2023-04-12|avian|A3
149,150,0.695094316608388,-121.331952717387,51.0432094891022,-118.13713990522,56.3915635263744,0.970214410568683,0.275120093960294,2022.58229687631,2023.27739119292,NA
280,22,0.0705017462096282,-112.62547640232,35.2195585236431,-114.672031575591,35.7774935666279,0.985973902578375,0.915472156368747,2023.22264893872,2023.29315068493,EPI_ISL_19608609|A/california_condor/Arizona/23-012522-002/2023|H5N1|USA-AZ|2023-04-18|avian|A3
281,21,0.0702876655357463,-112.729700414105,34.844175481246,-113.617909416235,35.5490565133926,0.985973902578375,0.915686237042629,2023.2228630194,2023.29315068493,EPI_ISL_19608608|A/california_condor/Arizona/23-012521-001/2023|H5N1|USA-AZ|2023-04-18|avian|A3
282,19,0.0647514201368855,-110.333822030799,33.3284952058318,-110.84742931211,34.9181436008613,0.985973902578375,0.92122248244149,2023.22839926479,2023.29315068493,EPI_ISL_19608607|A/california_condor/Arizona/23-012519-002/2023|H5N1|USA-AZ|2023-04-18|avian|A3
204,207,0.0249204543738475,-127.483171374415,51.4957661467702,-125.864731805623,53.9957309303689,0.989765854456576,0.964845400082729,2023.27202218244,2023.29694263681,NA
150,34,0.0212389440644074,-118.13713990522,56.3915635263744,-118.087444946913,55.9103216107493,0.99145335463309,0.970214410568683,2023.27739119292,2023.29863013699,EPI_ISL_19775616|A/Chicken/AB/FAV-0190-2/2023|H5N1|Canada-AB|2023-04-20|avian|A3
150,35,0.0212389440644074,-118.13713990522,56.3915635263744,-115.865987584355,56.5015488650455,0.99145335463309,0.970214410568683,2023.27739119292,2023.29863013699,EPI_ISL_19775615|A/Chicken/AB/FAV-0190-1/2023|H5N1|Canada-AB|2023-04-20|avian|A3
197,199,0.0466514406150624,-125.047165478005,50.1692849710225,-126.129846942243,52.3989321535932,0.995960903239241,0.949309462624178,2023.25648624498,2023.30313768559,NA
207,208,0.0100853720124603,-125.864731805623,53.9957309303689,-126.372647013949,52.7560194893114,0.999851226469036,0.989765854456576,2023.29694263681,2023.30702800882,NA
207,253,0.0118920395898532,-125.864731805623,53.9957309303689,-124.48026222117,52.5496489860238,1.00165789404643,0.989765854456576,2023.29694263681,2023.3088346764,NA
253,254,0.0101554224923417,-124.48026222117,52.5496489860238,-124.483336716751,52.5535536120075,1.01181331653877,1.00165789404643,2023.3088346764,2023.31899009889,NA
254,255,0.00331578158014856,-124.483336716751,52.5535536120075,-124.461417416266,52.5368139267125,1.01512909811892,1.01181331653877,2023.31899009889,2023.32230588047,NA
208,213,0.0221519084998787,-126.372647013949,52.7560194893114,-126.437369808788,52.9069884881045,1.02200313496892,0.999851226469036,2023.30702800882,2023.32917991732,NA
213,214,0.0182580567380415,-126.437369808788,52.9069884881045,-125.943933340007,52.3259234504455,1.04026119170696,1.02200313496892,2023.32917991732,2023.34743797406,NA
255,258,0.0256592649602208,-124.461417416266,52.5368139267125,-124.64992225225,52.9377697189443,1.04078836307914,1.01512909811892,2023.32230588047,2023.34796514543,NA
213,229,0.0198247416954862,-126.437369808788,52.9069884881045,-127.137970122796,53.0516922463561,1.0418278766644,1.02200313496892,2023.32917991732,2023.34900465902,NA
229,230,0.00319699623874614,-127.137970122796,53.0516922463561,-126.628941016921,53.6529789825012,1.04502487290315,1.0418278766644,2023.34900465902,2023.35220165526,NA
163,165,0.0845087326719793,-144.876068174982,61.8805444206586,-145.090130560412,62.4112899358017,1.04559620563393,0.961087472961947,2023.26826425532,2023.35277298799,NA
214,215,0.00687150209565979,-125.943933340007,52.3259234504455,-126.551182621087,53.9821355361584,1.04713269380262,1.04026119170696,2023.34743797406,2023.35430947616,NA
230,231,0.00341650264809035,-126.628941016921,53.6529789825012,-126.876579653268,53.8348479919542,1.04844137555124,1.04502487290315,2023.35220165526,2023.3556181579,NA
199,200,0.053076278998103,-126.129846942243,52.3989321535932,-128.165442961337,53.4695356780175,1.04903718223734,0.995960903239241,2023.30313768559,2023.35621396459,NA
230,242,0.00739752614503808,-126.628941016921,53.6529789825012,-126.062413283193,52.5104966022551,1.05242239904819,1.04502487290315,2023.35220165526,2023.3595991814,NA
253,262,0.050794135522676,-124.48026222117,52.5496489860238,-122.4018573668,51.7137775706824,1.05245202956911,1.00165789404643,2023.3088346764,2023.35962881192,NA
231,232,0.00539665724817517,-126.876579653268,53.8348479919542,-128.962423441502,54.529256092425,1.05383803279941,1.04844137555124,2023.3556181579,2023.36101481515,NA
215,219,0.00809740954783722,-126.551182621087,53.9821355361584,-127.319623178834,55.0323424982488,1.05523010335045,1.04713269380262,2023.35430947616,2023.3624068857,NA
214,226,0.0155676877932998,-125.943933340007,52.3259234504455,-124.659874315828,51.4800954913353,1.05582887950026,1.04026119170696,2023.34743797406,2023.36300566185,NA
242,243,0.0066439760278012,-126.062413283193,52.5104966022551,-128.527532103759,54.1867640980867,1.05906637507599,1.05242239904819,2023.3595991814,2023.36624315743,NA
219,221,0.0246124326102484,-127.319623178834,55.0323424982488,-125.58003526235,51.2289235507084,1.0798425359607,1.05523010335045,2023.3624068857,2023.38701931831,NA
200,202,0.0398907111041431,-128.165442961337,53.4695356780175,-126.743861601777,52.4146383013396,1.08892789334149,1.04903718223734,2023.35621396459,2023.39610467569,NA
242,245,0.106793989273358,-126.062413283193,52.5104966022551,-124.43226398684,50.2800604403187,1.15921638832154,1.05242239904819,2023.3595991814,2023.46639317067,NA
243,244,0.112447435890106,-128.527532103759,54.1867640980867,-132.054674494955,57.1825184263828,1.17151381096609,1.05906637507599,2023.36624315743,2023.47869059332,NA
204,205,0.21114941898131,-127.483171374415,51.4957661467702,-115.227651533603,49.4773370072089,1.17599481906404,0.964845400082729,2023.27202218244,2023.48317160142,NA
221,224,0.124032955967907,-125.58003526235,51.2289235507084,-120.833474358588,49.3826068948016,1.20387549192861,1.0798425359607,2023.38701931831,2023.51105227428,NA
258,259,0.185073417010694,-124.64992225225,52.9377697189443,-123.779262804093,52.1842750370492,1.22586178008983,1.04078836307914,2023.34796514543,2023.53303856244,NA
255,256,0.217192093574442,-124.461417416266,52.5368139267125,-122.977495169447,52.0986975507538,1.23232119169336,1.01512909811892,2023.32230588047,2023.53949797405,NA
161,36,0.305669063224099,-141.935376161723,65.7825651137163,-93.7428618343014,46.8660258667285,1.23802869709889,0.932359633874794,2023.23953641623,2023.54520547945,EPI_ISL_19186462|A/short-tailed_shearwaters/Minnesota/23-025002-003/2023|H5N1|USA-MN|2023-07-19|avian|A3
161,37,0.313888241306171,-141.935376161723,65.7825651137163,-138.720271171583,59.8454249380159,1.24624787518097,0.932359633874794,2023.23953641623,2023.55342465753,EPI_ISL_19186486|A/glaucous_gull/Alaska/23-025003-001/2023|H5N1|USA-AK|2023-07-22|avian|A3
232,233,0.19734461191244,-128.962423441502,54.529256092425,-124.309712040334,55.6754335493644,1.25118264471185,1.05383803279941,2023.36101481515,2023.55835942706,NA
288,4,1.08069661721906,-124.895576491567,52.9220180749384,-122.813159433079,53.0764247120117,1.25172732723591,0.17103071001685,2022.47820749237,2023.55890410959,EPI_ISL_18665607|A/Red_Tailed_Hawk/BC/AIVPHL-1236/2023|H5N1|Canada-BC|2023-07-24|avian|A3
221,222,0.177634706030698,-125.58003526235,51.2289235507084,-119.238622724741,46.9674490808076,1.2574772419914,1.0798425359607,2023.38701931831,2023.56465402434,NA
164,41,0.311465529816484,-145.561270852166,62.2453290395046,-142.232095462262,61.7644612065223,1.27364513545499,0.96217960563851,2023.26935638799,2023.58082191781,EPI_ISL_19186531|A/common_murre/Alaska/23-027066-010/2023|H5N1|USA-AK|2023-08-01|avian|A3
164,38,0.311465529816484,-145.561270852166,62.2453290395046,-162.130275106184,65.9933710118617,1.27364513545499,0.96217960563851,2023.26935638799,2023.58082191781,EPI_ISL_19186532|A/common_murre/Alaska/23-027066-011/2023|H5N1|USA-AK|2023-08-01|avian|A3
165,40,0.228048929821068,-145.090130560412,62.4112899358017,-148.799541174734,65.8299668968373,1.27364513545499,1.04559620563393,2023.35277298799,2023.58082191781,EPI_ISL_19186564|A/common_murre/Alaska/23-027066-013/2023|H5N1|USA-AK|2023-08-01|avian|A3
165,39,0.228048929821068,-145.090130560412,62.4112899358017,-137.232134856018,58.9417011468442,1.27364513545499,1.04559620563393,2023.35277298799,2023.58082191781,EPI_ISL_19186499|A/common_murre/Alaska/23-027066-002/2023|H5N1|USA-AK|2023-08-01|avian|A3
245,246,0.115547027655001,-124.43226398684,50.2800604403187,-132.130354574657,53.4938153527387,1.27476341597654,1.15921638832154,2023.46639317067,2023.58194019833,NA
215,216,0.249818682180819,-126.551182621087,53.9821355361584,-126.843267074973,55.9460143719283,1.29695137598344,1.04713269380262,2023.35430947616,2023.60412815834,NA
233,234,0.0524543202454513,-124.309712040334,55.6754335493644,-124.436390009225,56.8826060426011,1.3036369649573,1.25118264471185,2023.55835942706,2023.61081374731,NA
256,257,0.101705870971588,-122.977495169447,52.0986975507538,-126.33695617438,52.273939352883,1.33402706266495,1.23232119169336,2023.53949797405,2023.64120384502,NA
234,235,0.0321499372287639,-124.436390009225,56.8826060426011,-124.512327522814,56.7839942622199,1.33578690218607,1.3036369649573,2023.61081374731,2023.64296368454,NA
208,209,0.367748625803484,-126.372647013949,52.7560194893114,-123.633566375633,50.2265051269013,1.36759985227252,0.999851226469036,2023.30702800882,2023.67477663463,NA
162,42,0.464157399101439,-146.085001224752,63.3938262262505,-146.201088189644,65.8642875862128,1.40789171079755,0.943734311696113,2023.25091109405,2023.71506849315,EPI_ISL_19606474|A/black_legged_kittiwake/Alaska/23-029675-001/2023|H5N1|USA-AK|2023-09-19|avian|A3
231,241,0.366011327222659,-126.876579653268,53.8348479919542,-120.769395822182,53.8330964060414,1.4144527027739,1.04844137555124,2023.3556181579,2023.72162948513,NA
254,260,0.407047703059362,-124.483336716751,52.5535536120075,-148.350577952944,60.0996771607027,1.41886101959813,1.01181331653877,2023.31899009889,2023.72603780195,NA
209,210,0.0609120987713341,-123.633566375633,50.2265051269013,-122.077278890441,51.4843520069045,1.42851195104385,1.36759985227252,2023.67477663463,2023.7356887334,NA
246,248,0.160129988993895,-132.130354574657,53.4938153527387,-137.591208009578,57.8758027135535,1.43489340497044,1.27476341597654,2023.58194019833,2023.74207018732,NA
160,43,0.52096381974219,-142.786833514631,66.6664632212779,-142.505787161692,66.6929324658881,1.4407684231263,0.919804603384106,2023.22698138574,2023.74794520548,EPI_ISL_18976667|A/polar_bear/Alaska/23-038123/2023|H5N1|USA-AK|2023-10-01|other_mammal|A3
224,225,0.242079311762473,-120.833474358588,49.3826068948016,-121.000863579767,51.7294549195004,1.44595480369108,1.20387549192861,2023.51105227428,2023.75313158604,NA
202,203,0.368310925370076,-126.743861601777,52.4146383013396,-128.776164823318,56.2614422520653,1.45723881871156,1.08892789334149,2023.39610467569,2023.76441560106,NA
210,211,0.0341997209141875,-122.077278890441,51.4843520069045,-119.150155238349,50.4499423553319,1.46271167195804,1.42851195104385,2023.7356887334,2023.76988845431,NA
260,261,0.0461735675227071,-148.350577952944,60.0996771607027,-148.045488684117,59.6636451850984,1.46503458712084,1.41886101959813,2023.72603780195,2023.77221136947,NA
200,201,0.41745511028224,-128.165442961337,53.4695356780175,-129.383326365697,58.1487948062953,1.46649229251958,1.04903718223734,2023.35621396459,2023.77366907487,NA
205,206,0.30333641882451,-115.227651533603,49.4773370072089,-124.187179103348,51.2482132667216,1.47933123788855,1.17599481906404,2023.48317160142,2023.78650802024,NA
262,263,0.427795733132603,-122.4018573668,51.7137775706824,-120.07873629322,50.5925705623191,1.48024776270171,1.05245202956911,2023.35962881192,2023.78742454505,NA
203,75,0.0246254948255491,-128.776164823318,56.2614422520653,-128.723746851271,56.230778898028,1.48186431353711,1.45723881871156,2023.76441560106,2023.78904109589,EPI_ISL_19775708|A/Peregrine_Falcon/BC/FAV-0015-49/2024|H5N1|Canada-BC|2023-10-16|avian|A3
248,249,0.0500784486368535,-137.591208009578,57.8758027135535,-144.835638680158,62.1047846543999,1.48497185360729,1.43489340497044,2023.74207018732,2023.79214863596,NA
226,227,0.432813342122296,-124.659874315828,51.4800954913353,-125.892894999064,55.2326461723982,1.48864222162255,1.05582887950026,2023.36300566185,2023.79581900398,NA
197,198,0.545082556848964,-125.047165478005,50.1692849710225,-120.821304864586,48.9743404886706,1.49439201947314,0.949309462624178,2023.25648624498,2023.80156880183,NA
262,264,0.443289495841258,-122.4018573668,51.7137775706824,-121.912504091029,54.5734681395538,1.49574152541036,1.05245202956911,2023.35962881192,2023.80291830776,NA
209,93,0.13070281742919,-123.633566375633,50.2265051269013,-121.291511094558,43.4379151243336,1.49830266970171,1.36759985227252,2023.67477663463,2023.80547945205,EPI_ISL_19490386|A/American_wigeon/Oregon/23-032793-004-original/2023|H5N1|USA-OR|2023-10-22|avian|A3
241,137,0.0865896929551715,-120.769395822182,53.8330964060414,-120.040312052756,52.683374116562,1.50104239572907,1.4144527027739,2023.72162948513,2023.80821917808,EPI_ISL_19775911|A/Great_Blue_Heron/BC/FAV-0015-2/2024|H5N1|Canada-BC|2023-10-23|avian|A3
205,96,0.330527028719744,-115.227651533603,49.4773370072089,-121.593751111512,40.5930501196277,1.50652184778378,1.17599481906404,2023.48317160142,2023.81369863014,EPI_ISL_19239878|A/green-winged_teal/California/23-034302-013-original/2023|H5N1|USA-CA|2023-10-25|avian|A3
243,101,0.452934924762511,-128.527532103759,54.1867640980867,-143.991470368112,65.963247136035,1.5120012998385,1.05906637507599,2023.36624315743,2023.81917808219,EPI_ISL_18698942|A/chicken/Alaska/23-032968-001/2023|H5N1|USA-AK|2023-10-27|avian|A3
244,133,0.340487488872405,-132.054674494955,57.1825184263828,-144.958024511489,62.0961595986915,1.5120012998385,1.17151381096609,2023.47869059332,2023.81917808219,EPI_ISL_19660960|A/American_wigeon/Alaska/23-034446-001-original/2023|H5N1|USA-AK|2023-10-27|avian|A3
260,82,0.0931402802403642,-148.350577952944,60.0996771607027,-148.563564972095,60.1462778932394,1.5120012998385,1.41886101959813,2023.72603780195,2023.81917808219,EPI_ISL_18698938|A/chicken/Alaska/23-032967-001/2023|H5N1|USA-AK|2023-10-27|avian|A3
261,80,0.0469667127176572,-148.045488684117,59.6636451850984,-152.431203937704,63.7927123562331,1.5120012998385,1.46503458712084,2023.77221136947,2023.81917808219,EPI_ISL_18698940|A/domestic_goose/Alaska/23-032967-002/2023|H5N1|USA-AK|2023-10-27|avian|A3
261,81,0.0469667127176572,-148.045488684117,59.6636451850984,-152.650285110248,62.60751403164,1.5120012998385,1.46503458712084,2023.77221136947,2023.81917808219,EPI_ISL_18698941|A/guinea_fowl/Alaska/23-032967-003/2023|H5N1|USA-AK|2023-10-27|avian|A3
232,240,0.45816441534575,-128.962423441502,54.529256092425,-123.907821200339,55.4612254245265,1.51200244814516,1.05383803279941,2023.36101481515,2023.8191792305,NA
263,98,0.0344932631643737,-120.07873629322,50.5925705623191,-120.852562066155,51.2760661636684,1.51474102586608,1.48024776270171,2023.78742454505,2023.82191780822,EPI_ISL_19775931|A/American_Wigeon/BC/FAV-0015-5/2024|H5N1|Canada-BC|2023-10-28|avian|A3
229,250,0.474755226081736,-127.137970122796,53.0516922463561,-125.485076479853,39.7727958246927,1.51658310274614,1.0418278766644,2023.34900465902,2023.8237598851,NA
219,220,0.463483087581265,-127.319623178834,55.0323424982488,-130.017881974618,59.2916821606394,1.51871319093172,1.05523010335045,2023.3624068857,2023.82588997328,NA
210,212,0.0955652317990787,-122.077278890441,51.4843520069045,-128.016762389718,54.8306184670451,1.52407718284293,1.42851195104385,2023.7356887334,2023.8312539652,NA
201,78,0.0592076374559285,-129.383326365697,58.1487948062953,-129.145571446855,57.7919302874355,1.52569992997551,1.46649229251958,2023.77366907487,2023.83287671233,EPI_ISL_19775954|A/Trumpeter_Swan/BC/FAV-0015-47/2024|H5N1|Canada-BC|2023-11-01|avian|A3
220,122,0.00698673904379299,-130.017881974618,59.2916821606394,-130.147274604244,59.5101933576793,1.52569992997551,1.51871319093172,2023.82588997328,2023.83287671233,EPI_ISL_19775948|A/Glaucous-winged_Gull/BC/FAV-0015-12/2024|H5N1|Canada-BC|2023-11-01|avian|A3
235,237,0.194546181119356,-124.512327522814,56.7839942622199,-123.990845109732,54.2694705500693,1.53033308330542,1.33578690218607,2023.64296368454,2023.83750986566,NA
249,140,0.0462075284231607,-144.835638680158,62.1047846543999,-145.063131873941,61.751542187526,1.53117938203045,1.48497185360729,2023.79214863596,2023.83835616438,EPI_ISL_18698983|A/domestic_goose/Alaska/23-034050-002/2023|H5N1|USA-AK|2023-11-03|avian|A3
249,141,0.0462075284231607,-144.835638680158,62.1047846543999,-149.650962891215,65.6217745925208,1.53117938203045,1.48497185360729,2023.79214863596,2023.83835616438,EPI_ISL_18698982|A/chicken/Alaska/23-034050-001/2023|H5N1|USA-AK|2023-11-03|avian|A3
237,109,0.000846298725029504,-123.990845109732,54.2694705500693,-127.183485123372,55.8534252882894,1.53117938203045,1.53033308330542,2023.83750986566,2023.83835616438,EPI_ISL_19775963|A/Red-Tailed_Hawk/BC/FAV-0432-4/2023|H5N1|Canada-BC|2023-11-03|avian|A3
237,110,0.000846298725029504,-123.990845109732,54.2694705500693,-123.897622899646,54.16118468897,1.53117938203045,1.53033308330542,2023.83750986566,2023.83835616438,EPI_ISL_18665521|A/Red_Tailed_Hawk/BC/AIVPHL-1372/2023|H5N1|Canada-BC|2023-11-03|avian|A3
227,228,0.0447898308529588,-125.892894999064,55.2326461723982,-126.505777349638,57.1877764969663,1.53343205247551,1.48864222162255,2023.79581900398,2023.84060883483,NA
245,138,0.374702719736268,-124.43226398684,50.2800604403187,-121.247054961477,43.6711174940009,1.53391910805781,1.15921638832154,2023.46639317067,2023.84109589041,EPI_ISL_19371784|A/American_wigeon/Oregon/23-035569-016-original/2023|H5N1|USA-OR|2023-11-04|avian|A3
244,132,0.362405297091719,-132.054674494955,57.1825184263828,-117.228578987806,49.983425732813,1.53391910805781,1.17151381096609,2023.47869059332,2023.84109589041,EPI_ISL_19303657|A/Bald_Eagle/BC/AIVPHL-1455/2023|H5N1|Canada-BC|2023-11-04|avian|A3
259,83,0.308057327967977,-123.779262804093,52.1842750370492,-120.175095745909,44.5857510304551,1.53391910805781,1.22586178008983,2023.53303856244,2023.84109589041,EPI_ISL_19325222|A/mallard/Oregon/23-035569-010-original/2023|H5N1|USA-OR|2023-11-04|avian|A3
224,119,0.33278334215656,-120.833474358588,49.3826068948016,-127.504193556342,52.7815537381581,1.53665883408517,1.20387549192861,2023.51105227428,2023.84383561644,EPI_ISL_19775968|A/Red-tailed_Hawk/BC/FAV-0015-25/2024|H5N1|Canada-BC|2023-11-05|avian|A3
256,86,0.304337642391808,-122.977495169447,52.0986975507538,-122.260961893631,51.9786222447573,1.53665883408517,1.23232119169336,2023.53949797405,2023.84383561644,EPI_ISL_19710874|A/Chicken/BC/FAV-0337-22022|H5N1|Canada-BC|2023-11-05|avian|A3
222,118,0.279181592093769,-119.238622724741,46.9674490808076,-122.308134994536,45.5422113407119,1.53665883408517,1.2574772419914,2023.56465402434,2023.84383561644,EPI_ISL_19660998|A/great_horned_owl/Oregon/23-034944-001-original/2023|H5N1|USA-OR|2023-11-05|avian|A3
233,113,0.288215915400673,-124.309712040334,55.6754335493644,-115.216655227503,49.5800727588451,1.53939856011253,1.25118264471185,2023.55835942706,2023.84657534247,EPI_ISL_19710880|A/Chicken/BC/FAV-0347-1/2023|H5N1|Canada-BC|2023-11-06|avian|A3
250,251,0.0232156583539285,-125.485076479853,39.7727958246927,-125.180642160491,39.423559757309,1.53979876110007,1.51658310274614,2023.8237598851,2023.84697554345,NA
257,88,0.208111223474935,-126.33695617438,52.273939352883,-119.455437503676,42.8816667403249,1.54213828613988,1.33402706266495,2023.64120384502,2023.84931506849,EPI_ISL_19660990|A/Canada_goose/Oregon/23-034940-001-original/2023|H5N1|USA-OR|2023-11-07|avian|A3
206,94,0.0628070482513354,-124.187179103348,51.2482132667216,-124.093564682072,51.3054204513314,1.54213828613988,1.47933123788855,2023.78650802024,2023.84931506849,EPI_ISL_19710886|A/Chicken/BC/FAV-0349-1/2023|H5N1|Canada-BC|2023-11-07|avian|A3
206,95,0.0628070482513354,-124.187179103348,51.2482132667216,-124.454849967017,53.184902736671,1.54213828613988,1.47933123788855,2023.78650802024,2023.84931506849,EPI_ISL_19710887|A/Chicken/BC/FAV-0349-2/2023|H5N1|Canada-BC|2023-11-07|avian|A3
227,126,0.053496064517331,-125.892894999064,55.2326461723982,-125.685785680165,56.2766087842116,1.54213828613988,1.48864222162255,2023.79581900398,2023.84931506849,EPI_ISL_18665539|A/Canada_Goose/BC/AIVPHL-1386/2023|H5N1|Canada-BC|2023-11-07|avian|A3
240,115,0.0301358379947212,-123.907821200339,55.4612254245265,-124.755332371844,55.6487349953427,1.54213828613988,1.51200244814516,2023.8191792305,2023.84931506849,EPI_ISL_19775984|A/Canada_Goose/BC/FAV-0015-15/2024|H5N1|Canada-BC|2023-11-07|avian|A3
228,125,0.00870623366437218,-126.505777349638,57.1877764969663,-126.851105979287,57.2870850737639,1.54213828613988,1.53343205247551,2023.84060883483,2023.84931506849,EPI_ISL_19775986|A/Canada_Goose/BC/FAV-0432-14/2023|H5N1|Canada-BC|2023-11-07|avian|A3
228,124,0.00870623366437218,-126.505777349638,57.1877764969663,-125.875307503706,55.9727408320416,1.54213828613988,1.53343205247551,2023.84060883483,2023.84931506849,EPI_ISL_19775985|A/Canada_Goose/BC/FAV-0355-1/2023|H5N1|Canada-BC|2023-11-07|avian|A3
225,120,0.0989232084763869,-121.000863579767,51.7294549195004,-120.920081102327,51.4661947117838,1.54487801216747,1.44595480369108,2023.75313158604,2023.85205479452,EPI_ISL_19775998|A/Great_Horned_Owl/BC/FAV-0432-18/2023|H5N1|Canada-BC|2023-11-08|avian|A3
225,121,0.0989232084763869,-121.000863579767,51.7294549195004,-121.532161202182,51.7195796480564,1.54487801216747,1.44595480369108,2023.75313158604,2023.85205479452,EPI_ISL_18665542|A/Great_Horned_Owl/BC/AIVPHL-1388/2023|H5N1|Canada-BC|2023-11-08|avian|A3
216,217,0.250367494990252,-126.843267074973,55.9460143719283,-125.461730291349,56.4199431600179,1.54731887097369,1.29695137598344,2023.60412815834,2023.85449565333,NA
226,131,0.49178885869457,-124.659874315828,51.4800954913353,-131.42370833033,59.646704060638,1.54761773819483,1.05582887950026,2023.36300566185,2023.85479452055,EPI_ISL_19776003|A/Barred_Owl/BC/FAV-0015-21/2024|H5N1|Canada-BC|2023-11-09|avian|A3
211,90,0.0876457922641414,-119.150155238349,50.4499423553319,-118.424854512686,50.9133375792861,1.55035746422218,1.46271167195804,2023.76988845431,2023.85753424658,EPI_ISL_19776018|A/Red-tailed_Hawk/BC/FAV-0015-22/2024|H5N1|Canada-BC|2023-11-10|avian|A3
