time	95%HPD_lower_value	95%HPD_higher_value
2024.24964883367	0	0
2024.25501322498	0	0
2024.2603776163	0	0
2024.26574200761	0	0
2024.27110639893	0	0
2024.27647079024	0	0
2024.28183518155	0	0
2024.28719957287	0	0
2024.29256396418	0	0
2024.2979283555	0	0
2024.30329274681	0	0
2024.30865713812	0	0
2024.31402152944	0	0
2024.31938592075	0	0
2024.32475031207	0	0
2024.33011470338	0	0
2024.33547909469	0	0
2024.34084348601	0	0
2024.34620787732	0	0
2024.35157226864	0	0
2024.35693665995	0	0
2024.36230105126	0	0
2024.36766544258	0	0
2024.37302983389	0	0
2024.37839422521	0	0
2024.38375861652	0	0
2024.38912300783	0	0
2024.39448739915	0	0
2024.39985179046	0	0
2024.40521618178	0	0
2024.41058057309	0	0
2024.4159449644	0	4.23964467092173
2024.42130935572	0	18.2981437641713
2024.42667374703	0	35.1891276327558
2024.43203813835	0	64.7273012775518
2024.43740252966	0	86.2419265800328
2024.44276692097	0	115.924802489245
2024.44813131229	0	156.517922463831
2024.4534957036	0	181.915436507707
2024.45886009492	0	235.171379544138
2024.46422448623	0	295.031724143798
2024.46958887754	0	340.893654980512
2024.47495326886	0	393.306272251322
2024.48031766017	0	434.853680612376
2024.48568205149	0	495.516071870008
2024.4910464428	0	558.695661110095
2024.49641083411	0	634.394862783187
2024.50177522543	0	698.780921661985
2024.50713961674	0	770.932043821022
2024.51250400806	0	839.987504793521
2024.51786839937	0	908.302737283923
2024.52323279068	0	1016.21095461804
2024.528597182	0	1097.25917752877
2024.53396157331	0	1188.23544695519
2024.53932596463	0	1298.41808699017
2024.54469035594	0	1359.92869588655
2024.55005474725	0	1493.58376525211
2024.55541913857	0	1585.63937055813
2024.56078352988	0	1678.48447199036
2024.5661479212	0	1780.10369678516
2024.57151231251	0	1881.28925261254
2024.57687670382	0	2018.2630776794
2024.58224109514	0	2077.68245014456
2024.58760548645	0	2179.73135682882
2024.59296987777	0	2252.05663643289
2024.59833426908	163.75801808944	2472.40490591317
2024.60369866039	216.608327775222	2554.18712634562
2024.60906305171	346.835591135355	2689.08096520333
2024.61442744302	438.22932248825	2792.73456360883
2024.61979183434	487.433562689472	2850.75125670127
2024.62515622565	643.935112813457	3002.65223723078
2024.63052061696	733.17787892101	3157.17210648301
2024.63588500828	779.172855231008	3276.90395660888
2024.64124939959	827.120304652832	3371.41016417514
2024.64661379091	954.055231162879	3569.04014182736
2024.65197818222	1055.33230451258	3709.72884680806
2024.65734257353	1167.05203898475	3827.35591211493
2024.66270696485	1227.72406876431	3941.5110747423
2024.66807135616	1283.67013123	4004.97165908372
2024.67343574748	1392.95831653416	4166.31396552289
2024.67880013879	1672.07858809663	4456.52201164568
2024.6841645301	1811.39075215763	4554.9499507342
2024.68952892142	1935.39984244129	4706.92448428519
2024.69489331273	2160.1898982792	4925.04075358977
2024.70025770405	2261.29192186469	5105.95526351167
2024.70562209536	2297.2791458295	5263.15105516081
2024.71098648667	2516.41664769871	5525.59290544536
2024.71635087799	2504.90785109608	5580.77478634654
2024.7217152693	2795.31020621643	5863.22739946657
2024.72707966062	2924.49225700292	5961.22287731464
2024.73244405193	3202.34658002529	6301.06499838428
2024.73780844324	3329.98792764135	6466.48819405261
2024.74317283456	3325.77415628756	6499.14113947866
2024.74853722587	3346.35033568967	6495.96950471818
2024.75390161719	3507.04533123368	6708.13984781604
2024.7592660085	3658.7363706733	6954.99289952633
2024.76463039981	3558.83576701902	6890.7530749928
2024.76999479113	3554.76103759575	6924.31500910876
2024.77535918244	3611.10751293404	6991.46626537191
2024.78072357376	3690.80994088134	7095.56006529285
2024.78608796507	3690.80994088134	7095.56006529285
