time	95%HPD_lower_value	95%HPD_higher_value
2024.24964883367	0	0
2024.25501322498	0	0
2024.2603776163	0	0
2024.26574200761	0	0
2024.27110639893	0	0
2024.27647079024	0	0
2024.28183518155	0	0
2024.28719957287	0	0
2024.29256396418	0	0
2024.2979283555	0	0
2024.30329274681	0	0
2024.30865713812	0	0
2024.31402152944	0	0
2024.31938592075	0	0
2024.32475031207	0	0
2024.33011470338	0	0
2024.33547909469	0	0
2024.34084348601	0	0
2024.34620787732	0	0
2024.35157226864	0	0
2024.35693665995	0	0
2024.36230105126	0	0
2024.36766544258	0	0
2024.37302983389	0	0
2024.37839422521	0	0
2024.38375861652	0	0
2024.38912300783	0	0
2024.39448739915	0	0
2024.39985179046	0	0
2024.40521618178	0	0
2024.41058057309	0	0
2024.4159449644	0	4.23964467092173
2024.42130935572	0	18.2981437641713
2024.42667374703	0	35.1891276327558
2024.43203813835	0	64.7273012775518
2024.43740252966	0	84.7598416372083
2024.44276692097	0	115.924802489245
2024.44813131229	0	147.908937157567
2024.4534957036	0	181.789115547407
2024.45886009492	0	226.674159937471
2024.46422448623	0	267.320947826472
2024.46958887754	0	335.982833555315
2024.47495326886	0	380.630906126573
2024.48031766017	0	420.488278814956
2024.48568205149	0	462.822259932845
2024.4910464428	0	539.273617835994
2024.49641083411	0	593.984150791045
2024.50177522543	0	652.733049692037
2024.50713961674	0	702.038261767871
2024.51250400806	0	763.843835087866
2024.51786839937	0	843.353514406452
2024.52323279068	0	920.058854165278
2024.528597182	0	976.857874092135
2024.53396157331	0	1022.27521402315
2024.53932596463	0	1056.57140683775
2024.54469035594	0	1133.18409744744
2024.55005474725	0	1199.57094096011
2024.55541913857	0	1264.08317925282
2024.56078352988	0	1300.23641219521
2024.5661479212	0	1375.42977775219
2024.57151231251	0	1433.93088270394
2024.57687670382	0	1475.71299726784
2024.58224109514	0	1548.75130746716
2024.58760548645	0	1609.7595512403
2024.59296987777	130.71423180635	1787.83147673065
2024.59833426908	157.969432950472	1828.99020616013
2024.60369866039	210.772400268068	1860.53082326558
2024.60906305171	232.334058928334	1919.8606099367
2024.61442744302	232.334058928334	1972.2447969404
2024.61979183434	345.943644777618	2125.50485493723
2024.62515622565	380.165734944255	2189.42819737655
2024.63052061696	419.130417660835	2222.54144701147
2024.63588500828	437.953873982065	2253.55345195288
2024.64124939959	522.316095267031	2345.16388760906
2024.64661379091	591.205761080662	2406.63216535122
2024.65197818222	679.069920242677	2470.45458711908
2024.65734257353	785.954311307908	2570.67227902494
2024.66270696485	807.005410965527	2629.18061357458
2024.66807135616	928.739364201272	2774.9266202418
2024.67343574748	895.246194097586	2742.3388400395
2024.67880013879	1008.25918912782	2838.49596359906
2024.6841645301	1164.73057700339	3002.03738685061
2024.68952892142	1206.36071200801	3057.77698850489
2024.69489331273	1265.12817447336	3054.20405463425
2024.70025770405	1340.73769598851	3134.48771602677
2024.70562209536	1519.60817356448	3279.67924657636
2024.71098648667	1648.96049992857	3352.29997529493
2024.71635087799	1869.48924904746	3502.2938693032
2024.7217152693	2025.03913357253	3594.60514215478
2024.72707966062	2149.09497325529	3626.97957381539
2024.73244405193	2390.4324856227	3732.96538730567
2024.73780844324	2402.08711917102	3757.74545903001
2024.74317283456	2496.27264888914	3808.03941824905
2024.74853722587	2519.91848692015	3808.64366717382
2024.75390161719	2554.03884229218	3809.24781622234
2024.7592660085	2579.62741286752	3828.17382250078
2024.76463039981	2625.55859326436	3928.08094004944
2024.76999479113	2626.27626116724	3932.8914311643
2024.77535918244	2626.27626116724	3949.08897618782
2024.78072357376	2626.27626116724	3965.94199960968
2024.78608796507	2626.27626116724	3965.94199960968
