node1,node2,length,startLon,startLat,endLon,endLat,endNodeL,startNodeL,startYear,endYear,tipLabel,genotype
532,536,0.0260277352435656,-92.9235761831388,43.9142197469455,-96.0934622636327,45.7890515046359,0.0260277352435656,0,2022.03891539829,2022.06494313353,NA,B32
536,625,0.00482563450389373,-96.0934622636327,45.7890515046359,-97.1969179593966,47.1105221170517,0.0308533697474593,0.0260277352435656,2022.06494313353,2022.06976876804,NA,B32
625,626,0.00301766669009451,-97.1969179593966,47.1105221170517,-98.1502739102567,47.2923771769029,0.0338710364375538,0.0308533697474593,2022.06976876804,2022.07278643473,NA,B32
626,1059,0.000202419092354855,-98.1502739102567,47.2923771769029,-99.1181247602116,47.5145350531614,0.0340734555299087,0.0338710364375538,2022.07278643473,2022.07298885382,NA,B32
626,627,0.000604503816412194,-98.1502739102567,47.2923771769029,-96.6403106141714,47.3211633808796,0.034475540253966,0.0338710364375538,2022.07278643473,2022.07339093854,NA,B32
627,632,0.00134601869193363,-96.6403106141714,47.3211633808796,-96.4498832295378,47.6120964650837,0.0358215589458997,0.034475540253966,2022.07339093854,2022.07473695723,NA,B32
536,537,0.0108142521071315,-96.0934622636327,45.7890515046359,-96.5540765087671,46.4052167266177,0.0368419873506971,0.0260277352435656,2022.06494313353,2022.07575738564,NA,B32
632,1043,0.0015851627528165,-96.4498832295378,47.6120964650837,-96.7154905010542,46.3534078340163,0.0374067216987162,0.0358215589458997,2022.07473695723,2022.07632211999,NA,B32
1043,1044,0.000155298181180541,-96.7154905010542,46.3534078340163,-96.7158017639477,46.3535075315185,0.0375620198798967,0.0374067216987162,2022.07632211999,2022.07647741817,NA,B32
537,624,0.000903819934508388,-96.5540765087671,46.4052167266177,-96.1289926722653,46.2838112283208,0.0377458072852055,0.0368419873506971,2022.07575738564,2022.07666120557,NA,B32
627,628,0.00337392283274696,-96.6403106141714,47.3211633808796,-96.6558642444958,47.2625974692147,0.037849463086713,0.034475540253966,2022.07339093854,2022.07676486138,NA,B32
632,633,0.00228924086491444,-96.4498832295378,47.6120964650837,-96.1828403138959,47.0683869591951,0.0381107998108141,0.0358215589458997,2022.07473695723,2022.0770261981,NA,B32
628,631,0.000747403375007671,-96.6558642444958,47.2625974692147,-96.9592550966192,47.5210267777694,0.0385968664617207,0.037849463086713,2022.07676486138,2022.07751226475,NA,B32
1043,1046,0.00635149694577342,-96.7154905010542,46.3534078340163,-100.094302971791,46.193347584077,0.0437582186444896,0.0374067216987162,2022.07632211999,2022.08267361693,NA,B32
537,538,0.0165526183241491,-96.5540765087671,46.4052167266177,-95.4920934731612,45.7448244871954,0.0533946056748462,0.0368419873506971,2022.07575738564,2022.09231000396,NA,B32
1059,1060,0.0194663546442975,-99.1181247602116,47.5145350531614,-100.157633747006,48.6786010595679,0.0535398101742062,0.0340734555299087,2022.07298885382,2022.09245520846,NA,B32
1044,1045,0.0324182084146298,-96.7158017639477,46.3535075315185,-93.8613813151994,41.1728555576868,0.0699802282945265,0.0375620198798967,2022.07647741817,2022.10889562658,NA,B32
633,634,0.0378259154697331,-96.1828403138959,47.0683869591951,-100.656718116019,47.6917870769051,0.0759367152805472,0.0381107998108141,2022.0770261981,2022.11485211357,NA,B32
634,635,0.0212409920227734,-100.656718116019,47.6917870769051,-93.6267278998385,45.8999691991739,0.0971777073033206,0.0759367152805472,2022.11485211357,2022.13609310559,NA,B32
538,539,0.0537006657296781,-95.4920934731612,45.7448244871954,-91.9018981648428,45.7515628515305,0.107095271404524,0.0533946056748462,2022.09231000396,2022.14601066969,NA,B32
539,540,0.00229232192521778,-91.9018981648428,45.7515628515305,-92.2604790982482,45.9264808488067,0.109387593329742,0.107095271404524,2022.14601066969,2022.14830299162,NA,B32
540,541,0.00429337904501637,-92.2604790982482,45.9264808488067,-92.6212057682266,45.87420864409,0.113680972374758,0.109387593329742,2022.14830299162,2022.15259637066,NA,B32
1046,1052,0.0732796374073748,-100.094302971791,46.193347584077,-107.841214345224,50.0818636801158,0.117037856051864,0.0437582186444896,2022.08267361693,2022.15595325434,NA,B32
540,613,0.00979050162711559,-92.2604790982482,45.9264808488067,-90.2096657029026,45.5580275702649,0.119178094956858,0.109387593329742,2022.14830299162,2022.15809349325,NA,B32
634,636,0.0447763610290299,-100.656718116019,47.6917870769051,-109.912917390539,50.3812027525922,0.120713076309577,0.0759367152805472,2022.11485211357,2022.1596284746,NA,B32
1052,1053,0.00983161982178027,-107.841214345224,50.0818636801158,-106.183025147071,49.0016081312456,0.126869475873645,0.117037856051864,2022.15595325434,2022.16578487416,NA,B32
1046,1047,0.0856907787089476,-100.094302971791,46.193347584077,-106.673520467461,42.3529551343328,0.129448997353437,0.0437582186444896,2022.08267361693,2022.16836439564,NA,B32
1053,1054,0.00760563763616373,-106.183025147071,49.0016081312456,-105.369686462771,47.6678681742989,0.134475113509808,0.126869475873645,2022.16578487416,2022.1733905118,NA,B32
541,542,0.0254651136360784,-92.6212057682266,45.87420864409,-92.4607215559188,45.5620104916845,0.139146086010837,0.113680972374758,2022.15259637066,2022.1780614843,NA,B32
1047,1048,0.0127205202762481,-106.673520467461,42.3529551343328,-111.564435153398,43.456881336002,0.142169517629685,0.129448997353437,2022.16836439564,2022.18108491592,NA,B32
1054,1055,0.0092560383872029,-105.369686462771,47.6678681742989,-107.337805789708,50.2907404586336,0.143731151897011,0.134475113509808,2022.1733905118,2022.18264655019,NA,B32
1055,1056,0.00188095691985168,-107.337805789708,50.2907404586336,-107.014885435567,50.682955198068,0.145612108816863,0.143731151897011,2022.18264655019,2022.18452750711,NA,B32
532,533,0.149361955876126,-92.9235761831388,43.9142197469455,-86.9871162984398,39.0253371122738,0.149361955876126,0,2022.03891539829,2022.18827735416,NA,B32
1056,1057,0.00718006238401969,-107.014885435567,50.682955198068,-100.543243695635,47.1273964375295,0.152792171200883,0.145612108816863,2022.18452750711,2022.19170756949,NA,B32
628,629,0.117287320612713,-96.6558642444958,47.2625974692147,-89.3054134173225,49.2562875458214,0.155136783699426,0.037849463086713,2022.07676486138,2022.19405218199,NA,B32
542,544,0.0174351602298009,-92.4607215559188,45.5620104916845,-93.7402953245012,45.4574668376146,0.156581246240638,0.139146086010837,2022.1780614843,2022.19549664453,NA,B32
636,637,0.0377163716687257,-109.912917390539,50.3812027525922,-109.144973322531,51.848359690279,0.158429447978303,0.120713076309577,2022.1596284746,2022.19734484627,NA,B32
613,614,0.0473574075220369,-90.2096657029026,45.5580275702649,-90.9917303158482,45.5062650235807,0.166535502478895,0.119178094956858,2022.15809349325,2022.20545090077,NA,B32
544,545,0.0111180115295766,-93.7402953245012,45.4574668376146,-92.3353226593189,45.0455474761237,0.167699257770214,0.156581246240638,2022.19549664453,2022.20661465606,NA,B32
637,638,0.0162014578929441,-109.144973322531,51.848359690279,-107.742406891807,50.746230996183,0.174630905871247,0.158429447978303,2022.19734484627,2022.21354630416,NA,B32
1060,1061,0.124392499627541,-100.157633747006,48.6786010595679,-97.4185326110522,44.3315140917699,0.177932309801747,0.0535398101742062,2022.09245520846,2022.21684770809,NA,B32
542,543,0.0405757259550605,-92.4607215559188,45.5620104916845,-91.9224938798582,46.0208378884683,0.179721811965897,0.139146086010837,2022.1780614843,2022.21863721025,NA,B32
1061,1,0.00233037410118087,-97.4185326110522,44.3315140917699,-97.4034081854211,44.1989429210809,0.180262683902928,0.177932309801747,2022.21684770809,2022.21917808219,A/chicken/South_Dakota/22-008704-002/2022|H5N1|USA-SD|2022-03-22|avian|B3.2,B32
1061,2,0.00233037410118087,-97.4185326110522,44.3315140917699,-97.6958103984554,44.4183264872844,0.180262683902928,0.177932309801747,2022.21684770809,2022.21917808219,A/chicken/South_Dakota/22-008704-001/2022|H5N1|USA-SD|2022-03-22|avian|B3.2,B32
1059,10,0.148928954400377,-99.1181247602116,47.5145350531614,-99.1399476334608,47.5574847652357,0.183002409930285,0.0340734555299087,2022.07298885382,2022.22191780822,A/Snow_Goose/North_Dakota/22-009481-003/2022|H5N1|USA-ND|2022-03-23|avian|B3.2,B32
624,531,0.14525660264508,-96.1289926722653,46.2838112283208,-98.7868314427002,47.4493391083454,0.183002409930285,0.0377458072852055,2022.07666120557,2022.22191780822,A/Ross_s_Goose/North_Dakota/22-009481-019/2022|H5N1|USA-ND|2022-03-23|avian|B3.2,B32
614,615,0.0270714569107771,-90.9917303158482,45.5062650235807,-90.6197048625588,44.915506894384,0.193606959389672,0.166535502478895,2022.20545090077,2022.23252235768,NA,B32
545,458,0.0317415083244428,-92.3353226593189,45.0455474761237,-93.2413087806088,44.5402169891905,0.199440766094657,0.167699257770214,2022.20661465606,2022.23835616438,A/American_Crow/Minnesota/22-009668-001/2022|H5N1|USA-MN|2022-03-29|avian|B3.2,B32
636,640,0.0813652637635043,-109.912917390539,50.3812027525922,-117.994622016393,52.571607054581,0.202078340073081,0.120713076309577,2022.1596284746,2022.24099373836,NA,B32
640,650,0.000510670231714805,-117.994622016393,52.571607054581,-118.230165552116,52.6418087370832,0.202589010304796,0.202078340073081,2022.24099373836,2022.24150440859,NA,B32
650,693,0.000430879174050602,-118.230165552116,52.6418087370832,-120.688511457081,52.8046109273367,0.203019889478847,0.202589010304796,2022.24150440859,2022.24193528777,NA,B32
650,651,0.000496869038264514,-118.230165552116,52.6418087370832,-117.647578943216,52.4250517352127,0.203085879343061,0.202589010304796,2022.24150440859,2022.24200127763,NA,B32
640,641,0.00368729430293602,-117.994622016393,52.571607054581,-118.071066813987,53.7657725719055,0.205765634376017,0.202078340073081,2022.24099373836,2022.24468103266,NA,B32
638,639,0.0323484880037848,-107.742406891807,50.746230996183,-108.292528433058,50.8995607602831,0.206979393875032,0.174630905871247,2022.21354630416,2022.24589479216,NA,B32
693,703,0.00409563061702256,-120.688511457081,52.8046109273367,-123.224796242373,53.6962868987666,0.207115520095869,0.203019889478847,2022.24193528777,2022.24603091838,NA,B32
544,550,0.0506021620664603,-93.7402953245012,45.4574668376146,-93.8971610011113,45.655597461409,0.207183408307098,0.156581246240638,2022.19549664453,2022.2460988066,NA,B32
539,621,0.101934985748443,-91.9018981648428,45.7515628515305,-91.1791258986838,47.3328003586002,0.209030257152967,0.107095271404524,2022.14601066969,2022.24794565544,NA,B32
703,1038,0.00561022282824997,-123.224796242373,53.6962868987666,-123.152960217149,53.7630008794477,0.212725742924119,0.207115520095869,2022.24603091838,2022.25164114121,NA,B32
615,450,0.0195324368419998,-90.6197048625588,44.915506894384,-90.0379893546025,45.2004388324386,0.213139396231671,0.193606959389672,2022.23252235768,2022.25205479452,A/Hooded_Merganser/Wisconsin/22-011817-001/2022|H5N1|USA-WI|2022-04-03|avian|B3.2,B32
1052,23,0.0988412662071645,-107.841214345224,50.0818636801158,-107.927121149566,49.5086472334473,0.215879122259029,0.117037856051864,2022.15595325434,2022.25479452055,A/Snow_Goose/SK/FAV-0216-5/2022|H5N1|Canada-SK|2022-04-04|avian|B3.2,B32
703,704,0.0092327470089022,-123.224796242373,53.6962868987666,-119.209912797331,49.9692348010245,0.216348267104772,0.207115520095869,2022.24603091838,2022.25526366539,NA,B32
635,33,0.126920593038008,-93.6267278998385,45.8999691991739,-101.399048517009,49.6055159920987,0.224098300341328,0.0971777073033206,2022.13609310559,2022.26301369863,A/Red_Fox/MB/FAV-370-01/2022|H5N1|Canada-MB|2022-04-07|other_mammal|B3.2,B32
704,708,0.00817400704336402,-119.209912797331,49.9692348010245,-119.428802734009,49.9728289221664,0.224522274148136,0.216348267104772,2022.25526366539,2022.26343767244,NA,B32
615,616,0.0320583951446971,-90.6197048625588,44.915506894384,-87.4413316745891,45.1992722068212,0.225665354534369,0.193606959389672,2022.23252235768,2022.26458075282,NA,B32
1057,18,0.0740458551678032,-100.543243695635,47.1273964375295,-98.8367199740654,50.2486998774593,0.226838026368686,0.152792171200883,2022.19170756949,2022.26575342466,A/Snow_Goose/MB/FAV-0227-3/2022|H5N1|Canada-MB|2022-04-08|avian|B3.2,B32
651,653,0.0279131732099938,-117.647578943216,52.4250517352127,-121.94078720907,58.9760206707898,0.230999052553055,0.203085879343061,2022.24200127763,2022.26991445084,NA,B32
708,709,0.0130205894812607,-119.428802734009,49.9728289221664,-112.787902316846,49.7385014388914,0.237542863629396,0.224522274148136,2022.26343767244,2022.27645826192,NA,B32
629,630,0.0824099593384231,-89.3054134173225,49.2562875458214,-98.2460078033615,53.0877743498343,0.237546743037849,0.155136783699426,2022.19405218199,2022.27646214133,NA,B32
1048,1049,0.100073219530726,-111.564435153398,43.456881336002,-111.47605787909,43.3167337426356,0.242242737160411,0.142169517629685,2022.18108491592,2022.28115813545,NA,B32
550,527,0.0360929742259595,-93.8971610011113,45.655597461409,-92.1683074801308,45.2078061956136,0.243276382533058,0.207183408307098,2022.2460988066,2022.28219178082,A/fisher/Wisconsin/22-019946-001/2022|H5N1|USA-WI|2022-04-14|other_mammal|B3.2,B32
621,449,0.0342461253800903,-91.1791258986838,47.3328003586002,-92.0423230543552,46.1541271322943,0.243276382533058,0.209030257152967,2022.24794565544,2022.28219178082,A/wood_duck/Wisconsin/22-014367-001/2022|H5N1|USA-WI|2022-04-14|avian|B3.2,B32
1045,30,0.176035880265888,-93.8613813151994,41.1728555576868,-91.2989093872352,41.3153637902522,0.246016108560415,0.0699802282945265,2022.10889562658,2022.28493150685,A/Peregrine_Falcon/Iowa/22-012093-001/2022|H5N1|USA-IA|2022-04-15|avian|B3.2,B32
641,642,0.044546503421536,-118.071066813987,53.7657725719055,-111.575346913372,57.8255634102418,0.250312137797553,0.205765634376017,2022.24468103266,2022.28922753609,NA,B32
704,705,0.0405597760078322,-119.209912797331,49.9692348010245,-124.053850124969,52.3331062147337,0.256908043112604,0.216348267104772,2022.25526366539,2022.2958234414,NA,B32
653,654,0.0305276350085273,-121.94078720907,58.9760206707898,-133.018841455943,56.9503514158868,0.261526687561582,0.230999052553055,2022.26991445084,2022.30044208585,NA,B32
631,11,0.226597324290423,-96.9592550966192,47.5210267777694,-93.4863111156338,45.312869064093,0.265194190752144,0.0385968664617207,2022.07751226475,2022.30410958904,A/fox/Minnesota/22-014182-001/2022|H5N1|USA-MN|2022-04-22|other_mammal|B3.2,B32
616,451,0.0395288362177752,-87.4413316745891,45.1992722068212,-87.682027959553,45.2206615492676,0.265194190752144,0.225665354534369,2022.26458075282,2022.30410958904,A/domestic_goose/Michigan/22-012454-002/2022|H5N1|USA-MI|2022-04-22|avian|B3.2,B32
616,452,0.0395288362177752,-87.4413316745891,45.1992722068212,-87.4407349381545,45.5486639694142,0.265194190752144,0.225665354534369,2022.26458075282,2022.30410958904,A/domestic_duck/Michigan/22-012454-001/2022|H5N1|USA-MI|2022-04-22|avian|B3.2,B32
1038,1039,0.0544421533518786,-123.152960217149,53.7630008794477,-135.623549797091,56.0945714883114,0.267167896275998,0.212725742924119,2022.25164114121,2022.30608329456,NA,B32
708,1031,0.0427744763453428,-119.428802734009,49.9728289221664,-114.906952909068,43.474380730663,0.267296750493478,0.224522274148136,2022.26343767244,2022.30621214878,NA,B32
538,530,0.220018763159597,-95.4920934731612,45.7448244871954,-88.0834013441448,42.3575175662455,0.273413368834444,0.0533946056748462,2022.09231000396,2022.31232876712,A/american_white_pelican/Illinois/22-013436-001/2022|H5N1|USA-IL|2022-04-25|avian|B3.2,B32
1047,28,0.143964371481006,-106.673520467461,42.3529551343328,-106.377285868455,41.0643720715594,0.273413368834444,0.129448997353437,2022.16836439564,2022.31232876712,A/Great_Horned_Owl/Wyoming/22-013016-002/2022|H5N1|USA-WY|2022-04-25|avian|B3.2,B32
1045,31,0.206172866567274,-93.8613813151994,41.1728555576868,-96.1819702314225,41.434594620641,0.276153094861801,0.0699802282945265,2022.10889562658,2022.31506849315,A/chicken/Nebraska/22-013105-001/2022|H5N1|USA-NE|2022-04-26|avian|B3.2,B32
709,710,0.0389383357571109,-112.787902316846,49.7385014388914,-112.786534908714,49.7353225847013,0.276481199386507,0.237542863629396,2022.27645826192,2022.31539659768,NA,B32
621,622,0.0689790834578168,-91.1791258986838,47.3328003586002,-90.2778810562068,45.5872044750254,0.278009340610784,0.209030257152967,2022.24794565544,2022.3169247389,NA,B32
630,6,0.0413460778513093,-98.2460078033615,53.0877743498343,-98.2747775192952,52.9267470631089,0.278892820889158,0.237546743037849,2022.27646214133,2022.31780821918,A/Turkey_Vulture/MB/FAV-0415-5/2022|H5N1|Canada-MB|2022-04-27|avian|B3.2,B32
1031,1032,0.0127599544621932,-114.906952909068,43.474380730663,-112.275006171962,42.7176193131581,0.280056704955672,0.267296750493478,2022.30621214878,2022.31897210324,NA,B32
1060,3,0.228092736742537,-100.157633747006,48.6786010595679,-99.0150310196663,48.5667948692693,0.281632546916743,0.0535398101742062,2022.09245520846,2022.32054794521,A/snow_goose/North_Dakota/22-013421-001/2022|H5N1|USA-ND|2022-04-28|avian|B3.2,B32
1057,17,0.12884037571586,-100.543243695635,47.1273964375295,-105.520520302047,58.724882918272,0.281632546916743,0.152792171200883,2022.19170756949,2022.32054794521,A/American_Crow/SK/FAV-0575-18/2022|H5N1|Canada-SK|2022-04-28|avian|B3.2,B32
1054,16,0.149897159434292,-105.369686462771,47.6678681742989,-93.0885434300985,45.1064243937535,0.2843722729441,0.134475113509808,2022.1733905118,2022.32328767123,A/barred_owl/Minnesota/22-013395-005/2022|H5N1|USA-MN|2022-04-29|avian|B3.2,B32
653,391,0.053373220391046,-121.94078720907,58.9760206707898,-118.234805442973,54.5469256009471,0.2843722729441,0.230999052553055,2022.26991445084,2022.32328767123,A/Snow_Goose/AB/FAV-0505-32/2022|H5N1|Canada-AB|2022-04-29|avian|B3.2,B32
1039,378,0.0172043766681025,-135.623549797091,56.0945714883114,-149.893611,61.216667,0.2843722729441,0.267167896275998,2022.30608329456,2022.32328767123,A/Canada_goose/Alaska/22-013831-003/2022|H5N1|USA-AK|2022-04-29|avian|B3.2,B32
624,9,0.249366191686252,-96.1289926722653,46.2838112283208,-87.322018387364,44.8867357989692,0.287111998971458,0.0377458072852055,2022.07666120557,2022.32602739726,A/american_crow/Wisconsin/22-016277-001/2022|H5N1|USA-WI|2022-04-30|avian|B3.2,B32
545,546,0.121995260919225,-92.3353226593189,45.0455474761237,-89.191722413047,50.0245596703671,0.28969451868944,0.167699257770214,2022.20661465606,2022.32860991698,NA,B32
622,448,0.0118423843880313,-90.2778810562068,45.5872044750254,-91.6668471974095,45.2665238117218,0.289851724998815,0.278009340610784,2022.3169247389,2022.32876712329,A/turkey/Wisconsin/22-013448-001/2022|H5N1|USA-WI|2022-05-01|avian|B3.2,B32
1056,1058,0.145025719350908,-107.014885435567,50.682955198068,-112.014878414986,49.9749982346558,0.290637828167771,0.145612108816863,2022.18452750711,2022.32955322646,NA,B32
642,643,0.0422018564203928,-111.575346913372,57.8255634102418,-123.537133808074,55.5673699054542,0.292513994217946,0.250312137797553,2022.28922753609,2022.33142939251,NA,B32
654,655,0.0339949358332738,-133.018841455943,56.9503514158868,-132.454495807587,55.9747795094061,0.295521623394856,0.261526687561582,2022.30044208585,2022.33443702168,NA,B32
1058,20,0.00743307491334422,-112.014878414986,49.9749982346558,-111.231545069311,49.3342590269717,0.298070903081115,0.290637828167771,2022.32955322646,2022.33698630137,A/Striped_Skunk/AB/FAV-0918-17/2022|H5N1|Canada-AB|2022-05-04|other_mammal|B3.2,B32
710,711,0.0219315274376601,-112.786534908714,49.7353225847013,-101.10376006713,36.8455614783283,0.298412726824167,0.276481199386507,2022.31539659768,2022.33732812511,NA,B32
622,623,0.0218525342535316,-90.2778810562068,45.5872044750254,-91.6271969049104,45.5818832592384,0.299861874864316,0.278009340610784,2022.3169247389,2022.33877727315,NA,B32
643,644,0.00749449953268488,-123.537133808074,55.5673699054542,-124.356464259505,55.4882741656564,0.300008493750631,0.292513994217946,2022.33142939251,2022.33892389204,NA,B32
1048,29,0.158641111478787,-111.564435153398,43.456881336002,-111.098859838261,43.1117742992917,0.300810629108472,0.142169517629685,2022.18108491592,2022.3397260274,A/turkey_vulture/Idaho/22-014968-007/2022|H5N1|USA-ID|2022-05-05|avian|B3.2,B32
629,4,0.145673845409046,-89.3054134173225,49.2562875458214,-98.9091536232688,47.0911212041956,0.300810629108472,0.155136783699426,2022.19405218199,2022.3397260274,A/american_crow/North_Dakota/22-014532-001/2022|H5N1|USA-ND|2022-05-05|avian|B3.2,B32
543,529,0.121088817142575,-91.9224938798582,46.0208378884683,-102.27513376394,53.1910853660837,0.300810629108472,0.179721811965897,2022.21863721025,2022.3397260274,A/Red_Fox/SK/FAV-0824-96/2022|H5N1|Canada-SK|2022-05-05|other_mammal|B3.2,B32
623,446,0.000948754244156636,-91.6271969049104,45.5818832592384,-91.5960736073132,45.5996604646124,0.300810629108472,0.299861874864316,2022.33877727315,2022.3397260274,A/turkey/Wisconsin/22-014126-001/2022|H5N1|USA-WI|2022-05-05|avian|B3.2,B32
635,34,0.206372647832509,-93.6267278998385,45.8999691991739,-93.6680435762376,42.9452081230774,0.30355035513583,0.0971777073033206,2022.13609310559,2022.34246575342,A/fox/Iowa/22-014421-001/2022|H5N1|USA-IA|2022-05-06|other_mammal|B3.2,B32
1049,1050,0.0638218049936272,-111.47605787909,43.3167337426356,-109.685120200479,39.487581376588,0.306064542154039,0.242242737160411,2022.28115813545,2022.34497994044,NA,B32
711,713,0.0114720333928005,-101.10376006713,36.8455614783283,-100.468837070994,35.8624509998316,0.309884760216968,0.298412726824167,2022.33732812511,2022.34880015851,NA,B32
1032,1034,0.029916986330949,-112.275006171962,42.7176193131581,-116.316526186786,43.75214512976,0.309973691286621,0.280056704955672,2022.31897210324,2022.34888908958,NA,B32
1055,19,0.168038381320891,-107.337805789708,50.2907404586336,-93.5570568101754,45.1194510078541,0.311769533217902,0.143731151897011,2022.18264655019,2022.35068493151,A/red_fox/Minnesota/22-014661-002/2022|H5N1|USA-MN|2022-05-09|other_mammal|B3.2,B32
713,714,0.00342064691997068,-100.468837070994,35.8624509998316,-99.2497849172095,34.8246594290674,0.313305407136939,0.309884760216968,2022.34880015851,2022.35222080543,NA,B32
533,535,0.167054427183522,-86.9871162984398,39.0253371122738,-89.0480681606376,42.4478545087415,0.316416383059648,0.149361955876126,2022.18827735416,2022.35533178135,NA,B32
614,617,0.150129424086981,-90.9917303158482,45.5062650235807,-91.1938930642408,45.5903276110227,0.316664926565876,0.166535502478895,2022.20545090077,2022.35558032485,NA,B32
623,447,0.0173871104085284,-91.6271969049104,45.5818832592384,-91.7015830222046,45.4599587160397,0.317248985272844,0.299861874864316,2022.33877727315,2022.35616438356,A/turkey/Wisconsin/22-014948-001/2022|H5N1|USA-WI|2022-05-11|avian|B3.2,B32
713,853,0.0077410066435375,-100.468837070994,35.8624509998316,-98.9682515525633,35.9994326917861,0.317625766860505,0.309884760216968,2022.34880015851,2022.35654116515,NA,B32
541,453,0.2090474649528,-92.6212057682266,45.87420864409,-93.5643529809281,47.1546429905881,0.322728437327559,0.113680972374758,2022.15259637066,2022.36164383562,A/fox/Minnesota/22-016487-001/2022|H5N1|USA-MN|2022-05-13|other_mammal|B3.2,B32
1049,27,0.0804857001671473,-111.47605787909,43.3167337426356,-111.76855855871,40.7036070004368,0.322728437327559,0.242242737160411,2022.28115813545,2022.36164383562,A/chicken/Utah/22-015245-001/2022|H5N1|USA-UT|2022-05-13|avian|B3.2,B32
535,14,0.00905178029526832,-89.0480681606376,42.4478545087415,-88.8442251753705,42.4463323338437,0.325468163354916,0.316416383059648,2022.35533178135,2022.36438356164,A/chicken/Illinois/22-015233-006/2022|H5N1|USA-IL|2022-05-14|avian|B3.2,B32
535,15,0.00905178029526832,-89.0480681606376,42.4478545087415,-88.9154205038089,42.390282910851,0.325468163354916,0.316416383059648,2022.35533178135,2022.36438356164,A/chicken/Illinois/22-015233-005/2022|H5N1|USA-IL|2022-05-14|avian|B3.2,B32
714,717,0.0140121150638119,-99.2497849172095,34.8246594290674,-99.2450262132637,35.4754997515294,0.32731752220075,0.313305407136939,2022.35222080543,2022.36623292049,NA,B32
705,706,0.0708948378628174,-124.053850124969,52.3331062147337,-119.244205259629,52.5799026368514,0.327802880975421,0.256908043112604,2022.2958234414,2022.36671827926,NA,B32
546,463,0.0412530967204185,-89.191722413047,50.0245596703671,-93.30649898846,49.477153624057,0.330947615409858,0.28969451868944,2022.32860991698,2022.3698630137,A/American_White_Pelican/ON/FAV-0803-1/2022|H5N1|Canada-ON|2022-05-16|avian|B3.2,B32
1032,1033,0.0559662856240739,-112.275006171962,42.7176193131581,-117.737716583496,44.5162755871675,0.336022990579746,0.280056704955672,2022.31897210324,2022.37493838887,NA,B32
639,442,0.132187399616899,-108.292528433058,50.8995607602831,-108.03459465593,49.9856147898414,0.33916679349193,0.206979393875032,2022.24589479216,2022.37808219178,A/Red_Fox/SK/FAV-0548-03/2022|H5N1|Canada-SK|2022-05-19|other_mammal|B3.2,B32
630,5,0.107099502509024,-98.2460078033615,53.0877743498343,-99.7488478523434,53.1658954106186,0.344646245546873,0.237546743037849,2022.27646214133,2022.38356164384,A/American_Crow/MB/FAV-0687-5/2022|H5N1|Canada-MB|2022-05-21|avian|B3.2,B32
853,854,0.0297534250826192,-98.9682515525633,35.9994326917861,-106.238163058754,45.1235516261671,0.347379191943125,0.317625766860505,2022.35654116515,2022.38629459023,NA,B32
543,528,0.17040388563569,-91.9224938798582,46.0208378884683,-93.6726159926642,45.1396039895119,0.350125697601587,0.179721811965897,2022.21863721025,2022.38904109589,A/peregrine_falcon/Minnesota/22-016225-001/2022|H5N1|USA-MN|2022-05-23|avian|B3.2,B32
706,707,0.0288172284640544,-119.244205259629,52.5799026368514,-119.578735991352,51.9474189794713,0.356620109439476,0.327802880975421,2022.36671827926,2022.39553550773,NA,B32
1053,22,0.2342151258376,-106.183025147071,49.0016081312456,-115.863144086432,53.0664183569622,0.361084601711244,0.126869475873645,2022.16578487416,2022.4,A/Common_Raven/AB/FAV-0833-35/2022|H5N1|Canada-AB|2022-05-27|avian|B3.2,B32
707,37,0.0044644922717687,-119.578735991352,51.9474189794713,-119.82076783223,51.5591831531005,0.361084601711244,0.356620109439476,2022.39553550773,2022.4,A/American_White_Pelican/BC/FAV-0585-1/2022|H5N1|Canada-BC|2022-05-27|avian|B3.2,B32
707,38,0.0044644922717687,-119.578735991352,51.9474189794713,-118.964897917428,51.8467025876503,0.361084601711244,0.356620109439476,2022.39553550773,2022.4,A/American_White_Pelican/BC/FAV-0585-3/2022|H5N1|Canada-BC|2022-05-27|avian|B3.2,B32
717,781,0.0356978706589883,-99.2450262132637,35.4754997515294,-100.386126322826,36.9212838282643,0.363015392859739,0.32731752220075,2022.36623292049,2022.40193079115,NA,B32
1034,1035,0.0537622880521376,-116.316526186786,43.75214512976,-117.864905110979,46.9121195095227,0.363735979338758,0.309973691286621,2022.34888908958,2022.40265137763,NA,B32
854,992,0.0168994726489822,-106.238163058754,45.1235516261671,-106.265562481825,44.8103691274301,0.364278664592107,0.347379191943125,2022.38629459023,2022.40319406288,NA,B32
638,440,0.19467287392207,-107.742406891807,50.746230996183,-106.336443010411,53.6708466695023,0.369303779793317,0.174630905871247,2022.21354630416,2022.40821917808,A/Chicken/SK/FAV-0578-2/2022|H5N1|Canada-SK|2022-05-30|avian|B3.2,B32
639,441,0.162324385918285,-108.292528433058,50.8995607602831,-105.591964096865,53.4185945012872,0.369303779793317,0.206979393875032,2022.24589479216,2022.40821917808,A/Striped_Skunk/SK/FAV-0824-01/2022|H5N1|Canada-SK|2022-05-30|other_mammal|B3.2,B32
643,383,0.0767897855753703,-123.537133808074,55.5673699054542,-131.819859781083,60.8074879161998,0.369303779793317,0.292513994217946,2022.33142939251,2022.40821917808,A/Snow_Goose/YT/FAV-0795-3/2022|H5N1|Canada-YT|2022-05-30|avian|B3.2,B32
1038,53,0.159317762896555,-123.152960217149,53.7630008794477,-117.393583971811,53.6139669911468,0.372043505820674,0.212725742924119,2022.25164114121,2022.41095890411,A/Skunk/AB/FAV-0835-11/2022|H5N1|Canada-AB|2022-05-31|other_mammal|B3.2,B32
1031,432,0.104746755327195,-114.906952909068,43.474380730663,-116.466530461151,43.7183535356388,0.372043505820674,0.267296750493478,2022.30621214878,2022.41095890411,A/canada_goose/Idaho/22-017360-002/2022|H5N1|USA-ID|2022-05-31|avian|B3.2,B32
655,395,0.0765218824258183,-132.454495807587,55.9747795094061,-144.454995875162,61.7611291634063,0.372043505820674,0.295521623394856,2022.33443702168,2022.41095890411,A/glaucous_gull/Alaska/22-021855-001/2022|H5N1|USA-AK|2022-05-31|avian|B3.2,B32
617,445,0.0553785792547981,-91.1938930642408,45.5903276110227,-91.3394142871312,54.3246004974092,0.372043505820674,0.316664926565876,2022.35558032485,2022.41095890411,A/American_White_Pelican/ON/FAV-0773-3/2022|H5N1|Canada-ON|2022-05-31|avian|B3.2,B32
546,547,0.0826110065119239,-89.191722413047,50.0245596703671,-90.4503576261334,42.4183189290251,0.372305525201364,0.28969451868944,2022.32860991698,2022.41122092349,NA,B32
992,993,0.0121077596683574,-106.265562481825,44.8103691274301,-106.189457663495,44.9980825930911,0.376386424260464,0.364278664592107,2022.40319406288,2022.41530182255,NA,B32
993,994,0.000206794304909774,-106.189457663495,44.9980825930911,-106.316380166439,44.8596448848241,0.376593218565374,0.376386424260464,2022.41530182255,2022.41550861685,NA,B32
853,1009,0.0626525257379154,-98.9682515525633,35.9994326917861,-102.418963996341,43.9633586441149,0.380278292598421,0.317625766860505,2022.35654116515,2022.41919369089,NA,B32
1033,433,0.0469794193505852,-117.737716583496,44.5162755871675,-116.339918659336,43.2682611086364,0.383002409930331,0.336022990579746,2022.37493838887,2022.42191780822,A/canada_goose/Idaho/22-018980-001/2022|H5N1|USA-ID|2022-06-04|avian|B3.2,B32
654,691,0.121676658500341,-133.018841455943,56.9503514158868,-123.084270931008,48.805697760317,0.383203346061923,0.261526687561582,2022.30044208585,2022.42211874435,NA,B32
533,534,0.234074870587994,-86.9871162984398,39.0253371122738,-86.2560860773422,43.472786330394,0.38343682646412,0.149361955876126,2022.18827735416,2022.42235222475,NA,B32
1035,1036,0.0245675385019148,-117.864905110979,46.9121195095227,-117.653350400459,46.7835748403628,0.388303517840673,0.363735979338758,2022.40265137763,2022.42721891613,NA,B32
1034,435,0.078508170698425,-116.316526186786,43.75214512976,-116.20948385538,43.7346421416641,0.388481861985046,0.309973691286621,2022.34888908958,2022.42739726027,A/hawk/Idaho/22-017864-001/2022|H5N1|USA-ID|2022-06-06|avian|B3.2,B32
1036,437,0.000178344144372566,-117.653350400459,46.7835748403628,-116.910630870009,46.8415547829836,0.388481861985046,0.388303517840673,2022.42721891613,2022.42739726027,A/skunk/Idaho/22-018976-004/2022|H5N1|USA-ID|2022-06-06|other_mammal|B3.2,B32
1036,1037,0.000395756610550802,-117.653350400459,46.7835748403628,-117.704019129535,46.7996011876906,0.388699274451224,0.388303517840673,2022.42721891613,2022.42761467274,NA,B32
1037,438,0.00252231356140653,-117.704019129535,46.7996011876906,-117.670252238601,46.7876087769561,0.39122158801263,0.388699274451224,2022.42761467274,2022.4301369863,A/skunk/Washington/22-019274-001/2022|H5N1|USA-WA|2022-06-07|other_mammal|B3.2,B32
1037,439,0.00252231356140653,-117.704019129535,46.7996011876906,-117.409405359404,47.0849274653706,0.39122158801263,0.388699274451224,2022.42761467274,2022.4301369863,A/skunk/Washington/22-019274-004/2022|H5N1|USA-WA|2022-06-07|other_mammal|B3.2,B32
992,1004,0.0269845858774049,-106.265562481825,44.8103691274301,-106.968145247018,45.9609165796062,0.391263250469512,0.364278664592107,2022.40319406288,2022.43017864876,NA,B32
709,1013,0.154500140483775,-112.787902316846,49.7385014388914,-119.841242073806,52.0606292335226,0.392043004113171,0.237542863629396,2022.27645826192,2022.4309584024,NA,B32
717,718,0.0659436767730996,-99.2450262132637,35.4754997515294,-104.073153038672,40.0247955232268,0.39326119897385,0.32731752220075,2022.36623292049,2022.43217659726,NA,B32
625,7,0.363107944292528,-97.1969179593966,47.1105221170517,-103.729107123017,49.0978360550864,0.393961314039988,0.0308533697474593,2022.06976876804,2022.43287671233,A/Double-Crested_Cormorant/SK/FAV-0912-2/2022|H5N1|Canada-SK|2022-06-08|avian|B3.2,B32
1050,24,0.0878967718859491,-109.685120200479,39.487581376588,-112.004596797341,40.6477938996472,0.393961314039988,0.306064542154039,2022.34497994044,2022.43287671233,A/goose/Utah/22-018176-003/2022|H5N1|USA-UT|2022-06-08|avian|B3.2,B32
534,12,0.0105244875758679,-86.2560860773422,43.472786330394,-85.8894285238877,43.2900505976751,0.393961314039988,0.38343682646412,2022.42235222475,2022.43287671233,A/red_fox/Michigan/22-018712-001/2022|H5N1|USA-MI|2022-06-08|other_mammal|B3.2,B32
550,551,0.187230523564957,-93.8971610011113,45.655597461409,-88.8255358395058,46.6413659660512,0.394413931872055,0.207183408307098,2022.2460988066,2022.43332933016,NA,B32
617,444,0.0882552915835415,-91.1938930642408,45.5903276110227,-93.6072263044016,50.8622920038903,0.404920218149417,0.316664926565876,2022.35558032485,2022.44383561644,A/Peregrine_Falcon/ON/FAV-0853-3/2022|H5N1|Canada-ON|2022-06-12|avian|B3.2,B32
993,1001,0.0300454094858065,-106.189457663495,44.9980825930911,-106.469463444493,46.9059267900031,0.406431833746271,0.376386424260464,2022.41530182255,2022.44534723204,NA,B32
547,549,0.0347115916721124,-90.4503576261334,42.4183189290251,-90.218366982944,42.0086149336642,0.407017116873476,0.372305525201364,2022.41122092349,2022.44593251516,NA,B32
644,384,0.107651450426371,-124.356464259505,55.4882741656564,-159.855597445606,63.9854856199324,0.407659944177002,0.300008493750631,2022.33892389204,2022.44657534247,A/red_fox/Alaska/22-020792-002/2022|H5N1|USA-AK|2022-06-13|other_mammal|B3.2,B32
655,656,0.113713983998962,-132.454495807587,55.9747795094061,-128.422952336592,49.8185523256442,0.409235607393817,0.295521623394856,2022.33443702168,2022.44815100568,NA,B32
547,548,0.0371201684927351,-90.4503576261334,42.4183189290251,-93.4479246061633,44.3533186014326,0.409425693694099,0.372305525201364,2022.41122092349,2022.44834109198,NA,B32
633,443,0.375028596420903,-96.1828403138959,47.0683869591951,-98.3395441012223,49.6869790536937,0.413139396231717,0.0381107998108141,2022.0770261981,2022.45205479452,A/Mixed/MB/FAV-0716-4/2022|H5N1|Canada-MB|2022-06-15|avian|B3.2,B32
705,36,0.15897107914647,-124.053850124969,52.3331062147337,-128.768440716544,54.7438104888428,0.415879122259074,0.256908043112604,2022.2958234414,2022.45479452055,A/Mixed/BC/FAV-0772-1/2022|H5N1|Canada-BC|2022-06-16|avian|B3.2,B32
551,552,0.0293026590744168,-88.8255358395058,46.6413659660512,-88.853186588246,47.0567402617618,0.423716590946472,0.394413931872055,2022.43332933016,2022.46263198924,NA,B32
718,719,0.0317983247083888,-104.073153038672,40.0247955232268,-103.68277687602,39.5698576962096,0.425059523682239,0.39326119897385,2022.43217659726,2022.46397492197,NA,B32
656,657,0.0162578633691557,-128.422952336592,49.8185523256442,-128.477314392351,50.7865512294087,0.425493470762973,0.409235607393817,2022.44815100568,2022.46440886905,NA,B32
552,553,0.00458365811760864,-88.853186588246,47.0567402617618,-88.599731620032,47.1080260422961,0.42830024906408,0.423716590946472,2022.46263198924,2022.46721564735,NA,B32
718,140,0.0417960054769533,-104.073153038672,40.0247955232268,-110.01173227,49.2376324866569,0.435057204450803,0.39326119897385,2022.43217659726,2022.47397260274,A/Western_Grebe/AB/FAV-0833-75/2022|H5N1|Canada-AB|2022-06-23|avian|B3.2,B32
781,782,0.0743839326117155,-100.386126322826,36.9212838282643,-97.6305708529857,36.0239834812436,0.437399325471454,0.363015392859739,2022.40193079115,2022.47631472376,NA,B32
719,720,0.0126909081589903,-103.68277687602,39.5698576962096,-104.799033440529,37.5316652024523,0.437750431841229,0.425059523682239,2022.46397492197,2022.47666583013,NA,B32
854,855,0.0925600168061957,-106.238163058754,45.1235516261671,-104.882752647153,43.1890937566999,0.43993920874932,0.347379191943125,2022.38629459023,2022.47885460704,NA,B32
1039,1040,0.175865202870609,-135.623549797091,56.0945714883114,-135.935300991614,52.73014517459,0.443033099146607,0.267167896275998,2022.30608329456,2022.48194849744,NA,B32
641,54,0.237510748157086,-118.071066813987,53.7657725719055,-148.833087816312,69.1425701240477,0.443276382533103,0.205765634376017,2022.24468103266,2022.48219178082,A/raven/Alaska/22-020951-001/2022|H5N1|USA-AK|2022-06-26|avian|B3.2,B32
644,645,0.147128481947752,-124.356464259505,55.4882741656564,-109.01880228684,46.105659670344,0.447136975698383,0.300008493750631,2022.33892389204,2022.48605237399,NA,B32
637,35,0.290326386609515,-109.144973322531,51.848359690279,-118.205725926391,57.7190577044798,0.448755834587818,0.158429447978303,2022.19734484627,2022.48767123288,A/Skunk/AB/FAV-0897-01/2022|H5N1|Canada-AB|2022-06-28|other_mammal|B3.2,B32
657,690,0.023308355539132,-128.477314392351,50.7865512294087,-128.220547614812,49.525984692701,0.448801826302105,0.425493470762973,2022.46440886905,2022.48771722459,NA,B32
553,580,0.0273498819615297,-88.599731620032,47.1080260422961,-86.8424058313383,46.0088824211841,0.45565013102561,0.42830024906408,2022.46721564735,2022.49456552931,NA,B32
549,461,0.0499578957966413,-90.218366982944,42.0086149336642,-90.2207536543361,42.0226658405847,0.456975012670117,0.407017116873476,2022.44593251516,2022.49589041096,A/american_white_pelican/Iowa/22-022114-001/2022|H5N1|USA-IA|2022-07-01|avian|B3.2,B32
549,462,0.0499578957966413,-90.218366982944,42.0086149336642,-90.0811541604965,42.051332175452,0.456975012670117,0.407017116873476,2022.44593251516,2022.49589041096,A/american_white_pelican/Illinois/22-021276-001/2022|H5N1|USA-IL|2022-07-01|avian|B3.2,B32
548,460,0.0475493189760186,-93.4479246061633,44.3533186014326,-90.2296625996594,41.9763206279425,0.456975012670117,0.409425693694099,2022.44834109198,2022.49589041096,A/american_white_pelican/Iowa/22-021277-001/2022|H5N1|USA-IA|2022-07-01|avian|B3.2,B32
720,721,0.0225025423111473,-104.799033440529,37.5316652024523,-105.608701067784,37.4406140365898,0.460252974152377,0.437750431841229,2022.47666583013,2022.49916837244,NA,B32
855,856,0.0217674208170084,-104.882752647153,43.1890937566999,-99.0324693676078,38.7851391069704,0.461706629566329,0.43993920874932,2022.47885460704,2022.50062202786,NA,B32
580,581,0.00661827517914215,-86.8424058313383,46.0088824211841,-86.43498042044,45.4539276253743,0.462268406204752,0.45565013102561,2022.49456552931,2022.50118380449,NA,B32
631,8,0.426597324290469,-96.9592550966192,47.5210267777694,-98.0662446904342,49.2224500708706,0.46519419075219,0.0385968664617207,2022.07751226475,2022.50410958904,A/Western_Grebe/MB/FAV-0846-2/2022|H5N1|Canada-MB|2022-07-04|avian|B3.2,B32
534,13,0.0872368163430117,-86.2560860773422,43.472786330394,-86.23548708559,43.4432923294308,0.470673642807132,0.38343682646412,2022.42235222475,2022.5095890411,A/red_fox/Michigan/22-021733-002/2022|H5N1|USA-MI|2022-07-06|other_mammal|B3.2,B32
551,526,0.0789994369624343,-88.8255358395058,46.6413659660512,-90.7806195311302,49.0683328025731,0.473413368834489,0.394413931872055,2022.43332933016,2022.51232876712,A/American_White_Pelican/ON/FAV-0867-2/2022|H5N1|Canada-ON|2022-07-07|avian|B3.2,B32
782,783,0.038272139647582,-97.6305708529857,36.0239834812436,-94.5738400326083,34.3168781797193,0.475671465119036,0.437399325471454,2022.47631472376,2022.51458686341,NA,B32
782,850,0.0396537504654515,-97.6305708529857,36.0239834812436,-95.8087842713029,36.2213222052344,0.477053075936906,0.437399325471454,2022.47631472376,2022.51596847423,NA,B32
721,722,0.0180701102217649,-105.608701067784,37.4406140365898,-101.739740672803,36.1037928380338,0.478323084374142,0.460252974152377,2022.49916837244,2022.51723848266,NA,B32
721,740,0.0200401019829068,-105.608701067784,37.4406140365898,-108.654935234944,38.9761201763126,0.480293076135283,0.460252974152377,2022.49916837244,2022.51920847442,NA,B32
722,723,0.00284254868781009,-101.739740672803,36.1037928380338,-100.957420343576,35.7827322224269,0.481165633061952,0.478323084374142,2022.51723848266,2022.52008103135,NA,B32
722,735,0.00440953301388447,-101.739740672803,36.1037928380338,-102.940781226945,35.4265836502893,0.482732617388026,0.478323084374142,2022.51723848266,2022.52164801568,NA,B32
783,784,0.00708495037875423,-94.5738400326083,34.3168781797193,-93.5626721891564,33.8577767194422,0.482756415497791,0.475671465119036,2022.51458686341,2022.52167181379,NA,B32
784,790,0.002324515324581,-93.5626721891564,33.8577767194422,-93.0260786729935,33.8510936561686,0.485080930822372,0.482756415497791,2022.52167181379,2022.52399632911,NA,B32
790,791,0.00455488442666807,-93.0260786729935,33.8510936561686,-95.138126402743,36.2134626450101,0.48963581524904,0.485080930822372,2022.52399632911,2022.52855121354,NA,B32
581,585,0.0285194611799984,-86.43498042044,45.4539276253743,-86.5944927160547,44.3274693734906,0.49078786738475,0.462268406204752,2022.50118380449,2022.52970326567,NA,B32
723,724,0.0110223634953268,-100.957420343576,35.7827322224269,-99.7874574893523,34.7133291558797,0.492187996557278,0.481165633061952,2022.52008103135,2022.53110339485,NA,B32
657,658,0.0680344187793778,-128.477314392351,50.7865512294087,-122.962893988197,49.4668631465086,0.493527889542351,0.425493470762973,2022.46440886905,2022.53244328783,NA,B32
856,857,0.0326332105943345,-99.0324693676078,38.7851391069704,-99.0927935461354,38.2975656004739,0.494339840160663,0.461706629566329,2022.50062202786,2022.53325523845,NA,B32
791,794,0.00645829207233151,-95.138126402743,36.2134626450101,-93.7896894575655,35.8812796805563,0.496094107321371,0.48963581524904,2022.52855121354,2022.53500950561,NA,B32
794,795,0.00330682182375996,-93.7896894575655,35.8812796805563,-94.860331460554,35.7746581767566,0.499400929145131,0.496094107321371,2022.53500950561,2022.53831632743,NA,B32
855,865,0.0598806694725758,-104.882752647153,43.1890937566999,-103.241444622737,44.1396761356748,0.499819878221896,0.43993920874932,2022.47885460704,2022.53873527651,NA,B32
645,649,0.0580409127670429,-109.01880228684,46.105659670344,-112.379659866384,47.5532555413267,0.505177888465426,0.447136975698383,2022.48605237399,2022.54409328675,NA,B32
642,40,0.255977943365679,-111.575346913372,57.8255634102418,-112.510366490739,58.3508252949195,0.506290081163232,0.250312137797553,2022.28922753609,2022.54520547945,A/Canada_Goose/AB/FAV-0896-6/2022|H5N1|Canada-AB|2022-07-19|avian|B3.2,B32
994,377,0.129696862597859,-106.316380166439,44.8596448848241,-116.237553850698,52.222676473273,0.506290081163232,0.376593218565374,2022.41550861685,2022.54520547945,A/Skunk/AB/FAV-0897-02/2022|H5N1|Canada-AB|2022-07-19|other_mammal|B3.2,B32
580,498,0.0506399501376227,-86.8424058313383,46.0088824211841,-95.9737799846267,48.3420203113072,0.506290081163232,0.45565013102561,2022.49456552931,2022.54520547945,A/american_white_pelican/Minnesota/22-023116-001/2022|H5N1|USA-MN|2022-07-19|avian|B3.2,B32
795,796,0.00768869176828346,-94.860331460554,35.7746581767566,-95.9089016241504,35.939783331223,0.507089620913415,0.499400929145131,2022.53831632743,2022.5460050192,NA,B32
784,785,0.0254960077817321,-93.5626721891564,33.8577767194422,-91.5131220776762,30.9086353449863,0.508252423279523,0.482756415497791,2022.52167181379,2022.54716782157,NA,B32
723,734,0.0273873830311211,-100.957420343576,35.7827322224269,-100.177555120622,35.5134561674035,0.508553016093073,0.481165633061952,2022.52008103135,2022.54746841438,NA,B32
1001,1003,0.103621982596817,-106.469463444493,46.9059267900031,-109.30348435876,46.275335294321,0.510053816343087,0.406431833746271,2022.44534723204,2022.54896921463,NA,B32
794,800,0.0148399604050637,-93.7896894575655,35.8812796805563,-94.5018029288597,36.4493759185694,0.510934067726435,0.496094107321371,2022.53500950561,2022.54984946602,NA,B32
785,786,0.00308350182848338,-91.5131220776762,30.9086353449863,-90.9930087237786,31.1563109721386,0.511335925108006,0.508252423279523,2022.54716782157,2022.5502513234,NA,B32
791,792,0.0226882189478839,-95.138126402743,36.2134626450101,-92.195733347852,38.1167173867236,0.512324034196924,0.48963581524904,2022.52855121354,2022.55123943249,NA,B32
857,863,0.019894443142654,-99.0927935461354,38.2975656004739,-100.517151892378,39.0303642796126,0.514234283303317,0.494339840160663,2022.53325523845,2022.55314968159,NA,B32
1035,436,0.150773279906546,-117.864905110979,46.9121195095227,-116.442309591545,43.4280033830804,0.514509259245305,0.363735979338758,2022.40265137763,2022.55342465753,A/skunk/Idaho/22-023547-001/2022|H5N1|USA-ID|2022-07-22|other_mammal|B3.2,B32
800,803,0.00361110366410067,-94.5018029288597,36.4493759185694,-96.8828186993843,37.5565130523986,0.514545171390536,0.510934067726435,2022.54984946602,2022.55346056968,NA,B32
740,741,0.0346852224132665,-108.654935234944,38.9761201763126,-109.367707578552,39.0032155866055,0.51497829854855,0.480293076135283,2022.51920847442,2022.55389369684,NA,B32
803,804,0.000902604584327449,-96.8828186993843,37.5565130523986,-96.675577213925,37.9106674398429,0.515447775974863,0.514545171390536,2022.55346056968,2022.55436317426,NA,B32
735,736,0.0340175238338878,-102.940781226945,35.4265836502893,-108.162385577603,34.1498566542963,0.516750141221914,0.482732617388026,2022.52164801568,2022.55566553951,NA,B32
1009,1012,0.136628943611969,-102.418963996341,43.9633586441149,-103.757821980501,42.163643242603,0.51690723621039,0.380278292598421,2022.41919369089,2022.5558226345,NA,B32
658,659,0.0237805156317754,-122.962893988197,49.4668631465086,-121.917691926446,46.8147283440411,0.517308405174126,0.493527889542351,2022.53244328783,2022.55622380346,NA,B32
658,663,0.0240004227973438,-122.962893988197,49.4668631465086,-123.691143478265,48.915394313657,0.517528312339695,0.493527889542351,2022.53244328783,2022.55644371063,NA,B32
804,806,0.00212591455032962,-96.675577213925,37.9106674398429,-96.7300131472216,38.5614152529694,0.517573690525193,0.515447775974863,2022.55436317426,2022.55648908881,NA,B32
796,798,0.011152795038059,-95.9089016241504,35.939783331223,-93.0910060120809,33.687047139484,0.518242415951474,0.507089620913415,2022.5460050192,2022.55715781424,NA,B32
711,712,0.223812618609231,-101.10376006713,36.8455614783283,-104.906498194404,39.1492974008856,0.522225345433398,0.298412726824167,2022.33732812511,2022.56114074372,NA,B32
581,582,0.0603276740514143,-86.43498042044,45.4539276253743,-91.5971569879639,40.4878074654147,0.522596080256166,0.462268406204752,2022.50118380449,2022.56151147855,NA,B32
806,807,0.00532919472657056,-96.7300131472216,38.5614152529694,-97.3486049205599,38.4714584476674,0.522902885251763,0.517573690525193,2022.55648908881,2022.56181828354,NA,B32
1013,1016,0.132981350787002,-119.841242073806,52.0606292335226,-114.430509222226,41.1293318366636,0.525024354900173,0.392043004113171,2022.4309584024,2022.56393975319,NA,B32
865,982,0.025218141887136,-103.241444622737,44.1396761356748,-101.628991876493,42.8060765768595,0.525038020109032,0.499819878221896,2022.53873527651,2022.5639534184,NA,B32
792,793,0.0129909624808024,-92.195733347852,38.1167173867236,-94.3402227935982,41.9185988357797,0.525314996677726,0.512324034196924,2022.55123943249,2022.56423039497,NA,B32
982,983,0.000320199034240076,-101.628991876493,42.8060765768595,-101.980901980333,43.0761481560099,0.525358219143272,0.525038020109032,2022.5639534184,2022.56427361743,NA,B32
800,801,0.0161373936055238,-94.5018029288597,36.4493759185694,-95.3666408535198,36.8494427433133,0.527071461331959,0.510934067726435,2022.54984946602,2022.56598685962,NA,B32
865,866,0.0283947657027439,-103.241444622737,44.1396761356748,-98.7451369469913,42.367516540435,0.52821464392464,0.499819878221896,2022.53873527651,2022.56713004221,NA,B32
741,755,0.0136838142056419,-109.367707578552,39.0032155866055,-110.33217248489,38.7971822399389,0.528662112754192,0.51497829854855,2022.55389369684,2022.56757751104,NA,B32
857,858,0.0346273758181543,-99.0927935461354,38.2975656004739,-101.161155246341,40.172944221947,0.528967215978818,0.494339840160663,2022.53325523845,2022.56788261427,NA,B32
803,845,0.0145027733666407,-96.8828186993843,37.5565130523986,-100.620837820975,37.0477528156031,0.529047944757176,0.514545171390536,2022.55346056968,2022.56796334305,NA,B32
806,814,0.0126402623715709,-96.7300131472216,38.5614152529694,-96.1280706380425,38.6906841058089,0.530213952896764,0.517573690525193,2022.55648908881,2022.56912935119,NA,B32
866,977,0.00244870647117201,-98.7451369469913,42.367516540435,-96.8935423016101,41.5463747458452,0.530663350395812,0.52821464392464,2022.56713004221,2022.56957874868,NA,B32
553,554,0.102572298176299,-88.599731620032,47.1080260422961,-87.7694633528754,47.3517010044736,0.530872547240379,0.42830024906408,2022.46721564735,2022.56978794553,NA,B32
1016,1017,0.00657904971518253,-114.430509222226,41.1293318366636,-111.995607856786,42.2244244209736,0.531603404615356,0.525024354900173,2022.56393975319,2022.5705188029,NA,B32
554,555,0.000838093987666433,-87.7694633528754,47.3517010044736,-87.8919702540297,47.362266217086,0.531710641228046,0.530872547240379,2022.56978794553,2022.57062603952,NA,B32
845,846,0.00290812769256954,-100.620837820975,37.0477528156031,-100.715120306679,37.2222593731084,0.531956072449746,0.529047944757176,2022.56796334305,2022.57087147074,NA,B32
804,805,0.0177736755055857,-96.675577213925,37.9106674398429,-102.257891437899,40.0528228096144,0.533221451480449,0.515447775974863,2022.55436317426,2022.57213684977,NA,B32
724,726,0.0413729754894692,-99.7874574893523,34.7133291558797,-98.0575434626118,34.0511926655475,0.533560972046748,0.492187996557278,2022.53110339485,2022.57247637034,NA,B32
1017,1020,0.00223359385313104,-111.995607856786,42.2244244209736,-112.798353742101,43.0951200429625,0.533836998468487,0.531603404615356,2022.5705188029,2022.57275239676,NA,B32
982,987,0.00884047864677484,-101.628991876493,42.8060765768595,-104.272151513989,43.6613738350789,0.533878498755807,0.525038020109032,2022.5639534184,2022.57279389704,NA,B32
801,802,0.00716173246671348,-95.3666408535198,36.8494427433133,-95.2209249811395,35.5019569798636,0.534233193798672,0.527071461331959,2022.56598685962,2022.57314859209,NA,B32
846,848,0.00366857732185322,-100.715120306679,37.2222593731084,-100.989319910992,38.2417645546863,0.535624649771599,0.531956072449746,2022.57087147074,2022.57454004806,NA,B32
1009,1010,0.155549254554614,-102.418963996341,43.9633586441149,-104.912814637376,55.9938511263739,0.535827547153034,0.380278292598421,2022.41919369089,2022.57474294544,NA,B32
858,859,0.00727903961486254,-101.161155246341,40.172944221947,-101.066524444856,40.4586362010531,0.53624625559368,0.528967215978818,2022.56788261427,2022.57516165388,NA,B32
983,985,0.0109281740767067,-101.980901980333,43.0761481560099,-102.664115475908,43.7588592060175,0.536286393219979,0.525358219143272,2022.56427361743,2022.57520179151,NA,B32
814,816,0.00704316293731466,-96.1280706380425,38.6906841058089,-98.0519711163202,38.186119139577,0.537257115834078,0.530213952896764,2022.56912935119,2022.57617251412,NA,B32
645,646,0.0908216925296306,-109.01880228684,46.105659670344,-109.323293634016,48.8940776028727,0.537958668228014,0.447136975698383,2022.48605237399,2022.57687406652,NA,B32
816,844,0.000824034303130716,-98.0519711163202,38.186119139577,-97.8878353713887,38.08914325226,0.538081150137209,0.537257115834078,2022.57617251412,2022.57699654843,NA,B32
994,995,0.162322965530986,-106.316380166439,44.8596448848241,-106.765648916511,44.8827483286085,0.53891618409636,0.376593218565374,2022.41550861685,2022.57783158239,NA,B32
741,742,0.0240888782566056,-109.367707578552,39.0032155866055,-104.031133062012,39.9547528615763,0.539067176805156,0.51497829854855,2022.55389369684,2022.57798257509,NA,B32
977,978,0.00879775537468808,-96.8935423016101,41.5463747458452,-100.025637230023,42.6551869283122,0.5394611057705,0.530663350395812,2022.56957874868,2022.57837650406,NA,B32
995,997,0.00171402443840796,-106.765648916511,44.8827483286085,-106.070732508823,44.9918674450595,0.540630208534768,0.53891618409636,2022.57783158239,2022.57954560682,NA,B32
585,586,0.0503837537581986,-86.5944927160547,44.3274693734906,-79.7499271520503,48.8403212706664,0.541171621142949,0.49078786738475,2022.52970326567,2022.58008701943,NA,B32
859,860,0.00520248636696419,-101.066524444856,40.4586362010531,-99.654933400472,38.673751762839,0.541448741960644,0.53624625559368,2022.57516165388,2022.58036414025,NA,B32
850,851,0.06462776683155,-95.8087842713029,36.2213222052344,-94.1656146755067,35.1032018924423,0.541680842768456,0.477053075936906,2022.51596847423,2022.58059624106,NA,B32
663,664,0.0244879466515582,-123.691143478265,48.915394313657,-122.383543210491,48.3055748890035,0.542016258991253,0.517528312339695,2022.55644371063,2022.58093165728,NA,B32
755,756,0.013585250321027,-110.33217248489,38.7971822399389,-110.901206669776,38.4349047075,0.542247363075219,0.528662112754192,2022.56757751104,2022.58116276136,NA,B32
1017,1018,0.0115259594911716,-111.995607856786,42.2244244209736,-112.94737903542,43.2063075764339,0.543129364106528,0.531603404615356,2022.5705188029,2022.5820447624,NA,B32
693,694,0.34013125116814,-120.688511457081,52.8046109273367,-125.19328723952,57.900472369977,0.543151140646986,0.203019889478847,2022.24193528777,2022.58206653894,NA,B32
786,787,0.0318832879416551,-90.9930087237786,31.1563109721386,-93.8354453449294,32.7584672936608,0.543219213049661,0.511335925108006,2022.5502513234,2022.58213461134,NA,B32
1016,1023,0.018415443843093,-114.430509222226,41.1293318366636,-117.079365846178,40.041719047739,0.543439798743266,0.525024354900173,2022.56393975319,2022.58235519703,NA,B32
814,815,0.013366654919329,-96.1280706380425,38.6906841058089,-94.5147224288991,37.527372698824,0.543580607816093,0.530213952896764,2022.56912935119,2022.5824960061,NA,B32
742,743,0.00467886788302829,-104.031133062012,39.9547528615763,-104.188560231978,40.2085560874421,0.543746044688184,0.539067176805156,2022.57798257509,2022.58266144298,NA,B32
816,817,0.00675042645815482,-98.0519711163202,38.186119139577,-98.4004012467691,37.9217463706699,0.544007542292233,0.537257115834078,2022.57617251412,2022.58292294058,NA,B32
1004,1005,0.152853435619379,-106.968145247018,45.9609165796062,-104.609604690604,44.4723161495031,0.544116686088891,0.391263250469512,2022.43017864876,2022.58303208438,NA,B32
1020,1021,0.0104696052794946,-112.798353742101,43.0951200429625,-112.584992738985,42.7909344979027,0.544306603747982,0.533836998468487,2022.57275239676,2022.58322200204,NA,B32
807,809,0.0220033686043415,-97.3486049205599,38.4714584476674,-96.5191342516015,37.7955398162696,0.544906253856105,0.522902885251763,2022.56181828354,2022.58382165214,NA,B32
1023,1024,0.00154689532292451,-117.079365846178,40.041719047739,-116.14583029707,40.0671609506061,0.544986694066191,0.543439798743266,2022.58235519703,2022.58390209235,NA,B32
997,999,0.0044575412994865,-106.070732508823,44.9918674450595,-106.351466371585,45.1596512212599,0.545087749834255,0.540630208534768,2022.57954560682,2022.58400314812,NA,B32
1018,1019,0.00202283155174809,-112.94737903542,43.2063075764339,-113.406348040743,43.4072340681704,0.545152195658276,0.543129364106528,2022.5820447624,2022.58406759395,NA,B32
859,862,0.00927317411495965,-101.066524444856,40.4586362010531,-99.8542544510706,40.3220652869298,0.54551942970864,0.53624625559368,2022.57516165388,2022.584434828,NA,B32
809,812,0.000617668257153703,-96.5191342516015,37.7955398162696,-95.8428564365761,37.6048341153305,0.545523922113258,0.544906253856105,2022.58382165214,2022.5844393204,NA,B32
848,849,0.0102537729866725,-100.989319910992,38.2417645546863,-104.523050679349,37.4906631318722,0.545878422758272,0.535624649771599,2022.57454004806,2022.58479382105,NA,B32
586,587,0.00482149634210627,-79.7499271520503,48.8403212706664,-80.49761795663,51.0549892845554,0.545993117485055,0.541171621142949,2022.58008701943,2022.58490851577,NA,B32
726,728,0.0124839943763781,-98.0575434626118,34.0511926655475,-99.386510944838,34.2885734402233,0.546044966423126,0.533560972046748,2022.57247637034,2022.58496036471,NA,B32
863,864,0.0319160857061815,-100.517151892378,39.0303642796126,-107.126566553366,40.9214858399342,0.546150369009499,0.514234283303317,2022.55314968159,2022.5850657673,NA,B32
1004,1008,0.154930387862499,-106.968145247018,45.9609165796062,-99.1768418888779,43.8422354151335,0.54619363833201,0.391263250469512,2022.43017864876,2022.58510903662,NA,B32
735,737,0.0635499109370614,-102.940781226945,35.4265836502893,-103.698705643885,35.6350874505382,0.546282528325087,0.482732617388026,2022.52164801568,2022.58519792661,NA,B32
866,867,0.0182131003959869,-98.7451369469913,42.367516540435,-95.7871735879771,41.2034962216162,0.546427744320627,0.52821464392464,2022.56713004221,2022.58534314261,NA,B32
798,799,0.0283715320643352,-93.0910060120809,33.687047139484,-92.4752088050672,31.5761379075265,0.546613948015809,0.518242415951474,2022.55715781424,2022.5855293463,NA,B32
587,609,0.000664349825296728,-80.49761795663,51.0549892845554,-80.4995530941604,51.0155590163284,0.546657467310352,0.545993117485055,2022.58490851577,2022.5855728656,NA,B32
817,818,0.00269905679767479,-98.4004012467691,37.9217463706699,-98.5335103820972,36.8035110622373,0.546706599089908,0.544007542292233,2022.58292294058,2022.58562199738,NA,B32
983,984,0.0214068461925185,-101.980901980333,43.0761481560099,-101.002977962124,42.915375918801,0.546765065335791,0.525358219143272,2022.56427361743,2022.58568046362,NA,B32
664,665,0.00493928096864771,-122.383543210491,48.3055748890035,-121.210826678953,47.980178856583,0.5469555399599,0.542016258991253,2022.58093165728,2022.58587093825,NA,B32
756,757,0.0047672896492168,-110.901206669776,38.4349047075,-112.233300462905,39.8019533989573,0.547014652724436,0.542247363075219,2022.58116276136,2022.58593005101,NA,B32
818,819,0.000346845528498285,-98.5335103820972,36.8035110622373,-98.5348028045401,36.8048955144098,0.547053444618406,0.546706599089908,2022.58562199738,2022.58596884291,NA,B32
985,986,0.0109266930014962,-102.664115475908,43.7588592060175,-100.744101519121,44.2278860283779,0.547213086221475,0.536286393219979,2022.57520179151,2022.58612848451,NA,B32
724,725,0.0574374556410548,-99.7874574893523,34.7133291558797,-101.880135047224,36.7362236046751,0.549625452198333,0.492187996557278,2022.53110339485,2022.58854085049,NA,B32
646,647,0.0259324837678894,-109.323293634016,48.8940776028727,-107.101860421854,49.3814923819364,0.563891151995903,0.537958668228014,2022.57687406652,2022.60280655028,NA,B32
755,775,0.0355514518298921,-110.33217248489,38.7971822399389,-109.028021994894,38.0442476716027,0.564213564584084,0.528662112754192,2022.56757751104,2022.60312896287,NA,B32
726,727,0.0315873856821476,-98.0575434626118,34.0511926655475,-98.4578638788404,31.6184452062707,0.565148357728895,0.533560972046748,2022.57247637034,2022.60406375602,NA,B32
860,861,0.0295135072877226,-99.654933400472,38.673751762839,-98.6106935245626,34.7444614363372,0.570962249248367,0.541448741960644,2022.58036414025,2022.60987764754,NA,B32
706,39,0.244240624845298,-119.244205259629,52.5799026368514,-118.85636815426,52.5863582112622,0.572043505820719,0.327802880975421,2022.36671827926,2022.61095890411,A/American_White_Pelican/BC/OTH-0134-4/2022|H5N1|Canada-BC|2022-08-12|avian|B3.2,B32
1040,1041,0.130982018078995,-135.935300991614,52.73014517459,-132.371077285614,46.3927587391052,0.574015117225602,0.443033099146607,2022.48194849744,2022.61293051551,NA,B32
694,697,0.031286645770896,-125.19328723952,57.900472369977,-125.798417351347,59.4942120512877,0.574437786417882,0.543151140646986,2022.58206653894,2022.61335318471,NA,B32
1005,1006,0.0304141754310603,-104.609604690604,44.4723161495031,-104.026337404734,43.1977316920433,0.574530861519951,0.544116686088891,2022.58303208438,2022.61344625981,NA,B32
665,669,0.0275817820354964,-121.210826678953,47.980178856583,-118.960200293378,49.377792996097,0.574537321995397,0.5469555399599,2022.58587093825,2022.61345272028,NA,B32
714,715,0.267515685244055,-99.2497849172095,34.8246594290674,-99.1459111514346,34.739943657013,0.580821092380994,0.313305407136939,2022.35222080543,2022.61973649067,NA,B32
809,810,0.0365490384003517,-96.5191342516015,37.7955398162696,-92.9478348221293,36.1408108755903,0.581455292256456,0.544906253856105,2022.58382165214,2022.62037069055,NA,B32
819,820,0.0389044707652344,-98.5348028045401,36.8048955144098,-99.6750640217553,39.3062661952326,0.58595791538364,0.547053444618406,2022.58596884291,2022.62487331367,NA,B32
728,732,0.0416901490172115,-99.386510944838,34.2885734402233,-89.8731156203261,31.9960578075692,0.587735115440337,0.546044966423126,2022.58496036471,2022.62665051373,NA,B32
609,610,0.0436472459048498,-80.4995530941604,51.0155590163284,-78.9400284848872,52.533875126234,0.590304713215202,0.546657467310352,2022.5855728656,2022.6292201115,NA,B32
820,821,0.00669189746313448,-99.6750640217553,39.3062661952326,-97.6093289331808,38.0565404662937,0.592649812846775,0.58595791538364,2022.62487331367,2022.63156521114,NA,B32
669,670,0.0200965887246936,-118.960200293378,49.377792996097,-119.042641727672,50.0920810441104,0.59463391072009,0.574537321995397,2022.61345272028,2022.63354930901,NA,B32
775,776,0.0438366549033327,-109.028021994894,38.0442476716027,-107.404486019348,37.7105279041516,0.608050219487417,0.564213564584084,2022.60312896287,2022.64696561778,NA,B32
995,996,0.0759435004299398,-106.765648916511,44.8827483286085,-104.527481943663,44.5513036010328,0.6148596845263,0.53891618409636,2022.57783158239,2022.65377508282,NA,B32
867,868,0.07191680918995,-95.7871735879771,41.2034962216162,-88.356422160445,34.8715673404718,0.618344553510577,0.546427744320627,2022.58534314261,2022.6572599518,NA,B32
548,459,0.209193154592378,-93.4479246061633,44.3533186014326,-93.4917596159694,44.8820025907663,0.618618848286477,0.409425693694099,2022.44834109198,2022.65753424658,A/trumpeter_swan/Minnesota/22-026969-001/2022|H5N1|USA-MN|2022-08-29|avian|B3.2,B32
732,733,0.031036767758637,-89.8731156203261,31.9960578075692,-81.8214822516204,28.8129521198166,0.618771883198974,0.587735115440337,2022.62665051373,2022.65768728149,NA,B32
715,716,0.0389737354208664,-99.1459111514346,34.739943657013,-98.9567372780833,34.339110620971,0.61979482780186,0.580821092380994,2022.61973649067,2022.65871022609,NA,B32
1001,1002,0.215857935199846,-106.469463444493,46.9059267900031,-113.64266493137,48.4501901685194,0.622289768946117,0.406431833746271,2022.44534723204,2022.66120516724,NA,B32
1005,370,0.0799816142523011,-104.609604690604,44.4723161495031,-108.928596517649,51.1147474499711,0.624098300341192,0.544116686088891,2022.58303208438,2022.66301369863,A/Mallard/SK/FAV-1470-18/2022|H5N1|Canada-SK|2022-08-31|avian|B3.2,B32
665,666,0.0771754757220471,-121.210826678953,47.980178856583,-121.354235355428,47.796893999297,0.624131015681948,0.5469555399599,2022.58587093825,2022.66304641397,NA,B32
555,556,0.0999876905092285,-87.8919702540297,47.362266217086,-63.0871658965515,43.7588886273724,0.631698331737274,0.531710641228046,2022.57062603952,2022.67061373003,NA,B32
807,808,0.112326444676604,-97.3486049205599,38.4714584476674,-96.2538114436954,39.0353375452056,0.635229329928367,0.522902885251763,2022.56181828354,2022.67414472822,NA,B32
867,870,0.0900529561728636,-95.7871735879771,41.2034962216162,-73.2334379485243,-11.8243089361326,0.63648070049349,0.546427744320627,2022.58534314261,2022.67539609878,NA,B32
541,542,0.0052646678863586,-94.0051614116908,44.1363979631136,-93.9773441782601,44.3235604669067,0.0052646678863586,0,2022.67503243494,2022.68029710283,NA,B36
610,611,0.0514157960405814,-78.9400284848872,52.533875126234,-73.1500319337941,50.2917473237335,0.641720509255783,0.590304713215202,2022.6292201115,2022.68063590754,NA,B32
541,1076,0.0060933709442299,-94.0051614116908,44.1363979631136,-93.8911396802959,44.1983068909453,0.0060933709442299,0,2022.67503243494,2022.68112580589,NA,B36
554,578,0.111667753584985,-87.7694633528754,47.3517010044736,-81.7991260583447,49.4735074180678,0.642540300825365,0.530872547240379,2022.56978794553,2022.68145569911,NA,B32
870,871,0.00893402301965907,-73.2334379485243,-11.8243089361326,-74.095395397464,-12.0522550263597,0.64541472351315,0.63648070049349,2022.67539609878,2022.6843301218,NA,B32
871,872,0.00536941055034834,-74.095395397464,-12.0522550263597,-72.7776189710654,-11.3788863133044,0.650784134063498,0.64541472351315,2022.6843301218,2022.68969953235,NA,B32
798,203,0.133253144663747,-93.0910060120809,33.687047139484,-98.7696979603373,34.4813621223799,0.651495560615221,0.518242415951474,2022.55715781424,2022.6904109589,A/blue_winged_teal/Oklahoma/22-029332-023/2022|H5N1|USA-OK|2022-09-10|avian|B3.2,B32
715,143,0.0706744682342269,-99.1459111514346,34.739943657013,-98.6526549920055,34.2362717432908,0.651495560615221,0.580821092380994,2022.61973649067,2022.6904109589,A/blue_winged_teal/Oklahoma/22-029332-005/2022|H5N1|USA-OK|2022-09-10|avian|B3.2,B32
716,141,0.0317007328133605,-98.9567372780833,34.339110620971,-98.8711863587011,34.5579920587514,0.651495560615221,0.61979482780186,2022.65871022609,2022.6904109589,A/blue_winged_teal/Oklahoma/22-029332-034/2022|H5N1|USA-OK|2022-09-10|avian|B3.2,B32
716,142,0.0317007328133605,-98.9567372780833,34.339110620971,-98.9666351773269,34.3953875312824,0.651495560615221,0.61979482780186,2022.65871022609,2022.6904109589,A/blue_winged_teal/Oklahoma/22-029332-011/2022|H5N1|USA-OK|2022-09-10|avian|B3.2,B32
821,822,0.06139615589673,-97.6093289331808,38.0565404662937,-93.290677327661,35.8243810628796,0.654045968743505,0.592649812846775,2022.63156521114,2022.69296136703,NA,B32
1012,228,0.137328050432188,-103.757821980501,42.163643242603,-106.504056944614,44.2305702021644,0.654235286642578,0.51690723621039,2022.5558226345,2022.69315068493,A/great_horned_owl/Wyoming/22-029194-001/2022|H5N1|USA-WY|2022-09-11|avian|B3.2,B32
822,825,0.0044094964060224,-93.290677327661,35.8243810628796,-95.8760182307437,37.2550840169742,0.658455465149527,0.654045968743505,2022.69296136703,2022.69737086344,NA,B32
651,652,0.456743300978282,-117.647578943216,52.4250517352127,-118.675231278435,57.3552855785641,0.659829180321343,0.203085879343061,2022.24200127763,2022.69874457861,NA,B32
796,797,0.153538514782954,-95.9089016241504,35.939783331223,-93.5017243660702,35.9090369554941,0.660628135696369,0.507089620913415,2022.5460050192,2022.69954353399,NA,B32
871,875,0.0154415379073765,-74.095395397464,-12.0522550263597,-74.14452977386,-11.8427219219416,0.660856261420526,0.64541472351315,2022.6843301218,2022.69977165971,NA,B32
1008,369,0.116260826392867,-99.1768418888779,43.8422354151335,-115.014027279865,57.8815563719642,0.662454464724878,0.54619363833201,2022.58510903662,2022.70136986301,A/Striped_Skunk/AB/OTH-0136-1/2022|H5N1|Canada-AB|2022-09-14|other_mammal|B3.2,B32
851,852,0.122791222694579,-94.1656146755067,35.1032018924423,-104.670018249888,45.6997970945861,0.664472065463035,0.541680842768456,2022.58059624106,2022.70338746375,NA,B32
670,687,0.0712917084836167,-119.042641727672,50.0920810441104,-120.556821315244,50.9155078587996,0.665925619203707,0.59463391072009,2022.63354930901,2022.70484101749,NA,B32
1033,434,0.331910926199847,-117.737716583496,44.5162755871675,-114.036620347071,45.9052040730544,0.667933916779592,0.336022990579746,2022.37493838887,2022.70684931507,A/trumpeter_swan/Montana/22-030263-001/2022|H5N1|USA-MT|2022-09-16|avian|B3.2,B32
848,156,0.140528445090293,-100.989319910992,38.2417645546863,-104.965574091582,40.5423236049006,0.676153094861892,0.535624649771599,2022.57454004806,2022.71506849315,A/red_tailed_hawk/Colorado/22-029818-001-R/2022|H5N1|USA-CO|2022-09-19|avian|B3.2,B32
611,612,0.0358727966100436,-73.1500319337941,50.2917473237335,-76.8485235047638,51.4980625982205,0.677593305865827,0.641720509255783,2022.68063590754,2022.71650870415,NA,B32
1023,1025,0.134203148870443,-117.079365846178,40.041719047739,-107.5688050393,43.73959111625,0.677642947613709,0.543439798743266,2022.58235519703,2022.7165583459,NA,B32
802,196,0.144659627090577,-95.2209249811395,35.5019569798636,-92.7547258807667,30.0994716265277,0.678892820889249,0.534233193798672,2022.57314859209,2022.71780821918,A/blue_winged_teal/Louisiana/22-033477-003/2022|H5N1|USA-LA|2022-09-20|avian|B3.2,B32
697,699,0.108722705519665,-125.798417351347,59.4942120512877,-113.543655422518,46.9787511123531,0.683160491937548,0.574437786417882,2022.61335318471,2022.72207589023,NA,B32
977,355,0.156448648575509,-96.8935423016101,41.5463747458452,-93.0045143249232,39.3266976982735,0.687111998971321,0.530663350395812,2022.56957874868,2022.72602739726,A/american_blue_winged_teal/Missouri/22-032511-101-R/2022|H5N1|USA-MO|2022-09-23|avian|B3.2,B32
984,363,0.140346933635531,-101.002977962124,42.915375918801,-115.838181281486,41.2650895948181,0.687111998971321,0.546765065335791,2022.58568046362,2022.72602739726,A/canada_goose/Nevada/22-033403-003-R/2022|H5N1|USA-NV|2022-09-23|avian|B3.2,B32
737,738,0.142229755887727,-103.698705643885,35.6350874505382,-111.695331966679,39.5648748190535,0.688512284212814,0.546282528325087,2022.58519792661,2022.7274276825,NA,B32
863,232,0.175617441695589,-100.517151892378,39.0303642796126,-111.796323400833,47.7793812665328,0.689851724998906,0.514234283303317,2022.55314968159,2022.72876712329,A/blue_winged_teal/Montana/22-031163-004-R/2022|H5N1|USA-MT|2022-09-24|avian|B3.2,B32
728,729,0.146452073197062,-99.386510944838,34.2885734402233,-96.795903397447,37.8293766218397,0.692497039620188,0.546044966423126,2022.58496036471,2022.73141243791,NA,B32
821,843,0.100461517418286,-97.6093289331808,38.0565404662937,-99.6712469417363,36.6290193632126,0.693111330265061,0.592649812846775,2022.63156521114,2022.73202672855,NA,B32
825,826,0.0354155130736302,-95.8760182307437,37.2550840169742,-95.6756667282111,37.305893297545,0.693870978223158,0.658455465149527,2022.69737086344,2022.73278637651,NA,B32
729,730,0.00607225228753672,-96.795903397447,37.8293766218397,-95.890070966495,37.2769993186347,0.698569291907725,0.692497039620188,2022.73141243791,2022.7374846902,NA,B32
697,698,0.125092302138129,-125.798417351347,59.4942120512877,-129.655868035365,58.8382269686439,0.699530088556011,0.574437786417882,2022.61335318471,2022.73844548684,NA,B32
978,356,0.161349523337836,-100.025637230023,42.6551869283122,-105.394689061191,39.966591803756,0.700810629108336,0.5394611057705,2022.57837650406,2022.7397260274,A/Ring-billed_gull/Colorado/22-030941-001/2022|H5N1|USA-CO|2022-09-28|avian|B3.2,B32
986,367,0.153597542886861,-100.744101519121,44.2278860283779,-110.085188008111,59.1202794702673,0.700810629108336,0.547213086221475,2022.58612848451,2022.7397260274,A/Turkey/AB/FAV-0987-1/2022|H5N1|Canada-AB|2022-09-28|avian|B3.2,B32
725,82,0.151185176910003,-101.880135047224,36.7362236046751,-100.62980008439,46.9311307425557,0.700810629108336,0.549625452198333,2022.58854085049,2022.7397260274,A/great_horned_owl/North_Dakota/22-032264-001/2022|H5N1|USA-ND|2022-09-28|avian|B3.2,B32
555,499,0.171839713907875,-87.8919702540297,47.362266217086,-97.7560449294745,51.5401509484142,0.703550355135921,0.531710641228046,2022.57062603952,2022.74246575342,A/Turkey/MB/FAV-0994-8/2022|H5N1|Canada-MB|2022-09-29|avian|B3.2,B32
799,205,0.156936407120112,-92.4752088050672,31.5761379075265,-109.880490722512,49.5999123215758,0.703550355135921,0.546613948015809,2022.5855293463,2022.74246575342,A/Mixed/SK/FAV-1053-1/2022|H5N1|Canada-SK|2022-09-29|avian|B3.2,B32
1006,373,0.129019493615969,-104.026337404734,43.1977316920433,-109.035790635673,44.9489311308666,0.703550355135921,0.574530861519951,2022.61344625981,2022.74246575342,A/great_horned_owl/Wyoming/22-031607-001/2022|H5N1|USA-WY|2022-09-29|avian|B3.2,B32
690,397,0.257488254861173,-128.220547614812,49.525984692701,-161.135686492025,55.8559580324722,0.706290081163278,0.448801826302105,2022.48771722459,2022.74520547945,A/northern_pintail/Alaska/23-002693-016/2022|H5N1|USA-AK|2022-09-30|avian|B3.2,B32
978,979,0.168457694419832,-100.025637230023,42.6551869283122,-93.506294764594,45.1575377162429,0.707918800190332,0.5394611057705,2022.57837650406,2022.74683419848,NA,B32
872,873,0.0576575632501259,-72.7776189710654,-11.3788863133044,-73.0140867595127,-10.6014989278587,0.708441697313624,0.650784134063498,2022.68969953235,2022.7473570956,NA,B32
985,365,0.172743413970657,-102.664115475908,43.7588592060175,-112.454727159686,44.0108576375194,0.709029807190635,0.536286393219979,2022.57520179151,2022.74794520548,A/american_green_winged_teal/Idaho/22-034533-007-R2/2022|H5N1|USA-ID|2022-10-01|avian|B3.2,B32
691,392,0.32856618715607,-123.084270931008,48.805697760317,-123.138476769655,46.164869024729,0.711769533217993,0.383203346061923,2022.42211874435,2022.75068493151,A/cackling_goose/Oregon/22-036878-001-R2/2022|H5N1|USA-OR|2022-10-02|avian|B3.2,B32
719,139,0.289449735563111,-103.68277687602,39.5698576962096,-100.038362306082,49.0339774457152,0.71450925924535,0.425059523682239,2022.46397492197,2022.75342465753,A/Chicken/MB/FAV-1034-1/2022|H5N1|Canada-MB|2022-10-03|avian|B3.2,B32
1024,65,0.169522565179159,-116.14583029707,40.0671609506061,-122.379554526452,38.411952801523,0.71450925924535,0.544986694066191,2022.58390209235,2022.75342465753,A/peregrine_falcon/California/22-032573-001/2022|H5N1|USA-CA|2022-10-03|avian|B3.2,B32
864,231,0.171098616263209,-107.126566553366,40.9214858399342,-105.887525949636,40.8562301724126,0.717248985272708,0.546150369009499,2022.5850657673,2022.75616438356,A/red_tailed_hawk/Colorado/22-031741-001/2022|H5N1|USA-CO|2022-10-04|avian|B3.2,B32
757,111,0.170234332548272,-112.233300462905,39.8019533989573,-111.664365947186,40.7497759198422,0.717248985272708,0.547014652724436,2022.58593005101,2022.75616438356,A/duck/Utah/22-031728-004-R/2022|H5N1|USA-UT|2022-10-04|avian|B3.2,B32
826,827,0.0261085073300529,-95.6756667282111,37.305893297545,-95.7980486525102,39.0099181485624,0.71997948555321,0.693870978223158,2022.73278637651,2022.75889488384,NA,B32
987,988,0.188256045138432,-104.272151513989,43.6613738350789,-111.12874044443,33.0927630579879,0.722134543894239,0.533878498755807,2022.57279389704,2022.76104994218,NA,B32
613,618,0.603167020761036,-90.2096657029026,45.5580275702649,-83.4350233308471,38.221377861932,0.722345115717893,0.119178094956858,2022.15809349325,2022.76126051401,NA,B32
797,162,0.0621003016312809,-93.5017243660702,35.9090369554941,-93.7217564431268,36.1018897063199,0.72272843732765,0.660628135696369,2022.69954353399,2022.76164383562,A/chicken/Arkansas/22-031676-001/2022|H5N1|US-AR|2022-10-06|avian|B3.2,B32
797,163,0.0621003016312809,-93.5017243660702,35.9090369554941,-93.5125279009687,35.9080291806796,0.72272843732765,0.660628135696369,2022.69954353399,2022.76164383562,A/chicken/Arkansas/22-031667-003/2022|H5N1|US-AR|2022-10-06|avian|B3.2,B32
659,660,0.206502588042079,-121.917691926446,46.8147283440411,-127.159985074457,51.1871122853213,0.723810993216205,0.517308405174126,2022.55622380346,2022.7627263915,NA,B32
556,557,0.0931127303492643,-63.0871658965515,43.7588886273724,-62.6850314593184,43.1609705871304,0.724811062086538,0.631698331737274,2022.67061373003,2022.76372646038,NA,B32
1010,1011,0.188992076115585,-104.912814637376,55.9938511263739,-108.00911838348,55.7090386467907,0.72481962326862,0.535827547153034,2022.57474294544,2022.76373502156,NA,B32
979,980,0.0172593759441146,-93.506294764594,45.1575377162429,-86.0284317061662,39.1818141987306,0.725178176134447,0.707918800190332,2022.74683419848,2022.76409357442,NA,B32
861,237,0.15450591410664,-98.6106935245626,34.7444614363372,-87.4800687005835,41.4823433329156,0.725468163355007,0.570962249248367,2022.60987764754,2022.76438356164,A/peregrine_falcon/Indiana/22-032710-001/2022|H5N1|USA-IN|2022-10-07|avian|B3.2,B32
1076,1077,0.0845834017958822,-93.8911396802959,44.1983068909453,-92.9059001479878,43.3534269870082,0.0906767727401121,0.0060933709442299,2022.68112580589,2022.76570920768,NA,B36
699,700,0.0457264698951936,-113.543655422518,46.9787511123531,-113.448332700839,47.268320117023,0.728886961832741,0.683160491937548,2022.72207589023,2022.76780236012,NA,B32
988,990,0.00732217184501716,-111.12874044443,33.0927630579879,-111.661843001355,33.3503809322537,0.729456715739256,0.722134543894239,2022.76104994218,2022.76837211403,NA,B32
618,620,0.00850191375678389,-83.4350233308471,38.221377861932,-80.778915507111,35.0106370282466,0.730847029474677,0.722345115717893,2022.76126051401,2022.76976242776,NA,B32
980,981,0.00649951199106757,-86.0284317061662,39.1818141987306,-84.7950552785804,37.7639180386803,0.731677688125514,0.725178176134447,2022.76409357442,2022.77059308641,NA,B32
988,989,0.00990387584201713,-111.12874044443,33.0927630579879,-112.031540095634,32.9216075464819,0.732038419736256,0.722134543894239,2022.76104994218,2022.77095381803,NA,B32
557,558,0.00745926349981829,-62.6850314593184,43.1609705871304,-62.8195907671996,43.8699847720828,0.732270325586357,0.724811062086538,2022.76372646038,2022.77118572388,NA,B32
734,95,0.225134325344007,-100.177555120622,35.5134561674035,-98.655913633911,34.1724790641218,0.733687341437079,0.508553016093073,2022.54746841438,2022.77260273973,A/american_blue_winged_teal/Oklahoma/22-032994-002/2022|H5N1|USA-OK|2022-10-10|avian|B3.2,B32
875,926,0.074611742149505,-74.14452977386,-11.8427219219416,-76.1699050918478,-16.5986462663747,0.735468003570031,0.660856261420526,2022.69977165971,2022.77438340186,NA,B32
558,565,0.00404566974439557,-62.8195907671996,43.8699847720828,-62.1702486032452,44.7165612139912,0.736315995330752,0.732270325586357,2022.77118572388,2022.77523139362,NA,B32
649,390,0.231249178999238,-112.379659866384,47.5532555413267,-121.169558431218,55.2312233430838,0.736427067464664,0.505177888465426,2022.54409328675,2022.77534246575,A/Mixed/BC/FAV-1128/2022|H5N1|Canada-BC|2022-10-11|avian|B3.2,B32
733,88,0.11765518426569,-81.8214822516204,28.8129521198166,-81.0570668367746,27.9556999023977,0.736427067464664,0.618771883198974,2022.65768728149,2022.77534246575,A/chicken/Florida/22-032963-001/2022|H5N1|USA-FL|2022-10-11|avian|B3.2,B32
1011,374,0.0116074441960445,-108.00911838348,55.7090386467907,-108.262864806044,54.3756205656874,0.736427067464664,0.72481962326862,2022.76373502156,2022.77534246575,A/Striped_Skunk/SK/FAV-1470-26/2022|H5N1|Canada-SK|2022-10-11|other_mammal|B3.2,B32
558,559,0.00529231706117317,-62.8195907671996,43.8699847720828,-62.6897588283754,43.5742130514621,0.73756264264753,0.732270325586357,2022.77118572388,2022.77647804094,NA,B32
742,746,0.198775839664028,-104.031133062012,39.9547528615763,-105.514460584908,43.8928380538002,0.737843016469184,0.539067176805156,2022.57798257509,2022.77675841476,NA,B32
666,667,0.113865925535168,-121.354235355428,47.796893999297,-121.402969081334,48.0121460842575,0.737996941217116,0.624131015681948,2022.66304641397,2022.77691233951,NA,B32
1021,61,0.19486018974404,-112.584992738985,42.7909344979027,-100.593788361069,57.1495311935984,0.739166793492021,0.544306603747982,2022.58322200204,2022.77808219178,A/Bald_Eagle/MB/OTH-0142-1/2022|H5N1|Canada-MB|2022-10-12|avian|B3.2,B32
822,823,0.0855286136138091,-93.290677327661,35.8243810628796,-89.9533429377825,34.0137306777893,0.739574582357314,0.654045968743505,2022.69296136703,2022.77848998065,NA,B32
587,588,0.193992885488234,-80.49761795663,51.0549892845554,-83.0294599055118,52.3196394109339,0.739986002973289,0.545993117485055,2022.58490851577,2022.77890140126,NA,B32
746,748,0.00282400888012413,-105.514460584908,43.8928380538002,-105.71464944072,44.4506030506342,0.740667025349308,0.737843016469184,2022.77675841476,2022.77958242364,NA,B32
875,876,0.0809673675710214,-74.14452977386,-11.8427219219416,-60.0559558150843,-27.7084907207879,0.741823628991547,0.660856261420526,2022.69977165971,2022.78073902728,NA,B32
649,389,0.236728631053953,-112.379659866384,47.5532555413267,-93.076885296551,35.1797460516044,0.741906519519379,0.505177888465426,2022.54409328675,2022.78082191781,A/chicken/Arkansas/22-032566-001/2022|H5N1|US-AR|2022-10-13|avian|B3.2,B32
793,149,0.216591522841653,-94.3402227935982,41.9185988357797,-96.1108167801356,41.3938711717074,0.741906519519379,0.525314996677726,2022.56423039497,2022.78082191781,A/pelican/Nebraska/22-032908-001/2022|H5N1|USA-NE|2022-10-13|avian|B3.2,B32
987,357,0.208028020763572,-104.272151513989,43.6613738350789,-95.8308116215197,36.3640523305914,0.741906519519379,0.533878498755807,2022.57279389704,2022.78082191781,A/guinea_fowl/Oklahoma/22-032674-001/2022|H5N1|USA-OK|2022-10-13|avian|B3.2,B32
990,991,0.0126238089220578,-111.661843001355,33.3503809322537,-112.369491506844,33.3988204222591,0.742080524661314,0.729456715739256,2022.76837211403,2022.78099592295,NA,B32
827,830,0.0221140109980897,-95.7980486525102,39.0099181485624,-92.1809133932573,33.4654095622904,0.7420934965513,0.71997948555321,2022.75889488384,2022.78100889484,NA,B32
757,758,0.196849942874206,-112.233300462905,39.8019533989573,-114.591093752306,42.5254916622299,0.743864595598642,0.547014652724436,2022.58593005101,2022.78277999389,NA,B32
670,671,0.149238193994672,-119.042641727672,50.0920810441104,-110.806783097419,44.1627844839244,0.743872104714762,0.59463391072009,2022.63354930901,2022.782787503,NA,B32
746,747,0.00624663125348546,-105.514460584908,43.8928380538002,-105.80686905696,43.7894613729573,0.744089647722669,0.737843016469184,2022.77675841476,2022.78300504601,NA,B32
1040,379,0.301613146400129,-135.935300991614,52.73014517459,-159.941547187542,56.0534535536484,0.744646245546736,0.443033099146607,2022.48194849744,2022.78356164384,A/mallard/Alaska/23-003641-008/2022|H5N1|USA-AK|2022-10-14|avian|B3.2,B32
845,161,0.21559830078956,-100.620837820975,37.0477528156031,-115.126325319183,38.107058772774,0.744646245546736,0.529047944757176,2022.56796334305,2022.78356164384,A/chicken/Nevada/22-032799-001/2022|H5N1|USA-NV|2022-10-14|avian|B3.2,B32
732,87,0.156911130106399,-89.8731156203261,31.9960578075692,-92.0116427978144,32.6512469433126,0.744646245546736,0.587735115440337,2022.62665051373,2022.78356164384,A/goose/Louisiana/22-033391-001/2022|H5N1|USA-LA|2022-10-14|avian|B3.2,B32
565,567,0.00907546284744676,-62.1702486032452,44.7165612139912,-63.2394186028801,45.6242832930347,0.745391458178199,0.736315995330752,2022.77523139362,2022.78430685647,NA,B32
815,166,0.203805363758001,-94.5147224288991,37.527372698824,-78.2666412142641,42.8900835513698,0.747385971574094,0.543580607816093,2022.5824960061,2022.78630136986,A/american_green_winged_teal/New_York/22-033592-029/2022|H5N1|USA-NY|2022-10-15|avian|B3.2,B32
849,158,0.201507548815822,-104.523050679349,37.4906631318722,-83.1631931533716,41.6076647082255,0.747385971574094,0.545878422758272,2022.58479382105,2022.78630136986,A/american_wigeon/Ohio/22-034080-032/2022|H5N1|USA-OH|2022-10-15|avian|B3.2,B32
996,227,0.132526287047793,-104.527481943663,44.5513036010328,-119.343214592087,45.0111563908453,0.747385971574094,0.6148596845263,2022.65377508282,2022.78630136986,A/american_wigeon/Oregon/22-033876-019/2022|H5N1|USA-OR|2022-10-15|avian|B3.2,B32
990,358,0.0179292558348378,-111.661843001355,33.3503809322537,-112.277865939038,33.4893640307564,0.747385971574094,0.729456715739256,2022.76837211403,2022.78630136986,A/pelican/Arizona/22-038234-002/2022|H5N1|USA-AZ|2022-10-15|avian|B3.2,B32
989,361,0.0153475518378379,-112.031540095634,32.9216075464819,-112.213620286832,33.1023518145646,0.747385971574094,0.732038419736256,2022.77095381803,2022.78630136986,A/pelican/Arizona/22-038234-003/2022|H5N1|USA-AZ|2022-10-15|avian|B3.2,B32
989,362,0.0153475518378379,-112.031540095634,32.9216075464819,-112.442334688773,33.0586003164242,0.747385971574094,0.732038419736256,2022.77095381803,2022.78630136986,A/pelican/Arizona/22-038234-004/2022|H5N1|USA-AZ|2022-10-15|avian|B3.2,B32
991,359,0.00530544691278001,-112.369491506844,33.3988204222591,-112.466934494033,33.4975336562323,0.747385971574094,0.742080524661314,2022.78099592295,2022.78630136986,A/pelican/Arizona/22-038234-005/2022|H5N1|USA-AZ|2022-10-15|avian|B3.2,B32
991,360,0.00530544691278001,-112.369491506844,33.3988204222591,-111.96018984118,33.4933315684522,0.747385971574094,0.742080524661314,2022.78099592295,2022.78630136986,A/pelican/Arizona/22-038234-001/2022|H5N1|US-AZ|2022-10-15|avian|B3.2,B32
926,929,0.0122547470976158,-76.1699050918478,-16.5986462663747,-75.4781013794063,-16.7609979236696,0.747722750667647,0.735468003570031,2022.77438340186,2022.78663814896,NA,B32
876,877,0.00757769316650414,-60.0559558150843,-27.7084907207879,-56.4470807402075,-33.6772648065786,0.749401322158052,0.741823628991547,2022.78073902728,2022.78831672045,NA,B32
667,668,0.0115627930372599,-121.402969081334,48.0121460842575,-121.843131156191,48.0399166470134,0.749559734254376,0.737996941217116,2022.77691233951,2022.78847513254,NA,B32
1010,376,0.214298150448417,-104.912814637376,55.9938511263739,-95.7669251011312,42.1350715188098,0.750125697601451,0.535827547153034,2022.57474294544,2022.78904109589,A/american_green_winged_teal/Iowa/22-034928-001-R2/2022|H5N1|USA-IA|2022-10-16|avian|B3.2,B32
864,230,0.203975328591952,-107.126566553366,40.9214858399342,-119.031289290485,37.1307959786093,0.750125697601451,0.546150369009499,2022.5850657673,2022.78904109589,A/Muscovy_duck/California/22-034335-001/2022|H5N1|USA-CA|2022-10-16|avian|B3.2,B32
1050,1051,0.444949338036206,-109.685120200479,39.487581376588,-114.300936488962,35.7170666274423,0.751013880190245,0.306064542154039,2022.34497994044,2022.78992927848,NA,B32
659,661,0.234343713866569,-121.917691926446,46.8147283440411,-126.15048122127,49.2754825638416,0.751652119040695,0.517308405174126,2022.55622380346,2022.79056751733,NA,B32
830,831,0.00977902320041535,-92.1809133932573,33.4654095622904,-89.1234186513026,34.07131280543,0.751872519751716,0.7420934965513,2022.78100889484,2022.79078791804,NA,B32
720,138,0.315114991787806,-104.799033440529,37.5316652024523,-95.547950709182,37.1521743393281,0.752865423629036,0.437750431841229,2022.47666583013,2022.79178082192,A/pelican/Kansas/22-036624-001-R/2022|H5N1|USA-KS|2022-10-17|avian|B3.2,B32
736,92,0.236115282407122,-108.162385577603,34.1498566542963,-111.187074630001,33.5671907011663,0.752865423629036,0.516750141221914,2022.55566553951,2022.79178082192,A/canada_goose/Arizona/22-034128-001-R/2022|H5N1|US-AZ|2022-10-17|avian|B3.2,B32
1011,375,0.0280458003604163,-108.00911838348,55.7090386467907,-107.375947043652,55.8797032226616,0.752865423629036,0.72481962326862,2022.76373502156,2022.79178082192,A/Striped_Skunk/SK/FAV-1470-30/2022|H5N1|Canada-SK|2022-10-17|other_mammal|B3.2,B32
787,209,0.212385936606732,-93.8354453449294,32.7584672936608,-96.3328528735409,35.8711894151412,0.755605149656393,0.543219213049661,2022.58213461134,2022.79452054795,A/chicken/Oklahoma/22-033387-001/2022|H5N1|USA-OK|2022-10-18|avian|B3.2,B32
862,234,0.210085719947753,-99.8542544510706,40.3220652869298,-109.670518500685,48.7159245940808,0.755605149656393,0.54551942970864,2022.584434828,2022.79452054795,A/chicken/Montana/22-033348-001/2022|H5N1|USA-MT|2022-10-18|avian|B3.2,B32
996,226,0.140745465130093,-104.527481943663,44.5513036010328,-98.6448651397771,44.6799372164057,0.755605149656393,0.6148596845263,2022.65377508282,2022.79452054795,A/chicken/South_Dakota/22-033350-001/2022|H5N1|USA-SD|2022-10-18|avian|B3.2,B32
926,927,0.0204450838105652,-76.1699050918478,-16.5986462663747,-75.5865015016305,-17.3590376730718,0.755913087380596,0.735468003570031,2022.77438340186,2022.79482848567,NA,B32
823,824,0.0186858788685047,-89.9533429377825,34.0137306777893,-89.621996819827,33.9263304479167,0.758260461225819,0.739574582357314,2022.77848998065,2022.79717585951,NA,B32
870,969,0.121791981749085,-73.2334379485243,-11.8243089361326,-75.2648321261565,-6.6039601033934,0.758272682242575,0.63648070049349,2022.67539609878,2022.79718808053,NA,B32
929,930,0.0114581033590313,-75.4781013794063,-16.7609979236696,-76.1906559874504,-16.8191551825654,0.759180854026678,0.747722750667647,2022.78663814896,2022.79809625232,NA,B32
930,932,0.00172586052763002,-76.1906559874504,-16.8191551825654,-75.1193457782367,-17.7326221152775,0.760906714554308,0.759180854026678,2022.79809625232,2022.79982211284,NA,B32
787,210,0.217865388661447,-93.8354453449294,32.7584672936608,-97.2262774896109,35.2212279927699,0.761084601711108,0.543219213049661,2022.58213461134,2022.8,A/chicken/Oklahoma/22-033558-001/2022|H5N1|USA-OK|2022-10-20|avian|B3.2,B32
812,208,0.21556067959785,-95.8428564365761,37.6048341153305,-81.8679381803629,28.6407377849726,0.761084601711108,0.545523922113258,2022.5844393204,2022.8,A/chicken/Florida/22-033923-001/2022|H5N1|USA-FL|2022-10-20|avian|B3.2,B32
831,832,0.00921864454646837,-89.1234186513026,34.07131280543,-89.2638290143013,33.9809695116021,0.761091164298184,0.751872519751716,2022.79078791804,2022.80000656259,NA,B32
927,928,0.00944650858348206,-75.5865015016305,-17.3590376730718,-82.1411026540434,-12.8074462541412,0.765359595964078,0.755913087380596,2022.79482848567,2022.80427499425,NA,B32
691,692,0.382457070763263,-123.084270931008,48.805697760317,-123.795020820934,45.1152558379945,0.765660416825186,0.383203346061923,2022.42211874435,2022.80457581511,NA,B32
808,152,0.131334723837683,-96.2538114436954,39.0353375452056,-107.590391250112,37.0945724279232,0.76656405376605,0.635229329928367,2022.67414472822,2022.80547945205,A/chicken/Colorado/22-034082-001/2022|H5N1|USA-CO|2022-10-22|avian|B3.2,B32
846,847,0.236426630408219,-100.715120306679,37.2222593731084,-101.354048942406,38.0740163842464,0.768382702857965,0.531956072449746,2022.57087147074,2022.80729810115,NA,B32
567,568,0.0253290512083311,-63.2394186028801,45.6242832930347,-63.1662297971945,44.8198062856679,0.77072050938653,0.745391458178199,2022.78430685647,2022.80963590768,NA,B32
578,579,0.128340474827382,-81.7991260583447,49.4735074180678,-82.345350742408,49.4324739595875,0.770880775652746,0.642540300825365,2022.68145569911,2022.80979617394,NA,B32
671,672,0.0277953284549093,-110.806783097419,44.1627844839244,-111.869729233933,43.8408674863174,0.771667433169672,0.743872104714762,2022.782787503,2022.81058283146,NA,B32
1003,220,0.261989689477677,-109.30348435876,46.275335294321,-111.243579472398,49.7210489642079,0.772043505820765,0.510053816343087,2022.54896921463,2022.81095890411,A/Striped_Skunk/AB/FAV-1509-3/2022|H5N1|Canada-AB|2022-10-24|other_mammal|B3.2,B32
805,167,0.241561780367674,-102.257891437899,40.0528228096144,-111.213438791708,49.2644171898078,0.774783231848122,0.533221451480449,2022.57213684977,2022.81369863014,A/Chicken/AB/FAV-1260-2/2022|H5N1|Canada-AB|2022-10-25|avian|B3.2,B32
738,77,0.0862709476353078,-111.695331966679,39.5648748190535,-113.592218434007,41.7347736101421,0.774783231848122,0.688512284212814,2022.7274276825,2022.81369863014,A/great_horned_owl/Utah/22-035956-007/2022|H5N1|USA-UT|2022-10-25|avian|B3.2,B32
743,96,0.233776913187296,-104.188560231978,40.2085560874421,-109.050652619526,53.2163796174561,0.77752295787548,0.543746044688184,2022.58266144298,2022.81643835616,A/Red-Tailed_Hawk/SK/FAV-1470-33/2022|H5N1|Canada-SK|2022-10-26|avian|B3.2,B32
725,81,0.227897505677146,-101.880135047224,36.7362236046751,-115.828440990144,43.5874983104535,0.77752295787548,0.549625452198333,2022.58854085049,2022.81643835616,A/american_wigeon/Idaho/22-036873-001/2022|H5N1|USA-ID|2022-10-26|avian|B3.2,B32
969,971,0.0198804381735176,-75.2648321261565,-6.6039601033934,-75.294536926362,-6.6786584893498,0.778153120416093,0.758272682242575,2022.79718808053,2022.8170685187,NA,B32
588,590,0.0398288197401242,-83.0294599055118,52.3196394109339,-81.4782047554772,49.0806761077165,0.779814822713413,0.739986002973289,2022.77890140126,2022.818730221,NA,B32
969,970,0.0217510531028244,-75.2648321261565,-6.6039601033934,-73.5228527233677,-8.77009723917004,0.7800237353454,0.758272682242575,2022.79718808053,2022.81893913363,NA,B32
783,148,0.304591218783801,-94.5738400326083,34.3168781797193,-99.240399362372,43.4270913891641,0.780262683902837,0.475671465119036,2022.51458686341,2022.81917808219,A/pheasant/South_Dakota/22-034797-001/2022|H5N1|USA-SD|2022-10-27|avian|B3.2,B32
785,211,0.272010260623314,-91.5131220776762,30.9086353449863,-116.219096745048,33.2524895741788,0.780262683902837,0.508252423279523,2022.54716782157,2022.81917808219,A/american_white_pelican/California/22-035596-001/2022|H5N1|USA-CA|2022-10-27|avian|B3.2,B32
851,147,0.238581841134381,-94.1656146755067,35.1032018924423,-123.415946672343,46.0513380607337,0.780262683902837,0.541680842768456,2022.58059624106,2022.81917808219,A/american_wigeon/Oregon/22-035736-015/2022|H5N1|USA-OR|2022-10-27|avian|B3.2,B32
832,833,0.0195446073443768,-89.2638290143013,33.9809695116021,-93.1137878954737,34.4239463203886,0.780635771642561,0.761091164298184,2022.80000656259,2022.81955116993,NA,B32
700,701,0.0529036292812077,-113.448332700839,47.268320117023,-118.076001158368,38.3105281169078,0.781790591113949,0.728886961832741,2022.76780236012,2022.8207059894,NA,B32
568,569,0.0111790646803644,-63.1662297971945,44.8198062856679,-63.6721293617515,46.0964613351157,0.781899574066895,0.77072050938653,2022.80963590768,2022.82081497236,NA,B32
812,813,0.237029017950856,-95.8428564365761,37.6048341153305,-93.2665688191004,36.993983760192,0.782552940064114,0.545523922113258,2022.5844393204,2022.82146833835,NA,B32
793,151,0.257687413252696,-94.3402227935982,41.9185988357797,-87.1261883773278,40.7922195547423,0.783002409930422,0.525314996677726,2022.56423039497,2022.82191780822,A/mallard/Indiana/22-034829-007-R2/2022|H5N1|USA-IN|2022-10-28|avian|B3.2,B32
647,387,0.219111257934519,-107.101860421854,49.3814923819364,-87.1459319507259,40.7614103412986,0.783002409930422,0.563891151995903,2022.60280655028,2022.82191780822,A/blue_winged_teal/Indiana/22-034829-003-R2/2022|H5N1|USA-IN|2022-10-28|avian|B3.2,B32
930,931,0.0252324565083648,-76.1906559874504,-16.8191551825654,-70.347480064833,-23.7127780320068,0.784413310535043,0.759180854026678,2022.79809625232,2022.82332870882,NA,B32
833,834,0.0043245496766513,-93.1137878954737,34.4239463203886,-93.7457467859468,34.8936443197652,0.784960321319212,0.780635771642561,2022.81955116993,2022.82387571961,NA,B32
868,242,0.167397582447202,-88.356422160445,34.8715673404718,-81.3472023471243,27.7945808955042,0.785742135957779,0.618344553510577,2022.6572599518,2022.82465753425,A/peregrine_falcon/Florida/22-035514-001/2022|H5N1|USA-FL|2022-10-29|avian|B3.2,B32
671,681,0.042713402823114,-110.806783097419,44.1627844839244,-110.367170402835,40.4385255956302,0.786585507537876,0.743872104714762,2022.782787503,2022.82550090583,NA,B32
971,973,0.00860628889203863,-75.294536926362,-6.6786584893498,-76.5051579138984,-7.65155650014663,0.786759409308131,0.778153120416093,2022.8170685187,2022.8256748076,NA,B32
775,777,0.2225631643955,-109.028021994894,38.0442476716027,-81.2578958266437,33.3081576282924,0.786776728979584,0.564213564584084,2022.60312896287,2022.82569212727,NA,B32
661,662,0.0360076643310179,-126.15048122127,49.2754825638416,-122.601014643216,51.3902887418515,0.787659783371713,0.751652119040695,2022.79056751733,2022.82657518166,NA,B32
748,749,0.0474718981432898,-105.71464944072,44.4506030506342,-104.026324497008,43.8330586755633,0.788138923492598,0.740667025349308,2022.77958242364,2022.82705432178,NA,B32
1077,1078,0.0614872419936368,-92.9059001479878,43.3534269870082,-92.7150767833489,44.2704168196044,0.152164014733749,0.0906767727401121,2022.76570920768,2022.82719644968,NA,B36
862,235,0.242962432276497,-99.8542544510706,40.3220652869298,-82.8758129852837,35.5057147305259,0.788481861985137,0.54551942970864,2022.584434828,2022.82739726027,A/canada_goose/North_Carolina/22-036623-001-R2/2022|H5N1|USA-NC|2022-10-30|avian|B3.2,B32
776,130,0.18043164249772,-107.404486019348,37.7105279041516,-105.213666390187,41.6653848953555,0.788481861985137,0.608050219487417,2022.64696561778,2022.82739726027,A/canada_goose/Wyoming/23-000336-002/2022|H5N1|USA-WY|2022-10-30|avian|B3.2,B32
830,841,0.0480151806191258,-92.1809133932573,33.4654095622904,-93.1618805924203,35.0340354653684,0.790108677170426,0.7420934965513,2022.78100889484,2022.82902407546,NA,B32
850,144,0.314168512075588,-95.8087842713029,36.2213222052344,-88.4084941774526,43.0410227367711,0.791221588012494,0.477053075936906,2022.51596847423,2022.8301369863,A/chicken/Wisconsin/22-034812-002/2022|H5N1|USA-WI|2022-10-31|avian|B3.2,B32
740,137,0.31092851187721,-108.654935234944,38.9761201763126,-97.0792374548361,32.6661643954465,0.791221588012494,0.480293076135283,2022.51920847442,2022.8301369863,A/mallard/Texas/22-035744-001/2022|H5N1|USA-TX|2022-10-31|avian|B3.2,B32
834,835,0.00659284613616951,-93.7457467859468,34.8936443197652,-94.778214572894,36.4397175362525,0.791553167455382,0.784960321319212,2022.82387571961,2022.83046856574,NA,B32
681,682,0.00548320536530467,-110.367170402835,40.4385255956302,-110.253316119519,40.4697002369925,0.792068712903181,0.786585507537876,2022.82550090583,2022.83098411119,NA,B32
790,212,0.30888038321748,-93.0260786729935,33.8510936561686,-101.160407939435,48.7411731782958,0.793961314039851,0.485080930822372,2022.52399632911,2022.83287671233,A/chicken/North_Dakota/22-035070-001/2022|H5N1|USA-ND|2022-11-01|avian|B3.2,B32
999,225,0.248873564205597,-106.351466371585,45.1596512212599,-122.241031376579,38.7386367374368,0.793961314039851,0.545087749834255,2022.58400314812,2022.83287671233,A/great_horned_owl/California/22-035880-001/2022|H5N1|USA-CA|2022-11-01|avian|B3.2,B32
1041,380,0.219946196814249,-132.371077285614,46.3927587391052,-123.075563049318,45.2699127663301,0.793961314039851,0.574015117225602,2022.61293051551,2022.83287671233,A/chicken/Oregon/22-035197-001/2022|H5N1|USA-OR|2022-11-01|avian|B3.2,B32
1051,26,0.0429474338496063,-114.300936488962,35.7170666274423,-112.071588178829,34.6314364664712,0.793961314039851,0.751013880190245,2022.78992927848,2022.83287671233,A/chicken/Arizona/22-035006-002/2022|H5N1|US-AZ|2022-11-01|avian|B3.2,B32
929,933,0.0462785940242312,-75.4781013794063,-16.7609979236696,-75.1898533030013,-16.5165766660898,0.794001344691878,0.747722750667647,2022.78663814896,2022.83291674298,NA,B32
826,842,0.100765489371343,-95.6756667282111,37.305893297545,-95.8318929948461,37.7147818227626,0.794636467594501,0.693870978223158,2022.73278637651,2022.83355186588,NA,B32
652,51,0.136871859745866,-118.675231278435,57.3552855785641,-71.3290522559839,57.4653313110522,0.796701040067209,0.659829180321343,2022.69874457861,2022.83561643836,A/Snow_Goose/QC/FAV-1493-1/2022|H5N1|Canada-QC|2022-11-02|avian|B3.2,B32
687,423,0.130775420863502,-120.556821315244,50.9155078587996,-121.223051407867,48.168940323366,0.796701040067209,0.665925619203707,2022.70484101749,2022.83561643836,A/chicken/Washington/22-035749-001/2022|H5N1|USA-WA|2022-11-02|avian|B3.2,B32
1051,25,0.0456871598769637,-114.300936488962,35.7170666274423,-113.088787116937,34.3594274161918,0.796701040067209,0.751013880190245,2022.78992927848,2022.83561643836,A/chicken/Arizona/22-035241-003/2022|H5N1|US-AZ|2022-11-02|avian|B3.2,B32
559,561,0.0601204708390082,-62.6897588283754,43.5742130514621,-64.3824922764334,46.6088292530428,0.797683113486538,0.73756264264753,2022.77647804094,2022.83659851178,NA,B32
877,882,0.0483055491164088,-56.4470807402075,-33.6772648065786,-56.464866799343,-34.4799509721764,0.79770687127446,0.749401322158052,2022.78831672045,2022.83662226956,NA,B32
860,236,0.257992024134149,-99.654933400472,38.673751762839,-108.487990802793,42.6082743020644,0.799440766094794,0.541448741960644,2022.58036414025,2022.83835616438,A/canada_goose/Wyoming/22-036111-001/2022|H5N1|USA-WY|2022-11-03|avian|B3.2,B32
733,89,0.180668882895819,-81.8214822516204,28.8129521198166,-81.6415745547939,28.5006196908084,0.799440766094794,0.618771883198974,2022.65768728149,2022.83835616438,A/double_crested_cormorant/Florida/22-036552-001/2022|H5N1|USA-FL|2022-11-03|avian|B3.2,B32
802,197,0.267947298323479,-95.2209249811395,35.5019569798636,-82.3890965605685,27.1975937577966,0.802180492122151,0.534233193798672,2022.57314859209,2022.84109589041,A/muscovy_duck/Florida/22-036966-002/2022|H5N1|USA-FL|2022-11-04|avian|B3.2,B32
1025,73,0.124537544508442,-107.5688050393,43.73959111625,-112.119608121416,43.7458357521147,0.802180492122151,0.677642947613709,2022.7165583459,2022.84109589041,A/striped_skunk/Idaho/22-037165-002/2022|H5N1|USA-ID|2022-11-04|other_mammal|B3.2,B32
827,828,0.0824541385271473,-95.7980486525102,39.0099181485624,-93.863297914991,38.7036707686689,0.802433624080358,0.71997948555321,2022.75889488384,2022.84134902237,NA,B32
971,972,0.0247421468532338,-75.294536926362,-6.6786584893498,-82.6443399331137,-5.46307997284958,0.802895267269327,0.778153120416093,2022.8170685187,2022.84181066556,NA,B32
743,744,0.259598017202782,-104.188560231978,40.2085560874421,-104.896709678123,39.9833069864952,0.803344061890966,0.543746044688184,2022.58266144298,2022.84225946018,NA,B32
590,591,0.0237718998046978,-81.4782047554772,49.0806761077165,-82.0722453983073,48.256369949216,0.803586722518111,0.779814822713413,2022.818730221,2022.84250212081,NA,B32
1019,63,0.259768022491233,-113.406348040743,43.4072340681704,-119.041713323901,38.348533093837,0.804920218149508,0.545152195658276,2022.58406759395,2022.84383561644,A/northern_shoveler/Nevada/22-037517-003/2022|H5N1|USA-NV|2022-11-05|avian|B3.2,B32
727,90,0.239771860420613,-98.4578638788404,31.6184452062707,-94.1729732761244,29.980065234905,0.804920218149508,0.565148357728895,2022.60406375602,2022.84383561644,A/gadwall/Texas/22-036753-040-R/2022|H5N1|USA-TX|2022-11-05|avian|B3.2,B32
682,685,0.0128773588543001,-110.253316119519,40.4697002369925,-111.166071389198,39.8431357476026,0.804946071757481,0.792068712903181,2022.83098411119,2022.84386147005,NA,B32
569,573,0.0234375178994428,-63.6721293617515,46.0964613351157,-62.55664471605,45.7033547723367,0.805337091966337,0.781899574066895,2022.82081497236,2022.84425249026,NA,B32
588,589,0.0654265298007508,-83.0294599055118,52.3196394109339,-80.4500417556498,49.298538196671,0.80541253277404,0.739986002973289,2022.77890140126,2022.84432793106,NA,B32
831,837,0.0551364758980113,-89.1234186513026,34.07131280543,-90.395902722649,36.1815122762654,0.807008995649727,0.751872519751716,2022.79078791804,2022.84592439394,NA,B32
672,674,0.0372460000535906,-111.869729233933,43.8408674863174,-108.405361113528,50.7821513011687,0.808913433223262,0.771667433169672,2022.81058283146,2022.84782883151,NA,B32
1058,21,0.522501568064037,-112.014878414986,49.9749982346558,-119.154894266451,55.6823439761311,0.813139396231808,0.290637828167771,2022.32955322646,2022.85205479452,A/Striped_Skunk/AB/FAV-1509-1/2022|H5N1|Canada-AB|2022-11-08|other_mammal|B3.2,B32
792,150,0.300815362034884,-92.195733347852,38.1167173867236,-74.9800342363395,9.68475070045399,0.813139396231808,0.512324034196924,2022.55123943249,2022.85205479452,A/chicken/Colombia/Bolivar/3500/2022|H5N1|Colombia|2022-11-08|avian|B3.2,B32
849,157,0.267260973473536,-104.523050679349,37.4906631318722,-102.514143534959,40.9943811223401,0.813139396231808,0.545878422758272,2022.58479382105,2022.85205479452,A/snow_goose/Colorado/22-036625-001-R/2022|H5N1|USA-CO|2022-11-08|avian|B3.2,B32
652,52,0.153310215910465,-118.675231278435,57.3552855785641,-114.611079393782,55.6015431023317,0.813139396231808,0.659829180321343,2022.69874457861,2022.85205479452,A/Striped_Skunk/AB/FAV-1509-2/2022|H5N1|Canada-AB|2022-11-08|other_mammal|B3.2,B32
1012,229,0.298971886048776,-103.757821980501,42.163643242603,-112.515372777795,46.9098429071639,0.815879122259165,0.51690723621039,2022.5558226345,2022.85479452055,A/red_tailed_hawk/Montana/22-036316-001/2022|H5N1|USA-MT|2022-11-09|avian|B3.2,B32
844,154,0.277797972121956,-97.8878353713887,38.08914325226,-86.7859108484963,35.1517537956119,0.815879122259165,0.538081150137209,2022.57699654843,2022.85479452055,A/domestic_goose/Tennessee/22-036130-001/2022|H5N1|USA-TN|2022-11-09|avian|B3.2,B32
837,838,0.00995521948057121,-90.395902722649,36.1815122762654,-88.8189685106941,34.3674305088606,0.816964215130298,0.807008995649727,2022.84592439394,2022.85587961342,NA,B32
933,934,0.0233167314213021,-75.1898533030013,-16.5165766660898,-69.6359125081664,-21.0073007409546,0.81731807611318,0.794001344691878,2022.83291674298,2022.8562334744,NA,B32
838,839,0.00108494625789346,-88.8189685106941,34.3674305088606,-89.0877197573646,33.0724568912768,0.818049161388192,0.816964215130298,2022.85587961342,2022.85696455968,NA,B32
972,248,0.0157235810171961,-82.6443399331137,-5.46307997284958,-81.200409,-5.197348,0.818618848286523,0.802895267269327,2022.84181066556,2022.85753424658,A/pelican/Peru/AIS0538/2022|H5N1|Peru|2022-11-10|avian|B3.2,B32
647,648,0.254826454307486,-107.101860421854,49.3814923819364,-104.072355128402,41.4218828125627,0.818717606303389,0.563891151995903,2022.60280655028,2022.85763300459,NA,B32
868,869,0.200702245538954,-88.356422160445,34.8715673404718,-76.6776075098526,25.2140192561397,0.819046799049531,0.618344553510577,2022.6572599518,2022.85796219734,NA,B32
591,595,0.0160727191389674,-82.0722453983073,48.256369949216,-77.3792490366408,44.2052138443395,0.819659441657079,0.803586722518111,2022.84250212081,2022.85857483995,NA,B32
1013,1014,0.43024737999286,-119.841242073806,52.0606292335226,-110.170289408712,44.3837083152009,0.822290384106031,0.392043004113171,2022.4309584024,2022.86120578239,NA,B32
828,829,0.0206037668265338,-93.863297914991,38.7036707686689,-93.333639627256,38.2191242083447,0.823037390906892,0.802433624080358,2022.84134902237,2022.8619527892,NA,B32
569,570,0.0420147238637218,-63.6721293617515,46.0964613351157,-63.0182271918706,45.3595432759818,0.823914297930616,0.781899574066895,2022.82081497236,2022.86282969622,NA,B32
1003,219,0.31404448399815,-109.30348435876,46.275335294321,-93.1263650832943,29.9432048224306,0.824098300341237,0.510053816343087,2022.54896921463,2022.86301369863,A/northern_shoveler/Louisiana/22-037236-004/2022|H5N1|USA-LA|2022-11-12|avian|B3.2,B32
934,935,0.0074323551678841,-69.6359125081664,-21.0073007409546,-67.9610116832034,-22.7326524264438,0.824750431281064,0.81731807611318,2022.8562334744,2022.86366582957,NA,B32
786,788,0.314993373337265,-90.9930087237786,31.1563109721386,-87.9276425529538,18.7530857054088,0.826329298445271,0.511335925108006,2022.5502513234,2022.86524469673,NA,B32
777,778,0.0396125418031272,-81.2578958266437,33.3081576282924,-81.138775415036,33.6841428558249,0.826389270782711,0.786776728979584,2022.82569212727,2022.86530466907,NA,B32
828,177,0.024404402288237,-93.863297914991,38.7036707686689,-94.4560813434864,38.8927946681026,0.826838026368595,0.802433624080358,2022.84134902237,2022.86575342466,A/snow_goose/Missouri/22-037787-001/2022|H5N1|USA-MO|2022-11-13|avian|B3.2,B32
749,753,0.0413775272513308,-104.026324497008,43.8330586755633,-104.418645354745,44.0679215046373,0.829516450743928,0.788138923492598,2022.82705432178,2022.86843184903,NA,B32
799,155,0.282963804380371,-92.4752088050672,31.5761379075265,-91.8722452385294,34.2541913942058,0.82957775239618,0.546613948015809,2022.5855293463,2022.86849315069,A/goose/Arkansas/22-036798-001/2022|H5N1|US-AR|2022-11-14|avian|B3.2,B32
611,473,0.187857243140396,-73.1500319337941,50.2917473237335,-74.3669542855296,51.8099778222814,0.82957775239618,0.641720509255783,2022.68063590754,2022.86849315069,A/American_Crow/QC/FAV-1627-4/2022|H5N1|Canada-QC|2022-11-14|avian|B3.2,B32
979,351,0.121658952205848,-93.506294764594,45.1575377162429,-100.115152395928,44.2013128905744,0.82957775239618,0.707918800190332,2022.74683419848,2022.86849315069,A/canada_goose/South_Dakota/22-037528-002/2022|H5N1|USA-SD|2022-11-14|avian|B3.2,B32
591,592,0.0261969054015396,-82.0722453983073,48.256369949216,-80.5925060621846,49.1704489798416,0.829783627919651,0.803586722518111,2022.84250212081,2022.86869902621,NA,B32
557,522,0.107506416336999,-62.6850314593184,43.1609705871304,-63.1976428885066,46.222720050832,0.832317478423537,0.724811062086538,2022.76372646038,2022.87123287671,A/Striped_Skunk/PE/FAV-1642-1/2022|H5N1|Canada-PE|2022-11-15|other_mammal|B3.2,B32
934,966,0.0169887472336416,-69.6359125081664,-21.0073007409546,-72.1240267428073,-19.3844338533253,0.834306823346822,0.81731807611318,2022.8562334744,2022.87322222164,NA,B32
972,247,0.0321619371815678,-82.6443399331137,-5.46307997284958,-79.906572,-6.7172767,0.835057204450894,0.802895267269327,2022.84181066556,2022.87397260274,A/pelican/Peru/AIS0541/2022|H5N1|Peru|2022-11-16|avian|B3.2,B32
1006,1007,0.261068347197925,-104.026337404734,43.1977316920433,-92.2667993956073,51.5432560485834,0.835599208717877,0.574530861519951,2022.61344625981,2022.87451460701,NA,B32
973,975,0.0495950753978032,-76.5051579138984,-7.65155650014663,-76.1552004973387,-9.1217753417973,0.836354484705935,0.786759409308131,2022.8256748076,2022.875269883,NA,B32
966,967,0.00286115593731928,-72.1240267428073,-19.3844338533253,-72.9478354852495,-18.8290481853459,0.837167979284141,0.834306823346822,2022.87322222164,2022.87608337757,NA,B32
837,188,0.0307879348285249,-90.395902722649,36.1815122762654,-92.9093687045442,45.1078435849115,0.837796930478252,0.807008995649727,2022.84592439394,2022.87671232877,A/snow_goose/Minnesota/22-037439-001/2022|H5N1|USA-MN|2022-11-17|avian|B3.2,B32
1025,1026,0.162090595908799,-107.5688050393,43.73959111625,-92.4521138987387,44.6109185808371,0.839733543522509,0.677642947613709,2022.7165583459,2022.87864894181,NA,B32
682,683,0.0483442091213826,-110.253316119519,40.4697002369925,-105.971868684645,41.4660018466123,0.840412922024564,0.792068712903181,2022.83098411119,2022.87932832031,NA,B32
861,238,0.269574407257242,-98.6106935245626,34.7444614363372,-73.9289561391291,10.459640033955,0.840536656505609,0.570962249248367,2022.60987764754,2022.87945205479,A/chicken/Colombia/Magdalena/3503/2022|H5N1|Colombia|2022-11-18|avian|B3.2,B32
1002,217,0.218246887559492,-113.64266493137,48.4501901685194,-116.911552874984,43.6974775606116,0.840536656505609,0.622289768946117,2022.66120516724,2022.87945205479,A/snow_goose/Idaho/22-038611-002/2022|H5N1|USA-ID|2022-11-18|avian|B3.2,B32
975,976,0.00617476989847132,-76.1552004973387,-9.1217753417973,-74.6609769690376,-11.9116978767612,0.842529254604406,0.836354484705935,2022.875269883,2022.88144465289,NA,B32
966,968,0.0086688538485924,-72.1240267428073,-19.3844338533253,-73.8556401179642,-17.6453175981335,0.842975677195414,0.834306823346822,2022.87322222164,2022.88189107548,NA,B32
805,206,0.310054931052518,-102.257891437899,40.0528228096144,-77.3036954786535,37.5363144650667,0.843276382532967,0.533221451480449,2022.57213684977,2022.88219178082,A/american_black_duck/Virginia/22-038573-010/2022|H5N1|USA-VA|2022-11-19|avian|B3.2,B32
620,454,0.112429353058289,-80.778915507111,35.0106370282466,-81.5438136715955,31.5614631735499,0.843276382532967,0.730847029474677,2022.76976242776,2022.88219178082,A/american_green_winged_teal/Georgia/22-038443-007/2022|H5N1|USA-GA|2022-11-19|avian|B3.2,B32
813,199,0.0607234424688521,-93.2665688191004,36.993983760192,-92.8307218747686,37.244253927097,0.843276382532967,0.782552940064114,2022.82146833835,2022.88219178082,A/chicken/Missouri/22-037522-001/2022|H5N1|USA-MO|2022-11-19|avian|B3.2,B32
997,998,0.303988484125699,-106.070732508823,44.9918674450595,-76.0624788892688,7.39189768313032,0.844618692660468,0.540630208534768,2022.57954560682,2022.88353409095,NA,B32
973,974,0.059342761354142,-76.5051579138984,-7.65155650014663,-81.1429887983453,-5.15331911269837,0.846102170662273,0.786759409308131,2022.8256748076,2022.88501756895,NA,B32
1014,1015,0.0240002330612161,-110.170289408712,44.3837083152009,-110.07240787981,44.6410284828007,0.846290617167247,0.822290384106031,2022.86120578239,2022.88520601546,NA,B32
758,759,0.102714751628002,-114.591093752306,42.5254916622299,-116.170626681378,42.0743970283392,0.846579347226644,0.743864595598642,2022.78277999389,2022.88549474552,NA,B32
749,750,0.060036851263237,-104.026324497008,43.8330586755633,-111.365192729889,45.9018125320402,0.848175774755834,0.788138923492598,2022.82705432178,2022.88709117304,NA,B32
778,779,0.0222289774470563,-81.138775415036,33.6841428558249,-80.065069655132,35.4648375354536,0.848618248229767,0.826389270782711,2022.86530466907,2022.88753364652,NA,B32
810,200,0.267300542331452,-92.9478348221293,36.1408108755903,-106.093750722527,49.1156740933874,0.848755834587909,0.581455292256456,2022.62037069055,2022.88767123288,A/Chicken/SK/FAV-1471-1/2022|H5N1|Canada-SK|2022-11-21|avian|B3.2,B32
692,393,0.0830954177627228,-123.795020820934,45.1152558379945,-123.32572334335,45.9130092047576,0.848755834587909,0.765660416825186,2022.80457581511,2022.88767123288,A/chicken/Oregon/22-037712-001/2022|H5N1|USA-OR|2022-11-21|avian|B3.2,B32
734,94,0.342942544522193,-100.177555120622,35.5134561674035,-89.3589087185313,42.9735235192293,0.851495560615266,0.508553016093073,2022.54746841438,2022.8904109589,A/tundra_swan/Wisconsin/22-038828-001-R/2022|H5N1|USA-WI|2022-11-22|avian|B3.2,B32
852,145,0.187023495152232,-104.670018249888,45.6997970945861,-97.8510147324364,44.2368460878439,0.851495560615266,0.664472065463035,2022.70338746375,2022.8904109589,A/turkey/South_Dakota/22-037933-001/2022|H5N1|USA-SD|2022-11-22|avian|B3.2,B32
612,471,0.173902254749439,-76.8485235047638,51.4980625982205,-73.9941061856616,53.7859554315831,0.851495560615266,0.677593305865827,2022.71650870415,2022.8904109589,A/Snow_Goose/QC/FAV-1628-7/2022|H5N1|Canada-QC|2022-11-22|avian|B3.2,B32
1077,540,0.124701751219182,-92.9059001479878,43.3534269870082,-103.630378033202,40.065762965857,0.215378523959294,0.0906767727401121,2022.76570920768,2022.8904109589,A/red_tailed_hawk/Colorado/22-038652-002/2022|H5N1|USA-CO|2022-11-22|avian|B3.6,B36
974,249,0.00539338995299277,-81.1429887983453,-5.15331911269837,-81.1719157,-5.14738205,0.851495560615266,0.846102170662273,2022.88501756895,2022.8904109589,A/dolphin/Peru/PIU-002/2022|H5N1|Peru|2022-11-22|other_mammal|B3.2,B32
974,250,0.00539338995299277,-81.1429887983453,-5.15331911269837,-81.170758,-5.1499528,0.851495560615266,0.846102170662273,2022.88501756895,2022.8904109589,A/dolphin/Peru/PIU-SER002/2022|H5N1|Peru|2022-11-22|other_mammal|B3.2,B32
999,1000,0.309051912659514,-106.351466371585,45.1596512212599,-108.409391532275,37.6964310174066,0.854139662493769,0.545087749834255,2022.58400314812,2022.89305506078,NA,B32
585,497,0.363447419257873,-86.5944927160547,44.3274693734906,-87.7871429895897,38.3132635741158,0.854235286642624,0.49078786738475,2022.52970326567,2022.89315068493,A/snow_goose/Indiana/22-038827-007-R/2022|H5N1|USA-IN|2022-11-23|avian|B3.2,B32
736,93,0.33748514542071,-108.162385577603,34.1498566542963,-90.3794618055164,33.9199991698207,0.854235286642623,0.516750141221914,2022.55566553951,2022.89315068493,A/snow_goose/Mississippi/22-038821-030/2022|H5N1|USA-MS|2022-11-23|avian|B3.2,B32
712,76,0.332009941209225,-104.906498194404,39.1492974008856,-87.5162406626901,38.500748683933,0.854235286642623,0.522225345433398,2022.56114074372,2022.89315068493,A/snow_goose/Indiana/22-038827-008-R/2022|H5N1|USA-IN|2022-11-23|avian|B3.2,B32
818,168,0.307528687552716,-98.5335103820972,36.8035110622373,-90.4098461270306,33.8253095567644,0.854235286642623,0.546706599089908,2022.58562199738,2022.89315068493,A/snow_goose/Mississippi/22-038821-010/2022|H5N1|USA-MS|2022-11-23|avian|B3.2,B32
578,523,0.211694985817259,-81.7991260583447,49.4735074180678,-89.9565870314402,33.9736242735842,0.854235286642623,0.642540300825365,2022.68145569911,2022.89315068493,A/snow_goose/Mississippi/22-038821-024/2022|H5N1|USA-MS|2022-11-23|avian|B3.2,B32
852,146,0.189763221179589,-104.670018249888,45.6997970945861,-87.5625280676663,38.2113431344641,0.854235286642623,0.664472065463035,2022.70338746375,2022.89315068493,A/snow_goose/Indiana/22-038827-003-R/2022|H5N1|USA-IN|2022-11-23|avian|B3.2,B32
843,194,0.161123956377563,-99.6712469417363,36.6290193632126,-101.239858956866,35.6226424558449,0.854235286642623,0.693111330265061,2022.73202672855,2022.89315068493,A/goose/Texas/22-038236-001/2022|H5N1|USA-TX|2022-11-23|avian|B3.2,B32
698,50,0.154705198086612,-129.655868035365,58.8382269686439,-147.017300927308,62.9923190357967,0.854235286642623,0.699530088556011,2022.73844548684,2022.89315068493,A/chicken/Alaska/22-037940-001/2022|H5N1|USA-AK|2022-11-23|avian|B3.2,B32
981,352,0.122557598517109,-84.7950552785804,37.7639180386803,-87.4000626752374,38.2131106421873,0.854235286642623,0.731677688125514,2022.77059308641,2022.89315068493,A/snow_goose/Indiana/22-038827-005-R/2022|H5N1|USA-IN|2022-11-23|avian|B3.2,B32
758,129,0.110370691043982,-114.591093752306,42.5254916622299,-114.794664269249,43.0633566195723,0.854235286642623,0.743864595598642,2022.78277999389,2022.89315068493,A/american_wigeon/Idaho/22-039598-001/2022|H5N1|USA-ID|2022-11-23|avian|B3.2,B32
824,172,0.0959748254168047,-89.621996819827,33.9263304479167,-90.4274884026625,33.8709906926099,0.854235286642623,0.758260461225819,2022.79717585951,2022.89315068493,A/snow_goose/Mississippi/22-038821-004/2022|H5N1|USA-MS|2022-11-23|avian|B3.2,B32
832,180,0.0931441223444396,-89.2638290143013,33.9809695116021,-89.9407766921106,34.0268787928308,0.854235286642623,0.761091164298184,2022.80000656259,2022.89315068493,A/snow_goose/Mississippi/22-038821-023/2022|H5N1|USA-MS|2022-11-23|avian|B3.2,B32
788,789,0.028634047925395,-87.9276425529538,18.7530857054088,-86.4873751546721,18.4244031948952,0.854963346370666,0.826329298445271,2022.86524469673,2022.89387874466,NA,B32
646,388,0.319016344441967,-109.323293634016,48.8940776028727,-110.51362660526,51.3094313081335,0.856975012669981,0.537958668228014,2022.57687406652,2022.89589041096,A/Canada_Goose/AB/FAV-1655-11/2022|H5N1|Canada-AB|2022-11-24|avian|B3.2,B32
817,169,0.312967470377748,-98.4004012467691,37.9217463706699,-96.7774268312028,42.3773257215978,0.856975012669981,0.544007542292233,2022.58292294058,2022.89589041096,A/chicken/Nebraska/22-038149-001/2022|H5N1|USA-NE|2022-11-24|avian|B3.2,B32
813,198,0.0744220726058664,-93.2665688191004,36.993983760192,-92.7876738983011,37.3052984572475,0.856975012669981,0.782552940064114,2022.82146833835,2022.89589041096,A/turkey/Missouri/22-038012-001/2022|H5N1|USA-MO|2022-11-24|avian|B3.2,B32
666,403,0.235583723015618,-121.354235355428,47.796893999297,-121.650144443252,47.7629782433137,0.859714738697566,0.624131015681948,2022.66304641397,2022.89863013699,A/mallard/Washington/22-039095-002/2022|H5N1|USA-WA|2022-11-25|avian|B3.2,B32
729,86,0.167217699077378,-96.795903397447,37.8293766218397,-90.9997834662597,35.9443894236951,0.859714738697566,0.692497039620188,2022.73141243791,2022.89863013699,A/snow_goose/Arkansas/22-038202-001/2022|H5N1|US-AR|2022-11-25|avian|B3.2,B32
592,594,0.0311196136767076,-80.5925060621846,49.1704489798416,-74.6392641547754,44.536909351172,0.860903241596358,0.829783627919651,2022.86869902621,2022.89981863989,NA,B32
998,221,0.0178357720644553,-76.0624788892688,7.39189768313032,-75.9349426431596,7.49499257397496,0.862454464724923,0.844618692660468,2022.88353409095,2022.90136986301,A/chicken/Colombia/Cordoba/3499/2022|H5N1|Colombia|2022-11-26|avian|B3.2,B32
998,222,0.0178357720644553,-76.0624788892688,7.39189768313032,-75.7405813395419,7.57311788663526,0.862454464724923,0.844618692660468,2022.88353409095,2022.90136986301,A/chicken/Cordoba/ICA-3499/2022|H5N1|Colombia|2022-11-26|avian|B3.2,B32
683,684,0.0236582956986391,-105.971868684645,41.4660018466123,-104.781400271234,40.8798629994116,0.864071217723203,0.840412922024564,2022.87932832031,2022.90298661601,NA,B32
835,836,0.072708091466811,-94.778214572894,36.4397175362525,-96.4909258900798,39.1116837220713,0.864261258922193,0.791553167455382,2022.83046856574,2022.90317665721,NA,B32
712,75,0.342968845318882,-104.906498194404,39.1492974008856,-90.1447030231207,33.7057360724311,0.86519419075228,0.522225345433398,2022.56114074372,2022.90410958904,A/snow_goose/Mississippi/22-038820-002-R/2022|H5N1|USA-MS|2022-11-27|avian|B3.2,B32
747,101,0.121104543029611,-105.80686905696,43.7894613729573,-101.508879208362,37.7619727190218,0.86519419075228,0.744089647722669,2022.78300504601,2022.90410958904,A/snow_goose/Kansas/22-039690-007/2022|H5N1|USA-KS|2022-11-27|avian|B3.2,B32
833,182,0.0845584191097197,-93.1137878954737,34.4239463203886,-81.8189537315131,45.6919719442293,0.86519419075228,0.780635771642561,2022.81955116993,2022.90410958904,A/American_Crow/ON/FAV-1611-1/2022|H5N1|Canada-ON|2022-11-27|avian|B3.2,B32
835,181,0.0736410232968989,-94.778214572894,36.4397175362525,-90.2641516165777,33.6451055242285,0.86519419075228,0.791553167455382,2022.83046856574,2022.90410958904,A/snow_goose/Mississippi/22-038820-006-R/2022|H5N1|USA-MS|2022-11-27|avian|B3.2,B32
753,754,0.0356939942253081,-104.418645354745,44.0679215046373,-103.60832176886,42.626962313498,0.865210444969236,0.829516450743928,2022.86843184903,2022.90412584326,NA,B32
882,884,0.0676987514690883,-56.464866799343,-34.4799509721764,-48.977092560703,-40.2580419330457,0.865405622743549,0.79770687127446,2022.83662226956,2022.90432102103,NA,B32
876,922,0.125319395845724,-60.0559558150843,-27.7084907207879,-62.0502830042073,-25.7584037667967,0.867143024837272,0.741823628991547,2022.78073902728,2022.90605842313,NA,B32
744,97,0.0645898548886716,-104.896709678123,39.9833069864952,-105.04873280958,40.0837274827531,0.867933916779638,0.803344061890966,2022.84225946018,2022.90684931507,A/canada_goose/Colorado/22-038655-001/2022|H5N1|USA-CO|2022-11-28|avian|B3.2,B32
932,349,0.109766928252687,-75.1193457782367,-17.7326221152775,-76.878978,-12.005696,0.870673642806995,0.760906714554308,2022.79982211284,2022.9095890411,A/chicken/Peru/LIM-INS-003/2022|H5N1|Peru|2022-11-29|avian|B3.2,B32
759,760,0.025160429154552,-116.170626681378,42.0743970283392,-119.880075747046,47.2453322000113,0.871739776381196,0.846579347226644,2022.88549474552,2022.91065517467,NA,B32
590,602,0.0926428826424415,-81.4782047554772,49.0806761077165,-77.2455602087978,53.339414495909,0.872457705355855,0.779814822713413,2022.818730221,2022.91137310364,NA,B32
801,204,0.346341907502394,-95.3666408535198,36.8494427433133,-96.6702544397998,40.6109111751593,0.873413368834353,0.527071461331959,2022.56598685962,2022.91232876712,A/great_horned_owl/Nebraska/22-038800-001/2022|H5N1|USA-NE|2022-11-30|avian|B3.2,B32
612,472,0.195820062968526,-76.8485235047638,51.4980625982205,-77.0798877050449,52.3870176413554,0.873413368834353,0.677593305865827,2022.71650870415,2022.91232876712,A/Snow_Goose/QC/FAV-0017-4/2022|H5N1|Canada-QC|2022-11-30|avian|B3.2,B32
730,83,0.174844076926628,-95.890070966495,37.2769993186347,-91.9844413069867,53.0208312058381,0.873413368834353,0.698569291907725,2022.7374846902,2022.91232876712,A/Tundra_Swan/ON/FAV-1653-1/2022|H5N1|Canada-ON|2022-11-30|avian|B3.2,B32
662,428,0.0857535854626397,-122.601014643216,51.3902887418515,-125.584431525217,52.6374445892201,0.873413368834353,0.787659783371713,2022.82657518166,2022.91232876712,A/Chicken/BC/FAV-1579-2/2022|H5N1|Canada-BC|2022-11-30|avian|B3.2,B32
841,178,0.0833046916639266,-93.1618805924203,35.0340354653684,-92.9959364354156,30.0611602979648,0.873413368834353,0.790108677170426,2022.82902407546,2022.91232876712,A/snow_goose/Louisiana/22-039688-009/2022|H5N1|USA-LA|2022-11-30|avian|B3.2,B32
884,885,0.00916068817271132,-48.977092560703,-40.2580419330457,-50.0961159176195,-40.7340512729533,0.87456631091626,0.865405622743549,2022.90432102103,2022.9134817092,NA,B32
610,470,0.285848381646736,-78.9400284848872,52.533875126234,-72.8835779595282,51.3969720378492,0.876153094861937,0.590304713215202,2022.6292201115,2022.91506849315,A/American_Crow/QC/FAV-1659-2/2022|H5N1|Canada-QC|2022-12-01|avian|B3.2,B32
823,173,0.136578512504623,-89.9533429377825,34.0137306777893,-95.2934983165328,40.177917059828,0.876153094861937,0.739574582357314,2022.77848998065,2022.91506849315,A/trumpeter_swan/Missouri/22-040427-001/2022|H5N1|USA-MO|2022-12-01|avian|B3.2,B32
928,310,0.110793498897859,-82.1411026540434,-12.8074462541412,-77.0606,-12.1077,0.876153094861937,0.765359595964078,2022.80427499425,2022.91506849315,A/Belcher_gull/Peru/UNMSM-A267/2022|H5N1|Peru|2022-12-01|avian|B3.2,B32
662,429,0.0884933114902244,-122.601014643216,51.3902887418515,-127.106450443761,53.2104594147795,0.876153094861937,0.787659783371713,2022.82657518166,2022.91506849315,A/Duck/BC/FAV-1593-4/2022|H5N1|Canada-BC|2022-12-01|avian|B3.2,B32
573,574,0.0720268308030363,-62.55664471605,45.7033547723367,-62.9868579982013,45.917726839435,0.877363922769374,0.805337091966337,2022.84425249026,2022.91627932106,NA,B32
795,164,0.379491891744164,-94.860331460554,35.7746581767566,-107.191344778644,45.5234548487391,0.878892820889295,0.499400929145131,2022.53831632743,2022.91780821918,A/mallard/Montana/22-039947-005/2022|H5N1|USA-MT|2022-12-02|avian|B3.2,B32
927,311,0.122979733508699,-75.5865015016305,-17.3590376730718,-70.3245328,-18.4136444,0.878892820889295,0.755913087380596,2022.79482848567,2022.91780821918,A/black_skimmer/Chile/C61962/2022|H5N1|Chile|2022-12-02|avian|B3.2,B32
839,187,0.0608436595011033,-89.0877197573646,33.0724568912768,-91.6014196655908,32.8993827641252,0.878892820889295,0.818049161388192,2022.85696455968,2022.91780821918,A/goose/Louisiana/23-000409-006/2022|H5N1|USA-LA|2022-12-02|avian|B3.2,B32
668,400,0.132072812662277,-121.843131156191,48.0399166470134,-121.728952677196,48.1021109504088,0.881632546916652,0.749559734254376,2022.78847513254,2022.92054794521,A/dunlin/Washington/22-040394-001/2022|H5N1|USA-WA|2022-12-03|avian|B3.2,B32
1002,218,0.262082503997893,-113.64266493137,48.4501901685194,-96.4576517105548,31.7692447632356,0.88437227294401,0.622289768946117,2022.66120516724,2022.92328767123,A/american_green_winged_teal/Texas/23-000110-004/2022|H5N1|USA-TX|2022-12-04|avian|B3.2,B32
565,566,0.150443654168552,-62.1702486032452,44.7165612139912,-62.823152451661,46.132883948418,0.886759649499304,0.736315995330752,2022.77523139362,2022.92567504779,NA,B32
781,216,0.524096606111628,-100.386126322826,36.9212838282643,-123.433620686683,44.1956065002757,0.887111998971367,0.363015392859739,2022.40193079115,2022.92602739726,A/american_green_winged_teal/Oregon/22-040176-004/2022|H5N1|USA-OR|2022-12-05|avian|B3.2,B32
820,195,0.301154083587726,-99.6750640217553,39.3062661952326,-99.3535203148127,39.4429860908081,0.887111998971367,0.58595791538364,2022.62487331367,2022.92602739726,A/goose/Kansas/W22-1154/2022|H5N1|USA-KS|2022-12-05|avian|B3.2,B32
776,131,0.27906177948395,-107.404486019348,37.7105279041516,-106.607203206414,37.5663185841415,0.887111998971367,0.608050219487417,2022.64696561778,2022.92602739726,A/great_horned_owl/Colorado/22-039952-001/2022|H5N1|USA-CO|2022-12-05|avian|B3.2,B32
841,179,0.097003321800941,-93.1618805924203,35.0340354653684,-91.092200355193,38.4069720870212,0.887111998971367,0.790108677170426,2022.82902407546,2022.92602739726,A/hawk/Missouri/22-040785-002/2022|H5N1|USA-MO|2022-12-05|avian|B3.2,B32
933,314,0.0931106542794891,-75.1898533030013,-16.5165766660898,-70.2,-22.1,0.887111998971367,0.794001344691878,2022.83291674298,2022.92602739726,A/Pelican/CHL/226618-1/2022|H5N1|Chile|2022-12-05|avian|B3.2,B32
844,207,0.351770574861515,-97.8878353713887,38.08914325226,-105.009567988401,41.123998567987,0.889851724998724,0.538081150137209,2022.57699654843,2022.92876712329,A/great_horned_owl/Wyoming/22-039597-001/2022|H5N1|USA-WY|2022-12-06|avian|B3.2,B32
808,153,0.254622395070357,-96.2538114436954,39.0353375452056,-95.8050591209605,42.4005968724541,0.889851724998724,0.635229329928367,2022.67414472822,2022.92876712329,A/canada_goose/Iowa/22-040793-004/2022|H5N1|USA-IA|2022-12-06|avian|B3.2,B32
1015,56,0.043561107831477,-110.07240787981,44.6410284828007,-117.65719870511,41.8807446694419,0.889851724998724,0.846290617167247,2022.88520601546,2022.92876712329,A/great_horned_owl/Nevada/22-040618-001/2022|H5N1|USA-NV|2022-12-06|avian|B3.2,B32
552,464,0.468874860079838,-88.853186588246,47.0567402617618,-62.3133818715148,50.9379955801061,0.892591451026309,0.423716590946472,2022.46263198924,2022.93150684932,A/Mixed/QC/FAV-1625-3/2022|H5N1|Canada-QC|2022-12-07|avian|B3.2,B32
819,170,0.345538006407903,-98.5348028045401,36.8048955144098,-95.7468873326082,41.897916268072,0.892591451026309,0.547053444618406,2022.58596884291,2022.93150684932,A/canada_goose/Iowa/22-040790-001/2022|H5N1|USA-IA|2022-12-07|avian|B3.2,B32
842,192,0.0979549834318081,-95.8318929948461,37.7147818227626,-97.9906558117835,37.4444020671675,0.892591451026309,0.794636467594501,2022.83355186588,2022.93150684932,A/rosss_goose/Kansas/22-040832-001/2022|H5N1|USA-KS|2022-12-07|avian|B3.2,B32
922,923,0.0254545447604948,-62.0502830042073,-25.7584037667967,-64.5776867875687,-18.4548458192198,0.892597569597767,0.867143024837272,2022.90605842313,2022.93151296789,NA,B32
1026,1029,0.0543066178630349,-92.4521138987387,44.6109185808371,-83.3778503832953,42.3665300475468,0.894040161385544,0.839733543522509,2022.87864894181,2022.93295555967,NA,B32
842,191,0.100694709459165,-95.8318929948461,37.7147818227626,-94.3507750106173,38.3991709873181,0.895331177053666,0.794636467594501,2022.83355186588,2022.93424657534,A/snow_goose/Missouri/22-040786-001/2022|H5N1|USA-MO|2022-12-08|avian|B3.2,B32
839,186,0.077282015665475,-89.0877197573646,33.0724568912768,-89.3686873054122,34.4994288201232,0.895331177053666,0.818049161388192,2022.85696455968,2022.93424657534,A/lesser_white-fronted_goose/Mississippi/22-041057-001/2022|H5N1|USA-MS|2022-12-08|avian|B3.2,B32
570,571,0.0726364803680739,-63.0182271918706,45.3595432759818,-62.8799572602654,46.2640075205289,0.89655077829869,0.823914297930616,2022.86282969622,2022.93546617659,NA,B32
561,562,0.0995274164985869,-64.3824922764334,46.6088292530428,-63.3580105178712,46.5967096131573,0.897210529985125,0.797683113486538,2022.83659851178,2022.93612592827,NA,B32
579,525,0.127190127428277,-82.345350742408,49.4324739595875,-68.2860944137237,45.2985444858176,0.898070903081024,0.770880775652746,2022.80979617394,2022.93698630137,A/mallard/Maine/22-040719-016/2022|H5N1|USA-ME|2022-12-09|avian|B3.2,B32
935,312,0.0733204717999598,-67.9610116832034,-22.7326524264438,-70.15,-20.216667,0.898070903081024,0.824750431281064,2022.86366582957,2022.93698630137,A/pelican/Tarapaca/227436-2/2022|H5N1|Chile|2022-12-09|avian|B3.2,B32
869,240,0.0817638300588506,-76.6776075098526,25.2140192561397,-80.4834552354964,26.6686616670134,0.900810629108381,0.819046799049531,2022.85796219734,2022.9397260274,A/american_wigeon/Florida/22-040720-004/2022|H5N1|USA-FL|2022-12-10|avian|B3.2,B32
1007,372,0.0652114203905048,-92.2667993956073,51.5432560485834,-91.0526910094234,51.1318158709548,0.900810629108381,0.835599208717877,2022.87451460701,2022.9397260274,A/Great_Horned_Owl/ON/FAV-0002-2/2022|H5N1|Canada-ON|2022-12-10|avian|B3.2,B32
1076,538,0.261339947535537,-93.8911396802959,44.1983068909453,-90.8180926942258,49.9679741685535,0.267433318479767,0.0060933709442299,2022.68112580589,2022.94246575342,A/Coopers_Hawk/ON/FAV-1675-5/2022|H5N1|Canada-ON|2022-12-11|avian|B3.6,B36
571,572,0.00959506742049587,-62.8799572602654,46.2640075205289,-63.0749938567056,46.3841352412362,0.906145845719186,0.89655077829869,2022.93546617659,2022.94506124401,NA,B32
872,243,0.255505947099598,-72.7776189710654,-11.3788863133044,-77.061750702801,-12.0491502256205,0.906290081163096,0.650784134063498,2022.68969953235,2022.94520547945,A/chicken/Peru/AIS0551/2022|H5N1|Peru|2022-12-12|avian|B3.2,B32
667,402,0.16829313994598,-121.402969081334,48.0121460842575,-121.312678674039,48.4290158392218,0.906290081163096,0.737996941217116,2022.77691233951,2022.94520547945,A/barn_owl/Washington/22-041081-001/2022|H5N1|USA-WA|2022-12-12|avian|B3.2,B32
967,313,0.0691221018789552,-72.9478354852495,-18.8290481853459,-70.3316343309726,-18.4529195874356,0.906290081163096,0.837167979284141,2022.87608337757,2022.94520547945,A/Inca_tern/Arica_y_Parinacota/227519-1/2022|H5N1|Chile|2022-12-12|avian|B3.2,B32
877,878,0.157011866721651,-56.4470807402075,-33.6772648065786,-56.7825983641353,-36.0190082066628,0.906413188879702,0.749401322158052,2022.78831672045,2022.94532858717,NA,B32
669,688,0.331966471650941,-118.960200293378,49.377792996097,-123.694010732846,45.1185055176709,0.906503793646338,0.574537321995397,2022.61345272028,2022.94541919194,NA,B32
595,596,0.0878043491351099,-77.3792490366408,44.2052138443395,-74.6183959210983,44.244003255666,0.907463790792189,0.819659441657079,2022.85857483995,2022.94637918908,NA,B32
567,577,0.162945901678747,-63.2394186028801,45.6242832930347,-69.61359021662,45.5558548377776,0.908337359856946,0.745391458178199,2022.78430685647,2022.94725275815,NA,B32
836,184,0.0447685482684883,-96.4909258900798,39.1116837220713,-100.920963439577,37.9882695304799,0.909029807190681,0.864261258922193,2022.90317665721,2022.94794520548,A/great-tailed_grackle/Kansas/22-041130-006/2022|H5N1|USA-KS|2022-12-13|avian|B3.2,B32
681,686,0.125027597913027,-110.367170402835,40.4385255956302,-109.602384242217,40.7457471116242,0.911613105450904,0.786585507537876,2022.82550090583,2022.95052850374,NA,B32
1018,64,0.368640169111511,-112.94737903542,43.2063075764339,-114.736274434486,54.0209504444236,0.911769533218038,0.543129364106528,2022.5820447624,2022.95068493151,A/Mixed/AB/FAV-1654/2022|H5N1|Canada-AB|2022-12-14|avian|B3.2,B32
577,509,0.00343217336109225,-69.61359021662,45.5558548377776,-68.7123644736536,45.934582716089,0.911769533218038,0.908337359856946,2022.94725275815,2022.95068493151,A/mallard/Maine/22-041145-001/2022|H5N1|USA-ME|2022-12-14|avian|B3.2,B32
577,510,0.00343217336109225,-69.61359021662,45.5558548377776,-68.7471059304887,45.2174804087928,0.911769533218038,0.908337359856946,2022.94725275815,2022.95068493151,A/mallard/Maine/22-041145-003/2022|H5N1|USA-ME|2022-12-14|avian|B3.2,B32
596,597,0.0058773573529125,-74.6183959210983,44.244003255666,-76.8834356281355,45.6114159229417,0.913341148145101,0.907463790792189,2022.94637918908,2022.95225654643,NA,B32
674,680,0.104451315546668,-108.405361113528,50.7821513011687,-97.0085639407729,41.6744955620282,0.913364748769931,0.808913433223262,2022.84782883151,2022.95228014706,NA,B32
738,78,0.225996975032581,-111.695331966679,39.5648748190535,-121.244328188607,40.7154707433046,0.914509259245396,0.688512284212814,2022.7274276825,2022.95342465753,A/eared_grebe/California/23-000276-003/2022|H5N1|USA-CA|2022-12-15|avian|B3.2,B32
660,431,0.19069826602919,-127.159985074457,51.1871122853213,-123.034671801034,45.9359554145422,0.914509259245396,0.723810993216205,2022.7627263915,2022.95342465753,A/red_tailed_hawk/Oregon/23-005360-001/2022|H5N1|USA-OR|2022-12-15|avian|B3.2,B32
778,135,0.0881199884626849,-81.138775415036,33.6841428558249,-81.0247920772406,33.0562638699685,0.914509259245396,0.826389270782711,2022.86530466907,2022.95342465753,A/gadwall/South_Carolina/22-042019-001/2022|H5N1|USA-SC|2022-12-15|avian|B3.2,B32
680,413,0.00114451047546504,-97.0085639407729,41.6744955620282,-97.078018886949,41.7063834033131,0.914509259245396,0.913364748769931,2022.95228014706,2022.95342465753,A/swan/Nebraska/22-041037-002/2022|H5N1|USA-NE|2022-12-15|avian|B3.2,B32
680,414,0.00114451047546504,-97.0085639407729,41.6744955620282,-96.9957508089205,41.6754638258452,0.914509259245396,0.913364748769931,2022.95228014706,2022.95342465753,A/swan/Nebraska/22-041037-001/2022|H5N1|USA-NE|2022-12-15|avian|B3.2,B32
737,739,0.369186268427589,-103.698705643885,35.6350874505382,-81.0083983693304,28.7034462136849,0.915468796752676,0.546282528325087,2022.58519792661,2022.95438419504,NA,B32
664,404,0.3752327262815,-122.383543210491,48.3055748890035,-118.077982175147,46.087102264868,0.917248985272753,0.542016258991253,2022.58093165728,2022.95616438356,A/snow_goose/Washington/22-041983-001/2022|H5N1|USA-WA|2022-12-16|avian|B3.2,B32
589,494,0.111836452498713,-80.4500417556498,49.298538196671,-75.3403473871636,47.9277940679235,0.917248985272753,0.80541253277404,2022.84432793106,2022.95616438356,A/American_Crow/QC/FAV-0050-4/2022|H5N1|Canada-QC|2022-12-16|avian|B3.2,B32
869,241,0.0982021862232223,-76.6776075098526,25.2140192561397,-80.6720309986182,33.0817693757264,0.917248985272753,0.819046799049531,2022.85796219734,2022.95616438356,A/mottled_duck/South_Carolina/22-042180-002/2022|H5N1|USA-SC|2022-12-16|avian|B3.2,B32
931,307,0.135575400765068,-70.347480064833,-23.7127780320068,-70.4,-23.65,0.91998871130011,0.784413310535043,2022.82332870882,2022.95890410959,A/turkey_vulture/Antofagasta/228252-1/2022|H5N1|Chile|2022-12-17|avian|B3.2,B32
777,136,0.133211982320527,-81.2578958266437,33.3081576282924,-92.1842097539772,31.8529948315931,0.91998871130011,0.786776728979584,2022.82569212727,2022.95890410959,A/american_green_winged_teal/Louisiana/22-041760-007/2022|H5N1|USA-LA|2022-12-17|avian|B3.2,B32
597,598,0.00700487028773256,-76.8834356281355,45.6114159229417,-74.1008699457294,43.9890531328682,0.920346018432834,0.913341148145101,2022.95225654643,2022.95926141672,NA,B32
882,883,0.122661758331547,-56.464866799343,-34.4799509721764,-53.6263941316017,-38.1780561676753,0.920368629606008,0.79770687127446,2022.83662226956,2022.9592840279,NA,B32
968,316,0.0797527601322812,-73.8556401179642,-17.6453175981335,-77.0456947810302,-12.0837784228812,0.922728437327695,0.842975677195414,2022.88189107548,2022.96164383562,A/chicken/Peru/AIS0546/2022|H5N1|Peru|2022-12-18|avian|B3.2,B32
885,887,0.0495729091437895,-50.0961159176195,-40.7340512729533,-46.3354606501483,-46.0828629564991,0.92413922006005,0.87456631091626,2022.9134817092,2022.96305461835,NA,B32
1044,32,0.887906143475156,-96.7158017639477,46.3535075315185,-73.7952853336507,41.6640935652976,0.925468163355053,0.0375620198798967,2022.07647741817,2022.96438356164,A/red_tailed_hawk/New_York/22-042014-001/2022|H5N1|USA-NY|2022-12-19|avian|B3.2,B32
542,539,0.284086458812722,-93.9773441782601,44.3235604669067,-92.9807079616733,44.805625531316,0.289351126699081,0.0052646678863586,2022.68029710283,2022.96438356164,A/canada_goose/Minnesota/22-041306-002/2022|H5N1|USA-MN|2022-12-19|avian|B3.6,B36
843,193,0.232356833089992,-99.6712469417363,36.6290193632126,-92.8670557133118,45.0095051050316,0.925468163355053,0.693111330265061,2022.73202672855,2022.96438356164,A/canada_goose/Minnesota/22-041306-001/2022|H5N1|USA-MN|2022-12-19|avian|B3.2,B32
739,79,0.00999936660237655,-81.0083983693304,28.7034462136849,-80.9397856215705,28.696334979902,0.925468163355053,0.915468796752676,2022.95438419504,2022.96438356164,A/american_coot/Florida/23-002762-015/2022|H5N1|USA-FL|2022-12-19|avian|B3.2,B32
672,673,0.154468436022689,-111.869729233933,43.8408674863174,-110.39645248783,43.6260104463487,0.926135869192361,0.771667433169672,2022.81058283146,2022.96505126748,NA,B32
779,132,0.0795896411526429,-80.065069655132,35.4648375354536,-80.29200306129,32.7535502793467,0.92820788938241,0.848618248229767,2022.88753364652,2022.96712328767,A/gadwall/South_Carolina/22-042020-005/2022|H5N1|USA-SC|2022-12-20|avian|B3.2,B32
1020,1022,0.394444314808741,-112.798353742101,43.0951200429625,-111.906666194301,41.2520235472754,0.928281313277228,0.533836998468487,2022.57275239676,2022.96719671157,NA,B32
829,176,0.107910224502876,-93.333639627256,38.2191242083447,-90.4728908748684,38.572980235557,0.930947615409767,0.823037390906892,2022.8619527892,2022.9698630137,A/red_tailed_hawk/Missouri/23-001518-001/2022|H5N1|USA-MO|2022-12-21|avian|B3.2,B32
562,504,0.0337370854246424,-63.3580105178712,46.5967096131573,-63.4116330455416,46.4429541814683,0.930947615409767,0.897210529985125,2022.93612592827,2022.9698630137,A/Canada_Goose/PE/FAV-0008-1/2022|H5N1|Canada-PE|2022-12-21|avian|B3.2,B32
922,924,0.064320364147386,-62.0502830042073,-25.7584037667967,-66.1109722655077,-17.9752733347433,0.931463388984658,0.867143024837272,2022.90605842313,2022.97037878727,NA,B32
674,675,0.122654511252474,-108.405361113528,50.7821513011687,-91.441689453043,42.7088539264931,0.931567944475736,0.808913433223262,2022.84782883151,2022.97048334276,NA,B32
598,599,0.0118931398741107,-74.1008699457294,43.9890531328682,-72.4180359745886,42.3737625533905,0.932239158306944,0.920346018432834,2022.95926141672,2022.9711545566,NA,B32
873,246,0.225245644123501,-73.0140867595127,-10.6014989278587,-77.0522693317492,-12.0522477869477,0.933687341437125,0.708441697313624,2022.7473570956,2022.97260273973,A/chicken/Peru/AIS0548/2022|H5N1|Peru|2022-12-22|avian|B3.2,B32
824,171,0.175426880211306,-89.621996819827,33.9263304479167,-87.7697781463202,37.8843529916097,0.933687341437125,0.758260461225819,2022.79717585951,2022.97260273973,A/red-tailed_hawk/Kentucky/W23-143/2022|H5N1|USA-KY|2022-12-22|avian|B3.2,B32
932,350,0.172780626882817,-75.1193457782367,-17.7326221152775,-70.621944,-26.344444,0.933687341437125,0.760906714554308,2022.79982211284,2022.97260273973,A/pelican/Chile/229424-4/2022|H5N1|Chile|2022-12-22|avian|B3.2,B32
1014,57,0.111396957331094,-110.170289408712,44.3837083152009,-104.571941777158,42.4989752176629,0.933687341437125,0.822290384106031,2022.86120578239,2022.97260273973,A/red_tailed_hawk/Wyoming/22-042090-001/2022|H5N1|USA-WY|2022-12-22|avian|B3.2,B32
836,183,0.0721658085422896,-96.4909258900798,39.1116837220713,-96.2184964474336,39.1639925584079,0.936427067464482,0.864261258922193,2022.90317665721,2022.97534246575,A/american_crow/Kansas/23-002150-001/2022|H5N1|USA-KS|2022-12-23|avian|B3.2,B32
562,563,0.039654634848642,-63.3580105178712,46.5967096131573,-64.9686612599053,48.7346685649565,0.936865164833767,0.897210529985125,2022.93612592827,2022.97578056312,NA,B32
878,880,0.031091170681306,-56.7825983641353,-36.0190082066628,-58.4504741792888,-38.2077242280003,0.937504359561008,0.906413188879702,2022.94532858717,2022.97641975785,NA,B32
602,603,0.0668568581035609,-77.2455602087978,53.339414495909,-77.4344002104225,53.7791964120632,0.939314563459416,0.872457705355855,2022.91137310364,2022.97822996175,NA,B32
750,751,0.09137481841373,-111.365192729889,45.9018125320402,-105.863873852178,43.5482497686403,0.939550593169564,0.848175774755834,2022.88709117304,2022.97846599146,NA,B32
885,886,0.0675982841244551,-50.0961159176195,-40.7340512729533,-50.0741690460292,-45.1319816674732,0.942164595040715,0.87456631091626,2022.9134817092,2022.98107999333,NA,B32
730,731,0.245602830316992,-95.890070966495,37.2769993186347,-95.1579907541044,37.9611585183302,0.944172122224717,0.698569291907725,2022.7374846902,2022.98308752051,NA,B32
579,524,0.173765469894035,-82.345350742408,49.4324739595875,-85.7692791698282,49.2674144184076,0.944646245546782,0.770880775652746,2022.80979617394,2022.98356164384,A/Snow_Goose/ON/FAV-1652-5/2022|H5N1|Canada-ON|2022-12-26|avian|B3.2,B32
931,308,0.160232935011739,-70.347480064833,-23.7127780320068,-70.833333,-27.066667,0.944646245546782,0.784413310535043,2022.82332870882,2022.98356164384,A/pelican/Atacama/229450-2/2022|H5N1|Chile|2022-12-26|avian|B3.2,B32
570,511,0.120731947616165,-63.0182271918706,45.3595432759818,-63.0881466942646,46.3367392768386,0.944646245546782,0.823914297930616,2022.86282969622,2022.98356164384,A/American_Crow/PEI/FAV-0019-2/2022|H5N1|Canada-PE|2022-12-26|avian|B3.2,B32
594,483,0.0837430039504232,-74.6392641547754,44.536909351172,-76.2200998530181,49.0017400800252,0.944646245546782,0.860903241596358,2022.89981863989,2022.98356164384,A/Red-Tailed_Hawk/QC/FAV-0076-3/2022|H5N1|Canada-QC|2022-12-26|avian|B3.2,B32
873,874,0.237021645707066,-73.0140867595127,-10.6014989278587,-77.1380888555023,-12.1307919403335,0.94546334302069,0.708441697313624,2022.7473570956,2022.98437874131,NA,B32
789,214,0.0924226252034734,-86.4873751546721,18.4244031948952,-87.335026182615,15.4495044817227,0.947385971574139,0.854963346370666,2022.89387874466,2022.98630136986,A/pelican/Honduras/23-000009-001/2022|H5N1|Honduras|2022-12-27|avian|B3.2,B32
690,398,0.501323871299391,-128.220547614812,49.525984692701,-103.360268748318,44.8817375622556,0.950125697601496,0.448801826302105,2022.48771722459,2022.98904109589,A/hawk/South_Dakota/23-000319-001/2022|H5N1|USA-SD|2022-12-28|avian|B3.2,B32
692,394,0.184465280776311,-123.795020820934,45.1152558379945,-122.689310498086,43.656673715606,0.950125697601496,0.765660416825186,2022.80457581511,2022.98904109589,A/red_tailed_hawk/Oregon/23-001496-001/2022|H5N1|USA-OR|2022-12-28|avian|B3.2,B32
574,519,0.0727617748321228,-62.9868579982013,45.917726839435,-63.5494202658398,46.5379508116318,0.950125697601496,0.877363922769374,2022.91627932106,2022.98904109589,A/American_Crow/PEI/FAV-0019-52022|H5N1|Canada-PE|2022-12-28|avian|B3.2,B32
571,513,0.0535749193028061,-62.8799572602654,46.2640075205289,-64.0570296724126,46.7308856459598,0.950125697601496,0.89655077829869,2022.93546617659,2022.98904109589,A/American_Crow/PEI/FAV-0019-4/2022|H5N1|Canada-PE|2022-12-28|avian|B3.2,B32
572,512,0.0439798518823102,-63.0749938567056,46.3841352412362,-62.8555117137015,46.3021135611994,0.950125697601496,0.906145845719186,2022.94506124401,2022.98904109589,A/American_Crow/PEI/FAV-0019-3/2022|H5N1|Canada-PE|2022-12-28|avian|B3.2,B32
572,514,0.0439798518823102,-63.0749938567056,46.3841352412362,-62.9938229155065,46.3130091441133,0.950125697601496,0.906145845719186,2022.94506124401,2022.98904109589,A/American_Crow/PEI/FAV-0019-6/2022|H5N1|Canada-PE|2022-12-28|avian|B3.2,B32
603,604,0.0122271473027955,-77.4344002104225,53.7791964120632,-77.1601253701237,53.4625936980161,0.951541710762211,0.939314563459416,2022.97822996175,2022.99045710905,NA,B32
924,925,0.0206814604759908,-66.1109722655077,-17.9752733347433,-66.2330963068234,-17.4529345349868,0.952144849460649,0.931463388984658,2022.97037878727,2022.99106024775,NA,B32
756,110,0.410618060553635,-110.901206669776,38.4349047075,-122.041918583927,39.8781314571385,0.952865423628854,0.542247363075219,2022.58116276136,2022.99178082192,A/turkey_vulture/California/23-002030-001/2022|H5N1|USA-CA|2022-12-29|avian|B3.2,B32
887,888,0.0291263908240023,-46.3354606501483,-46.0828629564991,-57.6972793722645,-35.1865874391104,0.953265610884052,0.92413922006005,2022.96305461835,2022.99218100917,NA,B32
968,348,0.112629472461025,-73.8556401179642,-17.6453175981335,-70.3006698527621,-18.4670043248218,0.955605149656439,0.842975677195414,2022.88189107548,2022.99452054795,A/sanderling/Arica_y_Parinacota/230758-1/2022|H5N1|Chile|2022-12-30|avian|B3.2,B32
684,416,0.091533931933236,-104.781400271234,40.8798629994116,-104.956934288751,40.6741116436443,0.955605149656439,0.864071217723203,2022.90298661601,2022.99452054795,A/canada_goose/Colorado/23-000399-001/2022|H5N1|USA-CO|2022-12-30|avian|B3.2,B32
739,80,0.0401363529037626,-81.0083983693304,28.7034462136849,-80.8300545592842,28.4765775134489,0.955605149656439,0.915468796752676,2022.95438419504,2022.99452054795,A/gannet/Florida/23-002762-022/2022|H5N1|USA-FL|2022-12-30|avian|B3.2,B32
760,128,0.0866050993026004,-119.880075747046,47.2453322000113,-119.439790332416,49.5838285376884,0.958344875683796,0.871739776381196,2022.91065517467,2022.99726027397,A/Trumpeter_Swan/BC/FAV-0053-25/2022|H5N1|Canada-BC|2022-12-31|avian|B3.2,B32
685,418,0.156138529953672,-111.166071389198,39.8431357476026,-105.056348175311,40.7065192306302,0.961084601711153,0.804946071757481,2022.84386147005,2023,A/red_tailed_hawk/Colorado/23-000403-001/2023|H5N1|USA-CO|2023-01-01|avian|B3.2,B32
888,889,0.00880787456403143,-57.6972793722645,-35.1865874391104,-56.2667314371252,-35.3845414217231,0.962073485448083,0.953265610884052,2022.99218100917,2023.00098888374,NA,B32
687,422,0.297898708534804,-120.556821315244,50.9155078587996,-120.929077982329,50.7890222815249,0.963824327738511,0.665925619203707,2022.70484101749,2023.00273972603,A/American_Crow/BC/FAV-0053-42/2023|H5N1|Canada-BC|2023-01-02|avian|B3.2,B32
751,752,0.0268755664494409,-105.863873852178,43.5482497686403,-106.998339148801,45.2887105199743,0.966426159619005,0.939550593169564,2022.97846599146,2023.00534155791,NA,B32
967,315,0.129396074481727,-72.9478354852495,-18.8290481853459,-70.98665,-27.6448298,0.966564053765868,0.837167979284141,2022.87608337757,2023.00547945205,A/Peruvean_booby/Atacama/230579-1/2023|H5N1|Chile|2023-01-03|avian|B3.2,B32
688,424,0.0600602601195304,-123.694010732846,45.1185055176709,-123.792008662321,45.9805778106866,0.966564053765868,0.906503793646338,2022.94541919194,2023.00547945205,A/sanderling/Oregon/23-000771-001/2023|H5N1|USA-OR|2023-01-03|avian|B3.2,B32
542,543,0.325955363395711,-93.9773441782601,44.3235604669067,-93.86411892873,44.2073680035134,0.331220031282069,0.0052646678863586,2022.68029710283,2023.00625246623,NA,B36
609,469,0.422646312483101,-80.4995530941604,51.0155590163284,-76.3154663971428,42.6054858782841,0.969303779793453,0.546657467310352,2022.5855728656,2023.00821917808,A/snow_goose/New_York/23-000618-001/2023|H5N1|USA-NY|2023-01-04|avian|B3.2,B32
747,100,0.225214132070784,-105.80686905696,43.7894613729573,-116.227678338021,43.146162051847,0.969303779793453,0.744089647722669,2022.78300504601,2023.00821917808,A/magpie/Idaho/23-001085-001/2023|H5N1|USA-ID|2023-01-04|avian|B3.2,B32
686,419,0.0576906743425494,-109.602384242217,40.7457471116242,-110.054476425364,40.2689835358004,0.969303779793453,0.911613105450904,2022.95052850374,2023.00821917808,A/goose/Utah/23-001040-001/2023|H5N1|USA-UT|2023-01-04|avian|B3.2,B32
582,465,0.449447425564644,-91.5971569879639,40.4878074654147,-92.303074507349,42.5478227154804,0.97204350582081,0.522596080256166,2022.56151147855,2023.01095890411,A/american_crow/Iowa/23-000627-006/2023|H5N1|USA-IA|2023-01-05|avian|B3.2,B32
673,406,0.0459076366284497,-110.39645248783,43.6260104463487,-108.668498704839,44.2945933123309,0.97204350582081,0.926135869192361,2022.96505126748,2023.01095890411,A/canada_goose/Wyoming/23-000980-001/2023|H5N1|USA-WY|2023-01-05|avian|B3.2,B32
750,105,0.126607457092333,-111.365192729889,45.9018125320402,-111.39776472047,45.9128942545644,0.974783231848168,0.848175774755834,2022.88709117304,2023.01369863014,A/greater_scaup/Montana/23-001334-001/2023|H5N1|USA-MT|2023-01-06|avian|B3.2,B32
751,108,0.0352326386786033,-105.863873852178,43.5482497686403,-101.336394864839,35.4515129366085,0.974783231848168,0.939550593169564,2022.97846599146,2023.01369863014,A/cackling_goose/Texas/23-001028-001/2023|H5N1|USA-TX|2023-01-06|avian|B3.2,B32
559,560,0.237868418193474,-62.6897588283754,43.5742130514621,-62.8671271909367,46.2320195454461,0.975431060841004,0.73756264264753,2022.77647804094,2023.01434645913,NA,B32
675,676,0.0480992728261935,-91.441689453043,42.7088539264931,-93.5454176152932,41.6991426045611,0.979667217301929,0.931567944475736,2022.97048334276,2023.01858261559,NA,B32
675,677,0.0511258635493737,-91.441689453043,42.7088539264931,-95.9885092873441,43.8273509268964,0.98269380802511,0.931567944475736,2022.97048334276,2023.02160920631,NA,B32
573,515,0.177665317963903,-62.55664471605,45.7033547723367,-62.7371026480186,45.9997156067788,0.98300240993024,0.805337091966337,2022.84425249026,2023.02191780822,A/American_Crow/PE/FAV-0035-5/2023|H5N1|Canada-PE|2023-01-09|avian|B3.2,B32
1000,224,0.128862747436471,-108.409391532275,37.6964310174066,-111.583635122307,35.8459598077495,0.98300240993024,0.854139662493769,2022.89305506078,2023.02191780822,A/canada_goose/Arizona/23-002260-001/2023|H5N1|US-AZ|2023-01-09|avian|B3.2,B32
594,482,0.122099168333881,-74.6392641547754,44.536909351172,-74.0865785836389,47.754322127658,0.98300240993024,0.860903241596358,2022.89981863989,2023.02191780822,A/American_Crow/QC/FAV-0103-1/2023|H5N1|Canada-QC|2023-01-09|avian|B3.2,B32
604,605,0.0335967126422649,-77.1601253701237,53.4625936980161,-76.1620914423756,53.2583682657017,0.985138423404476,0.951541710762211,2022.99045710905,2023.02405382169,NA,B32
1026,1027,0.145913709339236,-92.4521138987387,44.6109185808371,-107.205613728464,40.274462322728,0.985647252861745,0.839733543522509,2022.87864894181,2023.02456265115,NA,B32
825,174,0.327286670808297,-95.8760182307437,37.2550840169742,-120.539333193752,37.3729717922656,0.985742135957825,0.658455465149527,2022.69737086344,2023.02465753425,A/snow_goose/California/23-002594-003/2023|H5N1|USA-CA|2023-01-10|avian|B3.2,B32
847,159,0.21735943309986,-101.354048942406,38.0740163842464,-67.4619708039516,46.291580858866,0.985742135957825,0.768382702857965,2022.80729810115,2023.02465753425,A/Chicken/NB/FAV-0013/2023|H5N1|Canada-NB|2023-01-10|avian|B3.2,B32
834,185,0.200781814638613,-93.7457467859468,34.8936443197652,-101.205893228921,41.3952995721503,0.985742135957825,0.784960321319212,2022.82387571961,2023.02465753425,A/canada_goose/Nebraska/23-001495-002/2023|H5N1|USA-NE|2023-01-10|avian|B3.2,B32
683,417,0.145329213933261,-105.971868684645,41.4660018466123,-101.156678475119,40.9081404290982,0.985742135957825,0.840412922024564,2022.87932832031,2023.02465753425,A/canada_goose/Nebraska/23-001495-001/2023|H5N1|USA-NE|2023-01-10|avian|B3.2,B32
602,486,0.11328443060197,-77.2455602087978,53.339414495909,-76.6601078499481,43.169348067816,0.985742135957825,0.872457705355855,2022.91137310364,2023.02465753425,A/red_tailed_hawk/New_York/23-001007-001/2023|H5N1|USA-NY|2023-01-10|avian|B3.2,B32
596,475,0.0782783451656361,-74.6183959210983,44.244003255666,-71.3258796879001,42.554534442652,0.985742135957825,0.907463790792189,2022.94637918908,2023.02465753425,A/american_crow/Massachusetts/23-004612-017/2023|H5N1|USA-MA|2023-01-10|avian|B3.2,B32
699,702,0.302886357193111,-113.543655422518,46.9787511123531,-113.158529616345,46.2608743036402,0.986046849130658,0.683160491937548,2022.72207589023,2023.02496224742,NA,B32
1021,58,0.4441752582372,-112.584992738985,42.7909344979027,-108.288670745607,43.8189209764014,0.988481861985182,0.544306603747982,2022.58322200204,2023.02739726027,A/canada_goose/Wyoming/23-002120-001/2023|H5N1|USA-WY|2023-01-11|avian|B3.2,B32
976,251,0.145952607380776,-74.6609769690376,-11.9116978767612,-80.5195928,-0.79805746,0.988481861985182,0.842529254604406,2022.88144465289,2023.02739726027,A/wildbird-Fregata-magnificens/Ecuador/IC03-4587/2023|H5N1|Ecuador|2023-01-11|avian|B3.2,B32
676,408,0.0115543707106101,-93.5454176152932,41.6991426045611,-93.479883729275,41.8706726334638,0.99122158801254,0.979667217301929,2023.01858261559,2023.0301369863,A/trumpeter_swan/Iowa/23-002039-002/2023|H5N1|USA-IA|2023-01-12|avian|B3.2,B32
676,407,0.0142940967379674,-93.5454176152932,41.6991426045611,-93.5558181283736,41.9455617919104,0.993961314039897,0.979667217301929,2023.01858261559,2023.03287671233,A/canada_goose/Iowa/23-028688-001/2023|H5N1|USA-IA|2023-01-13|avian|B3.2,B32
856,239,0.534994410500925,-99.0324693676078,38.7851391069704,-91.9866560757046,34.7499876813168,0.996701040067254,0.461706629566329,2022.50062202786,2023.03561643836,A/northern_shoveler/Arkansas/23-002690-001/2023|H5N1|US-AR|2023-01-14|avian|B3.2,B32
677,678,0.0148869635664477,-95.9885092873441,43.8273509268964,-96.3680343638594,43.8071553795154,0.997580771591557,0.98269380802511,2023.02160920631,2023.03649616988,NA,B32
574,575,0.120810597881379,-62.9868579982013,45.917726839435,-63.980118288091,46.7410864984396,0.998174520650753,0.877363922769374,2022.91627932106,2023.03708991894,NA,B32
810,811,0.421631522639362,-92.9478348221293,36.1408108755903,-96.2683373391654,29.6840076762893,1.00308681489582,0.581455292256456,2022.62037069055,2023.04200221318,NA,B32
648,386,0.186202611846165,-104.072355128402,41.4218828125627,-100.019067273721,44.4751429466975,1.00492021814955,0.818717606303389,2022.85763300459,2023.04383561644,A/red_tailed_hawk/South_Dakota/23-002914-001/2023|H5N1|USA-SD|2023-01-17|avian|B3.2,B32
1041,1042,0.432043276046175,-132.371077285614,46.3927587391052,-122.628297724291,37.798752672628,1.00605839327178,0.574015117225602,2022.61293051551,2023.04497379156,NA,B32
727,91,0.442511586448016,-98.4578638788404,31.6184452062707,-96.3987193889956,29.6317614038068,1.00765994417691,0.565148357728895,2022.60406375602,2023.04657534247,A/american_wigeon/Texas/23-003062-020/2023|H5N1|USA-TX|2023-01-18|avian|B3.2,B32
668,401,0.258100209922536,-121.843131156191,48.0399166470134,-121.580696024715,48.0404604538582,1.00765994417691,0.749559734254376,2022.78847513254,2023.04657534247,A/hooded_merganser/Washington/23-003784-001/2023|H5N1|USA-WA|2023-01-18|avian|B3.2,B32
595,474,0.188000502519833,-77.3792490366408,44.2052138443395,-74.2240630073239,42.4495675308491,1.00765994417691,0.819659441657079,2022.85857483995,2023.04657534247,A/red_tailed_hawk/New_York/23-003070-001/2023|H5N1|USA-NY|2023-01-18|avian|B3.2,B32
753,102,0.178143493432983,-104.418645354745,44.0679215046373,-114.138035392338,46.0680790713492,1.00765994417691,0.829516450743928,2022.86843184903,2023.04657534247,A/red_tailed_hawk/Montana/23-002509-001/2023|H5N1|USA-MT|2023-01-18|avian|B3.2,B32
811,201,0.00457312928109244,-96.2683373391654,29.6840076762893,-96.3441252285318,29.6984236441114,1.00765994417691,1.00308681489582,2023.04200221318,2023.04657534247,A/gadwall/Texas/23-003062-010/2023|H5N1|USA-TX|2023-01-18|avian|B3.2,B32
811,202,0.00457312928109244,-96.2683373391654,29.6840076762893,-96.4509513579591,29.7787768988015,1.00765994417691,1.00308681489582,2023.04200221318,2023.04657534247,A/american_wigeon/Texas/23-003062-016/2023|H5N1|USA-TX|2023-01-18|avian|B3.2,B32
604,607,0.0584447085748321,-77.1601253701237,53.4625936980161,-75.8254344742974,52.952027750263,1.00998641933704,0.951541710762211,2022.99045710905,2023.04890181763,NA,B32
981,353,0.278721982078754,-84.7950552785804,37.7639180386803,-93.8291294280676,30.1185182755143,1.01039967020427,0.731677688125514,2022.77059308641,2023.04931506849,A/northern_shoveler/Texas/23-007477-003-original/2023|H5N1|USA-TX|2023-01-19|avian|B3.2,B32
598,480,0.090053651771435,-74.1008699457294,43.9890531328682,-71.668193395848,43.5725859977005,1.01039967020427,0.920346018432834,2022.95926141672,2023.04931506849,A/chicken/New_Hampshire/23-002392-001-original2/2023|H5N1|USA-NH|2023-01-19|avian|B3.2,B32
935,936,0.186171384292918,-67.9610116832034,-22.7326524264438,-70.7642354972861,-23.8636131561773,1.01092181557398,0.824750431281064,2022.86366582957,2023.04983721386,NA,B32
575,576,0.0146801494334905,-63.980118288091,46.7410864984396,-64.2539852728766,46.9512605326543,1.01285467008424,0.998174520650753,2023.03708991894,2023.05177006837,NA,B32
648,385,0.194421789928237,-104.072355128402,41.4218828125627,-120.675680618485,44.4902494570609,1.01313939623163,0.818717606303389,2022.85763300459,2023.05205479452,A/red_tailed_hawk/Oregon/23-003379-001/2023|H5N1|USA-OR|2023-01-20|avian|B3.2,B32
936,964,0.00452719726059603,-70.7642354972861,-23.8636131561773,-69.6422978620334,-24.508056425356,1.01544901283458,1.01092181557398,2023.04983721386,2023.05436441112,NA,B32
986,366,0.468666036037736,-100.744101519121,44.2278860283779,-93.5421622949226,42.1685951235295,1.01587912225921,0.547213086221475,2022.58612848451,2023.05479452055,A/trumpeter_swan/Iowa/23-002662-002/2023|H5N1|USA-IA|2023-01-21|avian|B3.2,B32
560,502,0.040448061418207,-62.8671271909367,46.2320195454461,-62.8760209192838,46.1740457667605,1.01587912225921,0.975431060841004,2023.01434645913,2023.05479452055,A/Herring_Gull/PE/FAV-0058-2/2023|H5N1|Canada-PE|2023-01-21|avian|B3.2,B32
563,505,0.0817536834528012,-64.9686612599053,48.7346685649565,-63.9951277892495,46.4909456016898,1.01861884828657,0.936865164833767,2022.97578056312,2023.05753424658,A/Striped_Skunk/PE/FAV-0060-1/2023|H5N1|Canada-PE|2023-01-22|other_mammal|B3.2,B32
563,564,0.0824811352782018,-64.9686612599053,48.7346685649565,-64.3801596452919,46.459357190578,1.01934630011197,0.936865164833767,2022.97578056312,2023.0582616984,NA,B32
980,354,0.296180398179479,-86.0284317061662,39.1818141987306,-86.5959004343992,41.2528109685722,1.02135857431393,0.725178176134447,2022.76409357442,2023.0602739726,A/hawk/Indiana/23-003026-001/2023|H5N1|USA-IN|2023-01-23|avian|B3.2,B32
970,255,0.241334838968526,-73.5228527233677,-8.77009723917004,-77.045041,-12.1218839,1.02135857431393,0.7800237353454,2022.81893913363,2023.0602739726,A/Sea_Lion/Peru/LIM-SER036/2023|H5N1|Peru|2023-01-23|other_mammal|B3.2,B32
1000,223,0.167218911820156,-108.409391532275,37.6964310174066,-110.995275490345,36.4858380393988,1.02135857431393,0.854139662493769,2022.89305506078,2023.0602739726,A/canada_goose/Arizona/23-005233-001/2023|H5N1|US-AZ|2023-01-23|avian|B3.2,B32
566,521,0.137338650841979,-62.823152451661,46.132883948418,-63.1754056625912,46.2298742612176,1.02409830034128,0.886759649499304,2022.92567504779,2023.06301369863,A/Striped_Skunk/PE/FAV-0060-2/2023|H5N1|Canada-PE|2023-01-24|other_mammal|B3.2,B32
656,396,0.617602418974823,-128.422952336592,49.8185523256442,-121.049787288579,38.3510834266421,1.02683802636864,0.409235607393817,2022.44815100568,2023.06575342466,A/red_tailed_hawk/California/23-004363-001/2023|H5N1|USA-CA|2023-01-25|avian|B3.2,B32
586,496,0.488406131253049,-79.7499271520503,48.8403212706664,-73.9582386122992,40.5862156236128,1.029577752396,0.541171621142949,2022.58008701943,2023.06849315068,A/peregrine_falcon/New_York/23-003717-001/2023|H5N1|USA-NY|2023-01-26|avian|B3.2,B32
1024,66,0.484591058329807,-116.14583029707,40.0671609506061,-123.834690032655,46.5259036843951,1.029577752396,0.544986694066191,2022.58390209235,2023.06849315068,A/sanderling/Washington/23-004228-001/2023|H5N1|USA-WA|2023-01-26|avian|B3.2,B32
788,213,0.203248453950727,-87.9276425529538,18.7530857054088,-83.593246,10.613232,1.029577752396,0.826329298445271,2022.86524469673,2023.06849315068,A/falcon/Costa_Rica/INC-0001-D0377-23/2023|H5N1|Costa_Rica|2023-01-26|avian|B3.2,B32
789,215,0.174614406025332,-86.4873751546721,18.4244031948952,-82.7324,9.6477,1.029577752396,0.854963346370666,2022.89387874466,2023.06849315068,A/pelican/Costa_Rica/INC-0018-D0370-23/2023|H5N1|Costa_Rica|2023-01-26|avian|B3.2,B32
1029,72,0.135537591010454,-83.3778503832953,42.3665300475468,-84.9659609049672,42.4376654946721,1.029577752396,0.894040161385544,2022.93295555967,2023.06849315068,A/peregrine_falcon/Michigan/23-003553-001/2023|H5N1|USA-MI|2023-01-26|avian|B3.2,B32
924,299,0.09811436341134,-66.1109722655077,-17.9752733347433,-66.1352267250385,-17.3756852742183,1.029577752396,0.931463388984658,2022.97037878727,2023.06849315068,A/chicken/Cochabamba/39356/2023|H5N1|Bolivia|2023-01-26|avian|B3.2,B32
829,175,0.209280087516691,-93.333639627256,38.2191242083447,-101.083024895636,39.751128039243,1.03231747842358,0.823037390906892,2022.8619527892,2023.07123287671,A/striped_skunk/Kansas/W23-094/2023|H5N1|USA-KS|2023-01-27|other_mammal|B3.2,B32
618,619,0.313196375773917,-83.4350233308471,38.221377861932,-69.8565123479023,44.5543577977725,1.03554149149181,0.722345115717893,2022.76126051401,2023.07445688978,NA,B32
936,937,0.0249443561139229,-70.7642354972861,-23.8636131561773,-71.2821913603289,-23.7759422880684,1.03586617168791,1.01092181557398,2023.04983721386,2023.07478156998,NA,B32
1042,381,0.03173853720652,-122.628297724291,37.798752672628,-122.403516440746,37.7694802298443,1.0377969304783,1.00605839327178,2023.04497379156,2023.07671232877,A/raven/California/23-003756-001/2023|H5N1|USA-CA|2023-01-29|avian|B3.2,B32
661,427,0.28888453746496,-126.15048122127,49.2754825638416,-125.999483035182,53.254613273675,1.04053665650565,0.751652119040695,2022.79056751733,2023.07945205479,A/American_Crow/BC/AIVPHL-922/2023|H5N1|Canada-BC|2023-01-30|avian|B3.2,B32
752,106,0.0741104968866493,-106.998339148801,45.2887105199743,-108.918270584385,45.0357093831665,1.04053665650565,0.966426159619005,2023.00534155791,2023.07945205479,A/raven/Montana/23-003666-002/2023|H5N1|USA-MT|2023-01-30|avian|B3.2,B32
607,608,0.0320432714163963,-75.8254344742974,52.952027750263,-70.2948377042337,48.3594954833509,1.04202969075344,1.00998641933704,2023.04890181763,2023.08094508904,NA,B32
688,689,0.135847664017964,-123.694010732846,45.1185055176709,-118.700944480427,41.3315890645326,1.0423514576643,0.906503793646338,2022.94541919194,2023.08126685595,NA,B32
1015,55,0.196985765365765,-110.07240787981,44.6410284828007,-105.448291839022,40.71668858786,1.04327638253301,0.846290617167247,2022.88520601546,2023.08219178082,A/red_tailed_hawk/Colorado/23-004223-001/2023|H5N1|USA-CO|2023-01-31|avian|B3.2,B32
576,516,0.0304217124487685,-64.2539852728766,46.9512605326543,-64.2393238804036,46.8167597631215,1.04327638253301,1.01285467008424,2023.05177006837,2023.08219178082,A/American_Crow/PE/FAV-0068-5/2023|H5N1|Canada-PE|2023-01-31|avian|B3.2,B32
619,455,0.00773489104120206,-69.8565123479023,44.5543577977725,-69.8175482588578,44.545951091064,1.04327638253301,1.03554149149181,2023.07445688978,2023.08219178082,A/hooded_merganser/Maine/23-004172-006/2023|H5N1|USA-ME|2023-01-31|avian|B3.2,B32
710,74,0.769534909173862,-112.786534908714,49.7353225847013,-114.325681784906,49.3749997514921,1.04601610856037,0.276481199386507,2022.31539659768,2023.08493150685,A/Striped_Skunk/AB/FAV-0085-1/2023|H5N1|Canada-AB|2023-02-01|other_mammal|B3.2,B32
603,493,0.106701545100954,-77.4344002104225,53.7791964120632,-70.4297955227129,48.0342757373761,1.04601610856037,0.939314563459416,2022.97822996175,2023.08493150685,A/Duck/QC/FAV-0052-1/2023|H5N1|Canada-QC|2023-02-01|avian|B3.2,B32
925,297,0.0938712590997208,-66.2330963068234,-17.4529345349868,-66.1644350325441,-17.4086566462443,1.04601610856037,0.952144849460649,2022.99106024775,2023.08493150685,A/chicken/Cochabamba/39383/2023|H5N1|Bolivia|2023-02-01|avian|B3.2,B32
607,490,0.0360296892233261,-75.8254344742974,52.952027750263,-72.850299984968,52.3687571729816,1.04601610856037,1.00998641933704,2023.04890181763,2023.08493150685,A/Duck/QC/FAV-0051-1/2023|H5N1|Canada-QC|2023-02-01|avian|B3.2,B32
605,487,0.063617411183478,-76.1620914423756,53.2583682657017,-74.6822493575804,51.2503588087868,1.04875583458795,0.985138423404476,2023.02405382169,2023.08767123288,A/Duck/QC/FAV-0056-3/2023|H5N1|Canada-QC|2023-02-02|avian|B3.2,B32
619,456,0.0132143430961442,-69.8565123479023,44.5543577977725,-69.8799629475917,44.5108282286948,1.04875583458795,1.03554149149181,2023.07445688978,2023.08767123288,A/hooded_merganser/Maine/23-004172-002/2023|H5N1|USA-ME|2023-02-02|avian|B3.2,B32
689,426,0.0118838289783667,-118.700944480427,41.3315890645326,-123.12490700913,43.9390148382254,1.05423528664267,1.0423514576643,2023.08126685595,2023.09315068493,A/sanderling/Oregon/23-008234-001/2023|H5N1|USA-OR|2023-02-04|avian|B3.2,B32
605,606,0.0703126921103467,-76.1620914423756,53.2583682657017,-76.0632628792943,53.1130908663862,1.05545111551482,0.985138423404476,2023.02405382169,2023.0943665138,NA,B32
937,939,0.0217741139881629,-71.2821913603289,-23.7759422880684,-71.8659245925744,-20.4109642561379,1.05764028567607,1.03586617168791,2023.07478156998,2023.09655568396,NA,B32
620,457,0.328867709222707,-80.778915507111,35.0106370282466,-71.8759556719072,41.4823074255691,1.05971473869738,0.730847029474677,2022.76976242776,2023.09863013699,A/mallard/Connecticut/23-004773-001-original2/2023|H5N1|USA-CT|2023-02-06|avian|B3.2,B32
760,127,0.187974962316188,-119.880075747046,47.2453322000113,-118.806474775202,52.4591326243096,1.05971473869738,0.871739776381196,2022.91065517467,2023.09863013699,A/Dunlin/BC/AIVPHL-940/2023|H5N1|Canada-BC|2023-02-06|avian|B3.2,B32
608,488,0.0176850479439441,-70.2948377042337,48.3594954833509,-70.1660756868277,48.3651878108031,1.05971473869738,1.04202969075344,2023.08094508904,2023.09863013699,A/Duck/QC/FAV-0064-1/2023|H5N1|Canada-QC|2023-02-06|avian|B3.2,B32
608,489,0.0176850479439441,-70.2948377042337,48.3594954833509,-70.9384199205324,49.0178893965145,1.05971473869738,1.04202969075344,2023.08094508904,2023.09863013699,A/Duck/QC/FAV-0064-2/2023|H5N1|Canada-QC|2023-02-06|avian|B3.2,B32
928,309,0.297094868760663,-82.1411026540434,-12.8074462541412,-76.507071,-12.91786123,1.06245446472474,0.765359595964078,2022.80427499425,2023.10136986301,A/sea_lion/Peru/AQP-SER00K/2023|H5N1|Peru|2023-02-07|other_mammal|B3.2,B32
923,300,0.169856895126975,-64.5776867875687,-18.4548458192198,-66.1486840911268,-17.3982544102573,1.06245446472474,0.892597569597767,2022.93151296789,2023.10136986301,A/chicken/Cochabamba/39425/2023|H5N1|Bolivia|2023-02-07|avian|B3.2,B32
976,253,0.22266493614792,-74.6609769690376,-11.9116978767612,-75.1961831,-12.0621201,1.06519419075233,0.842529254604406,2022.88144465289,2023.10410958904,A/lion/Peru/AIS0554/2023|H5N1|Peru|2023-02-08|feline|B3.2,B32
606,491,0.00974307523750295,-76.0632628792943,53.1130908663862,-78.1441519070809,54.2774183978146,1.06519419075233,1.05545111551482,2023.0943665138,2023.10410958904,A/Duck/QC/FAV-0069-2/2023|H5N1|Canada-QC|2023-02-08|avian|B3.2,B32
606,492,0.00974307523750295,-76.0632628792943,53.1130908663862,-74.3878387811039,50.676336111242,1.06519419075233,1.05545111551482,2023.0943665138,2023.10410958904,A/Duck/QC/FAV-0069-6/2023|H5N1|Canada-QC|2023-02-08|avian|B3.2,B32
568,508,0.297213407393153,-63.1662297971945,44.8198062856679,-63.0530229519043,46.4043122782935,1.06793391677968,0.77072050938653,2022.80963590768,2023.10684931507,A/Canada_goose/PE/FAV-0080-1/2023|H5N1|Canada-PE|2023-02-09|avian|B3.2,B32
887,903,0.145439748563134,-46.3354606501483,-46.0828629564991,-41.434992372094,-51.9818968409258,1.06957896862318,0.92413922006005,2022.96305461835,2023.10849436691,NA,B32
599,600,0.141633030712768,-72.4180359745886,42.3737625533905,-71.4998244503239,42.2896731040212,1.07387218901971,0.932239158306944,2022.9711545566,2023.11278758731,NA,B32
889,890,0.113096214468387,-56.2667314371252,-35.3845414217231,-55.8186863261305,-33.6308350006025,1.07516969991647,0.962073485448083,2023.00098888374,2023.11408509821,NA,B32
847,160,0.310510118031375,-101.354048942406,38.0740163842464,-71.7824491864588,41.6638836428011,1.07889282088934,0.768382702857965,2022.80729810115,2023.11780821918,A/mute_swan/Rhode_Island/23-007092-001/2023|H5N1|USA-RI|2023-02-13|avian|B3.2,B32
678,679,0.083046565226226,-96.3680343638594,43.8071553795154,-94.2716887622933,43.2399703429854,1.08062733681778,0.997580771591557,2023.03649616988,2023.11954273511,NA,B32
685,421,0.276686475159217,-111.166071389198,39.8431357476026,-123.193378081926,38.7864518004152,1.0816325469167,0.804946071757481,2022.84386147005,2023.12054794521,A/sanderling/California/23-006644-001/2023|H5N1|USA-CA|2023-02-14|avian|B3.2,B32
1042,382,0.0755741536449204,-122.628297724291,37.798752672628,-122.489425862522,37.7788061097669,1.0816325469167,1.00605839327178,2023.04497379156,2023.12054794521,A/sanderling/California/23-005401-001/2023|H5N1|USA-CA|2023-02-14|avian|B3.2,B32
880,881,0.148625387965498,-58.4504741792888,-38.2077242280003,-54.5739171683418,-34.7502594512741,1.08612974752651,0.937504359561008,2022.97641975785,2023.12504514582,NA,B32
759,761,0.242996427984274,-116.170626681378,42.0743970283392,-118.0275914283,43.4310443540175,1.08957577521092,0.846579347226644,2022.88549474552,2023.1284911735,NA,B32
1027,1028,0.106508970043635,-107.205613728464,40.274462322728,-107.630711658593,40.3217350222725,1.09215622290538,0.985647252861745,2023.02456265115,2023.13107162119,NA,B32
599,476,0.160352292719183,-72.4180359745886,42.3737625533905,-72.1662358852877,42.3862168824458,1.09259145102613,0.932239158306944,2022.9711545566,2023.13150684931,A/Canada_goose/MA/23-015884-006/2023|H5N1|USA-MA|2023-02-18|avian|B3.2,B32
925,298,0.140446601565479,-66.2330963068234,-17.4529345349868,-66.1820289848581,-17.3796324451934,1.09259145102613,0.952144849460649,2022.99106024775,2023.13150684931,A/chicken/Cochabamba/39476/2023|H5N1|Bolivia|2023-02-18|avian|B3.2,B32
752,107,0.126165291407122,-106.998339148801,45.2887105199743,-109.038312390878,38.6899563902136,1.09259145102613,0.966426159619005,2023.00534155791,2023.13150684931,A/red-tailed_hawk/Colorado/23-006671-001/2023|H5N1|USA-CO|2023-02-18|avian|B3.2,B32
881,304,0.00646170349962127,-54.5739171683418,-34.7502594512741,-54.5591647047876,-34.7758189835175,1.09259145102613,1.08612974752651,2023.12504514582,2023.13150684931,A/Black-necked_swan/Uruguay/014-M3/2023|H5N1|Uruguay|2023-02-18|avian|B3.2,B32
881,305,0.00646170349962127,-54.5739171683418,-34.7502594512741,-54.5502052730876,-34.8121474917161,1.09259145102613,1.08612974752651,2023.12504514582,2023.13150684931,A/black-necked_swan/Uruguay/UDELAR-014-M3/2023|H5N1|Uruguay|2023-02-18|avian|B3.2,B32
779,780,0.243997355080486,-80.065069655132,35.4648375354536,-80.9238662984898,32.8625816074811,1.09261560331025,0.848618248229767,2022.88753364652,2023.1315310016,NA,B32
939,941,0.0385098546941234,-71.8659245925744,-20.4109642561379,-68.3231887384308,-27.1705673697577,1.09615014037019,1.05764028567607,2023.09655568396,2023.13506553866,NA,B32
600,601,0.0285182144381155,-71.4998244503239,42.2896731040212,-71.2488560398795,42.4923327761523,1.10239040345783,1.07387218901971,2023.11278758731,2023.14130580175,NA,B32
964,965,0.0880011796405356,-69.6422978620334,-24.508056425356,-69.5877430651046,-38.463313312605,1.10345019247511,1.01544901283458,2023.05436441112,2023.14236559076,NA,B32
939,940,0.0472815907771336,-71.8659245925744,-20.4109642561379,-72.4557072545601,-18.9849336723263,1.1049218764532,1.05764028567607,2023.09655568396,2023.14383727474,NA,B32
597,481,0.19294893301804,-76.8834356281355,45.6114159229417,-72.9599852529978,42.4313684340608,1.10629008116314,0.913341148145101,2022.95225654643,2023.14520547945,A/Canada_goose/MA/23-015884-009/2023|H5N1|USA-MA|2023-02-23|avian|B3.2,B32
731,84,0.164857684965782,-95.1579907541044,37.9611585183302,-98.2886056145588,38.9542220587481,1.1090298071905,0.944172122224717,2022.98308752051,2023.14794520548,A/striped_skunk/Kansas/W23-175/2023|H5N1|USA-KS|2023-02-24|other_mammal|B3.2,B32
566,520,0.22500988371878,-62.823152451661,46.132883948418,-62.1147795959103,46.3742109520651,1.11176953321808,0.886759649499304,2022.92567504779,2023.15068493151,A/Striped_Skunk/PE/FAV-0089-1/2023|H5N1|Canada-PE|2023-02-25|other_mammal|B3.2,B32
543,544,0.146251091809475,-93.86411892873,44.2073680035134,-93.9820696642832,45.7661795628664,0.477471123091544,0.331220031282069,2023.00625246623,2023.15250355804,NA,B36
889,294,0.155175499824715,-56.2667314371252,-35.3845414217231,-36.68104284,-60.56083205,1.1172489852728,0.962073485448083,2023.00098888374,2023.15616438356,A/Chicken/Argentina/606-1/2023|H5N1|Argentina|2023-02-27|avian|B3.2,B32
560,501,0.141817924431795,-62.8671271909367,46.2320195454461,-63.4825720993225,46.3570691661935,1.1172489852728,0.975431060841004,2023.01434645913,2023.15616438356,A/Canada_Goose/PE/FAV-0096-1/2023|H5N1|Canada-PE|2023-02-27|avian|B3.2,B32
886,295,0.177824116259441,-50.0741690460292,-45.1319816674732,-72.9758,-38.7934,1.11998871130016,0.942164595040715,2022.98107999333,2023.15890410959,A/Domestic_duck/Araucania/239189-3/2023|H5N1|Chile|2023-02-28|avian|B3.2,B32
964,317,0.107279424492935,-69.6422978620334,-24.508056425356,-70.34921,-18.78511,1.12272843732751,1.01544901283458,2023.05436441112,2023.16164383562,A/sea_lion/Arica_y_Parinacota/240270-1/2023|H5N1|Chile|2023-03-01|other_mammal|B3.2,B32
564,506,0.103382137215545,-64.3801596452919,46.459357190578,-63.6106644845667,46.3387984225726,1.12272843732751,1.01934630011197,2023.0582616984,2023.16164383562,A/Canada_Goose/PE/FAV-0096-4/2023|H5N1|Canada-PE|2023-03-01|avian|B3.2,B32
561,503,0.32778504986856,-64.3824922764334,46.6088292530428,-64.0514690948729,46.5068447363528,1.1254681633551,0.797683113486538,2022.83659851178,2023.16438356164,A/American_Crow/PE/FAV-0096-8/2023|H5N1|Canada-PE|2023-03-02|avian|B3.2,B32
679,412,0.0448408265373148,-94.2716887622933,43.2399703429854,-93.5710051021975,42.0618254437274,1.1254681633551,1.08062733681778,2023.11954273511,2023.16438356164,A/American_crow/Iowa/23-007468-001/2023|H5N1|USA-IA|2023-03-02|avian|B3.2,B32
923,301,0.235610319784689,-64.5776867875687,-18.4548458192198,-66.1711477187772,-17.393643323887,1.12820788938246,0.892597569597767,2022.93151296789,2023.16712328767,A/chicken/Cochabamba/39539/2023|H5N1|Bolivia|2023-03-03|avian|B3.2,B32
1022,60,0.199926576105228,-111.906666194301,41.2520235472754,-112.030431515588,41.2822728479304,1.12820788938246,0.928281313277228,2022.96719671157,2023.16712328767,A/American_crow/Utah/23-007867-006/2023|H5N1|USA-UT|2023-03-03|avian|B3.2,B32
1028,68,0.0360516664770751,-107.630711658593,40.3217350222725,-108.76472175312,40.5991380244855,1.12820788938246,1.09215622290538,2023.13107162119,2023.16712328767,A/great_horned_owl/Colorado/23-007822-001/2023|H5N1|USA-CO|2023-03-03|avian|B3.2,B32
780,133,0.0383320120995598,-80.9238662984898,32.8625816074811,-80.7358271942604,33.008198394973,1.13094761540981,1.09261560331025,2023.1315310016,2023.1698630137,A/bald_eagle/South_Carolina/23-008111-002/2023|H5N1|USA-SC|2023-03-04|avian|B3.2,B32
780,134,0.0383320120995598,-80.9238662984898,32.8625816074811,-80.4554281154622,32.6946579055079,1.13094761540981,1.09261560331025,2023.1315310016,2023.1698630137,A/bald_eagle/South_Carolina/23-008111-001/2023|H5N1|USA-SC|2023-03-04|avian|B3.2,B32
601,478,0.028557211951985,-71.2488560398795,42.4923327761523,-71.3989050039012,42.2034747470209,1.13094761540981,1.10239040345783,2023.14130580175,2023.1698630137,A/Canada_goose/MA/23-015884-014/2023|H5N1|USA-MA|2023-03-04|avian|B3.2,B32
1078,1,0.34540629004745,-92.7150767833489,44.2704168196044,-92.0495356473986,43.4501513986449,0.497570304781199,0.152164014733749,2022.82719644968,2023.17260273973,A/red-tailed_hawk/Iowa/23-008517-001/2023|H5N1|USA-IA|2023-03-05|avian|B3.6,B36
677,410,0.150993533412061,-95.9885092873441,43.8273509268964,-93.4578656493778,42.1865276126232,1.13368734143717,0.98269380802511,2023.02160920631,2023.17260273973,A/American_crow/Iowa/23-007781-002/2023|H5N1|USA-IA|2023-03-05|avian|B3.2,B32
592,593,0.304542021682101,-80.5925060621846,49.1704489798416,-81.7760775998869,49.2126280251478,1.13432564960175,0.829783627919651,2022.86869902621,2023.17324104789,NA,B32
940,318,0.0342449170386832,-72.4557072545601,-18.9849336723263,-70.30376039,-17.64664722,1.13916679349188,1.1049218764532,2023.14383727474,2023.17808219178,A/sea_lion/Peru/TAC-INS-011/2023|H5N1|Peru|2023-03-07|other_mammal|B3.2,B32
940,319,0.0342449170386832,-72.4557072545601,-18.9849336723263,-70.699826,-18.137864,1.13916679349188,1.1049218764532,2023.14383727474,2023.17808219178,A/sea_lion/Peru/TAC-INS-010/2023|H5N1|Peru|2023-03-07|other_mammal|B3.2,B32
838,840,0.324070748141428,-88.8189685106941,34.3674305088606,-88.449232671649,33.9128448215058,1.14103496327173,0.816964215130298,2022.85587961342,2023.17995036156,NA,B32
941,942,0.0461159116484224,-68.3231887384308,-27.1705673697577,-69.848165885242,-27.3873213285705,1.14226605201861,1.09615014037019,2023.13506553866,2023.18118145031,NA,B32
1029,1030,0.248426227136846,-83.3778503832953,42.3665300475468,-83.8780695419235,42.1282620378153,1.14246638852239,0.894040161385544,2022.93295555967,2023.18138178681,NA,B32
744,745,0.341117175852107,-104.896709678123,39.9833069864952,-116.514903854585,43.7688721511855,1.14446123774307,0.803344061890966,2022.84225946018,2023.18337663603,NA,B32
942,943,0.0042957548499003,-69.848165885242,-27.3873213285705,-70.9685457477079,-29.8822996646858,1.14656180686851,1.14226605201861,2023.18118145031,2023.18547720516,NA,B32
1030,70,0.00491958305179541,-83.8780695419235,42.1282620378153,-84.7226767686598,42.5300230063149,1.14738597157418,1.14246638852239,2023.18138178681,2023.18630136986,A/chicken/Michigan/23-008143-002-original/2023|H5N1|USA-MI|2023-03-10|avian|B3.2,B32
1030,71,0.00491958305179541,-83.8780695419235,42.1282620378153,-85.0433403375217,42.7273664972302,1.14738597157418,1.14246638852239,2023.18138178681,2023.18630136986,A/chicken/Michigan/23-008143-001-original/2023|H5N1|USA-MI|2023-03-10|avian|B3.2,B32
582,583,0.629411394613628,-91.5971569879639,40.4878074654147,-91.9566922098189,38.3192482637075,1.15200747486979,0.522596080256166,2022.56151147855,2023.19092287316,NA,B32
1078,1079,0.365393030887534,-92.7150767833489,44.2704168196044,-92.5330704941991,43.1397010532036,0.517557045621283,0.152164014733749,2022.82719644968,2023.19258948057,NA,B36
1007,371,0.32000594093838,-92.2667993956073,51.5432560485834,-91.3652117566378,51.1226913405418,1.15560514965626,0.835599208717877,2022.87451460701,2023.19452054795,A/Turkey/ON/FAV-0098-1/2023|H5N1|Canada-ON|2023-03-13|avian|B3.2,B32
942,320,0.0133390976376426,-69.848165885242,-27.3873213285705,-69.93163954,-27.38183161,1.15560514965626,1.14226605201861,2023.18118145031,2023.19452054795,A/sea_lion/Atacama/242444-1/2023|H5N1|Chile|2023-03-13|other_mammal|B3.2,B32
1079,2,0.00193106737900206,-92.5330704941991,43.1397010532036,-92.4286354411802,43.1240651309279,0.519488113000285,0.517557045621283,2023.19258948057,2023.19452054795,A/chicken/Iowa/23-008211-001-original/2023|H5N1|USA-IA|2023-03-13|avian|B3.6,B36
1079,3,0.00193106737900206,-92.5330704941991,43.1397010532036,-92.506316338581,43.1341895431739,0.519488113000285,0.517557045621283,2023.19258948057,2023.19452054795,A/domestic_duck/Iowa/23-008211-002-original/2023|H5N1|USA-IA|2023-03-13|avian|B3.6,B36
583,584,0.0059528991134834,-91.9566922098189,38.3192482637075,-91.9942222887921,38.2050620631216,1.15796037398328,1.15200747486979,2023.19092287316,2023.19687577227,NA,B32
583,466,0.00633740081404754,-91.9566922098189,38.3192482637075,-91.69496561786,38.2381439003877,1.15834487568384,1.15200747486979,2023.19092287316,2023.19726027397,A/chicken/Missouri/23-008296-003-original/2023|H5N1|USA-MO|2023-03-14|avian|B3.2,B32
584,467,0.000384501700564144,-91.9942222887921,38.2050620631216,-91.764294931465,38.183674243737,1.15834487568384,1.15796037398328,2023.19687577227,2023.19726027397,A/chicken/Missouri/23-008296-002-original/2023|H5N1|USA-MO|2023-03-14|avian|B3.2,B32
584,468,0.000384501700564144,-91.9942222887921,38.2050620631216,-91.9824089888552,38.2069728453052,1.15834487568384,1.15796037398328,2023.19687577227,2023.19726027397,A/chicken/Missouri/23-008296-001-original/2023|H5N1|USA-MO|2023-03-14|avian|B3.2,B32
984,364,0.614319536375408,-101.002977962124,42.915375918801,-96.2606521450018,39.5811823092681,1.1610846017112,0.546765065335791,2022.58568046362,2023.2,A/red-tailed_hawk/Kansas/23-009211-001/2023|H5N1|USA-KS|2023-03-15|avian|B3.2,B32
701,42,0.37929401059725,-118.076001158368,38.3105281169078,-121.783094891928,42.0850595055269,1.1610846017112,0.781790591113949,2022.8207059894,2023.2,A/chicken/Oregon/23-009029-001-original/2023|H5N1|USA-OR|2023-03-15|avian|B3.2,B32
754,104,0.295874156741962,-103.60832176886,42.626962313498,-102.781383463216,40.6541914542512,1.1610846017112,0.865210444969236,2022.90412584326,2023.2,A/red-tailed_hawk/Colorado/23-008901-001/2023|H5N1|USA-CO|2023-03-15|avian|B3.2,B32
880,306,0.223580242150191,-58.4504741792888,-38.2077242280003,-55.7469,-34.5713,1.1610846017112,0.937504359561008,2022.97641975785,2023.2,A/Black-necked_swan/Uruguay/078-M2/2023|H5N1|Uruguay|2023-03-15|avian|B3.2,B32
840,189,0.0200496384394733,-88.449232671649,33.9128448215058,-88.5510497811286,33.8648838853333,1.1610846017112,1.14103496327173,2023.17995036156,2023.2,A/chicken/Mississippi/23-008358-001-original/2023|H5N1|USA-MS|2023-03-15|avian|B3.2,B32
840,190,0.0200496384394733,-88.449232671649,33.9128448215058,-88.3002288153559,33.8652397035356,1.1610846017112,1.14103496327173,2023.17995036156,2023.2,A/chicken/Mississippi/23-008358-002-original/2023|H5N1|USA-MS|2023-03-15|avian|B3.2,B32
975,252,0.330209569059979,-76.1552004973387,-9.1217753417973,-77.1433574748236,-12.0516701275718,1.16656405376591,0.836354484705935,2022.875269883,2023.20547945205,A/guanay_cormorant/Peru/CAL-INS-009/2023|H5N1|Peru|2023-03-17|avian|B3.2,B32
874,244,0.221100710745223,-77.1380888555023,-12.1307919403335,-77.1551941407712,-12.0441019793581,1.16656405376591,0.94546334302069,2022.98437874131,2023.20547945205,A/peruvian_booby/Peru/CAL-INS-008/2023|H5N1|Peru|2023-03-17|avian|B3.2,B32
937,938,0.133794904956226,-71.2821913603289,-23.7759422880684,-70.3511472279506,-23.6020540079896,1.16966107664413,1.03586617168791,2023.07478156998,2023.20857647493,NA,B32
965,347,0.0685933133457417,-69.5877430651046,-38.463313312605,-71.4293542,-32.69895,1.17204350582086,1.10345019247511,2023.14236559076,2023.21095890411,A/South_American_sea_lion/Valparaiso/243136-1/2023|H5N1|Chile|2023-03-19|other_mammal|B3.2,B32
660,430,0.450972238632008,-127.159985074457,51.1871122853213,-127.549496769324,53.9896629428347,1.17478323184821,0.723810993216205,2022.7627263915,2023.21369863014,A/Red_Tailed_Hawk/BC/AIVPHL-1009/2023|H5N1|Canada-BC|2023-03-20|avian|B3.2,B32
575,518,0.179348437224818,-63.980118288091,46.7410864984396,-62.9512609158646,46.2682836761362,1.17752295787557,0.998174520650753,2023.03708991894,2023.21643835616,A/Striped_Skunk/PE/FAV-0123-1/2023|H5N1|Canada-PE|2023-03-21|other_mammal|B3.2,B32
576,517,0.164668287791327,-64.2539852728766,46.9512605326543,-62.7046245637696,45.5428609036159,1.17752295787557,1.01285467008424,2023.05177006837,2023.21643835616,A/American_Crow/NS/FAV-0122-1/2023|H5N1|Canada-NS|2023-03-21|avian|B3.2,B32
601,479,0.0751325544177428,-71.2488560398795,42.4923327761523,-71.3425919508016,42.4279083559206,1.17752295787557,1.10239040345783,2023.14130580175,2023.21643835616,A/Red-tailed_Hawk/MA/23-015884-018/2023|H5N1|USA-MA|2023-03-21|avian|B3.2,B32
556,500,0.548564352165654,-63.0871658965515,43.7588886273724,-62.6364150425304,46.4600468875424,1.18026268390293,0.631698331737274,2022.67061373003,2023.21917808219,A/American_Crow/PE/FAV-0121-1/2023|H5N1|Canada-PE|2023-03-22|avian|B3.2,B32
700,43,0.454115448097544,-113.448332700839,47.268320117023,-119.782657962799,46.4082454765216,1.18300240993029,0.728886961832741,2022.76780236012,2023.22191780822,A/Western_screech_owl/Washington/23-010027-001/2023|H5N1|USA-WA|2023-03-23|avian|B3.2,B32
593,484,0.0514164863558908,-81.7760775998869,49.2126280251478,-82.0827402824125,49.4412532985545,1.18574213595764,1.13432564960175,2023.17324104789,2023.22465753425,A/American_Crow/ON/FAV-0149-2/2023|H5N1|Canada-ON|2023-03-24|avian|B3.2,B32
593,485,0.0514164863558908,-81.7760775998869,49.2126280251478,-81.8081794416686,50.5796506502531,1.18574213595764,1.13432564960175,2023.17324104789,2023.22465753425,A/American_Crow/ON/FAV-0149-1/2023|H5N1|Canada-ON|2023-03-24|avian|B3.2,B32
938,344,0.016081059313511,-70.3511472279506,-23.6020540079896,-70.371102048612,-23.6059511897138,1.18574213595764,1.16966107664413,2023.20857647493,2023.22465753425,A/Chile/25945/2023|H5N1|Chile|2023-03-24|human|B3.2,B32
938,345,0.016081059313511,-70.3511472279506,-23.6020540079896,-70.3692954689782,-23.6026028403649,1.18574213595764,1.16966107664413,2023.20857647493,2023.22465753425,A/Antofagasta/25945/2023|H5N1|Chile|2023-03-24|human|B3.2,B32
678,409,0.193640816421028,-96.3680343638594,43.8071553795154,-93.895130622473,45.2718492721308,1.19122158801258,0.997580771591557,2023.03649616988,2023.2301369863,A/red-tailed_hawk/Minnesota/23-010018-001/2023|H5N1|USA-MN|2023-03-26|avian|B3.2,B32
943,342,0.0446597811440705,-70.9685457477079,-29.8822996646858,-72.3453308,-37.47393,1.19122158801258,1.14656180686851,2023.18547720516,2023.2301369863,A/South_American_sea_lion/Bio_Bio/246296-1/2023|H5N1|Chile|2023-03-26|other_mammal|B3.2,B32
745,98,0.052239802324227,-116.514903854585,43.7688721511855,-116.229374507842,43.7009125415404,1.1967010400673,1.14446123774307,2023.18337663603,2023.23561643836,A/great_horned_owl/Idaho/23-011169-003/2023|H5N1|USA-ID|2023-03-28|avian|B3.2,B32
745,99,0.052239802324227,-116.514903854585,43.7688721511855,-116.378736408616,43.4482168485584,1.1967010400673,1.14446123774307,2023.18337663603,2023.23561643836,A/magpie/Idaho/23-011169-002/2023|H5N1|USA-ID|2023-03-28|avian|B3.2,B32
754,103,0.336970047152778,-103.60832176886,42.626962313498,-99.2646275940851,40.6946064511719,1.20218049212201,0.865210444969236,2022.90412584326,2023.24109589041,A/cat/Nebraska/23-010184-001/2023|H5N1|USA-NE|2023-03-30|feline|B3.2,B32
600,477,0.128308303102302,-71.4998244503239,42.2896731040212,-71.0503297533826,42.2900433118449,1.20218049212201,1.07387218901971,2023.11278758731,2023.24109589041,A/Canada_Goose/MA/23-015884-019/2023|H5N1|USA-MA|2023-03-30|avian|B3.2,B32
890,891,0.128018398860216,-55.8186863261305,-33.6308350006025,-42.867117374866,-27.8188733902336,1.20318809877669,1.07516969991647,2023.11408509821,2023.24210349707,NA,B32
663,399,0.687391905809905,-123.691143478265,48.915394313657,-119.463841586786,40.0788332372475,1.2049202181496,0.517528312339695,2022.55644371063,2023.24383561644,A/red-tailed_hawk/Nevada/23-012114-001/2023|H5N1|USA-NV|2023-03-31|avian|B3.2,B32
883,257,0.284551588543591,-53.6263941316017,-38.1780561676753,-58.67021,-27.39907,1.2049202181496,0.920368629606008,2022.9592840279,2023.24383561644,A/Turkey/Argentina/1348-3/2023|H5N1|Argentina|2023-03-31|avian|B3.2,B32
941,343,0.108770077779408,-68.3231887384308,-27.1705673697577,-69.11665873,-23.47021421,1.2049202181496,1.09615014037019,2023.13506553866,2023.24383561644,A/Burmeister_s_porpoise/Antofagasta/246506-1/2023|H5N1|Chile|2023-03-31|other_mammal|B3.2,B32
965,346,0.104209751701843,-69.5877430651046,-38.463313312605,-72.85395556,-36.35902222,1.20765994417696,1.10345019247511,2023.14236559076,2023.24657534247,A/Chilean_dolphin/Nuble/248244-1/2023|H5N1|Chile|2023-04-01|other_mammal|B3.2,B32
874,245,0.267676053210981,-77.1380888555023,-12.1307919403335,-77.083333,-12.1,1.21313939623167,0.94546334302069,2022.98437874131,2023.25205479452,A/peruvian_booby/Peru/LIM-INS-004/2023|H5N1|Peru|2023-04-03|avian|B3.2,B32
702,45,0.227092547101013,-113.158529616345,46.2608743036402,-112.57004613976,45.7709254005394,1.21313939623167,0.986046849130658,2023.02496224742,2023.25205479452,A/red-tailed_hawk/Montana/23-011216-001/2023|H5N1|USA-MT|2023-04-03|avian|B3.2,B32
1008,368,0.669685483927018,-99.1768418888779,43.8422354151335,-92.1153210523464,42.3676240595495,1.21587912225903,0.54619363833201,2022.58510903662,2023.25479452055,A/American_crow/Iowa/23-010832-002/2023|H5N1|USA-IA|2023-04-04|avian|B3.2,B32
883,256,0.295510492653021,-53.6263941316017,-38.1780561676753,-73.245833,-39.813889,1.21587912225903,0.920368629606008,2022.9592840279,2023.25479452055,A/brown-hooded_gull/Los_Rios/247093-1/2023|H5N1|Chile|2023-04-04|avian|B3.2,B32
564,507,0.19653282214706,-64.3801596452919,46.459357190578,-64.2777542164873,46.6482978313324,1.21587912225903,1.01934630011197,2023.0582616984,2023.25479452055,A/Striped_Skunk/PE/FAV-0145-1/2023|H5N1|Canada-PE|2023-04-04|other_mammal|B3.2,B32
694,695,0.685524459182103,-125.19328723952,57.900472369977,-127.000719149764,55.2424578050046,1.22867559982909,0.543151140646986,2022.58206653894,2023.26759099812,NA,B32
684,415,0.368246260700198,-104.781400271234,40.8798629994116,-105.025591222764,40.9490296932456,1.2323174784234,0.864071217723203,2022.90298661601,2023.27123287671,A/turkey_vulture/Colorado/23-011447-001/2023|H5N1|USA-CO|2023-04-10|avian|B3.2,B32
679,411,0.151690141605617,-94.2716887622933,43.2399703429854,-94.037615482117,41.9314311390551,1.2323174784234,1.08062733681778,2023.11954273511,2023.27123287671,A/hawk/Iowa/23-011213-001/2023|H5N1|USA-IA|2023-04-10|avian|B3.2,B32
731,85,0.290885082226269,-95.1579907541044,37.9611585183302,-97.0896577411153,43.7563100764174,1.23505720445099,0.944172122224717,2022.98308752051,2023.27397260274,A/red-tailed_hawk/South_Dakota/23-012031-001/2023|H5N1|USA-SD|2023-04-11|avian|B3.2,B32
970,254,0.457773195132943,-73.5228527233677,-8.77009723917004,-77.744885,-10.7953673,1.23779693047834,0.7800237353454,2022.81893913363,2023.27671232877,A/peruvian_booby/Peru/LIM-INS-012/2023|H5N1|Peru|2023-04-12|avian|B3.2,B32
702,44,0.251750081347684,-113.158529616345,46.2608743036402,-111.118902177789,45.161792512921,1.23779693047834,0.986046849130658,2023.02496224742,2023.27671232877,A/great_horned_owl/Montana/23-011850-001/2023|H5N1|USA-MT|2023-04-12|avian|B3.2,B32
589,495,0.43512412373166,-80.4500417556498,49.298538196671,-73.7731618317412,42.1436192980799,1.2405366565057,0.80541253277404,2022.84432793106,2023.27945205479,A/red-shouldered_hawk/New_York/23-012563-001/2023|H5N1|USA-NY|2023-04-13|avian|B3.2,B32
689,425,0.198185198841398,-118.700944480427,41.3315890645326,-123.788552165232,43.2152048818814,1.2405366565057,1.0423514576643,2023.08126685595,2023.27945205479,A/sanderling/Oregon/23-011964-001/2023|H5N1|USA-OR|2023-04-13|avian|B3.2,B32
1027,69,0.263108581726027,-107.205613728464,40.274462322728,-111.1733607317,47.312641027012,1.24875583458777,0.985647252861745,2023.02456265115,2023.28767123288,A/Cooper_s_hawk/Montana/23-016105-001/2023|H5N1|USA-MT|2023-04-16|avian|B3.2,B32
890,292,0.176325860698887,-55.8186863261305,-33.6308350006025,-56.1287,-34.7852,1.25149556061536,1.07516969991647,2023.11408509821,2023.2904109589,A/Backyard_chicken/Uruguay/127-M4/2023|H5N1|Uruguay|2023-04-17|avian|B3.2,B32
695,696,0.0231621933430433,-127.000719149764,55.2424578050046,-131.709628297511,58.6694530430323,1.25183779317213,1.22867559982909,2023.26759099812,2023.29075319146,NA,B32
815,165,0.710654678826622,-94.5147224288991,37.527372698824,-116.168430535621,43.5967420517439,1.25423528664271,0.543580607816093,2022.5824960061,2023.29315068493,A/barn_owl/Idaho/23-013072-002/2023|H5N1|USA-ID|2023-04-18|avian|B3.2,B32
761,762,0.16581981174793,-118.0275914283,43.4310443540175,-116.19133731304,43.3043281470797,1.25539558695885,1.08957577521092,2023.1284911735,2023.29431098525,NA,B32
748,109,0.516307987320764,-105.71464944072,44.4506030506342,-105.170978553309,42.2000731352527,1.25697501267007,0.740667025349308,2022.77958242364,2023.29589041096,A/turkey_vulture/Wyoming/23-013715-001/2023|H5N1|USA-WY|2023-04-19|avian|B3.2,B32
686,420,0.345361907219168,-109.602384242217,40.7457471116242,-111.866565423739,41.5935672475843,1.25697501267007,0.911613105450904,2022.95052850374,2023.29589041096,A/turkey_vulture/Utah/23-012747-001/2023|H5N1|USA-UT|2023-04-19|avian|B3.2,B32
673,405,0.330839143477711,-110.39645248783,43.6260104463487,-105.993641543404,42.4928969272473,1.25697501267007,0.926135869192361,2022.96505126748,2023.29589041096,A/turkey_vulture/Wyoming/23-012565-001/2023|H5N1|USA-WY|2023-04-19|avian|B3.2,B32
544,5,0.143386852922556,-93.9820696642832,45.7661795628664,-98.7382301876146,46.1801276832567,0.6208579760141,0.477471123091544,2023.15250355804,2023.29589041096,A/snow_goose/North_Dakota/23-012938-001/2023|H5N1|USA-ND|2023-04-19|avian|B3.6,B36
695,48,0.03103913886834,-127.000719149764,55.2424578050046,-129.088790077952,57.5875856094278,1.25971473869743,1.22867559982909,2023.26759099812,2023.29863013699,A/Striped_Skunk/BC/AIVPHL-1082/2023|H5N1|Canada-BC|2023-04-20|other_mammal|B3.2,B32
696,46,0.00787694552529672,-131.709628297511,58.6694530430323,-131.401253348056,58.6069025424055,1.25971473869743,1.25183779317213,2023.29075319146,2023.29863013699,A/Striped_Skunk/BC/AIVPHL-1080/2023|H5N1|Canada-BC|2023-04-20|other_mammal|B3.2,B32
696,47,0.00787694552529672,-131.709628297511,58.6694530430323,-129.508733918124,56.7708729323913,1.25971473869743,1.25183779317213,2023.29075319146,2023.29863013699,A/Striped_Skunk/BC/AIVPHL-1083/2023|H5N1|Canada-BC|2023-04-20|other_mammal|B3.2,B32
886,296,0.328509047766371,-50.0741690460292,-45.1319816674732,-68.29917,-38.95667,1.27067364280709,0.942164595040715,2022.98107999333,2023.3095890411,A/Avian/Argentina/1790-5/2023|H5N1|Argentina|2023-04-24|avian|B3.2,B32
544,545,0.159986724737443,-93.9820696642832,45.7661795628664,-100.493911040934,43.767907679819,0.637457847828987,0.477471123091544,2023.15250355804,2023.31249028277,NA,B36
858,233,0.752665330937925,-101.161155246341,40.172944221947,-111.874989425871,41.5687974202281,1.28163254691674,0.528967215978818,2022.56788261427,2023.32054794521,A/turkey_vulture/Utah/23-014334-001/2023|H5N1|USA-UT|2023-04-28|avian|B3.2,B32
545,748,0.0139740096341037,-100.493911040934,43.767907679819,-100.252609178632,43.72296361511,0.651431857463091,0.637457847828987,2023.31249028277,2023.32646429241,NA,B36
891,892,0.0856188590645945,-42.867117374866,-27.8188733902336,-50.0912678139772,-24.0817873509897,1.28880695784128,1.20318809877669,2023.24210349707,2023.32772235613,NA,B32
878,879,0.384584882148249,-56.7825983641353,-36.0190082066628,-54.0336621611002,-33.6455077590306,1.29099807102795,0.906413188879702,2022.94532858717,2023.32991346932,NA,B32
1028,67,0.200435228120792,-107.630711658593,40.3217350222725,-107.617665576926,40.2703958255308,1.29259145102617,1.09215622290538,2023.13107162119,2023.33150684932,A/Swainson_s_hawk/Colorado/23-014329-001/2023|H5N1|USA-CO|2023-05-02|avian|B3.2,B32
879,302,0.00433310602557868,-54.0336621611002,-33.6455077590306,-54.1056607614428,-33.7062433270213,1.29533117705353,1.29099807102795,2023.32991346932,2023.33424657534,A/Backyard_chicken/Uruguay/144-M3/2023|H5N1|Uruguay|2023-05-03|avian|B3.2,B32
879,303,0.00433310602557868,-54.0336621611002,-33.6455077590306,-54.081330879451,-33.6650213768379,1.29533117705353,1.29099807102795,2023.32991346932,2023.33424657534,A/backyard_chicken/Uruguay/UDELAR-144-M3/2023|H5N1|Uruguay|2023-05-03|avian|B3.2,B32
748,749,0.0177389779035098,-100.252609178632,43.72296361511,-100.387421712508,43.0339729314906,0.6691708353666,0.651431857463091,2023.32646429241,2023.34420327031,NA,B36
749,750,0.00620864778351238,-100.387421712508,43.0339729314906,-100.389219055811,43.0094848048307,0.675379483150113,0.6691708353666,2023.34420327031,2023.3504119181,NA,B36
543,4,0.344432465279861,-93.86411892873,44.2073680035134,-95.6998482276175,43.8449450782071,0.67565249656193,0.331220031282069,2023.00625246623,2023.35068493151,A/domestic_goose/Minnesota/23-014706-004-original/2023|H5N1|USA-MN|2023-05-09|avian|B3.6,B36
762,763,0.0593805166306498,-116.19133731304,43.3043281470797,-123.473663911086,46.6262487212974,1.3147761035895,1.25539558695885,2023.29431098525,2023.35369150188,NA,B32
748,1045,0.0282095207083024,-100.252609178632,43.72296361511,-100.523635062882,43.8063888254573,0.679641378171393,0.651431857463091,2023.32646429241,2023.35467381312,NA,B36
1022,59,0.391707398022973,-111.906666194301,41.2520235472754,-104.897264951505,39.7495696473812,1.3199887113002,0.928281313277228,2022.96719671157,2023.35890410959,A/ferruginous_hawk/Colorado/23-015630-001-original/2023|H5N1|USA-CO|2023-05-12|avian|B3.2,B32
750,751,0.0164940828475986,-100.389219055811,43.0094848048307,-98.4555495575369,42.8366286670378,0.691873565997711,0.675379483150113,2023.3504119181,2023.36690600094,NA,B36
1019,62,0.796754323861012,-113.406348040743,43.4072340681704,-111.276284644536,43.2102236593503,1.34190651951929,0.545152195658276,2022.58406759395,2023.38082191781,A/great_horned_owl/Idaho/23-017158-001/2023|H5N1|USA-ID|2023-05-20|avian|B3.2,B32
698,49,0.650595609045576,-129.655868035365,58.8382269686439,-129.470669204876,58.8458083722293,1.35012569760159,0.699530088556011,2022.73844548684,2023.38904109589,A/Cooper_s_Hawk/BC/AIVPHL-1125/2023|H5N1|Canada-BC|2023-05-23|avian|B3.2,B32
701,41,0.568335106487639,-118.076001158368,38.3105281169078,-122.773657514502,38.5759092431927,1.35012569760159,0.781790591113949,2022.8207059894,2023.38904109589,A/turkey_vulture/California/23-016941-001/2023|H5N1|USA-CA|2023-05-23|avian|B3.2,B32
751,752,0.0244438129791316,-98.4555495575369,42.8366286670378,-99.8686156155308,42.6083342933767,0.716317378976843,0.691873565997711,2023.36690600094,2023.39134981392,NA,B36
891,279,0.155156776906974,-42.867117374866,-27.8188733902336,-40.307778,-20.128889,1.35834487568366,1.20318809877669,2023.24210349707,2023.39726027397,A/Megascops_choliba/Espirito_Santo/1409-N/2023|H5N1|Brazil|2023-05-26|avian|B3.2,B32
763,764,0.0443803594187064,-123.473663911086,46.6262487212974,-122.5187958926,45.7679502470409,1.3591564630082,1.3147761035895,2023.35369150188,2023.3980718613,NA,B32
884,258,0.50115843102241,-48.977092560703,-40.2580419330457,-60.41929,-31.99319,1.36656405376596,0.865405622743549,2022.90432102103,2023.40547945205,A/Chicken/Argentina/2483-3/2023|H5N1|Argentina|2023-05-29|avian|B3.2,B32
752,844,0.0276249421818884,-99.8686156155308,42.6083342933767,-99.9865083005384,42.1015740881089,0.743942321158731,0.716317378976843,2023.39134981392,2023.4189747561,NA,B36
761,112,0.296166360746771,-118.0275914283,43.4310443540175,-132.857957374589,59.2024034113837,1.38574213595769,1.08957577521092,2023.1284911735,2023.42465753425,A/Peregrine_Falcon/BC/AIVPHL-1151/2023|H5N1|Canada-BC|2023-06-05|avian|B3.2,B32
943,944,0.241260063075434,-70.9685457477079,-29.8822996646858,-65.7090109955829,-34.3176064570143,1.38782186994395,1.14656180686851,2023.18547720516,2023.42673726823,NA,B32
764,765,0.0375919007626448,-122.5187958926,45.7679502470409,-122.550998966104,45.8855134475014,1.39674836377085,1.3591564630082,2023.3980718613,2023.43566376206,NA,B32
752,753,0.0533906192111353,-99.8686156155308,42.6083342933767,-99.7983067555019,42.5943596782918,0.769707998187978,0.716317378976843,2023.39134981392,2023.44474043313,NA,B36
888,293,0.45439433329295,-57.6972793722645,-35.1865874391104,-57.947197,-35.089,1.407659944177,0.953265610884052,2022.99218100917,2023.44657534247,A/Chicken/Argentina/2796-2/2023|H5N1|Argentina|2023-06-13|avian|B3.2,B32
753,754,0.00192631618168537,-99.7983067555019,42.5943596782918,-99.9543054157146,42.3910084678065,0.771634314369664,0.769707998187978,2023.44474043313,2023.44666674931,NA,B36
753,804,0.0028296333650224,-99.7983067555019,42.5943596782918,-101.091530226897,42.7012581398814,0.772537631553001,0.769707998187978,2023.44474043313,2023.4475700665,NA,B36
545,546,0.136314219690661,-100.493911040934,43.767907679819,-99.5241571459958,43.4235749112587,0.773772067519648,0.637457847828987,2023.31249028277,2023.44880450246,NA,B36
765,768,0.0137310570237092,-122.550998966104,45.8855134475014,-122.773979485501,46.243606113596,1.41047942079456,1.39674836377085,2023.43566376206,2023.44939481908,NA,B32
762,126,0.15774380927287,-116.19133731304,43.3043281470797,-120.757081657306,45.0744077643282,1.41313939623172,1.25539558695885,2023.29431098525,2023.45205479452,A/Caspian_tern/Oregon/23-018836-002/2023|H5N1|USA-OR|2023-06-15|avian|B3.2,B32
763,125,0.0983632926422198,-123.473663911086,46.6262487212974,-121.444712127335,45.0325600754469,1.41313939623172,1.3147761035895,2023.35369150188,2023.45205479452,A/Caspian_tern/Oregon/23-018836-001/2023|H5N1|USA-OR|2023-06-15|avian|B3.2,B32
764,113,0.0539829332235133,-122.5187958926,45.7679502470409,-120.693823830081,45.034725053632,1.41313939623172,1.3591564630082,2023.3980718613,2023.45205479452,A/Caspian_tern/Oregon/23-018836-003/2023|H5N1|USA-OR|2023-06-15|avian|B3.2,B32
768,769,0.00674263871787995,-122.773979485501,46.243606113596,-122.698222433746,47.0317823414099,1.41722205951244,1.41047942079456,2023.44939481908,2023.4561374578,NA,B32
844,846,0.0381457905991285,-99.9865083005384,42.1015740881089,-100.82182798336,41.636009841026,0.78208811175786,0.743942321158731,2023.4189747561,2023.4571205467,NA,B36
944,945,0.0338862823892372,-65.7090109955829,-34.3176064570143,-69.1652827247716,-33.9955358272612,1.42170815233319,1.38782186994395,2023.42673726823,2023.46062355062,NA,B32
846,847,0.00863233478656866,-100.82182798336,41.636009841026,-108.463606413281,42.8274165340258,0.790720446544428,0.78208811175786,2023.4571205467,2023.46575288149,NA,B36
847,848,0.00424294524171587,-108.463606413281,42.8274165340258,-108.756684971399,42.8817364931456,0.794963391786144,0.790720446544428,2023.46575288149,2023.46999582673,NA,B36
754,766,0.026673252714668,-99.9543054157146,42.3910084678065,-102.228083797706,42.5830376435485,0.798307567084332,0.771634314369664,2023.44666674931,2023.47334000203,NA,B36
768,773,0.0239520869047329,-122.773979485501,46.243606113596,-123.148308043938,47.6750705329081,1.43443150769929,1.41047942079456,2023.44939481908,2023.47334690599,NA,B32
892,280,0.146250246609523,-50.0912678139772,-24.0817873509897,-48.716667,-25.1,1.4350572044508,1.28880695784128,2023.32772235613,2023.47397260274,A/Thalasseus_maximus/Parana/1775-N/2023|H5N1|Brazil|2023-06-23|avian|B3.2,B32
848,886,0.00570796763929282,-108.756684971399,42.8817364931456,-108.691100756491,43.9046214745678,0.800671359425437,0.794963391786144,2023.46999582673,2023.47570379437,NA,B36
766,767,0.00245005946514154,-102.228083797706,42.5830376435485,-102.191332324238,42.5867801377313,0.800757626549473,0.798307567084332,2023.47334000203,2023.47579006149,NA,B36
546,547,0.0274252648604687,-99.5241571459958,43.4235749112587,-99.1417474696602,42.1887270044103,0.801197332380117,0.773772067519648,2023.44880450246,2023.47622976732,NA,B36
773,774,0.0101672968970272,-123.148308043938,47.6750705329081,-123.729856730329,47.5066699052408,1.44459880459632,1.43443150769929,2023.47334690599,2023.48351420289,NA,B32
1045,1047,0.132457279582762,-100.523635062882,43.8063888254573,-113.619117548337,45.7000476280023,0.812098657754155,0.679641378171393,2023.35467381312,2023.4871310927,NA,B36
769,770,0.0336183545666124,-122.698222433746,47.0317823414099,-123.823009361782,47.8672184036177,1.45084041407905,1.41722205951244,2023.4561374578,2023.48975581237,NA,B32
945,946,0.032835914290259,-69.1652827247716,-33.9955358272612,-56.0077961208232,-38.1877671479298,1.45454406662344,1.42170815233319,2023.46062355062,2023.49345946491,NA,B32
766,800,0.0201822676983885,-102.228083797706,42.5830376435485,-102.049224020017,42.7400802983555,0.81848983478272,0.798307567084332,2023.47334000203,2023.49352226973,NA,B36
547,570,0.0174854838150289,-99.1417474696602,42.1887270044103,-98.6435649466244,42.1916498037116,0.818682816195146,0.801197332380117,2023.47622976732,2023.49371525114,NA,B36
1047,1052,0.0105925585116113,-113.619117548337,45.7000476280023,-113.754781004255,45.7520294663398,0.822691216265766,0.812098657754155,2023.4871310927,2023.49772365121,NA,B36
847,945,0.0349238728487042,-108.463606413281,42.8274165340258,-102.584254899237,39.658370564928,0.825644319393133,0.790720446544428,2023.46575288149,2023.50067675434,NA,B36
945,969,0.00106306252778721,-102.584254899237,39.658370564928,-102.656800632493,39.7110106254696,0.82670738192092,0.825644319393133,2023.50067675434,2023.50173981687,NA,B36
892,893,0.176273492383291,-50.0912678139772,-24.0817873509897,-47.890399456337,-26.5923887043479,1.46508045022457,1.28880695784128,2023.32772235613,2023.50399584851,NA,B32
886,928,0.0286583318684392,-108.691100756491,43.9046214745678,-99.1529238374306,43.2671697991331,0.829329691293876,0.800671359425437,2023.47570379437,2023.50436212624,NA,B36
754,755,0.0581009527798575,-99.9543054157146,42.3910084678065,-96.6700159531195,41.2971550512349,0.829735267149521,0.771634314369664,2023.44666674931,2023.50476770209,NA,B36
893,894,0.00125198117736214,-47.890399456337,-26.5923887043479,-48.4853826523975,-25.9333986130822,1.46633243140193,1.46508045022457,2023.50399584851,2023.50524782969,NA,B32
894,895,0.000880683100918267,-48.4853826523975,-25.9333986130822,-48.3913994928268,-25.827222387506,1.46721311450285,1.46633243140193,2023.50524782969,2023.50612851279,NA,B32
570,625,0.0139404505389025,-98.6435649466244,42.1916498037116,-97.5536748267871,41.8664319912121,0.832623266734049,0.818682816195146,2023.49371525114,2023.50765570168,NA,B36
755,757,0.00313037494178614,-96.6700159531195,41.2971550512349,-96.3071497480606,41.0882010979482,0.832865642091307,0.829735267149521,2023.50476770209,2023.50789807704,NA,B36
886,887,0.032294728269276,-108.691100756491,43.9046214745678,-109.04819509023,44.5953469716197,0.832966087694713,0.800671359425437,2023.47570379437,2023.50799852264,NA,B36
1052,1053,0.0104775733245686,-113.754781004255,45.7520294663398,-115.874059044927,45.8809253463518,0.833168789590335,0.822691216265766,2023.49772365121,2023.50820122454,NA,B36
625,694,0.000755956309772765,-97.5536748267871,41.8664319912121,-97.4240624916103,42.2928356119887,0.833379223043821,0.832623266734049,2023.50765570168,2023.50841165799,NA,B36
570,571,0.015736265824851,-98.6435649466244,42.1916498037116,-96.2974274466416,38.8867666675215,0.834419082019997,0.818682816195146,2023.49371525114,2023.50945151696,NA,B36
625,626,0.0017964532515311,-97.5536748267871,41.8664319912121,-98.0412224799791,42.1804541003683,0.83441971998558,0.832623266734049,2023.50765570168,2023.50945215493,NA,B36
800,801,0.0161347518628541,-102.049224020017,42.7400802983555,-103.207573018047,42.6336124136416,0.834624586645574,0.81848983478272,2023.49352226973,2023.50965702159,NA,B36
928,935,0.0053440247578862,-99.1529238374306,43.2671697991331,-99.226626032,43.2609924017823,0.834673716051763,0.829329691293876,2023.50436212624,2023.509706151,NA,B36
945,946,0.00944592257747168,-102.584254899237,39.658370564928,-102.563474582386,39.5869314184648,0.835090241970604,0.825644319393133,2023.50067675434,2023.51012267692,NA,B36
804,805,0.0625899870173019,-101.091530226897,42.7012581398814,-99.7451070114641,41.3469482102632,0.835127618570302,0.772537631553001,2023.4475700665,2023.51016005352,NA,B36
887,890,0.00315305705237123,-109.04819509023,44.5953469716197,-109.007193913293,44.604799322042,0.836119144747084,0.832966087694713,2023.50799852264,2023.51115157969,NA,B36
848,849,0.0424547902561327,-108.756684971399,42.8817364931456,-115.578521513684,43.2894754010697,0.837418182042277,0.794963391786144,2023.46999582673,2023.51245061699,NA,B36
1053,1075,0.0045341838031181,-115.874059044927,45.8809253463518,-114.521632544016,45.5676607687104,0.837702973393453,0.833168789590335,2023.50820122454,2023.51273540834,NA,B36
571,575,0.00345788278978398,-96.2974274466416,38.8867666675215,-96.213859652855,39.3313450040184,0.837876964809781,0.834419082019997,2023.50945151696,2023.51290939975,NA,B36
757,760,0.00745354109147267,-96.3071497480606,41.0882010979482,-95.4006243474122,39.9786982469687,0.84031918318278,0.832865642091307,2023.50789807704,2023.51535161813,NA,B36
767,768,0.039861056883965,-102.191332324238,42.5867801377313,-103.115585211388,43.3716962549616,0.840618683433438,0.800757626549473,2023.47579006149,2023.51565111838,NA,B36
801,802,0.00639654589323357,-103.207573018047,42.6336124136416,-103.788005900752,42.691943795327,0.841021132538808,0.834624586645574,2023.50965702159,2023.51605356748,NA,B36
575,618,0.00349032031863117,-96.213859652855,39.3313450040184,-97.0332764258909,39.7487625423712,0.841367285128412,0.837876964809781,2023.51290939975,2023.51639972007,NA,B36
626,642,0.00755407814895714,-98.0412224799791,42.1804541003683,-95.0978492475807,41.2369054970759,0.841973798134537,0.83441971998558,2023.50945215493,2023.51700623308,NA,B36
642,657,9.82175515114037e-05,-95.0978492475807,41.2369054970759,-94.9589316535435,41.211076630788,0.842072015686048,0.841973798134537,2023.51700623308,2023.51710445063,NA,B36
805,806,0.00735471280389444,-99.7451070114641,41.3469482102632,-99.6708853492146,41.2988204995927,0.842482331374197,0.835127618570302,2023.51016005352,2023.51751476632,NA,B36
657,658,0.000490242468283775,-94.9589316535435,41.211076630788,-96.2048023050094,41.1547630188436,0.842562258154332,0.842072015686048,2023.51710445063,2023.5175946931,NA,B36
749,1019,0.173531308667469,-100.387421712508,43.0339729314906,-100.210881578748,44.1333403648056,0.84270214403407,0.6691708353666,2023.34420327031,2023.51773457898,NA,B36
935,936,0.00857369521782325,-99.226626032,43.2609924017823,-99.234966593445,43.2995056662424,0.843247411269586,0.834673716051763,2023.509706151,2023.51827984621,NA,B36
806,807,0.00078905768576365,-99.6708853492146,41.2988204995927,-99.6472361366522,41.3195149959882,0.843271389059961,0.842482331374197,2023.51751476632,2023.518303824,NA,B36
626,627,0.00908373441463328,-98.0412224799791,42.1804541003683,-97.5982525938027,42.0067599139979,0.843503454400213,0.83441971998558,2023.50945215493,2023.51853588935,NA,B36
658,659,0.00096819151811145,-96.2048023050094,41.1547630188436,-96.2665097840535,41.0890397936153,0.843530449672443,0.842562258154332,2023.5175946931,2023.51856288462,NA,B36
1019,1020,0.000981914767380188,-100.210881578748,44.1333403648056,-100.325816956894,44.1769783214994,0.84368405880145,0.84270214403407,2023.51773457898,2023.51871649375,NA,B36
936,938,0.000811679230463103,-99.234966593445,43.2995056662424,-100.11069206629,43.7044030186316,0.844059090500049,0.843247411269586,2023.51827984621,2023.51909152544,NA,B36
547,548,0.0434596148926434,-99.1417474696602,42.1887270044103,-99.059515333325,42.3475542049484,0.84465694727276,0.801197332380117,2023.47622976732,2023.51968938222,NA,B36
890,891,0.00900624378389314,-109.007193913293,44.604799322042,-113.234219100095,42.7450767796242,0.845125388530978,0.836119144747084,2023.51115157969,2023.52015782348,NA,B36
575,576,0.00739543738185922,-96.213859652855,39.3313450040184,-95.275970734196,39.5505120089581,0.84527240219164,0.837876964809781,2023.51290939975,2023.52030483714,NA,B36
548,549,0.00114868650622668,-99.059515333325,42.3475542049484,-99.4179142984598,42.4717020801801,0.845805633778987,0.84465694727276,2023.51968938222,2023.52083806872,NA,B36
849,880,0.00858567175270575,-115.578521513684,43.2894754010697,-114.4727124558,42.3704614981652,0.846003853794983,0.837418182042277,2023.51245061699,2023.52103628874,NA,B36
946,947,0.0276379419894974,-56.0077961208232,-38.1877671479298,-55.5430417068004,-38.6051722741786,1.48218200861294,1.45454406662344,2023.49345946491,2023.5210974069,NA,B32
1053,1054,0.0130639165602473,-115.874059044927,45.8809253463518,-117.001505035083,46.6217631918556,0.846232706150582,0.833168789590335,2023.50820122454,2023.5212651411,NA,B36
548,556,0.00173085625620084,-99.059515333325,42.3475542049484,-98.9855230148737,42.3079895618323,0.846387803528961,0.84465694727276,2023.51968938222,2023.52142023847,NA,B36
946,954,0.0113449028708423,-102.563474582386,39.5869314184648,-103.159831897146,39.940154819692,0.846435144841447,0.835090241970604,2023.51012267692,2023.52146757979,NA,B36
887,888,0.0141456593266542,-109.04819509023,44.5953469716197,-111.942711232527,47.8902867043364,0.847111747021367,0.832966087694713,2023.50799852264,2023.52214418197,NA,B36
890,916,0.0112014644341198,-109.007193913293,44.604799322042,-102.756875382439,44.2280763497234,0.847320609181204,0.836119144747084,2023.51115157969,2023.52235304413,NA,B36
849,850,0.0100061555418094,-115.578521513684,43.2894754010697,-116.475093051836,44.0295031851581,0.847424337584086,0.837418182042277,2023.51245061699,2023.52245677253,NA,B36
806,825,0.00515048465333923,-99.6708853492146,41.2988204995927,-99.9770038231589,43.1603369572034,0.847632816027536,0.842482331374197,2023.51751476632,2023.52266525097,NA,B36
576,604,0.00252204643693377,-95.275970734196,39.5505120089581,-96.2370998303496,39.6892418063957,0.847794448628574,0.84527240219164,2023.52030483714,2023.52282688357,NA,B36
760,762,0.00750829278547749,-95.4006243474122,39.9786982469687,-94.8426645240089,40.6083875893304,0.847827475968257,0.84031918318278,2023.51535161813,2023.52285991091,NA,B36
805,842,0.0130267440332275,-99.7451070114641,41.3469482102632,-97.1611060297607,39.5018282405204,0.84815436260353,0.835127618570302,2023.51016005352,2023.52318679755,NA,B36
770,123,0.0335318588648685,-123.823009361782,47.8672184036177,-123.549506696366,47.7231858241529,1.48437227294392,1.45084041407905,2023.48975581237,2023.52328767123,A/Caspian_tern/Washington/23-021119-003/2023|H5N1|USA-WA|2023-07-11|avian|B3.2,B32
768,769,0.0077976014288681,-103.115585211388,43.3716962549616,-103.32389677975,43.520767336004,0.848416284862306,0.840618683433438,2023.51565111838,2023.52344871981,NA,B36
659,662,0.00495836391697879,-96.2665097840535,41.0890397936153,-95.8372557995773,40.273530468681,0.848488813589422,0.843530449672443,2023.51856288462,2023.52352124853,NA,B36
694,695,0.015398076239423,-97.4240624916103,42.2928356119887,-96.732435145135,42.5904904044239,0.848777299283244,0.833379223043821,2023.50841165799,2023.52380973423,NA,B36
556,557,0.00240631483119502,-98.9855230148737,42.3079895618323,-99.0009156899251,42.3022920301802,0.848794118360156,0.846387803528961,2023.52142023847,2023.5238265533,NA,B36
618,622,0.00760780471137279,-97.0332764258909,39.7487625423712,-97.0324416142637,40.2244764452836,0.848975089839785,0.841367285128412,2023.51639972007,2023.52400752478,NA,B36
549,550,0.00325197667567179,-99.4179142984598,42.4717020801801,-99.497719189052,41.8171299629683,0.849057610454659,0.845805633778987,2023.52083806872,2023.5240900454,NA,B36
850,851,0.00163811869055741,-116.475093051836,44.0295031851581,-115.083517041023,43.9799456313721,0.849062456274644,0.847424337584086,2023.52245677253,2023.52409489122,NA,B36
546,712,0.0755965553201152,-99.5241571459958,43.4235749112587,-93.0596357171517,44.6763263575871,0.849368622839764,0.773772067519648,2023.44880450246,2023.52440105778,NA,B36
851,855,0.00042676648550799,-115.083517041023,43.9799456313721,-115.12667063606,44.0025689596033,0.849489222760152,0.849062456274644,2023.52409489122,2023.5245216577,NA,B36
916,918,0.00221169929354481,-102.756875382439,44.2280763497234,-102.606873638206,43.9083822948408,0.849532308474749,0.847320609181204,2023.52235304413,2023.52456474342,NA,B36
751,988,0.15785520080119,-98.4555495575369,42.8366286670378,-96.6166046085584,42.4738334772416,0.849728766798902,0.691873565997711,2023.36690600094,2023.52476120174,NA,B36
880,881,0.00408196875034639,-114.4727124558,42.3704614981652,-114.846840103997,42.263980202265,0.850085822545329,0.846003853794983,2023.52103628874,2023.52511825749,NA,B36
1047,1048,0.0381551244914897,-113.619117548337,45.7000476280023,-112.889594912585,44.7493282623312,0.850253782245645,0.812098657754155,2023.4871310927,2023.52528621719,NA,B36
769,770,0.00186053856023771,-103.32389677975,43.520767336004,-102.62510894013,43.3338979805499,0.850276823422544,0.848416284862306,2023.52344871981,2023.52530925837,NA,B36
662,663,0.00186024924076378,-95.8372557995773,40.273530468681,-95.7663612002214,40.408533716721,0.850349062830186,0.848488813589422,2023.52352124853,2023.52538149778,NA,B36
891,915,0.00525994814834863,-113.234219100095,42.7450767796242,-112.201463537989,41.6503029938776,0.850385336679326,0.845125388530978,2023.52015782348,2023.52541777162,NA,B36
988,989,0.000884287710029019,-96.6166046085584,42.4738334772416,-96.548504018954,42.3616509755874,0.85061305450893,0.849728766798902,2023.52476120174,2023.52564548945,NA,B36
881,882,0.00063010202666236,-114.846840103997,42.263980202265,-114.736112697655,42.2088914024663,0.850715924571992,0.850085822545329,2023.52511825749,2023.52574835952,NA,B36
770,771,0.000514422679526616,-102.62510894013,43.3338979805499,-102.576598562033,43.2833285480662,0.850791246102071,0.850276823422544,2023.52530925837,2023.52582368105,NA,B36
825,827,0.00323622909731647,-99.9770038231589,43.1603369572034,-100.794256558748,42.7811450462487,0.850869045124853,0.847632816027536,2023.52266525097,2023.52590148007,NA,B36
1020,1021,0.00721491991920087,-100.325816956894,44.1769783214994,-100.738894490448,44.0149278310427,0.850898978720651,0.84368405880145,2023.51871649375,2023.52593141367,NA,B36
618,619,0.00962036546109757,-97.0332764258909,39.7487625423712,-97.5106831577218,39.8733495774764,0.85098765058951,0.841367285128412,2023.51639972007,2023.52602008553,NA,B36
938,939,0.00694320975959717,-100.11069206629,43.7044030186316,-100.132413785082,43.1611453788356,0.851002300259646,0.844059090500049,2023.51909152544,2023.5260347352,NA,B36
954,955,0.00471414448798924,-103.159831897146,39.940154819692,-103.446629614653,40.070737523632,0.851149289329436,0.846435144841447,2023.52146757979,2023.52618172427,NA,B36
881,883,0.00118923823260975,-114.846840103997,42.263980202265,-115.195370606553,42.2418885034511,0.851275060777939,0.850085822545329,2023.52511825749,2023.52630749572,NA,B36
663,684,0.000930525231958468,-95.7663612002214,40.408533716721,-95.921242716738,40.5342103565152,0.851279588062144,0.850349062830186,2023.52538149778,2023.52631202301,NA,B36
659,660,0.00781511457283313,-96.2665097840535,41.0890397936153,-95.9823061072784,41.1260636297128,0.851345564245277,0.843530449672443,2023.51856288462,2023.52637799919,NA,B36
969,970,0.0247811141414003,-102.656800632493,39.7110106254696,-96.2350841584865,38.2203328567604,0.85148849606232,0.82670738192092,2023.50173981687,2023.52652093101,NA,B36
827,838,0.000640501656422376,-100.794256558748,42.7811450462487,-100.545010150416,42.7011696765372,0.851509546781275,0.850869045124853,2023.52590148007,2023.52654198173,NA,B36
855,856,0.00210233550777916,-115.12667063606,44.0025689596033,-114.546119892013,43.5043556588708,0.851591558267931,0.849489222760152,2023.5245216577,2023.52662399321,NA,B36
757,758,0.0189363877490138,-96.3071497480606,41.0882010979482,-97.1646723229719,41.5721285647181,0.851802029840321,0.832865642091307,2023.50789807704,2023.52683446479,NA,B36
619,620,0.00102762477545282,-97.5106831577218,39.8733495774764,-97.4886075158175,39.8773971321855,0.852015275364963,0.85098765058951,2023.52602008553,2023.52704771031,NA,B36
946,947,0.0169658474435965,-102.563474582386,39.5869314184648,-102.19967391761,39.9210471240353,0.852056089414201,0.835090241970604,2023.51012267692,2023.52708852436,NA,B36
694,698,0.0187312537859392,-97.4240624916103,42.2928356119887,-97.6928685424744,42.1532463869118,0.85211047682976,0.833379223043821,2023.50841165799,2023.52714291177,NA,B36
658,687,0.00957092900565604,-96.2048023050094,41.1547630188436,-95.8636924040517,40.8109186083956,0.852133187159988,0.842562258154332,2023.5175946931,2023.5271656221,NA,B36
918,919,0.00260411515734726,-102.606873638206,43.9083822948408,-99.2030488973801,43.6398460399346,0.852136423632096,0.849532308474749,2023.52456474342,2023.52716885858,NA,B36
1045,1046,0.172638312242745,-100.523635062882,43.8063888254573,-104.717923172631,41.8721773257778,0.852279690414138,0.679641378171393,2023.35467381312,2023.52731212536,NA,B36
550,551,0.00326899826392379,-99.497719189052,41.8171299629683,-99.4707669368932,41.8477184259371,0.852326608718583,0.849057610454659,2023.5240900454,2023.52735904366,NA,B36
850,861,0.00495699843164243,-116.475093051836,44.0295031851581,-116.505910190091,44.0119457276751,0.852381336015729,0.847424337584086,2023.52245677253,2023.52741377096,NA,B36
604,608,0.00460944060194501,-96.2370998303496,39.6892418063957,-96.3348907015694,39.6555298376644,0.852403889230519,0.847794448628574,2023.52282688357,2023.52743632418,NA,B36
861,879,6.0830054685157e-05,-116.505910190091,44.0119457276751,-116.199183110376,43.9632769211594,0.852442166070414,0.852381336015729,2023.52741377096,2023.52747460102,NA,B36
576,577,0.00718008123745206,-95.275970734196,39.5505120089581,-98.4551632538685,41.8305222989213,0.852452483429092,0.84527240219164,2023.52030483714,2023.52748491837,NA,B36
861,862,9.1744614927336e-05,-116.505910190091,44.0119457276751,-116.507776560107,44.0128023619543,0.852473080630656,0.852381336015729,2023.52741377096,2023.52750551558,NA,B36
862,870,2.87167626822349e-05,-116.507776560107,44.0128023619543,-116.514676340257,44.0218185873768,0.852501797393338,0.852473080630656,2023.52750551558,2023.52753423234,NA,B36
698,699,0.000556220882248271,-97.6928685424744,42.1532463869118,-97.7668264862225,42.1900915638105,0.852666697712009,0.85211047682976,2023.52714291177,2023.52769913266,NA,B36
919,920,0.000670763016317633,-99.2030488973801,43.6398460399346,-100.134995234442,43.8036148578454,0.852807186648414,0.852136423632096,2023.52716885858,2023.52783962159,NA,B36
1054,1055,0.00660252314323806,-117.001505035083,46.6217631918556,-117.022420792301,46.6871072748633,0.85283522929382,0.846232706150582,2023.5212651411,2023.52786766424,NA,B36
988,1006,0.00314678224152098,-96.6166046085584,42.4738334772416,-96.346654019477,42.3604811852872,0.852875549040423,0.849728766798902,2023.52476120174,2023.52790798399,NA,B36
827,828,0.00248917563767437,-100.794256558748,42.7811450462487,-102.209371433538,43.1672125388653,0.853358220762527,0.850869045124853,2023.52590148007,2023.52839065571,NA,B36
642,643,0.0114657420808111,-95.0978492475807,41.2369054970759,-97.308323340352,41.7696737769975,0.853439540215348,0.841973798134537,2023.51700623308,2023.52847197516,NA,B36
699,700,0.000803866412192322,-97.7668264862225,42.1900915638105,-98.4581102116769,42.0427893910291,0.853470564124201,0.852666697712009,2023.52769913266,2023.52850299907,NA,B36
622,623,0.00456705707388272,-97.0324416142637,40.2244764452836,-95.3975937131136,40.383221166345,0.853542146913668,0.848975089839785,2023.52400752478,2023.52857458186,NA,B36
608,609,0.00118377929238167,-96.3348907015694,39.6555298376644,-96.5862865853434,39.7612884134639,0.853587668522901,0.852403889230519,2023.52743632418,2023.52862010347,NA,B36
955,956,0.00259974367698401,-103.446629614653,40.070737523632,-103.459204321918,40.0772626836517,0.85374903300642,0.851149289329436,2023.52618172427,2023.52878146795,NA,B36
698,703,0.00166055425703449,-97.6928685424744,42.1532463869118,-97.3113612787781,41.8814724236855,0.853771031086795,0.85211047682976,2023.52714291177,2023.52880346603,NA,B36
663,664,0.00355135331858536,-95.7663612002214,40.408533716721,-95.511890849046,40.0066269914609,0.853900416148771,0.850349062830186,2023.52538149778,2023.52893285109,NA,B36
762,763,0.00623632109177685,-94.8426645240089,40.6083875893304,-95.7809961590783,40.9078423314178,0.854063797060034,0.847827475968257,2023.52285991091,2023.529096232,NA,B36
577,578,0.00165215084183323,-98.4551632538685,41.8305222989213,-98.3687536659984,41.8103366560781,0.854104634270926,0.852452483429092,2023.52748491837,2023.52913706922,NA,B36
556,566,0.0077973966579632,-98.9855230148737,42.3079895618323,-99.7523534856129,42.9576883245589,0.854185200186925,0.846387803528961,2023.52142023847,2023.52921763513,NA,B36
838,839,0.00268743986881237,-100.545010150416,42.7011696765372,-100.637625727264,42.8114802379071,0.854196986650087,0.851509546781275,2023.52654198173,2023.5292294216,NA,B36
928,929,0.0248849006288014,-99.1529238374306,43.2671697991331,-96.3909874186032,43.7641634236458,0.854214591922678,0.829329691293876,2023.50436212624,2023.52924702687,NA,B36
643,644,0.000830412545273607,-97.308323340352,41.7696737769975,-97.7465603429548,41.7389734204249,0.854269952760621,0.853439540215348,2023.52847197516,2023.52930238771,NA,B36
760,761,0.0140290917427242,-95.4006243474122,39.9786982469687,-95.6254088507537,39.7863941796594,0.854348274925504,0.84031918318278,2023.51535161813,2023.52938070987,NA,B36
969,981,0.0307173345042895,-102.656800632493,39.7110106254696,-102.873484808783,39.9151810165519,0.857424716425209,0.82670738192092,2023.50173981687,2023.53245715137,NA,B36
1021,1022,0.0107705219547656,-100.738894490448,44.0149278310427,-99.697894420613,43.1556604739528,0.861669500675416,0.850898978720651,2023.52593141367,2023.53670193562,NA,B36
828,829,0.008526677172908,-102.209371433538,43.1672125388653,-102.057953874685,43.1225986797481,0.861884897935435,0.853358220762527,2023.52839065571,2023.53691733288,NA,B36
578,579,0.0090030151559537,-98.3687536659984,41.8103366560781,-99.4701055655476,41.6453055171946,0.863107649426879,0.854104634270926,2023.52913706922,2023.53814008437,NA,B36
807,808,0.022841208961216,-99.6472361366522,41.3195149959882,-100.128239078109,45.5926788581243,0.866112598021177,0.843271389059961,2023.518303824,2023.54114503297,NA,B36
947,948,0.0211042407733757,-55.5430417068004,-38.6051722741786,-63.186731384149,-41.1071612662494,1.50328624938632,1.48218200861294,2023.5210974069,2023.54220164768,NA,B32
946,953,0.0497704470197011,-56.0077961208232,-38.1877671479298,-55.4409404127335,-37.2112420387665,1.50431451364315,1.45454406662344,2023.49345946491,2023.54322991193,NA,B32
955,967,0.027213885010386,-103.446629614653,40.070737523632,-103.169326072266,39.6861505828811,0.878363174339822,0.851149289329436,2023.52618172427,2023.55339560928,NA,B36
622,624,0.0316556348436086,-97.0324416142637,40.2244764452836,-96.8805851672516,40.1717807836203,0.880630724683394,0.848975089839785,2023.52400752478,2023.55566315963,NA,B36
953,955,0.0127233327977911,-55.4409404127335,-37.2112420387665,-51.8262329177706,-38.7924890660863,1.51703784644094,1.50431451364315,2023.54322991193,2023.55595324473,NA,B32
948,950,0.0162222257113853,-63.186731384149,-41.1071612662494,-62.9937139170725,-41.0829260484543,1.5195084750977,1.50328624938632,2023.54220164768,2023.55842387339,NA,B32
950,951,0.00195933651928737,-62.9937139170725,-41.0829260484543,-62.9798404881056,-40.9403615170556,1.52146781161699,1.5195084750977,2023.55842387339,2023.56038320991,NA,B32
951,952,0.000453478848424727,-62.9798404881056,-40.9403615170556,-62.940940124906,-41.0175253286281,1.52192129046541,1.52146781161699,2023.56038320991,2023.56083668875,NA,B32
895,291,0.0555153228247525,-48.3913994928268,-25.827222387506,-48.5147336,-25.7751123,1.5227284373276,1.46721311450285,2023.50612851279,2023.56164383562,A/Sula_leucogaster/Brazil-PR/A0001-IBTEC/2023|H5N1|Brazil|2023-07-25|avian|B3.2,B32
571,572,0.0527036661887959,-96.2974274466416,38.8867666675215,-96.4760826210686,38.8174715173861,0.887122748208793,0.834419082019997,2023.50945151696,2023.56215518315,NA,B36
856,857,0.0370282514534481,-114.546119892013,43.5043556588708,-110.22429353905,43.0540916734794,0.888619809721379,0.851591558267931,2023.52662399321,2023.56365224467,NA,B36
557,558,0.0426505087813795,-99.0009156899251,42.3022920301802,-98.3100490282833,41.879154046997,0.891444627141536,0.848794118360156,2023.5238265533,2023.56647706209,NA,B36
953,954,0.0236798199945494,-55.4409404127335,-37.2112420387665,-54.787126584903,-38.1639965208405,1.5279943336377,1.50431451364315,2023.54322991193,2023.56690973193,NA,B32
903,259,0.458628920759136,-41.434992372094,-51.9818968409258,-63.76886109,-32.09246308,1.52820788938232,1.06957896862318,2023.10849436691,2023.56712328767,A/Chicken/Argentina/3695-3/2023|H5N1|Argentina|2023-07-27|avian|B3.2,B32
955,956,0.0114174474622977,-51.8262329177706,-38.7924890660863,-58.2905687259913,-33.6342929743057,1.52845529390323,1.51703784644094,2023.55595324473,2023.56737069219,NA,B32
1022,1023,0.0316319889763648,-99.697894420613,43.1556604739528,-99.1965654807915,43.3658631240821,0.893301489651781,0.861669500675416,2023.53670193562,2023.5683339246,NA,B36
948,949,0.0269756174902465,-63.186731384149,-41.1071612662494,-63.1397316861224,-41.1196907980172,1.53026186687656,1.50328624938632,2023.54220164768,2023.56917726517,NA,B32
1055,1061,0.0436822582435576,-117.022420792301,46.6871072748633,-119.703370229308,49.0415108987828,0.896517487537378,0.85283522929382,2023.52786766424,2023.57154992248,NA,B36
695,697,0.0484411846797277,-96.732435145135,42.5904904044239,-96.3994056911912,42.8057352385765,0.897218483962972,0.848777299283244,2023.52380973423,2023.57225091891,NA,B36
956,957,0.00746642157695798,-58.2905687259913,-33.6342929743057,-57.1065352765752,-34.6474542436525,1.53592171548019,1.52845529390323,2023.56737069219,2023.57483711377,NA,B32
774,117,0.0945679888956581,-123.729856730329,47.5066699052408,-122.144927023321,47.1890975761777,1.53916679349198,1.44459880459632,2023.48351420289,2023.57808219178,A/Caspian_tern/Washington/23-023703-001/2023|H5N1|USA-WA|2023-07-31|avian|B3.2,B32
657,691,0.0618457376120105,-94.9589316535435,41.211076630788,-90.7728291322794,45.7971965528697,0.903917753298059,0.842072015686048,2023.51710445063,2023.57895018824,NA,B36
1023,1024,0.0113191926573073,-99.1965654807915,43.3658631240821,-99.5918231240688,43.3201871510009,0.904620682309089,0.893301489651781,2023.5683339246,2023.57965311725,NA,B36
1054,1073,0.0618460472369662,-117.001505035083,46.6217631918556,-116.560003422709,47.9224596589709,0.908078753387549,0.846232706150582,2023.5212651411,2023.58311118833,NA,B36
957,962,0.00966169784395054,-57.1065352765752,-34.6474542436525,-56.6759589498282,-35.359578922746,1.54558341332414,1.53592171548019,2023.57483711377,2023.58449881161,NA,B32
770,771,0.0958725480945124,-123.823009361782,47.8672184036177,-123.266933439651,47.8250384869611,1.54671296217356,1.45084041407905,2023.48975581237,2023.58562836046,NA,B32
957,958,0.0124517614525135,-57.1065352765752,-34.6474542436525,-56.1805944190952,-35.0381108220496,1.54837347693271,1.53592171548019,2023.57483711377,2023.58728887522,NA,B32
956,957,0.0586437984728116,-103.459204321918,40.0772626836517,-107.395972669212,41.7306842508298,0.912392831479232,0.85374903300642,2023.52878146795,2023.58742526642,NA,B36
829,830,0.05116210948348,-102.057953874685,43.1225986797481,-102.086302764429,44.2602113522253,0.913047007418915,0.861884897935435,2023.53691733288,2023.58807944236,NA,B36
765,766,0.153248162382096,-122.550998966104,45.8855134475014,-125.556555234427,47.9972794281086,1.54999652615294,1.39674836377085,2023.43566376206,2023.58891192444,NA,B32
903,904,0.481263685347454,-41.434992372094,-51.9818968409258,-39.02696583379,-52.9682503826812,1.55084265397064,1.06957896862318,2023.10849436691,2023.58975805226,NA,B32
770,790,0.0645050589744576,-102.62510894013,43.3338979805499,-117.77749535495,48.9126573866008,0.914781882397002,0.850276823422544,2023.52530925837,2023.58981431734,NA,B36
895,896,0.0852110605972234,-48.3913994928268,-25.827222387506,-47.0807234545846,-23.5766143553447,1.55242417510008,1.46721311450285,2023.50612851279,2023.59133957339,NA,B32
904,915,0.00313739911566313,-39.02696583379,-52.9682503826812,-38.3503663687844,-53.2762170536164,1.5539800530863,1.55084265397064,2023.58975805226,2023.59289545138,NA,B32
643,655,0.0654783189837094,-97.308323340352,41.7696737769975,-105.000790470714,41.6348187022933,0.918917859199057,0.853439540215348,2023.52847197516,2023.59395029414,NA,B36
970,977,0.0677366831654203,-96.2350841584865,38.2203328567604,-98.2324843675797,39.3511668163545,0.91922517922774,0.85148849606232,2023.52652093101,2023.59425761417,NA,B36
915,920,0.00267733495748179,-38.3503663687844,-53.2762170536164,-38.3335990779574,-53.2725550615673,1.55665738804378,1.5539800530863,2023.59289545138,2023.59557278633,NA,B32
920,921,0.0678526071565624,-100.134995234442,43.8036148578454,-106.010497993217,43.6189257341131,0.920659793804976,0.852807186648414,2023.52783962159,2023.59569222875,NA,B36
769,119,0.141122816171267,-122.698222433746,47.0317823414099,-121.164423769054,48.1912740924749,1.5583448756837,1.41722205951244,2023.4561374578,2023.59726027397,A/caspian_tern/Washington/23-024996-001/2023|H5N1|USA-WA|2023-08-07|avian|B3.2,B32
644,645,0.067993312161047,-97.7465603429548,41.7389734204249,-94.0644256712745,43.8731557270434,0.922263264921668,0.854269952760621,2023.52930238771,2023.59729569987,NA,B36
904,905,0.0101760561148254,-39.02696583379,-52.9682503826812,-39.4000438849398,-53.4232266955816,1.56101871008546,1.55084265397064,2023.58975805226,2023.59993410837,NA,B32
944,341,0.173262731767114,-65.7090109955829,-34.3176064570143,-67.80045,-53.71557,1.56108460171106,1.38782186994395,2023.42673726823,2023.6,A/Sea_Lion/Argentina/3849-4/2023|H5N1|Argentina|2023-08-08|other_mammal|B3.2,B32
947,948,0.0748939917379048,-102.19967391761,39.9210471240353,-102.017015439184,39.0614675017843,0.926950081152106,0.852056089414201,2023.52708852436,2023.6019825161,NA,B36
915,916,0.00944363934299219,-38.3503663687844,-53.2762170536164,-36.4247540522736,-52.4214891478233,1.56342369242929,1.5539800530863,2023.59289545138,2023.60233909072,NA,B32
962,963,0.0194737805115628,-56.6759589498282,-35.359578922746,-52.4794393955164,-30.4580728314713,1.56505719383571,1.54558341332414,2023.58449881161,2023.60397259212,NA,B32
627,628,0.0861868218768509,-97.5982525938027,42.0067599139979,-98.5036505936516,42.9896516254119,0.929690276277064,0.843503454400213,2023.51853588935,2023.60472271122,NA,B36
808,812,0.0644355780389088,-100.128239078109,45.5926788581243,-104.812460439959,47.5388513541709,0.930548176060085,0.866112598021177,2023.54114503297,2023.605580611,NA,B36
812,813,0.00160158475465821,-104.812460439959,47.5388513541709,-104.667644788359,47.5587845512714,0.932149760814744,0.930548176060085,2023.605580611,2023.60718219576,NA,B36
839,841,0.0783633587685095,-100.637625727264,42.8114802379071,-101.01935328894,42.3606447180609,0.932560345418597,0.854196986650087,2023.5292294216,2023.60759278036,NA,B36
773,118,0.134872272094071,-123.148308043938,47.6750705329081,-123.176873547554,47.7293604670118,1.56930377979336,1.43443150769929,2023.47334690599,2023.60821917808,A/glaucous_gull/Washington/23-025001-003/2023|H5N1|USA-WA|2023-08-11|avian|B3.2,B32
774,124,0.124704975197044,-123.729856730329,47.5066699052408,-123.866821427435,47.7168674994558,1.56930377979336,1.44459880459632,2023.48351420289,2023.60821917808,A/caspian_tern/Washington/23-025001-001/2023|H5N1|USA-WA|2023-08-11|avian|B3.2,B32
950,326,0.0497953046956592,-62.9937139170725,-41.0829260484543,-63.1613,-41.15491,1.56930377979336,1.5195084750977,2023.55842387339,2023.60821917808,A/Sea_Lion/Argentina/3893-1/2023|H5N1|Argentina|2023-08-11|other_mammal|B3.2,B32
645,646,0.0115373634558069,-94.0644256712745,43.8731557270434,-94.6531023389246,43.0178920123456,0.933800628377475,0.922263264921668,2023.59729569987,2023.60883306332,NA,B36
883,884,0.0825700046559825,-115.195370606553,42.2418885034511,-118.353432709147,42.047202597789,0.933845065433921,0.851275060777939,2023.52630749572,2023.60887750038,NA,B36
870,871,0.081462504455585,-116.514676340257,44.0218185873768,-99.1010177598524,46.0248740615631,0.933964301848923,0.852501797393338,2023.52753423234,2023.60899673679,NA,B36
558,559,0.0431736341454061,-98.3100490282833,41.879154046997,-98.2205373378835,41.8831385067869,0.934618261286942,0.891444627141536,2023.56647706209,2023.60965069623,NA,B36
1024,1025,0.0316400145508025,-99.5918231240688,43.3201871510009,-96.4254852354067,44.6820001501336,0.936260696859891,0.904620682309089,2023.57965311725,2023.6112931318,NA,B36
958,960,0.0250060102063205,-56.1805944190952,-35.0381108220496,-55.942358106251,-34.8860568621601,1.57337948713903,1.54837347693271,2023.58728887522,2023.61229488543,NA,B32
766,114,0.0247867056951325,-125.556555234427,47.9972794281086,-123.76597441999,47.7378000092697,1.57478323184808,1.54999652615294,2023.58891192444,2023.61369863014,A/harbor_seal/Washington/23-027069-002/2023|H5N1|USA-WA|2023-08-13|other_mammal|B3.2,B32
577,602,0.0877724819877543,-98.4551632538685,41.8305222989213,-107.61843602906,47.0653677591839,0.940224965416847,0.852452483429092,2023.52748491837,2023.61525740036,NA,B36
579,580,0.0794903990160118,-99.4701055655476,41.6453055171946,-95.7224630034064,42.2484245806685,0.942598048442891,0.863107649426879,2023.53814008437,2023.61763048339,NA,B36
664,665,0.0894166406905688,-95.511890849046,40.0066269914609,-96.5358088129354,40.367635781095,0.94331705683934,0.853900416148771,2023.52893285109,2023.61834949178,NA,B36
578,598,0.0920659739623593,-98.3687536659984,41.8103366560781,-87.4107144805592,43.0382739915153,0.946170608233285,0.854104634270926,2023.52913706922,2023.62120304318,NA,B36
808,809,0.0810094366404943,-100.128239078109,45.5926788581243,-94.730245379688,44.0189320286522,0.947122034661671,0.866112598021177,2023.54114503297,2023.62215446961,NA,B36
1025,1026,0.0142846339179761,-96.4254852354067,44.6820001501336,-96.4037951459535,44.7212008139938,0.950545330777867,0.936260696859891,2023.6112931318,2023.62557776572,NA,B36
977,978,0.0318521505677953,-98.2324843675797,39.3511668163545,-98.2584650485691,39.3491002457441,0.951077329795536,0.91922517922774,2023.59425761417,2023.62610976474,NA,B36
549,552,0.105767648089039,-99.4179142984598,42.4717020801801,-84.0076947965738,26.6330431890063,0.951573281868026,0.845805633778987,2023.52083806872,2023.62660571681,NA,B36
763,764,0.098672422655359,-95.7809961590783,40.9078423314178,-98.4646111413492,40.1953905170225,0.952736219715393,0.854063797060034,2023.529096232,2023.62776865466,NA,B36
712,713,0.103712176160451,-93.0596357171517,44.6763263575871,-120.390619497406,39.2150005264611,0.953080799000214,0.849368622839764,2023.52440105778,2023.62811323394,NA,B36
771,772,0.0424957764570648,-123.266933439651,47.8250384869611,-124.457772921187,47.9339245270686,1.58920873863063,1.54671296217356,2023.58562836046,2023.62812413692,NA,B32
713,716,0.001383518253806,-120.390619497406,39.2150005264611,-120.235653277294,39.3075877348835,0.95446431725402,0.953080799000214,2023.62811323394,2023.6294967522,NA,B36
1026,1028,0.0040001665584557,-96.4037951459535,44.7212008139938,-97.2872895719167,45.7786562141883,0.954545497336323,0.950545330777867,2023.62557776572,2023.62957793228,NA,B36
772,120,0.00201284938182122,-124.457772921187,47.9339245270686,-123.137474258397,47.7494849186415,1.59122158801245,1.58920873863063,2023.62812413692,2023.6301369863,A/harbor_seal/Washington/23-025744-002/2023|H5N1|USA-WA|2023-08-19|other_mammal|B3.2,B32
772,121,0.00201284938182122,-124.457772921187,47.9339245270686,-123.389047405751,47.754273646117,1.59122158801245,1.58920873863063,2023.62812413692,2023.6301369863,A/harbor_seal/Washington/23-025744-001/2023|H5N1|USA-WA|2023-08-19|other_mammal|B3.2,B32
977,979,0.0370892131247351,-98.2324843675797,39.3511668163545,-97.380859831077,39.9712005988099,0.956314392352476,0.91922517922774,2023.59425761417,2023.6313468273,NA,B36
1028,1029,0.0017963098083571,-97.2872895719167,45.7786562141883,-97.5499005604896,45.6439527008013,0.95634180714468,0.954545497336323,2023.62957793228,2023.63137424209,NA,B36
664,666,0.105052648247962,-95.511890849046,40.0066269914609,-90.9356006415687,39.1814678533962,0.958953064396733,0.853900416148771,2023.52893285109,2023.63398549934,NA,B36
1020,1036,0.115532125210998,-100.325816956894,44.1769783214994,-98.1751410394227,42.7840139248863,0.959216184012448,0.84368405880145,2023.51871649375,2023.63424861896,NA,B36
557,563,0.110951867859606,-99.0009156899251,42.3022920301802,-98.3395106337634,44.7899637030796,0.959745986219763,0.848794118360156,2023.5238265533,2023.63477842116,NA,B36
628,629,0.0305646801216257,-98.5036505936516,42.9896516254119,-95.1024459975066,44.5846191264064,0.96025495639869,0.929690276277064,2023.60472271122,2023.63528739134,NA,B36
771,772,0.110555477525088,-102.576598562033,43.2833285480662,-94.3404218804825,44.4316365585163,0.961346723627159,0.850791246102071,2023.52582368105,2023.63637915857,NA,B36
905,906,0.0372921412945153,-39.4000438849398,-53.4232266955816,-36.722125864937,-53.7136956304784,1.59831085137998,1.56101871008546,2023.59993410837,2023.63722624967,NA,B32
713,714,0.00924479313433779,-120.390619497406,39.2150005264611,-121.204803928587,39.4257865455649,0.962325592134552,0.953080799000214,2023.62811323394,2023.63735802708,NA,B36
646,647,0.0302249409466633,-94.6531023389246,43.0178920123456,-94.6123810503822,45.167516544991,0.964025569324139,0.933800628377475,2023.60883306332,2023.63905800427,NA,B36
1036,1038,0.00610077793903518,-98.1751410394227,42.7840139248863,-98.6863351037329,42.5243393006727,0.965316961951483,0.959216184012448,2023.63424861896,2023.6403493969,NA,B36
905,914,0.0408265959814442,-39.4000438849398,-53.4232266955816,-36.0548300253139,-54.5404683779572,1.60184530606691,1.56101871008546,2023.59993410837,2023.64076070436,NA,B32
703,704,0.11230062052882,-97.3113612787781,41.8814724236855,-94.7401444686778,44.9528460900559,0.966071651615615,0.853771031086795,2023.52880346603,2023.64110408656,NA,B36
981,982,0.111009377692908,-102.873484808783,39.9151810165519,-103.03019752408,40.2228950422568,0.968434094118118,0.857424716425209,2023.53245715137,2023.64346652906,NA,B36
948,950,0.0419211281390337,-102.017015439184,39.0614675017843,-99.6235452152051,39.0148499143222,0.968871209291139,0.926950081152106,2023.6019825161,2023.64390364424,NA,B36
766,767,0.0556444256329507,-125.556555234427,47.9972794281086,-124.26909827392,47.9716095350907,1.6056409517859,1.54999652615294,2023.58891192444,2023.64455635007,NA,B32
830,833,0.0576232171324615,-102.086302764429,44.2602113522253,-98.6675495798015,43.8481944208488,0.970670224551377,0.913047007418915,2023.58807944236,2023.6457026595,NA,B36
629,630,0.0106133021866881,-95.1024459975066,44.5846191264064,-93.3355104156812,45.6849282817344,0.970868258585378,0.96025495639869,2023.63528739134,2023.64590069353,NA,B36
644,654,0.116986606736815,-97.7465603429548,41.7389734204249,-103.424871514594,42.2583976327897,0.971256559497436,0.854269952760621,2023.52930238771,2023.64628899444,NA,B36
767,115,0.00201899239092529,-124.26909827392,47.9716095350907,-122.914980611858,48.0371649260102,1.60765994417682,1.6056409517859,2023.64455635007,2023.64657534247,A/harbor_seal/Washington/23-025991-001/2023|H5N1|USA-WA|2023-08-25|other_mammal|B3.2,B32
813,814,0.0396126622312047,-104.667644788359,47.5587845512714,-108.638363340823,47.398036736085,0.971762423045948,0.932149760814744,2023.60718219576,2023.64679485799,NA,B36
558,561,0.0804163629368764,-98.3100490282833,41.879154046997,-99.1914906865572,41.3872029440827,0.971860990078412,0.891444627141536,2023.56647706209,2023.64689342502,NA,B36
716,717,0.018093076496918,-120.235653277294,39.3075877348835,-119.968596368817,39.2609086376417,0.972557393750938,0.95446431725402,2023.6294967522,2023.6475898287,NA,B36
960,961,0.0357936185750753,-55.942358106251,-34.8860568621601,-56.1545855651105,-34.7655372068495,1.6091731057141,1.57337948713903,2023.61229488543,2023.648088504,NA,B32
951,323,0.0889318585874148,-62.9798404881056,-40.9403615170556,-63.1216730840981,-41.1596904883664,1.6103996702044,1.52146781161699,2023.56038320991,2023.64931506849,A/South_American_tern/Argentina/RN-PB015/2023|H5N1|Argentina|2023-08-26|avian|B3.2,B32
952,327,0.0884783797389901,-62.940940124906,-41.0175253286281,-63.1436111359554,-41.1655396439104,1.6103996702044,1.52192129046541,2023.56083668875,2023.64931506849,A/South_American_sea_lion/Argentina/RN-PB011/2023|H5N1|Argentina|2023-08-26|other_mammal|B3.2,B32
954,330,0.0824053365667101,-54.787126584903,-38.1639965208405,-63.1128119771871,-41.1636258611192,1.6103996702044,1.5279943336377,2023.56690973193,2023.64931506849,A/South_American_sea_lion/Argentina/RN-PB007/2023|H5N1|Argentina|2023-08-26|other_mammal|B3.2,B32
949,325,0.080137803327841,-63.1397316861224,-41.1196907980172,-63.1472075511591,-41.131301295155,1.6103996702044,1.53026186687656,2023.56917726517,2023.64931506849,A/South_American_sea_lion/Argentina/RN-PB013/2023|H5N1|Argentina|2023-08-26|other_mammal|B3.2,B32
949,324,0.080137803327841,-63.1397316861224,-41.1196907980172,-63.1323,-41.1558,1.6103996702044,1.53026186687656,2023.56917726517,2023.64931506849,A/South_American_sea_lion/Argentina/RN-PB004/2023|H5N1|Argentina|2023-08-26|other_mammal|B3.2,B32
916,918,0.0469777966663967,-36.4247540522736,-52.4214891478233,-36.2918288365706,-53.7572932712546,1.61040148909569,1.56342369242929,2023.60233909072,2023.64931688738,NA,B32
209,304,0.012954273214388,-76.059431973856,37.7754044641331,-75.8880646858113,37.4544578962836,0.012954273214388,0,2023.6370625596,2023.65001683282,NA,C21
939,942,0.124006282757593,-100.132413785082,43.1611453788356,-98.8113952478216,44.5418682704037,0.975008583017239,0.851002300259646,2023.5260347352,2023.65004101796,NA,B36
830,831,0.0628955818496364,-102.086302764429,44.2602113522253,-99.9815882033174,45.6585863442184,0.975942589268551,0.913047007418915,2023.58807944236,2023.65097502421,NA,B36
717,718,0.00573054075205137,-119.968596368817,39.2609086376417,-119.242434732101,39.157749080489,0.97828793450299,0.972557393750938,2023.6475898287,2023.65332036945,NA,B36
609,610,0.124759428459125,-96.5862865853434,39.7612884134639,-99.4753469794587,38.5133563105148,0.978347096982026,0.853587668522901,2023.52862010347,2023.65337953193,NA,B36
552,554,0.0276024329480915,-84.0076947965738,26.6330431890063,-80.3245286367275,27.6517058735856,0.979175714816118,0.951573281868026,2023.62660571681,2023.65420814976,NA,B36
718,744,0.0022266816676717,-119.242434732101,39.157749080489,-119.334057216518,39.1751448719719,0.980514616170661,0.97828793450299,2023.65332036945,2023.65554705112,NA,B36
1055,1056,0.12894601978012,-117.022420792301,46.6871072748633,-117.563199954072,46.6910128906456,0.98178124907394,0.85283522929382,2023.52786766424,2023.65681368402,NA,B36
771,122,0.0719058861129147,-123.266933439651,47.8250384869611,-123.284178661756,47.7983039678204,1.61861884828648,1.54671296217356,2023.58562836046,2023.65753424658,A/harbor_seal/Washington/23-026504-002/2023|H5N1|USA-WA|2023-08-29|other_mammal|B3.2,B32
767,116,0.0129778965005822,-124.26909827392,47.9716095350907,-123.686567352284,47.5922729328625,1.61861884828648,1.6056409517859,2023.64455635007,2023.65753424658,A/harbor_seal/Washington/23-026504-001/2023|H5N1|USA-WA|2023-08-29|other_mammal|B3.2,B32
957,958,0.070147271096918,-107.395972669212,41.7306842508298,-108.46981453887,41.1305737344773,0.98254010257615,0.912392831479232,2023.58742526642,2023.65757253752,NA,B36
1073,1074,0.0773849484782971,-116.560003422709,47.9224596589709,-119.55067430277,47.3831059844406,0.985463701865846,0.908078753387549,2023.58311118833,2023.66049613681,NA,B36
857,858,0.0970713768494396,-110.22429353905,43.0540916734794,-97.9706288928501,44.5573937424466,0.985691186570819,0.888619809721379,2023.56365224467,2023.66072362152,NA,B36
851,852,0.139028281046371,-115.083517041023,43.9799456313721,-96.307449325658,44.1855538600724,0.988090737321015,0.849062456274644,2023.52409489122,2023.66312317227,NA,B36
1038,1039,0.0243624129541669,-98.6863351037329,42.5243393006727,-99.2718791799556,41.9211188130717,0.98967937490565,0.965316961951483,2023.6403493969,2023.66471180985,NA,B36
942,943,0.016178292078272,-98.8113952478216,44.5418682704037,-98.9597158788916,46.5473246363915,0.991186875095511,0.975008583017239,2023.65004101796,2023.66621931004,NA,B36
563,564,0.0316539868433452,-98.3395106337634,44.7899637030796,-97.5001638474795,44.3950940306185,0.991399973063108,0.959745986219763,2023.63477842116,2023.66643240801,NA,B36
1006,1007,0.139969376503281,-96.346654019477,42.3604811852872,-122.250010181021,38.7653798134572,0.992844925543703,0.852875549040423,2023.52790798399,2023.66787736049,NA,B36
950,951,0.0269623263921157,-99.6235452152051,39.0148499143222,-100.565300526233,38.8220463840898,0.995833535683255,0.968871209291139,2023.64390364424,2023.67086597063,NA,B36
209,210,0.0340394319384051,-76.059431973856,37.7754044641331,-74.2488588414093,39.4236287491389,0.0340394319384051,0,2023.6370625596,2023.67110199154,NA,C21
666,667,0.0377303928356758,-90.9356006415687,39.1814678533962,-93.4763504575207,40.3160901230454,0.996683457232409,0.958953064396733,2023.63398549934,2023.67171589218,NA,B36
699,702,0.14453583599222,-97.7668264862225,42.1900915638105,-98.3876309273087,42.065062150851,0.997202533704228,0.852666697712009,2023.52769913266,2023.67223496865,NA,B36
982,984,0.0289955767770509,-103.03019752408,40.2228950422568,-104.602933756425,40.362752765809,0.997429670895168,0.968434094118118,2023.64346652906,2023.67246210584,NA,B36
984,986,0.000218448092552892,-104.602933756425,40.362752765809,-104.600991193781,40.4121180517779,0.997648118987721,0.997429670895168,2023.67246210584,2023.67268055393,NA,B36
884,885,0.06746206425462,-118.353432709147,42.047202597789,-119.618598058917,41.3792285415963,1.00130712968854,0.933845065433921,2023.60887750038,2023.67633956463,NA,B36
552,553,0.0506576858827645,-84.0076947965738,26.6330431890063,-81.2914466769844,27.6635395757532,1.00223096775079,0.951573281868026,2023.62660571681,2023.6772634027,NA,B36
1007,1008,0.0101958675698726,-122.250010181021,38.7653798134572,-122.296551861311,38.7577595990735,1.00304079311358,0.992844925543703,2023.66787736049,2023.67807322806,NA,B36
939,940,0.152353214824329,-100.132413785082,43.1611453788356,-100.408175476093,42.8500272210444,1.00335551508397,0.851002300259646,2023.5260347352,2023.67838795003,NA,B36
691,692,0.0995973020394203,-90.7728291322794,45.7971965528697,-89.8964605643165,45.5358018182946,1.00351505533748,0.903917753298059,2023.57895018824,2023.67854749028,NA,B36
960,338,0.0671571693665374,-55.942358106251,-34.8860568621601,-55.926936,-34.942845,1.64053665650556,1.57337948713903,2023.61229488543,2023.67945205479,A/pinniped/Uruguay/P4_6923/2023|H5N1|Uruguay|2023-09-06|other_mammal|B3.2,B32
958,959,0.0921925479694896,-56.1805944190952,-35.0381108220496,-56.9470637753198,-34.4767844972747,1.6405660249022,1.54837347693271,2023.58728887522,2023.67948142319,NA,B32
1048,1049,0.154545111805968,-112.889594912585,44.7493282623312,-92.6040433404093,41.7161315348681,1.00479889405161,0.850253782245645,2023.52528621719,2023.679831329,NA,B36
210,220,0.010932120207357,-74.2488588414093,39.4236287491389,-74.634110581996,39.6254225881508,0.0449715521457621,0.0340394319384051,2023.67110199154,2023.68203411175,NA,C21
871,872,0.0745900768871897,-99.1010177598524,46.0248740615631,-98.4648094492631,45.6926636025648,1.00855437873611,0.933964301848923,2023.60899673679,2023.68358681368,NA,B36
220,221,0.00181859669032369,-74.634110581996,39.6254225881508,-75.3081463788512,39.3615784979232,0.0467901488360858,0.0449715521457621,2023.68203411175,2023.68385270844,NA,C21
891,892,0.16392052418823,-113.234219100095,42.7450767796242,-115.126579393581,42.054912580851,1.00904591271921,0.845125388530978,2023.52015782348,2023.68407834766,NA,B36
920,921,0.0886866468682226,-38.3335990779574,-53.2725550615673,-36.2605417687485,-54.4026843143373,1.645344034912,1.55665738804378,2023.59557278633,2023.6842594332,NA,B32
962,334,0.100432695236363,-56.6759589498282,-35.359578922746,-56.2989117636109,-34.5486109585495,1.64601610856051,1.54558341332414,2023.58449881161,2023.68493150685,A/pinniped/Uruguay/P8_8923/2023|H5N1|Uruguay|2023-09-08|other_mammal|B3.2,B32
961,337,0.0368430028464042,-56.1545855651105,-34.7655372068495,-56.281772871823,-34.5231195329057,1.64601610856051,1.6091731057141,2023.648088504,2023.68493150685,A/pinniped/Uruguay/P10_8923/2023|H5N1|Uruguay|2023-09-08|other_mammal|B3.2,B32
852,853,0.0237542455855912,-96.307449325658,44.1855538600724,-93.4491698763428,42.9523003128024,1.01184498290661,0.988090737321015,2023.66312317227,2023.68687741785,NA,B36
1007,1010,0.0199770993187003,-122.250010181021,38.7653798134572,-120.704929866149,38.5566498785282,1.0128220248624,0.992844925543703,2023.66787736049,2023.68785445981,NA,B36
714,715,0.052968551813042,-121.204803928587,39.4257865455649,-121.565310558008,39.4464698589141,1.01529414394759,0.962325592134552,2023.63735802708,2023.69032657889,NA,B36
620,621,0.164353812518361,-97.4886075158175,39.8773971321855,-118.209312736322,40.0327312204971,1.01636908788332,0.852015275364963,2023.52704771031,2023.69140152283,NA,B36
221,296,0.00797191357016591,-75.3081463788512,39.3615784979232,-75.5251229187868,39.4356077869344,0.0547620624062517,0.0467901488360858,2023.68385270844,2023.69182462201,NA,C21
630,631,0.0460024239613128,-93.3355104156812,45.6849282817344,-94.3993470193634,46.2436108595341,1.01687068254669,0.970868258585378,2023.64590069353,2023.69190311749,NA,B36
718,719,0.0395301047648424,-119.242434732101,39.157749080489,-121.132863102928,38.4321868595888,1.01781803926783,0.97828793450299,2023.65332036945,2023.69285047421,NA,B36
959,335,0.0136692617403826,-56.9470637753198,-34.4767844972747,-56.2693044460578,-34.516957289271,1.65423528664258,1.6405660249022,2023.67948142319,2023.69315068493,A/pinniped/Uruguay/P13_11923/2023|H5N1|Uruguay|2023-09-11|other_mammal|B3.2,B32
959,336,0.0136692617403826,-56.9470637753198,-34.4767844972747,-54.883736,-35.027041,1.65423528664258,1.6405660249022,2023.67948142319,2023.69315068493,A/pinniped/Uruguay/P14_11923/2023|H5N1|Uruguay|2023-09-11|other_mammal|B3.2,B32
304,305,0.0440325186285976,-75.8880646858113,37.4544578962836,-75.6272636002783,37.8640195495336,0.0569867918429856,0.012954273214388,2023.65001683282,2023.69404935145,NA,C21
979,980,0.0633615557199076,-97.380859831077,39.9712005988099,-113.173110035582,48.2967973614665,1.01967594807238,0.956314392352476,2023.6313468273,2023.69470838302,NA,B36
695,696,0.170980382250183,-96.732435145135,42.5904904044239,-99.2594571278172,41.5942440149992,1.01975768153343,0.848777299283244,2023.52380973423,2023.69479011648,NA,B36
921,922,0.0995621589747908,-106.010497993217,43.6189257341131,-120.089729837578,43.458317350835,1.02022195277977,0.920659793804976,2023.59569222875,2023.69525438772,NA,B36
305,306,0.00178170157224999,-75.6272636002783,37.8640195495336,-76.6962875699483,37.1876387011131,0.0587684934152356,0.0569867918429856,2023.69404935145,2023.69583105302,NA,C21
667,668,0.024354202337223,-93.4763504575207,40.3160901230454,-93.1582936797227,39.6387801906837,1.02103765956963,0.996683457232409,2023.67171589218,2023.69607009451,NA,B36
305,319,0.0041510883554593,-75.6272636002783,37.8640195495336,-73.5480698281709,39.9341679207355,0.0611378801984449,0.0569867918429856,2023.69404935145,2023.6982004398,NA,C21
958,960,0.0413284803462788,-108.46981453887,41.1305737344773,-111.032892998323,40.0278923079774,1.02386858292243,0.98254010257615,2023.65757253752,2023.69890101787,NA,B36
970,971,0.174453345489182,-96.2350841584865,38.2203328567604,-95.8063042918045,37.5619552724406,1.0259418415515,0.85148849606232,2023.52652093101,2023.7009742765,NA,B36
954,329,0.134460131087183,-54.787126584903,-38.1639965208405,-54.95159,-34.901762,1.66245446472488,1.5279943336377,2023.56690973193,2023.70136986301,A/pinniped/Uruguay/P18_14923/2023|H5N1|Uruguay|2023-09-14|other_mammal|B3.2,B32
961,333,0.0532813590107759,-56.1545855651105,-34.7655372068495,-54.332445,-34.480131,1.66245446472488,1.6091731057141,2023.648088504,2023.70136986301,A/pinniped/Uruguay/P17_14923/2023|H5N1|Uruguay|2023-09-14|other_mammal|B3.2,B32
319,391,0.00462794642312392,-73.5480698281709,39.9341679207355,-73.2882533138423,40.1143121775596,0.0657658266215688,0.0611378801984449,2023.6982004398,2023.70282838623,NA,C21
391,392,0.00118294057637169,-73.2882533138423,40.1143121775596,-73.0756532076215,40.262936722797,0.0669487671979405,0.0657658266215688,2023.70282838623,2023.7040113268,NA,C21
888,889,0.182553061215776,-111.942711232527,47.8902867043364,-112.498065290383,49.0214583302909,1.02966480823714,0.847111747021367,2023.52214418197,2023.70469724318,NA,B36
391,404,0.00218234340137702,-73.2882533138423,40.1143121775596,-73.2900397938501,40.0526015271157,0.0679481700229458,0.0657658266215688,2023.70282838623,2023.70501072963,NA,C21
892,893,0.021695068412269,-115.126579393581,42.054912580851,-121.555902615425,40.6669183989908,1.03074098113148,1.00904591271921,2023.68407834766,2023.70577341608,NA,B36
306,307,0.00996966942173327,-76.6962875699483,37.1876387011131,-76.8409181547549,36.2587805974063,0.0687381628369689,0.0587684934152356,2023.69583105302,2023.70580072244,NA,C21
304,414,0.0561320134294564,-75.8880646858113,37.4544578962836,-76.4790705923434,36.2359666195126,0.0690862866438444,0.012954273214388,2023.65001683282,2023.70614884625,NA,C21
392,393,0.00262302667702208,-73.0756532076215,40.262936722797,-73.2394473027086,40.3124852238775,0.0695717938749626,0.0669487671979405,2023.7040113268,2023.70663435348,NA,C21
668,670,0.0120082075058456,-93.1582936797227,39.6387801906837,-93.1799904178156,39.8546217692545,1.03304586707548,1.02103765956963,2023.69607009451,2023.70807830202,NA,B36
921,923,0.112647787989911,-106.010497993217,43.6189257341131,-116.114229683794,50.8163302100355,1.03330758179489,0.920659793804976,2023.59569222875,2023.70834001674,NA,B36
404,406,0.00366854603862998,-73.2900397938501,40.0526015271157,-74.3321281466547,39.7357303228522,0.0716167160615758,0.0679481700229458,2023.70501072963,2023.70867927567,NA,C21
221,222,0.0250170338502981,-75.3081463788512,39.3615784979232,-75.7261696444873,39.3710835537768,0.0718071826863839,0.0467901488360858,2023.68385270844,2023.70886974229,NA,C21
406,407,0.000841906118796087,-74.3321281466547,39.7357303228522,-74.336809168498,39.7398981005512,0.0724586221803719,0.0716167160615758,2023.70867927567,2023.70952118178,NA,C21
319,320,0.0113294372307493,-73.5480698281709,39.9341679207355,-72.4355839778254,41.1062520584892,0.0724673174291942,0.0611378801984449,2023.6982004398,2023.70952987703,NA,C21
296,297,0.0177269993735335,-75.5251229187868,39.4356077869344,-75.5192945141936,39.485924206862,0.0724890617797852,0.0547620624062517,2023.69182462201,2023.70955162138,NA,C21
407,408,0.000481183986289935,-74.336809168498,39.7398981005512,-74.3396733669446,39.7538444866182,0.0729398061666618,0.0724586221803719,2023.70952118178,2023.71000236577,NA,C21
320,321,0.000685462807170079,-72.4355839778254,41.1062520584892,-72.2947165514008,41.2974950028724,0.0731527802363643,0.0724673174291942,2023.70952987703,2023.71021533984,NA,C21
393,399,0.00458937392887471,-73.2394473027086,40.3124852238775,-73.3638481983151,40.6196964843383,0.0741611678038373,0.0695717938749626,2023.70663435348,2023.71122372741,NA,C21
862,863,0.183900816619383,-116.507776560107,44.0128023619543,-117.186189876416,44.2778386386587,1.03637389725004,0.852473080630656,2023.52750551558,2023.7114063322,NA,B36
321,322,0.00153284077811011,-72.2947165514008,41.2974950028724,-72.3115401778014,41.3309540070203,0.0746856210144744,0.0731527802363643,2023.71021533984,2023.71174818062,NA,C21
210,211,0.0411948729996643,-74.2488588414093,39.4236287491389,-70.7130988413433,41.4731575556126,0.0752343049380694,0.0340394319384051,2023.67110199154,2023.71229686454,NA,C21
222,223,0.0034886671108777,-75.7261696444873,39.3710835537768,-75.6470522403011,39.3013483830381,0.0752958497972616,0.0718071826863839,2023.70886974229,2023.7123584094,NA,C21
222,228,0.00364716426169209,-75.7261696444873,39.3710835537768,-75.8459052881676,39.1944328122054,0.075454346948076,0.0718071826863839,2023.70886974229,2023.71251690655,NA,C21
392,402,0.00853725655064319,-73.0756532076215,40.262936722797,-73.1725100406851,40.0645583588292,0.0754860237485837,0.0669487671979405,2023.7040113268,2023.71254858335,NA,C21
306,318,0.0168272252907538,-76.6962875699483,37.1876387011131,-76.7773607119247,36.7050138084001,0.0755957187059894,0.0587684934152356,2023.69583105302,2023.71265827831,NA,C21
960,962,0.0138995127215342,-111.032892998323,40.0278923079774,-109.918472036971,38.9769565877211,1.03776809564396,1.02386858292243,2023.69890101787,2023.71280053059,NA,B36
404,405,0.00845177342983205,-73.2900397938501,40.0526015271157,-74.6880908566013,39.0534649069918,0.0763999434527779,0.0679481700229458,2023.70501072963,2023.71346250306,NA,C21
610,611,0.0613157976446048,-99.4753469794587,38.5133563105148,-93.1405531508255,38.1376343880249,1.03966289462663,0.978347096982026,2023.65337953193,2023.71469532957,NA,B36
842,274,0.194621421629748,-97.1611060297607,39.5018282405204,-92.796039703302,30.38483013431,1.04277578423328,0.84815436260353,2023.52318679755,2023.71780821918,A/blue-winged_teal/Louisiana/23-028760-020/2023|H5N1|USA-LA|2023-09-20|avian|B3.6,B36
915,170,0.192390447553952,-112.201463537989,41.6503029938776,-111.372437327044,47.5694186612364,1.04277578423328,0.850385336679326,2023.52541777162,2023.71780821918,A/Swainsons_hawk/Montana/23-029229-001/2023|H5N1|USA-MT|2023-09-20|avian|B3.6,B36
1049,1050,0.040344405945242,-92.6040433404093,41.7161315348681,-94.6199460727802,40.916321751027,1.04514329999685,1.00479889405161,2023.679831329,2023.72017573494,NA,B36
962,963,0.00858696222657396,-109.918472036971,38.9769565877211,-110.657494340503,39.1434993435345,1.04635505787054,1.03776809564396,2023.71280053059,2023.72138749282,NA,B36
1061,1062,0.152672273449162,-119.703370229308,49.0415108987828,-118.380771038308,47.665384027946,1.04918976098654,0.896517487537378,2023.57154992248,2023.72422219593,NA,B36
871,132,0.117030660466426,-99.1010177598524,46.0248740615631,-93.5862910883072,45.8931150627488,1.05099496231535,0.933964301848923,2023.60899673679,2023.72602739726,A/green_winged_teal/Minnesota/23-029312-002/2023|H5N1|USA-MN|2023-09-23|avian|B3.6,B36
980,50,0.0313190142429667,-113.173110035582,48.2967973614665,-111.986863354934,47.8127841282108,1.05099496231535,1.01967594807238,2023.69470838302,2023.72602739726,A/gadwall/Montana/23-029480-008-original/2023|H5N1|USA-MT|2023-09-23|avian|B3.6,B36
948,949,0.126266435522655,-102.017015439184,39.0614675017843,-105.441892279706,37.8032419975143,1.05321651667476,0.926950081152106,2023.6019825161,2023.72824895162,NA,B36
841,238,0.121174342924338,-101.01935328894,42.3606447180609,-105.958478006741,37.50929487507,1.05373468834293,0.932560345418597,2023.60759278036,2023.72876712329,A/green_winged_teal/Colorado/23-029294-001/2023|H5N1|USA-CO|2023-09-24|avian|B3.6,B36
957,965,0.143129593950538,-107.395972669212,41.7306842508298,-111.891166153421,38.7660827840441,1.05552242542977,0.912392831479232,2023.58742526642,2023.73055486037,NA,B36
814,815,0.0840962371822622,-108.638363340823,47.398036736085,-112.046429512066,47.6906500823944,1.05585866022821,0.971762423045948,2023.64679485799,2023.73089109517,NA,B36
963,964,0.00951006636876484,-110.657494340503,39.1434993435345,-111.782955158502,39.5450957822012,1.0558651242393,1.04635505787054,2023.72138749282,2023.73089755918,NA,B36
1039,1040,0.0669406662950922,-99.2718791799556,41.9211188130717,-93.630469257873,43.1374343800868,1.05662004120074,0.98967937490565,2023.66471180985,2023.73165247615,NA,B36
1029,1030,0.101693783162747,-97.5499005604896,45.6439527008013,-97.5442717540125,45.7269563784176,1.05803559030743,0.95634180714468,2023.63137424209,2023.73306802525,NA,B36
667,673,0.0614749028413173,-93.4763504575207,40.3160901230454,-94.4259295800712,39.8109295474285,1.05815836007373,0.996683457232409,2023.67171589218,2023.73319079502,NA,B36
611,612,0.0208892982674658,-93.1405531508255,38.1376343880249,-92.4972459882271,38.5207522794337,1.0605521928941,1.03966289462663,2023.71469532957,2023.73558462784,NA,B36
673,674,0.00346369722508455,-94.4259295800712,39.8109295474285,-95.9924795090358,39.6841247237747,1.06162205729881,1.05815836007373,2023.73319079502,2023.73665449224,NA,B36
893,894,0.0309370967875984,-121.555902615425,40.6669183989908,-121.575642678502,38.5453487707548,1.06167807791908,1.03074098113148,2023.70577341608,2023.73671051286,NA,B36
894,281,0.231738471679045,-48.4853826523975,-25.9333986130822,-48.637778,-26.242778,1.69807090308098,1.46633243140193,2023.50524782969,2023.73698630137,A/Sula_leucogaster/Sao_Francisco_do_Sul/2122-N/2023|H5N1|Brazil|2023-09-27|avian|B3.2,B32
880,109,0.215950012630024,-114.4727124558,42.3704614981652,-111.5379104598,43.7469562065498,1.06195386642501,0.846003853794983,2023.52103628874,2023.73698630137,A/great_horned_owl/Idaho/23-030180-001/2023|H5N1|USA-ID|2023-09-27|avian|B3.6,B36
863,865,0.0256940700455495,-117.186189876416,44.2778386386587,-117.45937601887,44.316407711906,1.06206796729559,1.03637389725004,2023.7114063322,2023.73710040224,NA,B36
960,961,0.0396358840109365,-111.032892998323,40.0278923079774,-111.178253439443,39.748701041237,1.06350446693336,1.02386858292243,2023.69890101787,2023.73853690188,NA,B36
407,411,0.0315709241524065,-74.336809168498,39.7398981005512,-74.8736110269418,38.1642056060343,0.104029546332778,0.0724586221803719,2023.70952118178,2023.74109210594,NA,C21
984,985,0.0694356826941489,-104.602933756425,40.362752765809,-104.634555116207,40.282657020647,1.06686535358932,0.997429670895168,2023.67246210584,2023.74189778853,NA,B36
322,355,0.0311141376624539,-72.3115401778014,41.3309540070203,-72.2069108169248,41.327032933858,0.105799758676928,0.0746856210144744,2023.71174818062,2023.74286231828,NA,C21
923,924,0.0364156787784398,-116.114229683794,50.8163302100355,-116.204584972978,51.2020876168951,1.06972326057333,1.03330758179489,2023.70834001674,2023.74475569552,NA,B36
938,102,0.226113954007257,-100.11069206629,43.7044030186316,-114.135289677507,47.2364865577367,1.07017304450731,0.844059090500049,2023.51909152544,2023.74520547945,A/gadwall/Montana/23-030444-001-original/2023|H5N1|USA-MT|2023-09-30|avian|B3.6,B36
879,130,0.217730878436892,-116.199183110376,43.9632769211594,-105.873628796622,37.6039559993489,1.07017304450731,0.852442166070414,2023.52747460102,2023.74520547945,A/redhead_duck/Colorado/23-029854-022-original/2023|H5N1|USA-CO|2023-09-30|avian|B3.6,B36
841,237,0.137612699088709,-101.01935328894,42.3606447180609,-105.680322810181,37.487752817256,1.07017304450731,0.932560345418597,2023.60759278036,2023.74520547945,A/northern_shoveler/Colorado/23-029854-024/2023|H5N1|USA-CO|2023-09-30|avian|B3.6,B36
719,720,0.0544376058510041,-121.132863102928,38.4321868595888,-120.328575852701,37.2420684158221,1.07225564511884,1.01781803926783,2023.69285047421,2023.74728808006,NA,B36
906,913,0.111078354763366,-36.722125864937,-53.7136956304784,-38.0565069928706,-53.9974060502197,1.70938920614334,1.59831085137998,2023.63722624967,2023.74830460443,NA,B32
572,573,0.188371820634947,-96.4760826210686,38.8174715173861,-92.0481170481994,38.4056404423061,1.07549456884374,0.887122748208793,2023.56215518315,2023.75052700379,NA,B36
929,930,0.221331983463957,-96.3909874186032,43.7641634236458,-95.1183808830266,43.8085959234388,1.07554657538663,0.854214591922678,2023.52924702687,2023.75057901033,NA,B36
700,522,0.22218193243782,-98.4581102116769,42.0427893910291,-98.8315674737538,43.9930119836839,1.07565249656202,0.853470564124201,2023.52850299907,2023.75068493151,A/turkey/South_Dakota/23-029852-001/2023|H5N1|USA-SD|2023-10-02|avian|B3.6,B36
842,843,0.227682807017019,-97.1611060297607,39.5018282405204,-93.0733291588093,41.3260516187846,1.07583716962055,0.84815436260353,2023.52318679755,2023.75086960457,NA,B36
831,832,0.102391554786065,-99.9815882033174,45.6585863442184,-97.7809426365703,44.6774080829366,1.07833414405462,0.975942589268551,2023.65097502421,2023.753366579,NA,B36
958,959,0.095810626540862,-108.46981453887,41.1305737344773,-111.513560978263,39.7669796376617,1.07835072911701,0.98254010257615,2023.65757253752,2023.75338316406,NA,B36
963,331,0.149452065409645,-52.4794393955164,-30.4580728314713,-52.098611,-32.035,1.71450925924535,1.56505719383571,2023.60397259212,2023.75342465753,A/Otaria_flavescens/Rio_Grande_do_Sul/2148-N/2023|H5N1|Brazil|2023-10-03|other_mammal|B3.2,B32
696,536,0.0586345410559515,-99.2594571278172,41.5942440149992,-104.391413836447,42.5982745410327,1.07839222258938,1.01975768153343,2023.69479011648,2023.75342465753,A/mallard/Wyoming/23-031581-003-original/2023|H5N1|USA-WY|2023-10-03|avian|B3.6,B36
986,987,0.0815071807898997,-104.600991193781,40.4121180517779,-106.643846831509,38.5315348113999,1.07915529977762,0.997648118987721,2023.67268055393,2023.75418773472,NA,B36
608,616,0.226886188091256,-96.3348907015694,39.6555298376644,-117.926263091828,39.9566257130549,1.07929007732177,0.852403889230519,2023.52743632418,2023.75432251227,NA,B36
720,722,0.00721152571312289,-120.328575852701,37.2420684158221,-120.338015801624,37.225286896161,1.07946717083196,1.07225564511884,2023.74728808006,2023.75449960578,NA,B36
566,567,0.226274413646937,-99.7523534856129,42.9576883245589,-99.5006254058272,44.8734566883075,1.08045961383386,0.854185200186925,2023.52921763513,2023.75549204878,NA,B36
865,866,0.0184061047731636,-117.45937601887,44.316407711906,-121.507139305687,45.577425079455,1.08047407206875,1.06206796729559,2023.73710040224,2023.75550650701,NA,B36
566,568,0.226520051879963,-99.7523534856129,42.9576883245589,-99.7102090877333,42.8728271539652,1.08070525206689,0.854185200186925,2023.52921763513,2023.75573768701,NA,B36
1039,322,0.0914525737110856,-99.2718791799556,41.9211188130717,-100.784498153537,37.8185802667543,1.08113194861674,0.98967937490565,2023.66471180985,2023.75616438356,A/great_horned_owl/Kansas/W24-005/2023|H5N1|USA-KS|2023-10-04|avian|B3.6,B36
963,56,0.0347768907461994,-110.657494340503,39.1434993435345,-111.853993954965,39.1273232600559,1.08113194861674,1.04635505787054,2023.72138749282,2023.75616438356,A/turkey/Utah/23-030211-002/2023|H5N1|USA-UT|2023-10-04|avian|B3.6,B36
964,55,0.0252668243774345,-111.782955158502,39.5450957822012,-111.619650941866,39.3891519069559,1.08113194861674,1.0558651242393,2023.73089755918,2023.75616438356,A/turkey/Utah/23-030211-003/2023|H5N1|USA-UT|2023-10-04|avian|B3.6,B36
959,60,0.00278121949972432,-111.513560978263,39.7669796376617,-111.491368500955,39.4937151603492,1.08113194861674,1.07835072911701,2023.75338316406,2023.75616438356,A/turkey/Utah/23-030214-001/2023|H5N1|USA-UT|2023-10-04|avian|B3.6,B36
684,685,0.229920605205128,-95.921242716738,40.5342103565152,-110.074782992224,46.3136371972725,1.08120019326727,0.851279588062144,2023.52631202301,2023.75623262821,NA,B36
930,932,0.00636361178517064,-95.1183808830266,43.8085959234388,-93.8246421582814,43.5067088937686,1.08191018717181,1.07554657538663,2023.75057901033,2023.75694262212,NA,B36
906,907,0.120295569768915,-36.722125864937,-53.7136956304784,-36.6493960037736,-54.4176209142741,1.71860642114889,1.59831085137998,2023.63722624967,2023.75752181944,NA,B32
962,53,0.0461035790003581,-109.918472036971,38.9769565877211,-111.525694796334,39.5110953954241,1.08387167464432,1.03776809564396,2023.71280053059,2023.75890410959,A/turkey/Utah/23-030331-005/2023|H5N1|USA-UT|2023-10-05|avian|B3.6,B36
965,57,0.0283492492145512,-111.891166153421,38.7660827840441,-111.898901355173,39.3296963130634,1.08387167464432,1.05552242542977,2023.73055486037,2023.75890410959,A/turkey/Utah/23-030333-002/2023|H5N1|USA-UT|2023-10-05|avian|B3.6,B36
965,58,0.0283492492145512,-111.891166153421,38.7660827840441,-111.657546667429,39.582735013969,1.08387167464432,1.05552242542977,2023.73055486037,2023.75890410959,A/turkey/Utah/23-030333-003/2023|H5N1|USA-UT|2023-10-05|avian|B3.6,B36
964,54,0.0280065504050193,-111.782955158502,39.5450957822012,-111.302791799953,39.563259229683,1.08387167464432,1.0558651242393,2023.73089755918,2023.75890410959,A/turkey/Utah/23-030331-004/2023|H5N1|USA-UT|2023-10-05|avian|B3.6,B36
961,52,0.0203672077109558,-111.178253439443,39.748701041237,-111.315335883457,39.7399868915864,1.08387167464432,1.06350446693336,2023.73853690188,2023.75890410959,A/turkey/Utah/23-030331-003/2023|H5N1|USA-UT|2023-10-05|avian|B3.6,B36
961,51,0.0203672077109558,-111.178253439443,39.748701041237,-111.252991950666,39.6738269840629,1.08387167464432,1.06350446693336,2023.73853690188,2023.75890410959,A/turkey/Utah/23-030331-002/2023|H5N1|USA-UT|2023-10-05|avian|B3.6,B36
959,59,0.00552094552730908,-111.513560978263,39.7669796376617,-111.482616161858,39.7333055556411,1.08387167464432,1.07835072911701,2023.75338316406,2023.75890410959,A/turkey/Utah/23-030333-001/2023|H5N1|USA-UT|2023-10-05|avian|B3.6,B36
297,298,0.0496812744320462,-75.5192945141936,39.485924206862,-75.9060850352812,39.9193805798296,0.122170336211831,0.0724890617797852,2023.70955162138,2023.75923289582,NA,C21
668,669,0.0639960882620576,-93.1582936797227,39.6387801906837,-91.6613725609708,37.8106501796616,1.08503374783169,1.02103765956963,2023.69607009451,2023.76006618278,NA,B36
1029,1031,0.130097172723533,-97.5499005604896,45.6439527008013,-95.9641319274907,45.4923676704707,1.08643897986821,0.95634180714468,2023.63137424209,2023.76147141481,NA,B36
932,933,0.00687169060414239,-93.8246421582814,43.5067088937686,-93.7253436299005,43.8470945239575,1.08878187777595,1.08191018717181,2023.75694262212,2023.76381431272,NA,B36
883,108,0.238076065921097,-115.195370606553,42.2418885034511,-112.220003723489,48.51865124978,1.08935112669904,0.851275060777939,2023.52630749572,2023.76438356164,A/chicken/Montana/23-030330-001/2023|H5N1|USA-MT|2023-10-07|avian|B3.6,B36
1046,6,0.237071436284897,-104.717923172631,41.8721773257778,-106.240901320016,38.1160409777264,1.08935112669904,0.852279690414138,2023.52731212536,2023.76438356164,A/pintail/Colorado/23-030893-007/2023|H5N1|USA-CO|2023-10-07|avian|B3.6,B36
763,187,0.235287329639001,-95.7809961590783,40.9078423314178,-98.8598451529249,38.5343969815369,1.08935112669904,0.854063797060034,2023.529096232,2023.76438356164,A/ring-necked_duck/Kansas/23-030994-012/2023|H5N1|USA-KS|2023-10-07|avian|B3.6,B36
987,73,0.0101958269214144,-106.643846831509,38.5315348113999,-105.989690893739,38.386134343376,1.08935112669904,1.07915529977762,2023.75418773472,2023.76438356164,A/mallard/Colorado/23-030893-003/2023|H5N1|USA-CO|2023-10-07|avian|B3.6,B36
987,74,0.0101958269214144,-106.643846831509,38.5315348113999,-106.037152973499,38.3578670603527,1.08935112669904,1.07915529977762,2023.75418773472,2023.76438356164,A/mallard/Colorado/23-030893-0012/2023|H5N1|USA-CO|2023-10-07|avian|B3.6,B36
872,873,0.0809391005716267,-98.4648094492631,45.6926636025648,-95.8446087192694,47.0369255764489,1.08949347930774,1.00855437873611,2023.68358681368,2023.76452591425,NA,B36
873,875,0.000433503811051672,-95.8446087192694,47.0369255764489,-95.6259151327782,47.0412896166806,1.08992698311879,1.08949347930774,2023.76452591425,2023.76495941806,NA,B36
1062,1063,0.0407980940988875,-118.380771038308,47.665384027946,-119.232391152906,47.3150498876887,1.08998785508543,1.04918976098654,2023.72422219593,2023.76502029003,NA,B36
936,937,0.247957577227608,-99.234966593445,43.2995056662424,-98.268609619459,44.5389812612963,1.09120498849719,0.843247411269586,2023.51827984621,2023.76623742344,NA,B36
979,48,0.135776460373917,-97.380859831077,39.9712005988099,-103.946292309869,48.0194979587459,1.09209085272639,0.956314392352476,2023.6313468273,2023.76712328767,A/chicken/North_Dakota/23-030824-001/2023|H5N1|USA-ND|2023-10-08|avian|B3.6,B36
913,270,0.0188186832390214,-38.0565069928706,-53.9974060502197,-38.0292617429446,-54.0037574807753,1.72820788938236,1.70938920614334,2023.74830460443,2023.76712328767,A/Brown_skua/Bird_Island/128288/2023|H5N1|SGSSI|2023-10-08|avian|B3.2,B32
913,271,0.0188186832390214,-38.0565069928706,-53.9974060502197,-38.0315794093306,-54.0127289724669,1.72820788938236,1.70938920614334,2023.74830460443,2023.76712328767,A/Brown_skua/Bird_Island/128287/2023|H5N1|SGSSI|2023-10-08|avian|B3.2,B32
937,91,0.000885864229198674,-98.268609619459,44.5389812612963,-98.0971504481719,44.5122621900219,1.09209085272639,1.09120498849719,2023.76623742344,2023.76712328767,A/gadwall/South_Dakota/23-031573-004/2023|H5N1|USA-SD|2023-10-08|avian|B3.6,B36
937,92,0.000885864229198674,-98.268609619459,44.5389812612963,-98.2632486614844,44.5032855592403,1.09209085272639,1.09120498849719,2023.76623742344,2023.76712328767,A/gadwall/South_Dakota/23-031573-002/2023|H5N1|USA-SD|2023-10-08|avian|B3.6,B36
809,810,0.145406825389628,-94.730245379688,44.0189320286522,-94.5986766754459,44.7695480797331,1.0925288600513,0.947122034661671,2023.62215446961,2023.767561295,NA,B36
802,803,0.252024479958335,-103.788005900752,42.691943795327,-118.80570864247,42.8566136537692,1.09304561249714,0.841021132538808,2023.51605356748,2023.76807804744,NA,B36
873,874,0.00527105181803833,-95.8446087192694,47.0369255764489,-95.7526376869608,47.095441848063,1.09476453112578,1.08949347930774,2023.76452591425,2023.76979696607,NA,B36
691,693,0.192124307852146,-90.7728291322794,45.7971965528697,-97.2646463393378,44.5024221392317,1.0960420611502,0.903917753298059,2023.57895018824,2023.7710744961,NA,B36
1056,1058,0.114338912638504,-117.563199954072,46.6910128906456,-122.028834279855,50.5740728744211,1.09612016171244,0.98178124907394,2023.65681368402,2023.77115259666,NA,B36
955,340,0.216649494996143,-51.8262329177706,-38.7924890660863,-63.6192953669151,-42.756174321048,1.73368734143708,1.51703784644094,2023.55595324473,2023.77260273973,A/royal_tern/Argentina/CH-PD036/2023|H5N1|Argentina|2023-10-10|avian|B3.2,B32
952,322,0.211766050971664,-62.940940124906,-41.0175253286281,-63.6130628729965,-42.76237160863,1.73368734143708,1.52192129046541,2023.56083668875,2023.77260273973,A/southern_elephant_seal/Argentina/CH-PD035/2023|H5N1|Argentina|2023-10-10|other_mammal|B3.2,B32
924,925,0.0283332172432591,-116.204584972978,51.2020876168951,-116.198508636466,51.0536635285448,1.09805647781659,1.06972326057333,2023.74475569552,2023.77308891276,NA,B36
554,555,0.119211735857721,-80.3245286367275,27.6517058735856,-80.5404781574487,27.9479246043542,1.09838745067384,0.979175714816118,2023.65420814976,2023.77341988562,NA,B36
616,617,0.0202814854424291,-117.926263091828,39.9566257130549,-118.112943123571,39.6452783565112,1.0995715627642,1.07929007732177,2023.75432251227,2023.77460399771,NA,B36
551,388,0.24798342209011,-99.4707669368932,41.8477184259371,-114.639891380219,48.6839972817857,1.10031003080869,0.852326608718583,2023.52735904366,2023.77534246575,A/domestic_duck/Montana/23-030959-002/2023|H5N1|USA-MT|2023-10-11|avian|B3.6,B36
963,332,0.171369873628958,-52.4794393955164,-30.4580728314713,-49.7675,-29.326667,1.73642706746466,1.56505719383571,2023.60397259212,2023.77534246575,A/Otaria_flavescens/Rio_Grande_do_Sul/2165-SO/2023|H5N1|Brazil|2023-10-11|other_mammal|B3.2,B32
654,471,0.129053471311256,-103.424871514594,42.2583976327897,-96.9935403056726,34.2690007332324,1.10031003080869,0.971256559497436,2023.64628899444,2023.77534246575,A/peacock/Oklahoma/23-031171-001/2023|H5N1|USA-OK|2023-10-11|avian|B3.6,B36
715,413,0.0850158868610982,-121.565310558008,39.4464698589141,-120.104835638153,44.0508414354104,1.10031003080869,1.01529414394759,2023.69032657889,2023.77534246575,A/Canada_goose/Oregon/23-031492-001/2023|H5N1|USA-OR|2023-10-11|avian|B3.6,B36
985,76,0.033444677219375,-104.634555116207,40.282657020647,-104.67030060307,40.102401768227,1.10031003080869,1.06686535358932,2023.74189778853,2023.77534246575,A/chicken/Colorado/23-030833-003/2023|H5N1|USA-CO|2023-10-11|avian|B3.6,B36
985,77,0.033444677219375,-104.634555116207,40.282657020647,-104.675796252155,40.1868706110807,1.10031003080869,1.06686535358932,2023.74189778853,2023.77534246575,A/chicken/Colorado/23-030833-001/2023|H5N1|USA-CO|2023-10-11|avian|B3.6,B36
925,100,0.00225355299210661,-116.198508636466,51.0536635285448,-116.04603559027,51.0195755202201,1.10031003080869,1.09805647781659,2023.77308891276,2023.77534246575,A/Canada_Goose/BC/AIVPHL-1343/2023|H5N1|Canada-BC|2023-10-11|avian|B3.6,B36
918,919,0.126545937608259,-36.2918288365706,-53.7572932712546,-37.2667937494812,-53.5598630372426,1.73694742670395,1.61040148909569,2023.64931688738,2023.77586282499,NA,B32
943,944,0.11090770527508,-98.9597158788916,46.5473246363915,-99.3504530147426,45.8209938435033,1.10209458037059,0.991186875095511,2023.66621931004,2023.77712701532,NA,B36
875,876,0.0128277826255609,-95.6259151327782,47.0412896166806,-96.2027800831718,46.9649336498498,1.10275476574435,1.08992698311879,2023.76495941806,2023.77778720069,NA,B36
918,94,0.253517448361301,-102.606873638206,43.9083822948408,-103.686115461149,46.9062073419179,1.10304975683605,0.849532308474749,2023.52456474342,2023.77808219178,A/chicken/North_Dakota/23-030961-001/2023|H5N1|USA-ND|2023-10-12|avian|B3.6,B36
1073,22,0.194971003448501,-116.560003422709,47.9224596589709,-119.488898467437,47.3142242894111,1.10304975683605,0.908078753387549,2023.58311118833,2023.77808219178,A/mallard/Washington/23-031856-001-original/2023|H5N1|USA-WA|2023-10-12|avian|B3.6,B36
665,343,0.15973269999671,-96.5358088129354,40.367635781095,-95.013803334955,42.4330298523947,1.10304975683605,0.94331705683934,2023.61834949178,2023.77808219178,A/sharp-shinned_hawk/Iowa/23-031647-001/2023|H5N1|USA-IA|2023-10-12|avian|B3.6,B36
1074,21,0.117586054970204,-119.55067430277,47.3831059844406,-119.045803769881,47.5038512368739,1.10304975683605,0.985463701865846,2023.66049613681,2023.77808219178,A/mallard/Washington/23-031856-003-original/2023|H5N1|USA-WA|2023-10-12|avian|B3.6,B36
1031,313,0.0166107769678372,-95.9641319274907,45.4923676704707,-92.9367750438146,44.7051484667301,1.10304975683605,1.08643897986821,2023.76147141481,2023.77808219178,A/peregrine_falcon/Minnesota/23-031335-001/2023|H5N1|USA-MN|2023-10-12|avian|B3.6,B36
810,811,0.0110410866305022,-94.5986766754459,44.7695480797331,-94.8611285036629,44.4856099984244,1.1035699466818,1.0925288600513,2023.767561295,2023.77860238163,NA,B36
933,934,0.0149601561216617,-93.7253436299005,43.8470945239575,-93.6801873017652,43.8143747528123,1.10374203389761,1.08878187777595,2023.76381431272,2023.77877446884,NA,B36
930,931,0.0306309640516775,-95.1183808830266,43.8085959234388,-93.9225296939704,44.1261006469729,1.10617753943831,1.07554657538663,2023.75057901033,2023.78120997438,NA,B36
828,836,0.253147596053884,-102.209371433538,43.1672125388653,-92.9440276742926,42.3453251595206,1.10650581681641,0.853358220762527,2023.52839065571,2023.78153825176,NA,B36
876,877,0.00392001749444004,-96.2027800831718,46.9649336498498,-95.8799086121257,46.7574314953526,1.10667478323879,1.10275476574435,2023.77778720069,2023.78170721818,NA,B36
877,878,0.000679445204307516,-95.8799086121257,46.7574314953526,-95.9216813590919,46.7823826773228,1.1073542284431,1.10667478323879,2023.78170721818,2023.78238666339,NA,B36
919,927,0.255475551153115,-99.2030488973801,43.6398460399346,-99.1482151779191,43.685800921013,1.10761197478521,0.852136423632096,2023.52716885858,2023.78264440973,NA,B36
772,776,0.146279467735602,-94.3404218804825,44.4316365585163,-93.9128313315002,45.0890272347527,1.10762619136276,0.961346723627159,2023.63637915857,2023.78265862631,NA,B36
550,404,0.259471598436106,-99.497719189052,41.8171299629683,-119.653159910649,45.2992944864823,1.10852920889076,0.849057610454659,2023.5240900454,2023.78356164384,A/American_wigeon/Oregon/23-031857-002/2023|H5N1|USA-OR|2023-10-14|avian|B3.6,B36
929,89,0.254314616968087,-96.3909874186032,43.7641634236458,-83.0941983131182,41.570962745862,1.10852920889076,0.854214591922678,2023.52924702687,2023.78356164384,A/gadwall/Ohio/23-032269-030-original/2023|H5N1|USA-OH|2023-10-14|avian|B3.6,B36
654,470,0.137272649393329,-103.424871514594,42.2583976327897,-112.59484871199,47.83141131628,1.10852920889076,0.971256559497436,2023.64628899444,2023.78356164384,A/blue-winged_teal/Montana/23-032220-005/2023|H5N1|USA-MT|2023-10-14|avian|B3.6,B36
616,383,0.0292391315689897,-117.926263091828,39.9566257130549,-117.979580982188,39.9470120982801,1.10852920889076,1.07929007732177,2023.75432251227,2023.78356164384,A/mallard/Nevada/23-034303-024-original/2023|H5N1|USA-NV|2023-10-14|avian|B3.6,B36
617,384,0.00895764612656058,-118.112943123571,39.6452783565112,-118.257765574317,39.6826840243552,1.10852920889076,1.0995715627642,2023.77460399771,2023.78356164384,A/mallard/Nevada/23-034303-020-original/2023|H5N1|USA-NV|2023-10-14|avian|B3.6,B36
617,385,0.00895764612656058,-118.112943123571,39.6452783565112,-118.828955949522,39.8000719720931,1.10852920889076,1.0995715627642,2023.77460399771,2023.78356164384,A/mallard/Nevada/23-034303-019-original/2023|H5N1|USA-NV|2023-10-14|avian|B3.6,B36
944,86,0.00643462852017374,-99.3504530147426,45.8209938435033,-99.3902983736933,45.8593619163642,1.10852920889076,1.10209458037059,2023.77712701532,2023.78356164384,A/turkey/South_Dakota/23-031328-002/2023|H5N1|USA-SD|2023-10-14|avian|B3.6,B36
944,87,0.00643462852017374,-99.3504530147426,45.8209938435033,-99.1271700961516,45.6061261962407,1.10852920889076,1.10209458037059,2023.77712701532,2023.78356164384,A/turkey/South_Dakota/23-031328-001/2023|H5N1|USA-SD|2023-10-14|avian|B3.6,B36
1063,1071,0.0210202033799169,-119.232391152906,47.3150498876887,-119.82609548828,46.828368462101,1.11100805846534,1.08998785508543,2023.76502029003,2023.78604049341,NA,B36
875,138,0.0213419517993307,-95.6259151327782,47.0412896166806,-95.5039870547852,46.9752485267312,1.11126893491812,1.08992698311879,2023.76495941806,2023.78630136986,A/turkey/Minnesota/23-031337-002/2023|H5N1|USA-MN|2023-10-15|avian|B3.6,B36
876,135,0.00851416917377001,-96.2027800831718,46.9649336498498,-96.1864779848675,47.0346510879992,1.11126893491812,1.10275476574435,2023.77778720069,2023.78630136986,A/turkey/Minnesota/23-031337-003/2023|H5N1|USA-MN|2023-10-15|avian|B3.6,B36
877,139,0.00459415167932997,-95.8799086121257,46.7574314953526,-95.9062362376633,46.751343606644,1.11126893491812,1.10667478323879,2023.78170721818,2023.78630136986,A/turkey/Minnesota/23-031337-001/2023|H5N1|USA-MN|2023-10-15|avian|B3.6,B36
790,791,0.197498932673997,-117.77749535495,48.9126573866008,-126.123056109401,51.7451678305005,1.112280815071,0.914781882397002,2023.58981431734,2023.78731325002,NA,B36
776,777,0.00504619197437806,-93.9128313315002,45.0890272347527,-94.1735169898103,45.2098501363227,1.11267238333714,1.10762619136276,2023.78265862631,2023.78770481828,NA,B36
670,671,0.0803090486050027,-93.1799904178156,39.8546217692545,-94.8381217620895,42.6934650264267,1.11335491568048,1.03304586707548,2023.70807830202,2023.78838735063,NA,B36
888,93,0.266896913924112,-111.942711232527,47.8902867043364,-100.081909849794,46.9324984904307,1.11400866094548,0.847111747021367,2023.52214418197,2023.78904109589,A/gadwall/North_Dakota/23-031936-004/2023|H5N1|USA-ND|2023-10-16|avian|B3.6,B36
986,75,0.116360541957758,-104.600991193781,40.4121180517779,-121.143509649696,47.7147566601045,1.11400866094548,0.997648118987721,2023.67268055393,2023.78904109589,A/Muscovy_duck/Washington/23-031346-002/2023|H5N1|USA-WA|2023-10-16|avian|B3.6,B36
933,171,0.0252267831695319,-93.7253436299005,43.8470945239575,-93.8398891586712,44.0967603354309,1.11400866094548,1.08878187777595,2023.76381431272,2023.78904109589,A/turkey/Minnesota/23-031477-001/2023|H5N1|USA-MN|2023-10-16|avian|B3.6,B36
810,247,0.0214798008941803,-94.5986766754459,44.7695480797331,-95.1886022894045,44.4981150532918,1.11400866094548,1.0925288600513,2023.767561295,2023.78904109589,A/turkey/Minnesota/23-031508-001/2023|H5N1|USA-MN|2023-10-16|avian|B3.6,B36
811,246,0.0104387142636782,-94.8611285036629,44.4856099984244,-95.30940256383,44.6117130328771,1.11400866094548,1.1035699466818,2023.77860238163,2023.78904109589,A/turkey/Minnesota/23-031508-003/2023|H5N1|USA-MN|2023-10-16|avian|B3.6,B36
811,245,0.0104387142636782,-94.8611285036629,44.4856099984244,-95.4772829963796,44.4692305390628,1.11400866094548,1.1035699466818,2023.77860238163,2023.78904109589,A/turkey/Minnesota/23-031508-002/2023|H5N1|USA-MN|2023-10-16|avian|B3.6,B36
931,174,0.00783112150716736,-93.9225296939704,44.1261006469729,-93.9553744298047,44.0002723553267,1.11400866094548,1.10617753943831,2023.78120997438,2023.78904109589,A/turkey/Minnesota/23-031477-002/2023|H5N1|USA-MN|2023-10-16|avian|B3.6,B36
931,176,0.00783112150716736,-93.9225296939704,44.1261006469729,-93.9540454158075,43.9534177709935,1.11400866094548,1.10617753943831,2023.78120997438,2023.78904109589,A/turkey/Minnesota/23-031477-003/2023|H5N1|USA-MN|2023-10-16|avian|B3.6,B36
915,90,0.266363050293738,-112.201463537989,41.6503029938776,-98.345038781393,29.5707073844229,1.11674838697306,0.850385336679326,2023.52541777162,2023.79178082192,A/peregrine_falcon/Texas/23-032452-001/2023|H5N1|USA-TX|2023-10-17|avian|B3.6,B36
856,121,0.265156828705133,-114.546119892013,43.5043556588708,-118.162537408644,45.0470227456729,1.11674838697306,0.851591558267931,2023.52662399321,2023.79178082192,A/chicken/Oregon/23-031852-001/2023|H5N1|USA-OR|2023-10-17|avian|B3.6,B36
567,389,0.0362887731392023,-99.5006254058272,44.8734566883075,-99.9675497571055,45.1702960312131,1.11674838697306,1.08045961383386,2023.75549204878,2023.79178082192,A/mallard/South_Dakota/23-032221-011-original2/2023|H5N1|USA-SD|2023-10-17|avian|B3.6,B36
567,390,0.0362887731392023,-99.5006254058272,44.8734566883075,-99.6385392839334,44.9881652211893,1.11674838697306,1.08045961383386,2023.75549204878,2023.79178082192,A/mallard/South_Dakota/23-032221-008-original2/2023|H5N1|USA-SD|2023-10-17|avian|B3.6,B36
874,137,0.021983855847286,-95.7526376869608,47.095441848063,-95.8604854870009,46.9876309929861,1.11674838697306,1.09476453112578,2023.76979696607,2023.79178082192,A/turkey/Minnesota/23-031729-002/2023|H5N1|USA-MN|2023-10-17|avian|B3.6,B36
878,134,0.00939415852996461,-95.9216813590919,46.7823826773228,-95.6126415079314,47.0681599196286,1.11674838697306,1.1073542284431,2023.78238666339,2023.79178082192,A/turkey/Minnesota/23-031729-001/2023|H5N1|USA-MN|2023-10-17|avian|B3.6,B36
776,778,0.0114864901818403,-93.9128313315002,45.0890272347527,-94.7269623030011,45.1397071741352,1.1191126815446,1.10762619136276,2023.78265862631,2023.79414511649,NA,B36
1074,20,0.134024411134576,-119.55067430277,47.3831059844406,-119.341701419067,47.2974998616338,1.11948811300042,0.985463701865846,2023.66049613681,2023.79452054795,A/green-winged_teal/Washington/23-032370-004/2023|H5N1|USA-WA|2023-10-18|avian|B3.6,B36
874,133,0.0247235818746434,-95.7526376869608,47.095441848063,-96.1069963336346,47.0527666987654,1.11948811300042,1.09476453112578,2023.76979696607,2023.79452054795,A/turkey/Minnesota/23-032151-002/2023|H5N1|USA-MN|2023-10-18|avian|B3.6,B36
934,173,0.0157460791028123,-93.6801873017652,43.8143747528123,-94.0630719311761,44.0253114994335,1.11948811300042,1.10374203389761,2023.77877446884,2023.79452054795,A/turkey/Minnesota/23-032149-001/2023|H5N1|USA-MN|2023-10-18|avian|B3.6,B36
878,136,0.012133884557322,-95.9216813590919,46.7823826773228,-95.4434650001468,46.8828971638308,1.11948811300042,1.1073542284431,2023.78238666339,2023.79452054795,A/turkey/Minnesota/23-032151-001/2023|H5N1|USA-MN|2023-10-18|avian|B3.6,B36
685,686,0.0405942834654116,-110.074782992224,46.3136371972725,-110.041022648763,46.3647306222989,1.12179447673268,1.08120019326727,2023.75623262821,2023.79682691168,NA,B36
778,779,0.00304160364972672,-94.7269623030011,45.1397071741352,-95.0527453883271,45.2312088658067,1.12215428519433,1.1191126815446,2023.79414511649,2023.79718672014,NA,B36
943,85,0.131040963932268,-98.9597158788916,46.5473246363915,-98.9402307900426,46.7987011850626,1.12222783902778,0.991186875095511,2023.66621931004,2023.79726027397,A/pintail/North_Dakota/23-032882-004/2023|H5N1|USA-ND|2023-10-19|avian|B3.6,B36
1040,320,0.0656077978270364,-93.630469257873,43.1374343800868,-93.5909734945792,42.9607121908214,1.12222783902778,1.05662004120074,2023.73165247615,2023.79726027397,A/blue-winged_teal/Iowa/23-032986-004/2023|H5N1|USA-IA|2023-10-19|avian|B3.6,B36
1040,321,0.0656077978270364,-93.630469257873,43.1374343800868,-93.8251165295841,43.020405853017,1.12222783902778,1.05662004120074,2023.73165247615,2023.79726027397,A/green-winged_teal/Iowa/23-032986-006/2023|H5N1|USA-IA|2023-10-19|avian|B3.6,B36
932,175,0.0403176518559738,-93.8246421582814,43.5067088937686,-93.9008280354673,43.9998604048296,1.12222783902778,1.08191018717181,2023.75694262212,2023.79726027397,A/turkey/Minnesota/23-032150-001/2023|H5N1|USA-MN|2023-10-19|avian|B3.6,B36
934,172,0.0184858051301697,-93.6801873017652,43.8143747528123,-94.0228919632392,44.0347761374765,1.12222783902778,1.10374203389761,2023.77877446884,2023.79726027397,A/turkey/Minnesota/23-032150-002/2023|H5N1|USA-MN|2023-10-19|avian|B3.6,B36
602,603,0.182071023245586,-107.61843602906,47.0653677591839,-97.0189969581677,44.6221464031992,1.12229598866243,0.940224965416847,2023.61525740036,2023.79732842361,NA,B36
1063,1064,0.0335336629404488,-119.232391152906,47.3150498876887,-119.653079298377,47.0403819308725,1.12352151802588,1.08998785508543,2023.76502029003,2023.79855395297,NA,B36
1064,1065,0.000160362068839515,-119.653079298377,47.0403819308725,-119.652605270235,47.0712907548341,1.12368188009472,1.12352151802588,2023.79855395297,2023.79871431504,NA,B36
573,574,0.048538862711135,-92.0481170481994,38.4056404423061,-93.4834930364877,38.1839480001354,1.12403343155487,1.07549456884374,2023.75052700379,2023.7990658665,NA,B36
1075,37,0.287264591661683,-114.521632544016,45.5676607687104,-117.797983669119,45.5065184740986,1.12496756505514,0.837702973393453,2023.51273540834,2023.8,A/chicken/Oregon/23-032327-001/2023|H5N1|USA-OR|2023-10-20|avian|B3.6,B36
692,335,0.121452509717657,-89.8964605643165,45.5358018182946,-92.548523472957,46.0535289679937,1.12496756505514,1.00351505533748,2023.67854749028,2023.8,A/chicken/Minnesota/23-032247-001/2023|H5N1|USA-MN|2023-10-20|avian|B3.6,B36
692,336,0.121452509717657,-89.8964605643165,45.5358018182946,-92.8101686444277,46.349155518897,1.12496756505514,1.00351505533748,2023.67854749028,2023.8,A/guinea_fowl/Minnesota/23-032247-002/2023|H5N1|USA-MN|2023-10-20|avian|B3.6,B36
1065,1066,0.00342864011222543,-119.652605270235,47.0712907548341,-119.642327251337,46.9272886314611,1.12711052020694,1.12368188009472,2023.79871431504,2023.80214295515,NA,B36
1065,1069,0.00389929325217109,-119.652605270235,47.0712907548341,-120.254853071835,47.3264123157735,1.12758117334689,1.12368188009472,2023.79871431504,2023.80261360829,NA,B36
762,186,0.279879815114236,-94.8426645240089,40.6083875893304,-93.5971822271682,41.3408127929745,1.12770729108249,0.847827475968257,2023.52285991091,2023.80273972603,A/green-winged_teal/Iowa/23-032693-002/2023|H5N1|USA-IA|2023-10-21|avian|B3.6,B36
884,142,0.193862225648572,-118.353432709147,42.047202597789,-120.304127963402,43.0490032444458,1.12770729108249,0.933845065433921,2023.60887750038,2023.80273972603,A/gadwall/Oregon/23-032795-038/2023|H5N1|USA-OR|2023-10-21|avian|B3.6,B36
716,414,0.173242973828473,-120.235653277294,39.3075877348835,-119.630654532081,42.580244639222,1.12770729108249,0.95446431725402,2023.6294967522,2023.80273972603,A/mallard/Oregon/23-032795-043/2023|H5N1|USA-OR|2023-10-21|avian|B3.6,B36
885,144,0.126400161393952,-119.618598058917,41.3792285415963,-120.274356100681,43.5991697800916,1.12770729108249,1.00130712968854,2023.67633956463,2023.80273972603,A/American_wigeon/Oregon/23-032795-008-original/2023|H5N1|USA-OR|2023-10-21|avian|B3.6,B36
220,14,0.120705614277542,-74.634110581996,39.6254225881508,-78.0515497706188,43.0318417186816,0.165677166423304,0.0449715521457621,2023.68203411175,2023.80273972603,A/green-winged_teal/New_York/23-033302-033-original/2023|H5N1|USA-NY|2023-10-21|avian|C2.1,C21
924,99,0.057984030509167,-116.204584972978,51.2020876168951,-120.02348636489,43.0125451230053,1.12770729108249,1.06972326057333,2023.74475569552,2023.80273972603,A/American_wigeon/Oregon/23-032795-007/2023|H5N1|USA-OR|2023-10-21|avian|B3.6,B36
836,837,0.021819577318996,-92.9440276742926,42.3453251595206,-93.9836137012609,42.5503472982128,1.12832539413541,1.10650581681641,2023.78153825176,2023.80335782908,NA,B36
1069,1070,0.00256863764554938,-120.254853071835,47.3264123157735,-119.640101972856,46.997365238998,1.13014981099244,1.12758117334689,2023.80261360829,2023.80518224594,NA,B36
882,110,0.279731092538087,-114.736112697655,42.2088914024663,-121.683539702363,38.4637839256127,1.13044701711008,0.850715924571992,2023.52574835952,2023.80547945205,A/American_wigeon/California/23-032991-005/2023|H5N1|USA-CA|2023-10-22|avian|B3.6,B36
1022,304,0.268777516434662,-99.697894420613,43.1556604739528,-98.2813877924535,22.365070627681,1.13044701711008,0.861669500675416,2023.53670193562,2023.80547945205,A/avian/Veracruz/CENAPA-18079/2023|H5N1|Mexico|2023-10-22|avian|B3.6,B36
717,415,0.15788962335914,-119.968596368817,39.2609086376417,-121.963063493485,38.6828016378702,1.13044701711008,0.972557393750938,2023.6475898287,2023.80547945205,A/cinnamon_teal/California/23-032991-011/2023|H5N1|USA-CA|2023-10-22|avian|B3.6,B36
885,143,0.129139887421537,-119.618598058917,41.3792285415963,-120.453557952259,42.2550651874029,1.13044701711008,1.00130712968854,2023.67633956463,2023.80547945205,A/American_wigeon/Oregon/23-032793-005-original/2023|H5N1|USA-OR|2023-10-22|avian|B3.6,B36
715,412,0.115152873162484,-121.565310558008,39.4464698589141,-122.117680236561,38.6406439957857,1.13044701711008,1.01529414394759,2023.69032657889,2023.80547945205,A/northern_shoveler/California/23-032991-016/2023|H5N1|USA-CA|2023-10-22|avian|B3.6,B36
719,441,0.112628977842246,-121.132863102928,38.4321868595888,-121.617413636598,38.3854476297007,1.13044701711008,1.01781803926783,2023.69285047421,2023.80547945205,A/green-winged_teal/California/23-032991-030/2023|H5N1|USA-CA|2023-10-22|avian|B3.6,B36
922,98,0.110225064330311,-120.089729837578,43.458317350835,-120.150842756338,43.481245165099,1.13044701711008,1.02022195277977,2023.69525438772,2023.80547945205,A/pintail/Oregon/23-032793-020-original/2023|H5N1|USA-OR|2023-10-22|avian|B3.6,B36
894,146,0.0687689391910031,-121.575642678502,38.5453487707548,-121.543886098631,38.571234075838,1.13044701711008,1.06167807791908,2023.73671051286,2023.80547945205,A/American_wigeon/California/23-032991-003/2023|H5N1|USA-CA|2023-10-22|avian|B3.6,B36
894,147,0.0687689391910031,-121.575642678502,38.5453487707548,-121.915496595632,38.6176432581805,1.13044701711008,1.06167807791908,2023.73671051286,2023.80547945205,A/American_wigeon/California/23-032991-008/2023|H5N1|USA-CA|2023-10-22|avian|B3.6,B36
843,235,0.0546098474895298,-93.0733291588093,41.3260516187846,-94.6342625971898,42.8497323503282,1.13044701711008,1.07583716962055,2023.75086960457,2023.80547945205,A/chicken/Iowa/23-032138-001/2023|H5N1|USA-IA|2023-10-22|avian|B3.6,B36
843,236,0.0546098474895298,-93.0733291588093,41.3260516187846,-94.6427488334105,42.7775516414033,1.13044701711008,1.07583716962055,2023.75086960457,2023.80547945205,A/chicken/Iowa/23-032138-002/2023|H5N1|USA-IA|2023-10-22|avian|B3.6,B36
671,498,0.0170921014295982,-94.8381217620895,42.6934650264267,-94.7022227122865,42.6581219217239,1.13044701711008,1.11335491568048,2023.78838735063,2023.80547945205,A/turkey/Iowa/23-032139-001/2023|H5N1|USA-IA|2023-10-22|avian|B3.6,B36
671,499,0.0170921014295982,-94.8381217620895,42.6934650264267,-94.6883968074183,42.6521693170835,1.13044701711008,1.11335491568048,2023.78838735063,2023.80547945205,A/turkey/Iowa/23-032139-002/2023|H5N1|USA-IA|2023-10-22|avian|B3.6,B36
603,377,0.00815102844764537,-97.0189969581677,44.6221464031992,-97.7673498385684,44.7127557095982,1.13044701711008,1.12229598866243,2023.79732842361,2023.80547945205,A/turkey/South_Dakota/23-032354-002/2023|H5N1|USA-SD|2023-10-22|avian|B3.6,B36
603,378,0.00815102844764537,-97.0189969581677,44.6221464031992,-97.5097788270528,44.7826595025701,1.13044701711008,1.12229598866243,2023.79732842361,2023.80547945205,A/turkey/South_Dakota/23-032354-001/2023|H5N1|USA-SD|2023-10-22|avian|B3.6,B36
564,565,0.140069661776547,-97.5001638474795,44.3950940306185,-99.6518837454963,45.8727586586878,1.13146963483965,0.991399973063108,2023.66643240801,2023.80650206978,NA,B36
779,780,0.00980506110149015,-95.0527453883271,45.2312088658067,-95.6391570590622,45.3092221717563,1.13195934629582,1.12215428519433,2023.79718672014,2023.80699178124,NA,B36
907,908,0.0505016899085127,-36.6493960037736,-54.4176209142741,-36.3724731501531,-53.6070503754034,1.7691081110574,1.71860642114889,2023.75752181944,2023.80802350935,NA,B32
1025,316,0.196926046277545,-96.4254852354067,44.6820001501336,-95.0755318892295,44.254942060177,1.13318674313744,0.936260696859891,2023.6112931318,2023.80821917808,A/chicken/Minnesota/23-032411-001/2023|H5N1|USA-MN|2023-10-23|avian|B3.6,B36
630,460,0.162318484552058,-93.3355104156812,45.6849282817344,-93.6567570609155,45.672199801502,1.13318674313744,0.970868258585378,2023.64590069353,2023.80821917808,A/redhead_duck/Minnesota/23-032692-005/2023|H5N1|USA-MN|2023-10-23|avian|B3.6,B36
1062,34,0.0839969821508959,-118.380771038308,47.665384027946,-119.289527382438,47.3716471249437,1.13318674313744,1.04918976098654,2023.72422219593,2023.80821917808,A/wood_duck/Washington/23-033636-003/2023|H5N1|USA-WA|2023-10-23|avian|B3.6,B36
777,205,0.0205143598002966,-94.1735169898103,45.2098501363227,-94.346112631893,45.1195019220797,1.13318674313744,1.11267238333714,2023.78770481828,2023.80821917808,A/turkey/Minnesota/23-032410-001/2023|H5N1|USA-MN|2023-10-23|avian|B3.6,B36
777,206,0.0205143598002966,-94.1735169898103,45.2098501363227,-94.6252354083884,44.9833006021651,1.13318674313744,1.11267238333714,2023.78770481828,2023.80821917808,A/turkey/Minnesota/23-032410-002/2023|H5N1|USA-MN|2023-10-23|avian|B3.6,B36
1070,32,0.00303693214499945,-119.640101972856,46.997365238998,-119.475102543721,47.0246771204298,1.13318674313744,1.13014981099244,2023.80518224594,2023.80821917808,A/mallard/Washington/23-033636-012/2023|H5N1|USA-WA|2023-10-23|avian|B3.6,B36
704,705,0.167486732553032,-94.7401444686778,44.9528460900559,-93.9161976617001,44.7920744323222,1.13355838416865,0.966071651615615,2023.64110408656,2023.80859081911,NA,B36
1066,1067,0.00741578109573116,-119.642327251337,46.9272886314611,-119.364537891779,47.1488532861846,1.13452630130267,1.12711052020694,2023.80214295515,2023.80955873625,NA,B36
1067,1068,0.000671601978093239,-119.364537891779,47.1488532861846,-119.299247300667,46.9579130465718,1.13519790328077,1.13452630130267,2023.80955873625,2023.81023033823,NA,B36
609,386,0.282338800641893,-96.5862865853434,39.7612884134639,-110.876228104637,32.2730072890063,1.13592646916479,0.853587668522901,2023.52862010347,2023.81095890411,A/king_vulture/Arizona/23-033233-001/2023|H5N1|Arizona|2023-10-24|avian|B3.6,B36
927,103,0.0283144943795821,-99.1482151779191,43.685800921013,-97.8597272877707,43.5873058937466,1.13592646916479,1.10761197478521,2023.78264440973,2023.81095890411,A/turkey/South_Dakota/23-032362-001/2023|H5N1|USA-SD|2023-10-24|avian|B3.6,B36
927,104,0.0283144943795821,-99.1482151779191,43.685800921013,-97.6324437241104,43.8335252792786,1.13592646916479,1.10761197478521,2023.78264440973,2023.81095890411,A/turkey/South_Dakota/23-032362-002/2023|H5N1|USA-SD|2023-10-24|avian|B3.6,B36
855,860,0.286799694320541,-115.12667063606,44.0025689596033,-93.5587446935354,36.0533553092094,1.13628891708069,0.849489222760152,2023.5245216577,2023.81132135203,NA,B36
1056,1057,0.154665825400966,-117.563199954072,46.6910128906456,-116.285821129342,42.2629773968714,1.13644707447491,0.98178124907394,2023.65681368402,2023.81147950942,NA,B36
1071,1072,0.0260476839118466,-119.82609548828,46.828368462101,-119.416030250901,47.1649002597413,1.13705574237719,1.11100805846534,2023.78604049341,2023.81208817732,NA,B36
879,131,0.286224029121737,-116.199183110376,43.9632769211594,-108.942090108229,29.6273521685665,1.13866619519215,0.852442166070414,2023.52747460102,2023.81369863014,A/chicken/Sonora/CENAPA-18486/2023|H5N1|Mexico|2023-10-25|avian|B3.6,B36
665,486,0.19534913835281,-96.5358088129354,40.367635781095,-121.536262265465,38.4103339086248,1.13866619519215,0.94331705683934,2023.61834949178,2023.81369863014,A/green-winged_teal/California/23-034302-012-original/2023|H5N1|USA-CA|2023-10-25|avian|B3.6,B36
744,442,0.158151579021489,-119.334057216518,39.1751448719719,-121.639032159353,38.562680107335,1.13866619519215,0.980514616170661,2023.65554705112,2023.81369863014,A/northern_shoveler/California/23-034302-025-original/2023|H5N1|USA-CA|2023-10-25|avian|B3.6,B36
621,452,0.122297107308827,-118.209312736322,40.0327312204971,-122.081801424461,38.6207733026462,1.13866619519215,1.01636908788332,2023.69140152283,2023.81369863014,A/American_wigeon/California/23-034302-009-original/2023|H5N1|USA-CA|2023-10-25|avian|B3.6,B36
1071,33,0.0276581367268063,-119.82609548828,46.828368462101,-119.810623706653,46.7804302736221,1.13866619519215,1.11100805846534,2023.78604049341,2023.81369863014,A/mallard/Washington/23-033638-008/2023|H5N1|USA-WA|2023-10-25|avian|B3.6,B36
1064,25,0.0151446771662744,-119.653079298377,47.0403819308725,-119.844216861177,47.0031217147719,1.13866619519215,1.12352151802588,2023.79855395297,2023.81369863014,A/mallard/Washington/23-033638-012/2023|H5N1|USA-WA|2023-10-25|avian|B3.6,B36
1066,30,0.0115556749852093,-119.642327251337,46.9272886314611,-119.650295435259,46.9640822984227,1.13866619519215,1.12711052020694,2023.80214295515,2023.81369863014,A/mallard/Washington/23-033638-010/2023|H5N1|USA-WA|2023-10-25|avian|B3.6,B36
1069,26,0.0110850218452638,-120.254853071835,47.3264123157735,-119.666024059945,47.0599221821491,1.13866619519215,1.12758117334689,2023.80261360829,2023.81369863014,A/mallard/Washington/23-033638-004/2023|H5N1|USA-WA|2023-10-25|avian|B3.6,B36
1070,29,0.00851638419971423,-119.640101972856,46.997365238998,-119.823016967137,47.0251158942331,1.13866619519215,1.13014981099244,2023.80518224594,2023.81369863014,A/mallard/Washington/23-033638-015/2023|H5N1|USA-WA|2023-10-25|avian|B3.6,B36
1067,23,0.00413989388947833,-119.364537891779,47.1488532861846,-119.154640464859,47.7967374419744,1.13866619519215,1.13452630130267,2023.80955873625,2023.81369863014,A/mallard/Washington/23-033638-003/2023|H5N1|USA-WA|2023-10-25|avian|B3.6,B36
1068,24,0.00346829191138509,-119.299247300667,46.9579130465718,-119.316272761548,46.9924227690242,1.13866619519215,1.13519790328077,2023.81023033823,2023.81369863014,A/mallard/Washington/23-033638-009/2023|H5N1|USA-WA|2023-10-25|avian|B3.6,B36
1068,31,0.00346829191138509,-119.299247300667,46.9579130465718,-119.900444792266,47.3032282967221,1.13866619519215,1.13519790328077,2023.81023033823,2023.81369863014,A/mallard/Washington/23-033638-002/2023|H5N1|USA-WA|2023-10-25|avian|B3.6,B36
1072,27,0.00161045281495964,-119.416030250901,47.1649002597413,-119.502154142809,47.1295825795502,1.13866619519215,1.13705574237719,2023.81208817732,2023.81369863014,A/mallard/Washington/23-033638-011/2023|H5N1|USA-WA|2023-10-25|avian|B3.6,B36
1072,28,0.00161045281495964,-119.416030250901,47.1649002597413,-119.689887737853,46.9793180855176,1.13866619519215,1.13705574237719,2023.81208817732,2023.81369863014,A/mallard/Washington/23-033638-013/2023|H5N1|USA-WA|2023-10-25|avian|B3.6,B36
722,723,0.0614025915685541,-120.338015801624,37.225286896161,-122.084945218022,37.592064563683,1.14086976240051,1.07946717083196,2023.75449960578,2023.81590219735,NA,B36
660,454,0.290060356974231,-95.9823061072784,41.1260636297128,-100.774236110273,21.2065831146845,1.14140592121951,0.851345564245277,2023.52637799919,2023.81643835616,A/avian/Guanajuato/CENAPA-18539/2023|H5N1|Mexico|2023-10-26|avian|B3.6,B36
307,308,0.11185259037414,-76.8409181547549,36.2587805974063,-77.9088769212823,36.1997543745941,0.180590753211109,0.0687381628369689,2023.70580072244,2023.81765331282,NA,C21
662,519,0.295656833657443,-95.8372557995773,40.273530468681,-93.6736801097794,29.9260568850218,1.14414564724687,0.848488813589422,2023.52352124853,2023.81917808219,A/greater_white-fronted_goose/Louisiana/W23-857B/2023|H5N1|USA-LA|2023-10-27|avian|B3.6,B36
947,38,0.292089557832664,-102.19967391761,39.9210471240353,-114.638121489524,43.5721263698005,1.14414564724687,0.852056089414201,2023.52708852436,2023.81917808219,A/gyrfalcon/Idaho/23-034082-001/2023|H5N1|USA-ID|2023-10-27|avian|B3.6,B36
703,523,0.29037461616007,-97.3113612787781,41.8814724236855,-98.3504309395392,43.5928238738777,1.14414564724687,0.853771031086795,2023.52880346603,2023.81917808219,A/gadwall/South_Dakota/23-033791-002-original/2023|H5N1|USA-SD|2023-10-27|avian|B3.6,B36
624,341,0.263514922563472,-96.8805851672516,40.1717807836203,-95.609347689294,35.8678094518239,1.14414564724687,0.880630724683394,2023.55566315963,2023.81917808219,A/chicken/Oklahoma/23-033090-001/2023|H5N1|USA-OK|2023-10-27|avian|B3.6,B36
564,394,0.152745674183757,-97.5001638474795,44.3950940306185,-93.0848324927945,29.927197184769,1.14414564724687,0.991399973063108,2023.66643240801,2023.81917808219,A/greater_white-fronted_goose/Louisiana/W23-857A/2023|H5N1|USA-LA|2023-10-27|avian|B3.6,B36
853,115,0.132300664340259,-93.4491698763428,42.9523003128024,-93.4609078230087,41.5065204868664,1.14414564724687,1.01184498290661,2023.68687741785,2023.81917808219,A/green-winged_teal/Iowa/23-034037-001-original/2023|H5N1|USA-IA|2023-10-27|avian|B3.6,B36
696,537,0.124387965713438,-99.2594571278172,41.5942440149992,-93.4349164119252,41.4315775027754,1.14414564724687,1.01975768153343,2023.69479011648,2023.81917808219,A/green-winged_teal/Iowa/23-034037-002-original/2023|H5N1|USA-IA|2023-10-27|avian|B3.6,B36
1050,8,0.0990023472500106,-94.6199460727802,40.916321751027,-93.553955288254,41.4824893948514,1.14414564724687,1.04514329999685,2023.72017573494,2023.81917808219,A/mallard/Iowa/23-034037-004-original/2023|H5N1|USA-IA|2023-10-27|avian|B3.6,B36
780,202,0.012186300951047,-95.6391570590622,45.3092221717563,-94.4584018495233,45.055454700815,1.14414564724687,1.13195934629582,2023.80699178124,2023.81917808219,A/turkey/Minnesota/23-033106-001/2023|H5N1|USA-MN|2023-10-27|avian|B3.6,B36
780,203,0.012186300951047,-95.6391570590622,45.3092221717563,-94.6224586705367,44.9811982656233,1.14414564724687,1.13195934629582,2023.80699178124,2023.81917808219,A/turkey/Minnesota/23-033106-002/2023|H5N1|USA-MN|2023-10-27|avian|B3.6,B36
660,661,0.293325666474872,-95.9823061072784,41.1260636297128,-89.8729231845737,38.6508475275408,1.14467123072015,0.851345564245277,2023.52637799919,2023.81970366566,NA,B36
705,706,0.0115226747218231,-93.9161976617001,44.7920744323222,-93.9271461155377,45.1356943178175,1.14508105889047,1.13355838416865,2023.80859081911,2023.82011349384,NA,B36
1028,1033,0.191795713092317,-97.2872895719167,45.7786562141883,-95.6259048263345,40.1076416315728,1.14634121042864,0.954545497336323,2023.62957793228,2023.82137364537,NA,B36
942,84,0.171876790257211,-98.8113952478216,44.5418682704037,-97.9776258751666,44.1136343420994,1.14688537327445,0.975008583017239,2023.65004101796,2023.82191780822,A/American_wigeon/South_Dakota/23-033792-006-original/2023|H5N1|USA-SD|2023-10-28|avian|B3.6,B36
872,140,0.138330994538337,-98.4648094492631,45.6926636025648,-89.6774364539753,38.868803488425,1.14688537327445,1.00855437873611,2023.68358681368,2023.82191780822,A/gadwall/Illinois/23-033983-044-original/2023|H5N1|USA-IL|2023-10-28|avian|B3.6,B36
573,489,0.0713908044307106,-92.0481170481994,38.4056404423061,-90.104892287042,38.9627411916264,1.14688537327445,1.07549456884374,2023.75052700379,2023.82191780822,A/northern_shoveler/Illinois/23-033983-049-original/2023|H5N1|USA-IL|2023-10-28|avian|B3.6,B36
693,337,0.0508433121242455,-97.2646463393378,44.5024221392317,-98.0681046036149,44.5972500014219,1.14688537327445,1.0960420611502,2023.7710744961,2023.82191780822,A/turkey/South_Dakota/23-033096-001/2023|H5N1|USA-SD|2023-10-28|avian|B3.6,B36
693,338,0.0508433121242455,-97.2646463393378,44.5024221392317,-98.6641839066856,44.6159320332516,1.14688537327445,1.0960420611502,2023.7710744961,2023.82191780822,A/turkey/South_Dakota/23-033096-002/2023|H5N1|USA-SD|2023-10-28|avian|B3.6,B36
778,201,0.0277726917298486,-94.7269623030011,45.1397071741352,-94.4457208130443,45.0740575502409,1.14688537327445,1.1191126815446,2023.79414511649,2023.82191780822,A/turkey/Minnesota/23-033304-002/2023|H5N1|USA-MN|2023-10-28|avian|B3.6,B36
779,204,0.0247310880801221,-95.0527453883271,45.2312088658067,-94.5363315605262,45.1067003184582,1.14688537327445,1.12215428519433,2023.79718672014,2023.82191780822,A/turkey/Minnesota/23-033304-001/2023|H5N1|USA-MN|2023-10-28|avian|B3.6,B36
661,516,0.00221414255430208,-89.8729231845737,38.6508475275408,-89.9350347196482,38.699249095302,1.14688537327445,1.14467123072015,2023.81970366566,2023.82191780822,A/ring-necked_duck/Illinois/23-033983-010-original/2023|H5N1|USA-IL|2023-10-28|avian|B3.6,B36
661,517,0.00221414255430208,-89.8729231845737,38.6508475275408,-90.0654006640554,38.793076350733,1.14688537327445,1.14467123072015,2023.81970366566,2023.82191780822,A/wood_duck/Illinois/23-033983-015-original/2023|H5N1|USA-IL|2023-10-28|avian|B3.6,B36
228,229,0.109436170906268,-75.8459052881676,39.1944328122054,-72.6615587235196,43.438653276984,0.184890517854344,0.075454346948076,2023.71251690655,2023.82195307746,NA,C21
704,707,0.181186829856952,-94.7401444686778,44.9528460900559,-94.9295026888144,44.6972768091563,1.14725848147257,0.966071651615615,2023.64110408656,2023.82229091642,NA,B36
707,708,0.000468847290176377,-94.9295026888144,44.6972768091563,-95.6265900335462,44.4977808075533,1.14772732876274,1.14725848147257,2023.82229091642,2023.82275976371,NA,B36
967,968,0.269934853881789,-103.169326072266,39.6861505828811,-93.7077753847716,42.4217937421095,1.14829802822161,0.878363174339822,2023.55339560928,2023.82333046317,NA,B36
772,773,0.187012865446302,-94.3404218804825,44.4316365585163,-97.3795549274544,46.5585129842318,1.14835958907346,0.961346723627159,2023.63637915857,2023.82339202402,NA,B36
908,909,0.0153781234447676,-36.3724731501531,-53.6070503754034,-35.6657347657386,-53.8892607615487,1.78448623450217,1.7691081110574,2023.80802350935,2023.82340163279,NA,B32
857,111,0.261005289580428,-110.22429353905,43.0540916734794,-90.6208572385073,39.0077481465528,1.14962509930181,0.888619809721379,2023.56365224467,2023.82465753425,A/gadwall/Illinois/23-033982-067-original/2023|H5N1|USA-IL|2023-10-29|avian|B3.6,B36
853,118,0.137780116395201,-93.4491698763428,42.9523003128024,-90.6101396944994,39.3033920298242,1.14962509930181,1.01184498290661,2023.68687741785,2023.82465753425,A/gadwall/Illinois/23-033982-069-original/2023|H5N1|USA-IL|2023-10-29|avian|B3.6,B36
916,917,0.222522281670681,-36.4247540522736,-52.4214891478233,-36.1883904979975,-54.0409683711756,1.78594597409997,1.56342369242929,2023.60233909072,2023.82486137239,NA,B32
604,605,0.303731575756175,-96.2370998303496,39.6892418063957,-94.9809826293487,45.0176570007729,1.15152602438475,0.847794448628574,2023.52282688357,2023.82655845933,NA,B36
866,867,0.0713483097369907,-121.507139305687,45.577425079455,-122.046546118554,44.992209861712,1.15182238180574,1.08047407206875,2023.75550650701,2023.82685481675,NA,B36
945,321,0.366773709651951,-69.1652827247716,-33.9955358272612,-57.8572918,-51.693946,1.78848186198514,1.42170815233319,2023.46062355062,2023.82739726027,A/Southern_fulmar/Falkland_Islands/133789/2023|H5N1|Falkland_Islands|2023-10-30|avian|B3.2,B32
1046,7,0.300085134915027,-104.717923172631,41.8721773257778,-105.578866777126,41.9779429297619,1.15236482532916,0.852279690414138,2023.52731212536,2023.82739726027,A/American_wigeon/Wyoming/23-033721-004/2023|H5N1|USA-WY|2023-10-30|avian|B3.6,B36
967,70,0.274001650989343,-103.169326072266,39.6861505828811,-94.9612989187357,42.6213300165598,1.15236482532916,0.878363174339822,2023.55339560928,2023.82739726027,A/turkey/Iowa/23-033286-001/2023|H5N1|USA-IA|2023-10-30|avian|B3.6,B36
921,265,0.143137827073132,-36.2605417687485,-54.4026843143373,-36.264802030112,-54.4006220555763,1.78848186198514,1.645344034912,2023.6842594332,2023.82739726027,A/Kelp_Gull/Hound_Bay/133747/2023|H5N1|SGSSI|2023-10-30|avian|B3.2,B32
921,266,0.143137827073132,-36.2605417687485,-54.4026843143373,-36.2536720026452,-54.3985090272301,1.78848186198514,1.645344034912,2023.6842594332,2023.82739726027,A/Brown_Skua/Hound_Bay/133947/2023|H5N1|SGSSI|2023-10-30|avian|B3.2,B32
919,260,0.0515344352811886,-37.2667937494812,-53.5598630372426,-36.2754224995117,-54.3942789668247,1.78848186198514,1.73694742670395,2023.77586282499,2023.82739726027,A/Kelp_Gull/Hound_Bay/133744/2023|H5N1|SGSSI|2023-10-30|avian|B3.2,B32
837,263,0.024039431193758,-93.9836137012609,42.5503472982128,-94.982989148451,43.0671714648969,1.15236482532916,1.12832539413541,2023.80335782908,2023.82739726027,A/mallard/Iowa/23-033661-002/2023|H5N1|USA-IA|2023-10-30|avian|B3.6,B36
860,119,0.0160759082484723,-93.5587446935354,36.0533553092094,-93.4822831227112,36.0857610558276,1.15236482532916,1.13628891708069,2023.81132135203,2023.82739726027,A/chicken/Arkansas/23-033113-001/2023|H5N1|Arkansas|2023-10-30|avian|B3.6,B36
860,120,0.0160759082484723,-93.5587446935354,36.0533553092094,-93.888116060739,35.7783420181257,1.15236482532916,1.13628891708069,2023.81132135203,2023.82739726027,A/chicken/Arkansas/23-033113-002/2023|H5N1|USA-AR|2023-10-30|avian|B3.6,B36
563,395,0.19535856513676,-98.3395106337634,44.7899637030796,-98.0891264613518,34.978235537796,1.15510455135652,0.959745986219763,2023.63477842116,2023.8301369863,A/guinea_fowl/Oklahoma/23-033516-001/2023|H5N1|USA-OK|2023-10-31|avian|B3.6,B36
914,269,0.189376281945588,-36.0548300253139,-54.5404683779572,-36.0681152231792,-54.5420010838222,1.79122158801249,1.60184530606691,2023.64076070436,2023.8301369863,A/Kelp_Gull/Moltke_Harbour/133754/2023|H5N1|SGSSI|2023-10-31|avian|B3.2,B32
914,268,0.189376281945588,-36.0548300253139,-54.5404683779572,-36.0639546726689,-54.5295963385882,1.79122158801249,1.60184530606691,2023.64076070436,2023.8301369863,A/Brown_Skua/Moltke_Harbour/133752/2023|H5N1|SGSSI|2023-10-31|avian|B3.2,B32
918,262,0.180820098916805,-36.2918288365706,-53.7572932712546,-36.1074481493426,-54.4999012422113,1.79122158801249,1.61040148909569,2023.64931688738,2023.8301369863,A/Brown_Skua/Moltke_Harbour/133755/2023|H5N1|SGSSI|2023-10-31|avian|B3.2,B32
705,526,0.0215461671878745,-93.9161976617001,44.7920744323222,-94.0318950823486,45.032498887122,1.15510455135652,1.13355838416865,2023.80859081911,2023.8301369863,A/chicken/Minnesota/23-033668-001/2023|H5N1|USA-MN|2023-10-31|avian|B3.6,B36
706,524,0.0100234924660512,-93.9271461155377,45.1356943178175,-94.1616208556469,45.1693132153528,1.15510455135652,1.14508105889047,2023.82011349384,2023.8301369863,A/chicken/Minnesota/23-033671-002/2023|H5N1|USA-MN|2023-10-31|avian|B3.6,B36
706,525,0.0100234924660512,-93.9271461155377,45.1356943178175,-93.9595511874737,45.1737032839828,1.15510455135652,1.14508105889047,2023.82011349384,2023.8301369863,A/chicken/Minnesota/23-033671-001/2023|H5N1|USA-MN|2023-10-31|avian|B3.6,B36
712,745,0.308460505281275,-93.0596357171517,44.6763263575871,-91.4966308330198,44.2724270696506,1.15782912812104,0.849368622839764,2023.52440105778,2023.83286156307,NA,B36
956,339,0.265506020136617,-58.2905687259913,-33.6342929743057,-64.818871,-42.597458,1.79396131403985,1.52845529390323,2023.56737069219,2023.83287671233,A/southern_elephant_seal/Argentina/CH-PM053/2023|H5N1|Argentina|2023-11-01|other_mammal|B3.2,B32
674,515,0.0962222200850689,-95.9924795090358,39.6841247237747,-97.5079549572653,37.6582286076716,1.15784427738388,1.06162205729881,2023.73665449224,2023.83287671233,A/wood_duck/Kansas/23-034999-001-original/2023|H5N1|USA-KS|2023-11-01|avian|B3.6,B36
708,709,0.0102457306456598,-95.6265900335462,44.4977808075533,-95.6070487330331,44.2843690381168,1.1579730594084,1.14772732876274,2023.82275976371,2023.83300549435,NA,B36
951,952,0.162835416447343,-100.565300526233,38.8220463840898,-96.3786931970439,36.8935435436915,1.1586689521306,0.995833535683255,2023.67086597063,2023.83370138708,NA,B36
700,701,0.305218860513308,-98.4581102116769,42.0427893910291,-98.9692547743989,45.8712306007719,1.15868942463751,0.853470564124201,2023.52850299907,2023.83372185958,NA,B36
852,854,0.171229379650496,-96.307449325658,44.1855538600724,-95.1151631315312,45.1973448650581,1.15932011697151,0.988090737321015,2023.66312317227,2023.83435255192,NA,B36
655,656,0.240491171013596,-105.000790470714,41.6348187022933,-102.959528106307,42.9383097468582,1.15940903021265,0.918917859199057,2023.59395029414,2023.83444146516,NA,B36
1058,1059,0.0635144618737806,-122.028834279855,50.5740728744211,-123.885164814358,52.8120256279235,1.15963462358622,1.09612016171244,2023.77115259666,2023.83466705853,NA,B36
923,926,0.126605440197792,-116.114229683794,50.8163302100355,-117.820733817329,50.2839558244074,1.15991302199268,1.03330758179489,2023.70834001674,2023.83494545694,NA,B36
355,356,0.0923269732925434,-72.2069108169248,41.327032933858,-72.0851062955781,41.4793533478491,0.198126731969472,0.105799758676928,2023.74286231828,2023.83518929157,NA,C21
837,264,0.0322586092758301,-93.9836137012609,42.5503472982128,-95.2545758310641,42.977461936791,1.16058400341124,1.12832539413541,2023.80335782908,2023.83561643836,A/domestic_duck/Iowa/23-033840-003/2023|H5N1|USA-IA|2023-11-02|avian|B3.6,B36
968,68,0.0122859751896265,-93.7077753847716,42.4217937421095,-93.7073952845216,42.4218326916574,1.16058400341124,1.14829802822161,2023.82333046317,2023.83561643836,A/chicken/Iowa/23-033841-001/2023|H5N1|USA-IA|2023-11-02|avian|B3.6,B36
968,69,0.0122859751896265,-93.7077753847716,42.4217937421095,-93.588746155534,42.3243343895072,1.16058400341124,1.14829802822161,2023.82333046317,2023.83561643836,A/chicken/Iowa/23-033841-002/2023|H5N1|USA-IA|2023-11-02|avian|B3.6,B36
701,520,0.00189457877372767,-98.9692547743989,45.8712306007719,-98.939838554818,45.8674246184548,1.16058400341124,1.15868942463751,2023.83372185958,2023.83561643836,A/turkey/South_Dakota/23-033623-001/2023|H5N1|USA-SD|2023-11-02|avian|B3.6,B36
701,521,0.00189457877372767,-98.9692547743989,45.8712306007719,-98.9017219800432,45.9066267214025,1.16058400341124,1.15868942463751,2023.83372185958,2023.83561643836,A/turkey/South_Dakota/23-033623-002/2023|H5N1|USA-SD|2023-11-02|avian|B3.6,B36
926,95,0.000670981418558148,-117.820733817329,50.2839558244074,-118.005724894498,50.3008647397329,1.16058400341124,1.15991302199268,2023.83494545694,2023.83561643836,A/Cooper_s_Hawk/BC/AIVPHL-1370/2023|H5N1|Canada-BC|2023-11-02|avian|B3.6,B36
909,911,0.0125525017721695,-35.6657347657386,-53.8892607615487,-36.6755718347673,-54.0041174086899,1.79703873627434,1.78448623450217,2023.82340163279,2023.83595413456,NA,B32
867,868,0.0114360753265066,-122.046546118554,44.992209861712,-121.963372097602,45.1891833934079,1.16325845713225,1.15182238180574,2023.82685481675,2023.83829089208,NA,B36
623,339,0.309781582525154,-95.3975937131136,40.383221166345,-86.5905114801452,41.2401505197574,1.16332372943882,0.853542146913668,2023.52857458186,2023.83835616438,A/green-winged_teal/Indiana/23-034643-006-original/2023|H5N1|USA-IN|2023-11-03|avian|B3.6,B36
919,261,0.0624933393908456,-37.2667937494812,-53.5598630372426,-36.6345639,-54.2786831,1.79944076609479,1.73694742670395,2023.77586282499,2023.83835616438,A/Kelp_Gull/Harpon_Bay/133943/2023|H5N1|SGSSI|2023-11-03|avian|B3.2,B32
605,606,0.0118557129948542,-94.9809826293487,45.0176570007729,-95.0894014001343,45.0265513176123,1.1633817373796,1.15152602438475,2023.82655845933,2023.83841417232,NA,B36
940,941,0.161368597172494,-100.408175476093,42.8500272210444,-107.629510911863,38.6197058544745,1.16472411225647,1.00335551508397,2023.67838795003,2023.8397565472,NA,B36
773,774,0.0165122691798825,-97.3795549274544,46.5585129842318,-95.0773988832852,45.6762665373631,1.16487185825334,1.14835958907346,2023.82339202402,2023.8399042932,NA,B36
709,710,0.00767246028744317,-95.6070487330331,44.2843690381168,-95.3470202705691,44.5126444017005,1.16564551969585,1.1579730594084,2023.83300549435,2023.84067795464,NA,B36
684,453,0.314783867404035,-95.921242716738,40.5342103565152,-95.2018478592327,37.6652278470363,1.16606345546618,0.851279588062144,2023.52631202301,2023.84109589041,A/green-winged_teal/Kansas/23-035001-003-original/2023|H5N1|USA-KS|2023-11-04|avian|B3.6,B36
655,472,0.247145596267122,-105.000790470714,41.6348187022933,-122.703347101882,39.4929505400961,1.16606345546618,0.918917859199057,2023.59395029414,2023.84109589041,A/mallard/California/23-036805-002-original/2023|H5N1|USA-CA|2023-11-04|avian|B3.6,B36
561,562,0.194601959909684,-99.1914906865572,41.3872029440827,-99.1703961376011,38.6246398536599,1.1664629499881,0.971860990078412,2023.64689342502,2023.84149538493,NA,B36
868,869,0.00369508509181493,-121.963372097602,45.1891833934079,-121.859966381671,44.7414196590981,1.16695354222406,1.16325845713225,2023.83829089208,2023.84198597717,NA,B36
647,481,0.204777612169398,-94.6123810503822,45.167516544991,-90.1395719593851,36.910569801231,1.16880318149354,0.964025569324139,2023.63905800427,2023.84383561644,A/mallard/Missouri/23-034483-001-original/2023|H5N1|USA-MO|2023-11-05|avian|B3.6,B36
951,67,0.172969645810282,-100.565300526233,38.8220463840898,-105.728677744449,37.5767004463842,1.16880318149354,0.995833535683255,2023.67086597063,2023.84383561644,A/American_wigeon/Colorado/23-034259-003-original/2023|H5N1|USA-CO|2023-11-05|avian|B3.6,B36
922,97,0.14858122871377,-120.089729837578,43.458317350835,-119.67864678443,45.6324792866505,1.16880318149354,1.02022195277977,2023.69525438772,2023.84383561644,A/American_wigeon/Oregon/23-035568-002-original/2023|H5N1|USA-OR|2023-11-05|avian|B3.6,B36
773,200,0.0204435924200754,-97.3795549274544,46.5585129842318,-94.5647611293423,45.5662579059065,1.16880318149354,1.14835958907346,2023.82339202402,2023.84383561644,A/turkey/Minnesota/23-034013-002/2023|H5N1|USA-MN|2023-11-05|avian|B3.6,B36
774,199,0.00393132324019319,-95.0773988832852,45.6762665373631,-94.8728525641979,45.6102302020909,1.16880318149354,1.16487185825334,2023.8399042932,2023.84383561644,A/turkey/Minnesota/23-034013-001/2023|H5N1|USA-MN|2023-11-05|avian|B3.6,B36
562,408,0.00234023150544083,-99.1703961376011,38.6246398536599,-99.0792234754221,38.6167271449816,1.16880318149354,1.1664629499881,2023.84149538493,2023.84383561644,A/green-winged_teal/Kansas/23-035000-007-original/2023|H5N1|USA-KS|2023-11-05|avian|B3.6,B36
562,409,0.00234023150544083,-99.1703961376011,38.6246398536599,-99.088263514111,38.6455722515579,1.16880318149354,1.1664629499881,2023.84149538493,2023.84383561644,A/green-winged_teal/Kansas/23-035000-006-original/2023|H5N1|USA-KS|2023-11-05|avian|B3.6,B36
723,724,0.0280197250210206,-122.084945218022,37.592064563683,-123.336906114332,36.4397231905368,1.16888948742153,1.14086976240051,2023.81590219735,2023.84392192237,NA,B36
916,917,0.322189794343302,-102.756875382439,44.2280763497234,-111.275187868613,43.0834794769938,1.16951040352451,0.847320609181204,2023.52235304413,2023.84454283847,NA,B36
804,195,0.399005275967893,-101.091530226897,42.7012581398814,-97.0392778895966,32.458421991656,1.17154290752089,0.772537631553001,2023.4475700665,2023.84657534247,A/domestic_goose/Texas/23-034913-001/2023|H5N1|USA-TX|2023-11-06|avian|B3.6,B36
602,376,0.231317942104047,-107.61843602906,47.0653677591839,-109.771582543361,45.8772255329332,1.17154290752089,0.940224965416847,2023.61525740036,2023.84657534247,A/chicken/Montana/23-034345-002/2023|H5N1|USA-MT|2023-11-06|avian|B3.6,B36
714,411,0.209217315386342,-121.204803928587,39.4257865455649,-121.689829379111,44.011933097807,1.17154290752089,0.962325592134552,2023.63735802708,2023.84657534247,A/chicken/Oregon/23-034934-001/2023|H5N1|USA-OR|2023-11-06|avian|B3.6,B36
858,112,0.185851720950075,-97.9706288928501,44.5573937424466,-90.2922034993359,37.3144501761704,1.17154290752089,0.985691186570819,2023.66072362152,2023.84657534247,A/mallard/Missouri/23-034484-001-original/2023|H5N1|USA-MO|2023-11-06|avian|B3.6,B36
940,179,0.16818739243692,-100.408175476093,42.8500272210444,-111.29253837978,39.8872206069671,1.17154290752089,1.00335551508397,2023.67838795003,2023.84657534247,A/chicken/Utah/23-034218-001/2023|H5N1|USA-UT|2023-11-06|avian|B3.6,B36
889,107,0.141878099283751,-112.498065290383,49.0214583302909,-116.325963076667,50.8323013857904,1.17154290752089,1.02966480823714,2023.70469724318,2023.84657534247,A/American_Crow/BC/AIVPHL-1384/2023|H5N1|Canada-BC|2023-11-06|avian|B3.6,B36
865,128,0.109474940225305,-117.45937601887,44.316407711906,-122.847856762962,44.9406238618156,1.17154290752089,1.06206796729559,2023.73710040224,2023.84657534247,A/chicken/Oregon/23-034937-001/2023|H5N1|USA-OR|2023-11-06|avian|B3.6,B36
863,864,0.135213534154089,-117.186189876416,44.2778386386587,-121.889475837907,44.6583876581892,1.17158743140413,1.03637389725004,2023.7114063322,2023.84661986635,NA,B36
896,902,0.255476217384428,-47.0807234545846,-23.5766143553447,-46.256522564933,-23.8909579455007,1.8079003924845,1.55242417510008,2023.59133957339,2023.84681579077,NA,B32
1026,1027,0.222012279457672,-96.4037951459535,44.7212008139938,-99.2923340937971,45.9675254710375,1.17255761023554,0.950545330777867,2023.62557776572,2023.84759004518,NA,B36
1050,1051,0.128404713419914,-94.6199460727802,40.916321751027,-94.0877056871994,41.4144726825162,1.17354801341677,1.04514329999685,2023.72017573494,2023.84858044836,NA,B36
685,450,0.0930824402809787,-110.074782992224,46.3136371972725,-109.426808065422,46.5108948106643,1.17428263354825,1.08120019326727,2023.75623262821,2023.84931506849,A/chicken/Montana/23-034346-007/2023|H5N1|USA-MT|2023-11-07|avian|B3.6,B36
686,448,0.0524881568155671,-110.041022648763,46.3647306222989,-110.046355354851,46.3712230997908,1.17428263354825,1.12179447673268,2023.79682691168,2023.84931506849,A/chicken/Montana/23-034346-006/2023|H5N1|USA-MT|2023-11-07|avian|B3.6,B36
686,449,0.0524881568155671,-110.041022648763,46.3647306222989,-109.884220976907,46.2686215828265,1.17428263354825,1.12179447673268,2023.79682691168,2023.84931506849,A/chicken/Montana/23-034346-005/2023|H5N1|USA-MT|2023-11-07|avian|B3.6,B36
565,392,0.0428129987085968,-99.6518837454963,45.8727586586878,-99.459358327179,45.7817112448589,1.17428263354825,1.13146963483965,2023.80650206978,2023.84931506849,A/turkey/South_Dakota/23-034372-001/2023|H5N1|USA-SD|2023-11-07|avian|B3.6,B36
565,393,0.0428129987085968,-99.6518837454963,45.8727586586878,-98.8771890007558,45.6181204108194,1.17428263354825,1.13146963483965,2023.80650206978,2023.84931506849,A/turkey/South_Dakota/23-034372-002/2023|H5N1|USA-SD|2023-11-07|avian|B3.6,B36
707,531,0.0270241520756844,-94.9295026888144,44.6972768091563,-95.1027978448272,44.533525446476,1.17428263354825,1.14725848147257,2023.82229091642,2023.84931506849,A/turkey/Minnesota/23-034438-001/2023|H5N1|USA-MN|2023-11-07|avian|B3.6,B36
709,529,0.0163095741398482,-95.6070487330331,44.2843690381168,-95.4754749550343,44.28771103447,1.17428263354825,1.1579730594084,2023.83300549435,2023.84931506849,A/turkey/Minnesota/23-034438-002/2023|H5N1|USA-MN|2023-11-07|avian|B3.6,B36
854,116,0.01496251657674,-95.1151631315312,45.1973448650581,-97.086651455647,45.7678956357599,1.17428263354825,1.15932011697151,2023.83435255192,2023.84931506849,A/turkey/South_Dakota/23-034369-001/2023|H5N1|USA-SD|2023-11-07|avian|B3.6,B36
854,117,0.01496251657674,-95.1151631315312,45.1973448650581,-96.8332338023167,45.6644497060678,1.17428263354825,1.15932011697151,2023.83435255192,2023.84931506849,A/turkey/South_Dakota/23-034369-002/2023|H5N1|USA-SD|2023-11-07|avian|B3.6,B36
911,912,0.0136809635299635,-36.6755718347673,-54.0041174086899,-36.8846465252001,-53.8821342645469,1.81071969980431,1.79703873627434,2023.83595413456,2023.84963509809,NA,B32
572,490,0.289899611367043,-96.4760826210686,38.8174715173861,-96.2674383108548,38.3672775325717,1.17702235957584,0.887122748208793,2023.56215518315,2023.85205479452,A/red-tailed_hawk/Kansas/W23-889/2023|H5N1|USA-KS|2023-11-08|avian|B3.6,B36
907,278,0.0945329750829158,-36.6493960037736,-54.4176209142741,-36.4773607232521,-54.3066834911895,1.81313939623181,1.71860642114889,2023.75752181944,2023.85205479452,A/Kelp_Gull/Penguin_River/141234/2023|H5N1|SGSSI|2023-11-08|avian|B3.2,B32
669,502,0.0919886117441466,-91.6613725609708,37.8106501796616,-93.4741150029676,41.8144390373875,1.17702235957584,1.08503374783169,2023.76006618278,2023.85205479452,A/American_white_pelican/Iowa/23-034843-001/2023|H5N1|USA-IA|2023-11-08|avian|B3.6,B36
908,277,0.0440312851744031,-36.3724731501531,-53.6070503754034,-36.469076761682,-54.313366861587,1.81313939623181,1.7691081110574,2023.80802350935,2023.85205479452,A/Kelp_Gull/Penguin_River/141239/2023|H5N1|SGSSI|2023-11-08|avian|B3.2,B32
911,274,0.016100659957466,-36.6755718347673,-54.0041174086899,-36.4951622133962,-54.2792084988625,1.81313939623181,1.79703873627434,2023.83595413456,2023.85205479452,A/Brown_Skua/Penguin_River/141236/2023|H5N1|SGSSI|2023-11-08|avian|B3.2,B32
941,177,0.012298247319368,-107.629510911863,38.6197058544745,-107.556620257028,38.5627551598971,1.17702235957584,1.16472411225647,2023.8397565472,2023.85205479452,A/chicken/Colorado/23-034666-002/2023|H5N1|USA-CO|2023-11-08|avian|B3.6,B36
941,178,0.012298247319368,-107.629510911863,38.6197058544745,-107.762926667384,38.6354109639747,1.17702235957584,1.16472411225647,2023.8397565472,2023.85205479452,A/chicken/Colorado/23-034666-001/2023|H5N1|USA-CO|2023-11-08|avian|B3.6,B36
1027,317,0.00446474934029761,-99.2923340937971,45.9675254710375,-99.0616626101538,46.0395912312572,1.17702235957584,1.17255761023554,2023.84759004518,2023.85205479452,A/chicken/North_Dakota/23-034577-002/2023|H5N1|USA-ND|2023-11-08|avian|B3.6,B36
1027,318,0.00446474934029761,-99.2923340937971,45.9675254710375,-99.2943342874437,45.9621528301486,1.17702235957584,1.17255761023554,2023.84759004518,2023.85205479452,A/chicken/North_Dakota/23-034577-001/2023|H5N1|USA-ND|2023-11-08|avian|B3.6,B36
893,895,0.146332091409106,-121.555902615425,40.6669183989908,-123.744534347762,38.6384099908077,1.17707307254058,1.03074098113148,2023.70577341608,2023.85210550749,NA,B36
356,357,0.0172985351186867,-72.0851062955781,41.4793533478491,-71.4613935879187,42.261960850231,0.215425267088158,0.198126731969472,2023.83518929157,2023.85248782669,NA,C21
839,840,0.324005367718315,-100.637625727264,42.8114802379071,-99.1410653231186,45.2494770277304,1.1782023543684,0.854196986650087,2023.5292294216,2023.85323478931,NA,B36
1033,309,0.0334208751745539,-95.6259048263345,40.1076416315728,-94.7760211604091,40.7627086810315,1.17976208560319,1.14634121042864,2023.82137364537,2023.85479452055,A/chicken/Iowa/23-034842-001/2023|H5N1|USA-IA|2023-11-09|avian|B3.6,B36
1033,310,0.0334208751745539,-95.6259048263345,40.1076416315728,-94.8002231753432,40.8504862254543,1.17976208560319,1.14634121042864,2023.82137364537,2023.85479452055,A/chicken/Iowa/23-034842-002/2023|H5N1|USA-IA|2023-11-09|avian|B3.6,B36
917,82,0.0102516820786875,-111.275187868613,43.0834794769938,-112.464511974823,43.5746300214336,1.17976208560319,1.16951040352451,2023.84454283847,2023.85479452055,A/chicken/Idaho/23-034565-002/2023|H5N1|USA-ID|2023-11-09|avian|B3.6,B36
917,83,0.0102516820786875,-111.275187868613,43.0834794769938,-111.579393050926,43.1111571811628,1.17976208560319,1.16951040352451,2023.84454283847,2023.85479452055,A/chicken/Idaho/23-034565-001/2023|H5N1|USA-ID|2023-11-09|avian|B3.6,B36
801,234,0.347877224984977,-103.207573018047,42.6336124136416,-94.3960446849705,37.3017952262229,1.18250181163055,0.834624586645574,2023.50965702159,2023.85753424658,A/turkey/Missouri/23-034952-002/2023|H5N1|USA-MO|2023-11-10|avian|B3.6,B36
838,248,0.330992264849276,-100.545010150416,42.7011696765372,-93.4405597156339,43.0173964231746,1.18250181163055,0.851509546781275,2023.52654198173,2023.85753424658,A/chicken/Iowa/23-034847-001/2023|H5N1|USA-IA|2023-11-10|avian|B3.6,B36
758,190,0.33069978179023,-97.1646723229719,41.5721285647181,-93.196802430734,43.2191191867522,1.18250181163055,0.851802029840321,2023.52683446479,2023.85753424658,A/mallard/Iowa/23-038177-001-original/2023|H5N1|USA-IA|2023-11-10|avian|B3.6,B36
697,492,0.285283327667579,-96.3994056911912,42.8057352385765,-91.2455173885667,43.9624839066863,1.18250181163055,0.897218483962972,2023.57225091891,2023.85753424658,A/American_black_duck/Wisconsin/23-036678-012-original/2023|H5N1|USA-WI|2023-11-10|avian|B3.6,B36
978,39,0.231424481835015,-98.2584650485691,39.3491002457441,-91.134661095364,43.7601152532771,1.18250181163055,0.951077329795536,2023.62610976474,2023.85753424658,A/mallard/Wisconsin/23-036678-011-original/2023|H5N1|USA-WI|2023-11-10|avian|B3.6,B36
605,607,0.031221158118371,-94.9809826293487,45.0176570007729,-94.9468359410178,44.9885221863823,1.18274718250312,1.15152602438475,2023.82655845933,2023.85777961745,NA,B36
628,639,0.254226547932233,-98.5036505936516,42.9896516254119,-88.1379214740013,40.418120931155,1.1839168242093,0.929690276277064,2023.60472271122,2023.85894925915,NA,B36
321,390,0.149311557016391,-72.2947165514008,41.2974950028724,-75.7958150231598,38.6799730692989,0.222464337252755,0.0731527802363643,2023.71021533984,2023.85952689686,NA,C21
912,276,0.0106388745095747,-36.8846465252001,-53.8821342645469,-38.053151762403,-54.0079211990194,1.82135857431388,1.81071969980431,2023.84963509809,2023.8602739726,A/Brown_Skua/Bird_Island/141232/2023|H5N1|SGSSI|2023-11-11|avian|B3.2,B32
674,675,0.123797885517254,-95.9924795090358,39.6841247237747,-83.2975256045343,40.2055286947065,1.18541994281607,1.06162205729881,2023.73665449224,2023.86045237776,NA,B36
708,532,0.0402539349225224,-95.6265900335462,44.4977808075533,-95.5873217977421,44.422563616233,1.18798126368527,1.14772732876274,2023.82275976371,2023.86301369863,A/turkey/Minnesota/23-034899-002/2023|H5N1|USA-MN|2023-11-12|avian|B3.6,B36
606,381,0.0245995263056622,-95.0894014001343,45.0265513176123,-95.0363307105704,44.9689594494593,1.18798126368527,1.1633817373796,2023.83841417232,2023.86301369863,A/turkey/Minnesota/23-034904-001/2023|H5N1|USA-MN|2023-11-12|avian|B3.6,B36
710,530,0.0223357439894192,-95.3470202705691,44.5126444017005,-95.5889138191864,44.3534983372601,1.18798126368527,1.16564551969585,2023.84067795464,2023.86301369863,A/turkey/Minnesota/23-034899-001/2023|H5N1|USA-MN|2023-11-12|avian|B3.6,B36
607,380,0.00523408118214541,-94.9468359410178,44.9885221863823,-94.9389920095192,44.9942524500313,1.18798126368527,1.18274718250312,2023.85777961745,2023.86301369863,A/turkey/Minnesota/23-034904-002/2023|H5N1|USA-MN|2023-11-12|avian|B3.6,B36
647,648,0.224583830339021,-94.6123810503822,45.167516544991,-95.5320870013478,44.8088592708315,1.18860939966316,0.964025569324139,2023.63905800427,2023.86364183461,NA,B36
774,775,0.023776743799333,-95.0773988832852,45.6762665373631,-94.4527141030978,45.4260058172708,1.18864860205268,1.16487185825334,2023.8399042932,2023.863681037,NA,B36
675,676,0.00387306874918547,-83.2975256045343,40.2055286947065,-83.3470969300571,40.4569045047677,1.18929301156525,1.18541994281607,2023.86045237776,2023.86432544651,NA,B36
580,581,0.247571422638663,-95.7224630034064,42.2484245806685,-95.549033128685,45.9518736592509,1.19016947108155,0.942598048442891,2023.61763048339,2023.86520190603,NA,B36
620,485,0.338705714347661,-97.4886075158175,39.8773971321855,-122.256246631357,49.1874964345889,1.19072098971262,0.852015275364963,2023.52704771031,2023.86575342466,A/Cooper_s_Hawk/BC/AIVPHL-1393/2023|H5N1|Canada-BC|2023-11-13|avian|B3.6,B36
1030,314,0.132685399405196,-97.5442717540125,45.7269563784176,-98.2682133182739,46.31512815569,1.19072098971262,1.05803559030743,2023.73306802525,2023.86575342466,A/turkey/North_Dakota/23-035082-001/2023|H5N1|USA-ND|2023-11-13|avian|B3.6,B36
1030,315,0.132685399405196,-97.5442717540125,45.7269563784176,-98.3718597600782,46.3727073338021,1.19072098971262,1.05803559030743,2023.73306802525,2023.86575342466,A/turkey/North_Dakota/23-035082-002/2023|H5N1|USA-ND|2023-11-13|avian|B3.6,B36
864,126,0.0191335583084946,-121.889475837907,44.6583876581892,-121.857582519306,44.649204724569,1.19072098971262,1.17158743140413,2023.84661986635,2023.86575342466,A/chicken/Oregon/23-035545-002/2023|H5N1|USA-OR|2023-11-13|avian|B3.6,B36
864,127,0.0191335583084946,-121.889475837907,44.6583876581892,-122.457942099003,44.7424568486812,1.19072098971262,1.17158743140413,2023.84661986635,2023.86575342466,A/chicken/Oregon/23-035545-001/2023|H5N1|USA-OR|2023-11-13|avian|B3.6,B36
1052,13,0.370769499474441,-113.754781004255,45.7520294663398,-100.261816587824,45.4165072248318,1.19346071574021,0.822691216265766,2023.49772365121,2023.86849315069,A/chicken/South_Dakota/23-035815-001/2023|H5N1|USA-SD|2023-11-14|avian|B3.6,B36
893,290,0.364497302171608,-47.890399456337,-26.5923887043479,-48.533333,-25.816667,1.82957775239618,1.46508045022457,2023.50399584851,2023.86849315069,A/Thalasseus_acuflavidus/Parana/2277-N/2023|H5N1|Brazil|2023-11-14|avian|B3.2,B32
1061,35,0.29694322820283,-119.703370229308,49.0415108987828,-120.603393667535,49.3510143168351,1.19346071574021,0.896517487537378,2023.57154992248,2023.86849315069,A/Canada_Goose/BC/AIVPHL-1395/2023|H5N1|Canada-BC|2023-11-14|avian|B3.6,B36
702,533,0.19625818203598,-98.3876309273087,42.065062150851,-108.158147892361,36.5591769554608,1.19346071574021,0.997202533704228,2023.67223496865,2023.86849315069,A/chicken/New_Mexico/23-036561-001/2023|H5N1|USA-NM|2023-11-14|avian|B3.6,B36
553,403,0.191229747989417,-81.2914466769844,27.6635395757532,-80.4183106221967,27.4306970589765,1.19346071574021,1.00223096775079,2023.6772634027,2023.86849315069,A/domestic_goose/Florida/23-035656-001/2023|H5N1|USA-FL|2023-11-14|avian|B3.6,B36
621,451,0.177091627856885,-118.209312736322,40.0327312204971,-122.232321049874,50.7438284562382,1.19346071574021,1.01636908788332,2023.69140152283,2023.86849315069,A/Cackling_Goose/BC/AIVPHL-1404/2023|H5N1|Canada-BC|2023-11-14|avian|B3.6,B36
866,129,0.112986643671456,-121.507139305687,45.577425079455,-119.042414863684,49.9306025793454,1.19346071574021,1.08047407206875,2023.75550650701,2023.86849315069,A/Cackling_Goose/BC/AIVPHL-1412/2023|H5N1|Canada-BC|2023-11-14|avian|B3.6,B36
1058,19,0.0973405540277636,-122.028834279855,50.5740728744211,-124.889571004074,52.7834825174378,1.19346071574021,1.09612016171244,2023.77115259666,2023.86849315069,A/Canada_Goose/BC/AIVPHL-1402/2023|H5N1|Canada-BC|2023-11-14|avian|B3.6,B36
867,123,0.0416383339344646,-122.046546118554,44.992209861712,-121.988407268316,44.8732589820156,1.19346071574021,1.15182238180574,2023.82685481675,2023.86849315069,A/chicken/Oregon/23-035544-001/2023|H5N1|USA-OR|2023-11-14|avian|B3.6,B36
1059,16,0.033826092153983,-123.885164814358,52.8120256279235,-126.368687788313,55.0571035556141,1.19346071574021,1.15963462358622,2023.83466705853,2023.86849315069,A/Canada_Goose/BC/AIVPHL-1401/2023|H5N1|Canada-BC|2023-11-14|avian|B3.6,B36
868,122,0.0302022586079582,-121.963372097602,45.1891833934079,-122.127811507297,44.7549872850912,1.19346071574021,1.16325845713225,2023.83829089208,2023.86849315069,A/chicken/Oregon/23-035544-005/2023|H5N1|USA-OR|2023-11-14|avian|B3.6,B36
869,125,0.0265071735161433,-121.859966381671,44.7414196590981,-122.767007271417,44.816207185096,1.19346071574021,1.16695354222406,2023.84198597717,2023.86849315069,A/chicken/Oregon/23-035544-002/2023|H5N1|USA-OR|2023-11-14|avian|B3.6,B36
869,124,0.0265071735161433,-121.859966381671,44.7414196590981,-122.040139197029,44.775148434105,1.19346071574021,1.16695354222406,2023.84198597717,2023.86849315069,A/chicken/Oregon/23-035544-004/2023|H5N1|USA-OR|2023-11-14|avian|B3.6,B36
1051,9,0.0199127023234396,-94.0877056871994,41.4144726825162,-92.0595141990775,41.9943106860858,1.19346071574021,1.17354801341677,2023.84858044836,2023.86849315069,A/chicken/Iowa/23-035546-001/2023|H5N1|USA-IA|2023-11-14|avian|B3.6,B36
1051,10,0.0199127023234396,-94.0877056871994,41.4144726825162,-91.8492029285529,42.0543358640867,1.19346071574021,1.17354801341677,2023.84858044836,2023.86849315069,A/chicken/Iowa/23-035546-002/2023|H5N1|USA-IA|2023-11-14|avian|B3.6,B36
775,197,0.00481211368753165,-94.4527141030978,45.4260058172708,-94.484952175496,45.4221139121618,1.19346071574021,1.18864860205268,2023.863681037,2023.86849315069,A/turkey/Minnesota/23-035616-001/2023|H5N1|USA-MN|2023-11-14|avian|B3.6,B36
775,198,0.00481211368753165,-94.4527141030978,45.4260058172708,-94.6414921931215,45.7018185880511,1.19346071574021,1.18864860205268,2023.863681037,2023.86849315069,A/turkey/Minnesota/23-035616-002/2023|H5N1|USA-MN|2023-11-14|avian|B3.6,B36
858,859,0.207853244806884,-97.9706288928501,44.5573937424466,-98.057964194824,44.9298256724345,1.1935444313777,0.985691186570819,2023.66072362152,2023.86857686632,NA,B36
648,649,0.00501556826353422,-95.5320870013478,44.8088592708315,-95.1973077911572,45.135238291938,1.19362496792669,1.18860939966316,2023.86364183461,2023.86865740287,NA,B36
895,897,0.0165992211764978,-123.744534347762,38.6384099908077,-124.05531958486,39.0823649443939,1.19367229371708,1.17707307254058,2023.85210550749,2023.86870472866,NA,B36
755,756,0.364338552324068,-96.6700159531195,41.2971550512349,-98.347678050948,44.2376166387752,1.19407381947359,0.829735267149521,2023.50476770209,2023.86910625442,NA,B36
720,721,0.121922807574297,-120.328575852701,37.2420684158221,-119.865528171853,36.5155960902896,1.19417845269313,1.07225564511884,2023.74728808006,2023.86921088764,NA,B36
745,746,0.0365366018046616,-91.4966308330198,44.2724270696506,-91.06735134094,44.266444369479,1.1943657299257,1.15782912812104,2023.83286156307,2023.86939816487,NA,B36
598,601,0.248348447445283,-87.4107144805592,43.0382739915153,-97.9435839386763,44.6955464661851,1.19451905567857,0.946170608233285,2023.62120304318,2023.86955149062,NA,B36
646,650,0.260943989340699,-94.6531023389246,43.0178920123456,-94.369822254562,44.1642288319502,1.19474461771817,0.933800628377475,2023.60883306332,2023.86977705266,NA,B36
296,300,0.178180244805262,-75.5251229187868,39.4356077869344,-76.2071932686443,37.4531930574273,0.232942307211514,0.0547620624062517,2023.69182462201,2023.87000486682,NA,C21
844,845,0.452131755145617,-99.9865083005384,42.1015740881089,-93.9114937897108,34.8296273558922,1.19607407630435,0.743942321158731,2023.4189747561,2023.87110651125,NA,B36
920,88,0.343393255119151,-100.134995234442,43.8036148578454,-81.5143431652308,30.4614603364032,1.19620044176757,0.852807186648414,2023.52783962159,2023.87123287671,A/chicken/Florida/23-035663-001/2023|H5N1|USA-FL|2023-11-15|avian|B3.6,B36
1008,303,0.19315964865399,-122.296551861311,38.7577595990735,-121.645753327055,38.5493753097509,1.19620044176757,1.00304079311358,2023.67807322806,2023.87123287671,A/northern_pintail/California/23-037849-010/2023|H5N1|USA-CA|2023-11-15|avian|B3.6,B36
656,473,0.0367914115549124,-102.959528106307,42.9383097468582,-103.68195215734,43.0896071280171,1.19620044176757,1.15940903021265,2023.83444146516,2023.87123287671,A/domestic_goose/South_Dakota/23-035811-003/2023|H5N1|USA-SD|2023-11-15|avian|B3.6,B36
656,474,0.0367914115549124,-102.959528106307,42.9383097468582,-103.963344894144,43.2627233526606,1.19620044176757,1.15940903021265,2023.83444146516,2023.87123287671,A/chicken/South_Dakota/23-035811-001/2023|H5N1|USA-SD|2023-11-15|avian|B3.6,B36
648,482,0.00759104210440587,-95.5320870013478,44.8088592708315,-95.5028689333419,45.2334884089564,1.19620044176757,1.18860939966316,2023.86364183461,2023.87123287671,A/turkey/Minnesota/23-035802-003/2023|H5N1|USA-MN|2023-11-15|avian|B3.6,B36
649,484,0.00257547384087164,-95.1973077911572,45.135238291938,-95.3708367540196,45.2886127086743,1.19620044176757,1.19362496792669,2023.86865740287,2023.87123287671,A/turkey/Minnesota/23-035802-001/2023|H5N1|USA-MN|2023-11-15|avian|B3.6,B36
649,483,0.00257547384087164,-95.1973077911572,45.135238291938,-95.3369470096098,45.2265020364627,1.19620044176757,1.19362496792669,2023.86865740287,2023.87123287671,A/turkey/Minnesota/23-035802-002/2023|H5N1|USA-MN|2023-11-15|avian|B3.6,B36
721,417,0.00202198907443174,-119.865528171853,36.5155960902896,-119.825443236251,36.5670545121382,1.19620044176757,1.19417845269313,2023.86921088764,2023.87123287671,A/domestic_duck/California/23-036543-002/2023|H5N1|USA-CA|2023-11-15|avian|B3.6,B36
721,418,0.00202198907443174,-119.865528171853,36.5155960902896,-119.958511833974,36.5247498660154,1.19620044176757,1.19417845269313,2023.86921088764,2023.87123287671,A/domestic_duck/California/23-036543-001/2023|H5N1|USA-CA|2023-11-15|avian|B3.6,B36
650,652,0.00154273539263849,-94.369822254562,44.1642288319502,-94.8424209490178,44.189105527163,1.19628735311081,1.19474461771817,2023.86977705266,2023.87131978806,NA,B36
411,413,0.131348762485922,-74.8736110269418,38.1642056060343,-80.7434905871289,28.9059293473268,0.235378308818701,0.104029546332778,2023.74109210594,2023.87244086842,NA,C21
631,636,0.180929401444429,-94.3993470193634,46.2436108595341,-92.0804240131424,45.4112488864914,1.19780008399112,1.01687068254669,2023.69190311749,2023.87283251894,NA,B36
761,182,0.344591892869419,-95.6254088507537,39.7863941796594,-97.5207193862834,45.2925829182992,1.19894016779492,0.854348274925504,2023.52938070987,2023.87397260274,A/chicken/South_Dakota/23-036549-001/2023|H5N1|USA-SD|2023-11-16|avian|B3.6,B36
840,259,0.0207378134265206,-99.1410653231186,45.2494770277304,-99.1499157096422,45.2538381778907,1.19894016779492,1.1782023543684,2023.85323478931,2023.87397260274,A/turkey/South_Dakota/23-036553-002/2023|H5N1|USA-SD|2023-11-16|avian|B3.6,B36
840,260,0.0207378134265206,-99.1410653231186,45.2494770277304,-99.3831796760777,45.3557732777884,1.19894016779492,1.1782023543684,2023.85323478931,2023.87397260274,A/turkey/South_Dakota/23-036553-001/2023|H5N1|USA-SD|2023-11-16|avian|B3.6,B36
390,171,0.014445705882978,-75.7958150231598,38.6799730692989,-75.9331652321851,38.7266383717488,0.236910043135733,0.222464337252755,2023.85952689686,2023.87397260274,A/chicken/Maryland/23-036719-001/2023|H5N1|USA-MD|2023-11-16|avian|C2.1,C21
710,711,0.0339036645166075,-95.3470202705691,44.5126444017005,-96.4329468651264,46.5243651974588,1.19954918421245,1.16564551969585,2023.84067795464,2023.87458161916,NA,B36
650,651,0.00582882545722208,-94.369822254562,44.1642288319502,-95.3545036078193,44.5255594876063,1.2005734431754,1.19474461771817,2023.86977705266,2023.87560587812,NA,B36
631,632,0.183835116428955,-94.3993470193634,46.2436108595341,-95.5226091107451,46.7114899848284,1.20070579897565,1.01687068254669,2023.69190311749,2023.87573823392,NA,B36
697,491,0.304461409859308,-96.3994056911912,42.8057352385765,-96.2792139050461,45.338718005765,1.20167989382228,0.897218483962972,2023.57225091891,2023.87671232877,A/turkey/Minnesota/23-036744-001/2023|H5N1|USA-MN|2023-11-17|avian|B3.6,B36
554,401,0.222504179006162,-80.3245286367275,27.6517058735856,-80.3791337579508,25.9843631991626,1.20167989382228,0.979175714816118,2023.65420814976,2023.87671232877,A/chicken/Florida/23-036761-002/2023|H5N1|USA-FL|2023-11-17|avian|B3.6,B36
952,64,0.043010941691682,-96.3786931970439,36.8935435436915,-95.8817786400291,36.6838943285128,1.20167989382228,1.1586689521306,2023.83370138708,2023.87671232877,A/gadwall/Oklahoma/23-038107-003-original/2023|H5N1|USA-OK|2023-11-17|avian|B3.6,B36
607,379,0.0189327113191597,-94.9468359410178,44.9885221863823,-94.7811837283815,45.1491142062515,1.20167989382228,1.18274718250312,2023.85777961745,2023.87671232877,A/turkey/Minnesota/23-036745-001/2023|H5N1|USA-MN|2023-11-17|avian|B3.6,B36
756,192,0.00760607434869076,-98.347678050948,44.2376166387752,-98.226629624088,44.2618357629172,1.20167989382228,1.19407381947359,2023.86910625442,2023.87671232877,A/turkey/South_Dakota/23-036674-001/2023|H5N1|USA-SD|2023-11-17|avian|B3.6,B36
601,355,0.00716083814371249,-97.9435839386763,44.6955464661851,-97.7068638236136,44.8572564146338,1.20167989382228,1.19451905567857,2023.86955149062,2023.87671232877,A/turkey/South_Dakota/23-036675-002/2023|H5N1|USA-SD|2023-11-17|avian|B3.6,B36
897,899,0.00805254676761713,-124.05531958486,39.0823649443939,-123.249244501876,38.8567876911524,1.2017248404847,1.19367229371708,2023.86870472866,2023.87675727543,NA,B36
676,677,0.0125694892214603,-83.3470969300571,40.4569045047677,-83.607949466213,40.5693825353092,1.20186250078671,1.18929301156525,2023.86432544651,2023.87689493573,NA,B36
791,792,0.0900619186519922,-126.123056109401,51.7451678305005,-126.611502504405,52.1320807903676,1.20234273372299,1.112280815071,2023.78731325002,2023.87737516867,NA,B36
952,953,0.0452155483557066,-96.3786931970439,36.8935435436915,-96.2724123201763,36.517064420956,1.2038845004863,1.1586689521306,2023.83370138708,2023.87891693543,NA,B36
956,966,0.350173229986171,-103.459204321918,40.0772626836517,-93.3364478606475,35.5395769319622,1.20392226299259,0.85374903300642,2023.52878146795,2023.87895469794,NA,B36
551,391,0.352093011131055,-99.4707669368932,41.8477184259371,-80.6130585398516,27.8921071449006,1.20441961984964,0.852326608718583,2023.52735904366,2023.87945205479,A/ring-necked_duck/Florida/23-038112-067-original/2023|H5N1|USA-FL|2023-11-18|avian|B3.6,B36
950,63,0.235548410558498,-99.6235452152051,39.0148499143222,-91.0644789226517,43.8387155764712,1.20441961984964,0.968871209291139,2023.64390364424,2023.87945205479,A/pintail/Wisconsin/23-037645-019-original/2023|H5N1|USA-WI|2023-11-18|avian|B3.6,B36
814,243,0.232657196803689,-108.638363340823,47.398036736085,-80.6873963640896,27.9320044085866,1.20441961984964,0.971762423045948,2023.64679485799,2023.87945205479,A/blue-winged_teal/Florida/23-038112-025-original/2023|H5N1|USA-FL|2023-11-18|avian|B3.6,B36
610,350,0.226072522867612,-99.4753469794587,38.5133563105148,-80.6914959338407,27.9899028250827,1.20441961984964,0.978347096982026,2023.65337953193,2023.87945205479,A/ring-necked_duck/Florida/23-038112-112-original/2023|H5N1|USA-FL|2023-11-18|avian|B3.6,B36
553,402,0.202188652098847,-81.2914466769844,27.6635395757532,-80.7005083624511,27.9906794263029,1.20441961984964,1.00223096775079,2023.6772634027,2023.87945205479,A/blue-winged_teal/Florida/23-038112-008-original/2023|H5N1|USA-FL|2023-11-18|avian|B3.6,B36
318,100,0.166793776484459,-76.7773607119247,36.7050138084001,-80.932315281053,28.5409561981913,0.242389495190448,0.0755957187059894,2023.71265827831,2023.87945205479,A/lesser_scaup/Florida/23-038112-015-original/2023|H5N1|USA-FL|2023-11-18|avian|C2.1,C21
555,399,0.106032169175798,-80.5404781574487,27.9479246043542,-80.619415899996,27.9417612047122,1.20441961984964,1.09838745067384,2023.77341988562,2023.87945205479,A/blue-winged_teal/Florida/23-038112-061-original/2023|H5N1|USA-FL|2023-11-18|avian|B3.6,B36
555,400,0.106032169175798,-80.5404781574487,27.9479246043542,-80.5575320943097,27.8653846226503,1.20441961984964,1.09838745067384,2023.77341988562,2023.87945205479,A/blue-winged_teal/Florida/23-038112-033-original/2023|H5N1|USA-FL|2023-11-18|avian|B3.6,B36
676,505,0.0151266082843873,-83.3470969300571,40.4569045047677,-83.3149908178417,40.2246810933216,1.20441961984964,1.18929301156525,2023.86432544651,2023.87945205479,A/chicken/Ohio/23-036779-001/2023|H5N1|USA-OH|2023-11-18|avian|B3.6,B36
859,113,0.0108751884719345,-98.057964194824,44.9298256724345,-97.9303322380927,45.0733702668932,1.20441961984964,1.1935444313777,2023.86857686632,2023.87945205479,A/turkey/South_Dakota/23-036676-002/2023|H5N1|USA-SD|2023-11-18|avian|B3.6,B36
601,354,0.00990056417106988,-97.9435839386763,44.6955464661851,-97.5979340818332,44.5885457115264,1.20441961984964,1.19451905567857,2023.86955149062,2023.87945205479,A/turkey/South_Dakota/23-036675-001/2023|H5N1|USA-SD|2023-11-18|avian|B3.6,B36
413,117,0.00701118637174758,-80.7434905871289,28.9059293473268,-80.8615091435663,28.6639334635436,0.242389495190448,0.235378308818701,2023.87244086842,2023.87945205479,A/blue-winged_teal/Florida/23-038112-097-original/2023|H5N1|USA-FL|2023-11-18|avian|C2.1,C21
413,118,0.00701118637174758,-80.7434905871289,28.9059293473268,-80.9111704925958,28.7324504529289,0.242389495190448,0.235378308818701,2023.87244086842,2023.87945205479,A/ring-necked_duck/Florida/23-038112-052-original/2023|H5N1|USA-FL|2023-11-18|avian|C2.1,C21
677,508,0.00255711906292699,-83.607949466213,40.5693825353092,-83.3027901337566,40.3783987950566,1.20441961984964,1.20186250078671,2023.87689493573,2023.87945205479,A/chicken/Ohio/23-036779-002/2023|H5N1|USA-OH|2023-11-18|avian|B3.6,B36
899,901,0.00285208073871224,-123.249244501876,38.8567876911524,-123.559035359381,38.6730488250211,1.20457692122341,1.2017248404847,2023.87675727543,2023.87960935617,NA,B36
670,672,0.171570572268332,-93.1799904178156,39.8546217692545,-97.2001386423481,44.4599144785312,1.20461643934381,1.03304586707548,2023.70807830202,2023.87964887429,NA,B36
895,896,0.0284549767420832,-123.744534347762,38.6384099908077,-122.344390746541,38.3280289039385,1.20552804928267,1.17707307254058,2023.85210550749,2023.88056048423,NA,B36
223,224,0.168967323318917,-75.6470522403011,39.3013483830381,-72.4596469645898,44.4977049337007,0.244263173116179,0.0752958497972616,2023.7123584094,2023.88132573272,NA,C21
897,898,0.0128820426922354,-124.05531958486,39.0823649443939,-123.218414852138,38.5542311988094,1.20655433640932,1.19367229371708,2023.86870472866,2023.88158677135,NA,B36
675,679,0.0215824407539473,-83.2975256045343,40.2055286947065,-85.2139152819665,40.0885523211985,1.20700238357001,1.18541994281607,2023.86045237776,2023.88203481851,NA,B36
836,265,0.100653529060584,-92.9440276742926,42.3453251595206,-84.1894440082697,31.946852258241,1.20715934587699,1.10650581681641,2023.78153825176,2023.88219178082,A/mallard/Georgia/23-036743-002-original/2023|H5N1|USA-GA|2023-11-19|avian|B3.6,B36
390,172,0.0226648839650502,-75.7958150231598,38.6799730692989,-75.7194986196135,38.7093561862511,0.245129221217806,0.222464337252755,2023.85952689686,2023.88219178082,A/chicken/Maryland/23-036657-001/2023|H5N1|USA-MD|2023-11-19|avian|C2.1,C21
756,191,0.0130855264034055,-98.347678050948,44.2376166387752,-98.6230794220413,44.2435729545152,1.20715934587699,1.19407381947359,2023.86910625442,2023.88219178082,A/turkey/South_Dakota/23-036674-002/2023|H5N1|USA-SD|2023-11-19|avian|B3.6,B36
652,480,0.0108719927661818,-94.8424209490178,44.189105527163,-94.6268992695885,44.1695900037752,1.20715934587699,1.19628735311081,2023.87131978806,2023.88219178082,A/turkey/Minnesota/23-036742-002/2023|H5N1|USA-MN|2023-11-19|avian|B3.6,B36
711,528,0.00761016166454054,-96.4329468651264,46.5243651974588,-95.7602577885204,46.6887197396165,1.20715934587699,1.19954918421245,2023.87458161916,2023.88219178082,A/turkey/Minnesota/23-036929-001/2023|H5N1|USA-MN|2023-11-19|avian|B3.6,B36
672,500,0.00254290653318501,-97.2001386423481,44.4599144785312,-97.2160014563635,44.4556597466674,1.20715934587699,1.20461643934381,2023.87964887429,2023.88219178082,A/turkey/South_Dakota/23-036673-001/2023|H5N1|USA-SD|2023-11-19|avian|B3.6,B36
672,501,0.00254290653318501,-97.2001386423481,44.4599144785312,-97.254373025454,44.4590458538883,1.20715934587699,1.20461643934381,2023.87964887429,2023.88219178082,A/turkey/South_Dakota/23-036673-002/2023|H5N1|USA-SD|2023-11-19|avian|B3.6,B36
971,973,0.181787522268449,-95.8063042918045,37.5619552724406,-93.9826236454256,36.1883763639778,1.20772936381995,1.0259418415515,2023.7009742765,2023.88276179876,NA,B36
812,816,0.277727100706606,-104.812460439959,47.5388513541709,-99.0570950609275,43.8356928379952,1.20827527676669,0.930548176060085,2023.605580611,2023.88330771171,NA,B36
356,360,0.0482826086258337,-72.0851062955781,41.4793533478491,-71.0398627379587,41.5486824528119,0.246409340595305,0.198126731969472,2023.83518929157,2023.8834719002,NA,C21
724,740,0.0406832942287327,-123.336906114332,36.4397231905368,-120.292980556244,37.5563892273316,1.20957278165027,1.16888948742153,2023.84392192237,2023.8846052166,NA,B36
619,518,0.35891142131507,-97.5106831577218,39.8733495774764,-122.152942172499,50.1754788184828,1.20989907190458,0.85098765058951,2023.52602008553,2023.88493150685,A/Dunlin/BC/AIVPHL-1429/2023|H5N1|Canada-BC|2023-11-20|avian|B3.6,B36
870,141,0.357397274511241,-116.514676340257,44.0218185873768,-96.1559558663995,30.7367061716786,1.20989907190458,0.852501797393338,2023.52753423234,2023.88493150685,A/chicken/Texas/23-036713-001/2023|H5N1|USA-TX|2023-11-20|avian|B3.6,B36
925,101,0.111842594087994,-116.198508636466,51.0536635285448,-119.505659437004,51.5146857097715,1.20989907190458,1.09805647781659,2023.77308891276,2023.88493150685,A/American_Wigeon/BC/AIVPHL-1421/2023|H5N1|Canada-BC|2023-11-20|avian|B3.6,B36
791,217,0.0976182568335808,-126.123056109401,51.7451678305005,-124.397084761814,55.5985934396587,1.20989907190458,1.112280815071,2023.78731325002,2023.88493150685,A/American_Crow/BC/AIVPHL-1424/2023|H5N1|Canada-BC|2023-11-20|avian|B3.6,B36
745,445,0.0520699437835406,-91.4966308330198,44.2724270696506,-91.2178831435773,44.2943229980845,1.20989907190458,1.15782912812104,2023.83286156307,2023.88493150685,A/turkey/Wisconsin/23-036896-001/2023|H5N1|USA-WI|2023-11-20|avian|B3.6,B36
859,114,0.0163546405268766,-98.057964194824,44.9298256724345,-97.5572900567466,44.9995398616242,1.20989907190458,1.1935444313777,2023.86857686632,2023.88493150685,A/turkey/South_Dakota/23-036676-001/2023|H5N1|USA-SD|2023-11-20|avian|B3.6,B36
746,444,0.0155333419788792,-91.06735134094,44.266444369479,-91.5385173487049,44.2220311017528,1.20989907190458,1.1943657299257,2023.86939816487,2023.88493150685,A/turkey/Wisconsin/23-036896-002/2023|H5N1|USA-WI|2023-11-20|avian|B3.6,B36
652,479,0.0136117187937665,-94.8424209490178,44.189105527163,-94.7417787037485,44.2291740233822,1.20989907190458,1.19628735311081,2023.87131978806,2023.88493150685,A/turkey/Minnesota/23-036742-003/2023|H5N1|USA-MN|2023-11-20|avian|B3.6,B36
792,219,0.00755633818158863,-126.611502504405,52.1320807903676,-126.54646000246,52.127837279383,1.20989907190458,1.20234273372299,2023.87737516867,2023.88493150685,A/American_Crow/BC/AIVPHL-1425/2023|H5N1|Canada-BC|2023-11-20|avian|B3.6,B36
816,239,0.00162379513788835,-99.0570950609275,43.8356928379952,-99.2159782809859,43.8887321787001,1.20989907190458,1.20827527676669,2023.88330771171,2023.88493150685,A/turkey/South_Dakota/23-036898-001/2023|H5N1|USA-SD|2023-11-20|avian|B3.6,B36
816,240,0.00162379513788835,-99.0570950609275,43.8356928379952,-99.2086972121875,43.7994266762486,1.20989907190458,1.20827527676669,2023.88330771171,2023.88493150685,A/turkey/South_Dakota/23-036898-002/2023|H5N1|USA-SD|2023-11-20|avian|B3.6,B36
724,725,0.0411685660374137,-123.336906114332,36.4397231905368,-121.348795024948,37.2131148317504,1.21005805345895,1.16888948742153,2023.84392192237,2023.8850904884,NA,B36
829,835,0.348620425706512,-102.057953874685,43.1225986797481,-93.412156526846,43.7994700765753,1.21050532364195,0.861884897935435,2023.53691733288,2023.88553775859,NA,B36
632,633,0.0103774002042298,-95.5226091107451,46.7114899848284,-95.3522355048153,46.7214997301545,1.21108319917988,1.20070579897565,2023.87573823392,2023.88611563412,NA,B36
973,976,0.00337962850992657,-93.9826236454256,36.1883763639778,-93.3963298608906,36.3019995433081,1.21110899232988,1.20772936381995,2023.88276179876,2023.88614142727,NA,B36
725,726,0.00236979435550078,-121.348795024948,37.2131148317504,-121.339217862212,37.2004313582614,1.21242784781445,1.21005805345895,2023.8850904884,2023.88746028276,NA,B36
901,902,0.00790644775381222,-123.559035359381,38.6730488250211,-122.786265263263,38.3156613521881,1.21248336897722,1.20457692122341,2023.87960935617,2023.88751580392,NA,B36
612,344,0.152086605037841,-92.4972459882271,38.5207522794337,-90.680428761862,30.4344054307855,1.21263879793194,1.0605521928941,2023.73558462784,2023.88767123288,A/Canada_goose/Louisiana/W23-902/2023|H5N1|USA-LA|2023-11-21|avian|B3.6,B36
606,382,0.0492570605523335,-95.0894014001343,45.0265513176123,-94.8212293763561,44.9110231507962,1.21263879793194,1.1633817373796,2023.83841417232,2023.88767123288,A/turkey/Minnesota/23-037039-001/2023|H5N1|USA-MN|2023-11-21|avian|B3.6,B36
632,459,0.0119329989562917,-95.5226091107451,46.7114899848284,-96.1858976912388,46.4279000911257,1.21263879793194,1.20070579897565,2023.87573823392,2023.88767123288,A/turkey/Minnesota/23-037040-001/2023|H5N1|USA-MN|2023-11-21|avian|B3.6,B36
953,65,0.00875429744563228,-96.2724123201763,36.517064420956,-95.9011268469338,36.640466857051,1.21263879793194,1.2038845004863,2023.87891693543,2023.88767123288,A/gadwall/Oklahoma/23-038104-008-original/2023|H5N1|USA-OK|2023-11-21|avian|B3.6,B36
953,66,0.00875429744563228,-96.2724123201763,36.517064420956,-95.9041470141988,36.5359784447931,1.21263879793194,1.2038845004863,2023.87891693543,2023.88767123288,A/gadwall/Oklahoma/23-038104-007-original/2023|H5N1|USA-OK|2023-11-21|avian|B3.6,B36
633,458,0.00155559875206213,-95.3522355048153,46.7214997301545,-96.0925864719144,46.5234573989173,1.21263879793194,1.21108319917988,2023.88611563412,2023.88767123288,A/turkey/Minnesota/23-037040-002/2023|H5N1|USA-MN|2023-11-21|avian|B3.6,B36
224,227,0.00702766637744512,-72.4596469645898,44.4977049337007,-72.6144488570282,44.6408177312552,0.251290839493624,0.244263173116179,2023.88132573272,2023.8883533991,NA,C21
902,903,0.00148223252474411,-122.786265263263,38.3156613521881,-121.687812487425,38.2124544230929,1.21396560150197,1.21248336897722,2023.88751580392,2023.88899803645,NA,B36
679,680,0.00754670822861292,-85.2139152819665,40.0885523211985,-84.9143009648948,39.8838012577479,1.21454909179863,1.20700238357001,2023.88203481851,2023.88958152674,NA,B36
645,653,0.2924385972202,-94.0644256712745,43.8731557270434,-91.2600785020945,44.3914010645033,1.21470186214187,0.922263264921668,2023.59729569987,2023.88973429709,NA,B36
636,637,0.017368336368828,-92.0804240131424,45.4112488864914,-92.0282625174132,45.3368085113772,1.21516842035995,1.19780008399112,2023.87283251894,2023.8902008553,NA,B36
973,974,0.00755064294220942,-93.9826236454256,36.1883763639778,-94.2193990624058,36.3700114063036,1.21528000676216,1.20772936381995,2023.88276179876,2023.89031244171,NA,B36
800,232,0.396888689176574,-102.049224020017,42.7400802983555,-96.4626781952444,43.2429508986682,1.21537852395929,0.81848983478272,2023.49352226973,2023.8904109589,A/chicken/Iowa/23-037208-002/2023|H5N1|USA-IA|2023-11-22|avian|B3.6,B36
832,270,0.137044379904679,-97.7809426365703,44.6774080829366,-96.9982142718561,41.6207530941548,1.21537852395929,1.07833414405462,2023.753366579,2023.8904109589,A/chicken/Nebraska/23-037257-001/2023|H5N1|USA-NE|2023-11-22|avian|B3.6,B36
898,150,0.00882418754997882,-123.218414852138,38.5542311988094,-122.86436409306,38.5822439892927,1.21537852395929,1.20655433640932,2023.88158677135,2023.8904109589,A/Pekin_duck/California/23-037131-001/2023|H5N1|USA-CA|2023-11-22|avian|B3.6,B36
898,168,0.00882418754997882,-123.218414852138,38.5542311988094,-123.204923930414,38.5511876393135,1.21537852395929,1.20655433640932,2023.88158677135,2023.8904109589,A/Pekin_duck/California/23-037131-002/2023|H5N1|USA-CA|2023-11-22|avian|B3.6,B36
835,266,0.00487320031734706,-93.412156526846,43.7994700765753,-93.483516838478,43.8127620394043,1.21537852395929,1.21050532364195,2023.88553775859,2023.8904109589,A/chicken/Minnesota/23-037030-002/2023|H5N1|USA-MN|2023-11-22|avian|B3.6,B36
835,267,0.00487320031734706,-93.412156526846,43.7994700765753,-93.0606934716707,43.7291344331648,1.21537852395929,1.21050532364195,2023.88553775859,2023.8904109589,A/chicken/Minnesota/23-037030-001/2023|H5N1|USA-MN|2023-11-22|avian|B3.6,B36
653,475,0.000676661817426538,-91.2600785020945,44.3914010645033,-91.3655200045498,44.5921348561231,1.21537852395929,1.21470186214187,2023.88973429709,2023.8904109589,A/turkey/Wisconsin/23-037129-002/2023|H5N1|USA-WI|2023-11-22|avian|B3.6,B36
653,476,0.000676661817426538,-91.2600785020945,44.3914010645033,-91.3331088165701,44.3932016277032,1.21537852395929,1.21470186214187,2023.88973429709,2023.8904109589,A/turkey/Wisconsin/23-037129-001/2023|H5N1|USA-WI|2023-11-22|avian|B3.6,B36
901,914,0.0114684556738187,-123.559035359381,38.6730488250211,-122.94965544348,38.6939837103922,1.21604537689723,1.20457692122341,2023.87960935617,2023.89107781184,NA,B36
740,742,0.00842421682888816,-120.292980556244,37.5563892273316,-120.860336441888,37.8150143152925,1.21799699847915,1.20957278165027,2023.8846052166,2023.89302943342,NA,B36
651,478,0.0175448068112551,-95.3545036078193,44.5255594876063,-95.0630178298501,44.2715053899959,1.21811824998665,1.2005734431754,2023.87560587812,2023.89315068493,A/turkey/Minnesota/23-037134-002/2023|H5N1|USA-MN|2023-11-23|avian|B3.6,B36
651,477,0.0175448068112551,-95.3545036078193,44.5255594876063,-94.5527326579184,44.2866042720935,1.21811824998665,1.2005734431754,2023.87560587812,2023.89315068493,A/turkey/Minnesota/23-037134-001/2023|H5N1|USA-MN|2023-11-23|avian|B3.6,B36
360,361,0.010544919695521,-71.0398627379587,41.5486824528119,-69.6000987293651,42.2101060564135,0.256954260290826,0.246409340595305,2023.8834719002,2023.8940168199,NA,C21
1024,1034,0.314410451724215,-99.5918231240688,43.3201871510009,-98.756700915368,45.6886429702239,1.2190311340333,0.904620682309089,2023.57965311725,2023.89406356898,NA,B36
825,826,0.3714133083004,-99.9770038231589,43.1603369572034,-98.7413429011641,38.5489193864667,1.21904612432794,0.847632816027536,2023.52266525097,2023.89407855927,NA,B36
746,747,0.0250411875857544,-91.06735134094,44.266444369479,-91.4051387155012,44.3198011444902,1.21940691751146,1.1943657299257,2023.86939816487,2023.89443935246,NA,B36
1031,1032,0.133241563682382,-95.9641319274907,45.4923676704707,-99.0225811364865,45.7863620179213,1.21968054355059,1.08643897986821,2023.76147141481,2023.8947129785,NA,B36
742,743,0.00172639000905428,-120.860336441888,37.8150143152925,-120.76204267726,37.362034453917,1.21972338848821,1.21799699847915,2023.89302943342,2023.89475582343,NA,B36
568,569,0.139037831945851,-99.7102090877333,42.8728271539652,-103.057300051806,37.7638033099662,1.21974308401274,1.08070525206689,2023.75573768701,2023.89477551896,NA,B36
581,357,0.0306885049324555,-95.549033128685,45.9518736592509,-95.4065762492539,45.9302747371222,1.22085797601401,1.19016947108155,2023.86520190603,2023.89589041096,A/turkey/Minnesota/23-037474-001/2023|H5N1|USA-MN|2023-11-24|avian|B3.6,B36
581,358,0.0306885049324555,-95.549033128685,45.9518736592509,-95.4964929144777,45.8457179814647,1.22085797601401,1.19016947108155,2023.86520190603,2023.89589041096,A/turkey/Minnesota/23-037474-002/2023|H5N1|USA-MN|2023-11-24|avian|B3.6,B36
711,527,0.0213087918015549,-96.4329468651264,46.5243651974588,-95.3737907534859,46.5299382433441,1.22085797601401,1.19954918421245,2023.87458161916,2023.89589041096,A/turkey/Minnesota/23-037473-001/2023|H5N1|USA-MN|2023-11-24|avian|B3.6,B36
1034,305,0.00182684198070548,-98.756700915368,45.6886429702239,-98.7312030730806,45.9191680894216,1.22085797601401,1.2190311340333,2023.89406356898,2023.89589041096,A/turkey/South_Dakota/23-037251-002/2023|H5N1|USA-SD|2023-11-24|avian|B3.6,B36
1034,306,0.00182684198070548,-98.756700915368,45.6886429702239,-99.0470752212978,45.8722296011844,1.22085797601401,1.2190311340333,2023.89406356898,2023.89589041096,A/turkey/South_Dakota/23-037251-001/2023|H5N1|USA-SD|2023-11-24|avian|B3.6,B36
747,446,0.00145105850255423,-91.4051387155012,44.3198011444902,-91.3730495631684,44.3172261747282,1.22085797601401,1.21940691751146,2023.89443935246,2023.89589041096,A/turkey/Wisconsin/23-037410-001/2023|H5N1|USA-WI|2023-11-24|avian|B3.6,B36
725,739,0.0109593891726254,-121.348795024948,37.2131148317504,-121.418570575671,37.3307347745789,1.22101744263157,1.21005805345895,2023.8850904884,2023.89604987758,NA,B36
989,990,0.370772044457882,-96.548504018954,42.3616509755874,-95.9132212138449,42.7359565593238,1.22138509896681,0.85061305450893,2023.52564548945,2023.89641753391,NA,B36
224,225,0.015215013404423,-72.4596469645898,44.4977049337007,-71.597882157752,44.6768760465936,0.259478186520602,0.244263173116179,2023.88132573272,2023.89654074612,NA,C21
909,910,0.0735083130845446,-35.6657347657386,-53.8892607615487,-36.5108696531722,-54.2853371879819,1.85799454758672,1.78448623450217,2023.82340163279,2023.89690994588,NA,B32
633,634,0.0117394191990376,-95.3522355048153,46.7214997301545,-95.3236672586712,46.7974909330847,1.22282261837891,1.21108319917988,2023.88611563412,2023.89785505332,NA,B36
981,79,0.366172985616385,-102.873484808783,39.9151810165519,-100.069688610768,46.0303568173164,1.22359770204159,0.857424716425209,2023.53245715137,2023.89863013699,A/chicken/North_Dakota/23-037267-001/2023|H5N1|USA-ND|2023-11-25|avian|B3.6,B36
559,405,0.288979440754652,-98.2205373378835,41.8831385067869,-80.8432752738684,28.6614977032307,1.22359770204159,0.934618261286942,2023.60965069623,2023.89863013699,A/green-winged_teal/Florida/23-038109-005-original/2023|H5N1|USA-FL|2023-11-25|avian|B3.6,B36
414,1,0.19248129073856,-76.4790705923434,36.2359666195126,-80.804199754171,28.2856182528588,0.261567577382405,0.0690862866438444,2023.70614884625,2023.89863013699,A/pintail/Florida/23-038109-023-original/2023|H5N1|USA-FL|2023-11-25|avian|C2.1,C21
611,349,0.183934807414964,-93.1405531508255,38.1376343880249,-80.9011179383652,28.5905913449529,1.22359770204159,1.03966289462663,2023.71469532957,2023.89863013699,A/ring-necked_duck/Florida/23-038109-032-original/2023|H5N1|USA-FL|2023-11-25|avian|B3.6,B36
669,503,0.138563954209904,-91.6613725609708,37.8106501796616,-80.8103282325797,28.514031883116,1.22359770204159,1.08503374783169,2023.76006618278,2023.89863013699,A/blue-winged_teal/Florida/23-038109-006-original/2023|H5N1|USA-FL|2023-11-25|avian|B3.6,B36
574,487,0.0995642704867194,-93.4834930364877,38.1839480001354,-80.9264249902859,33.0146947826738,1.22359770204159,1.12403343155487,2023.7990658665,2023.89863013699,A/green-winged_teal/South_Carolina/23-037736-010-original/2023|H5N1|USA-SC|2023-11-25|avian|B3.6,B36
574,488,0.0995642704867194,-93.4834930364877,38.1839480001354,-80.8367156269828,32.7514975606998,1.22359770204159,1.12403343155487,2023.7990658665,2023.89863013699,A/green-winged_teal/South_Carolina/23-037736-011-original/2023|H5N1|USA-SC|2023-11-25|avian|B3.6,B36
747,447,0.00419078453013899,-91.4051387155012,44.3198011444902,-91.4980424365468,44.529537359789,1.22359770204159,1.21940691751146,2023.89443935246,2023.89863013699,A/turkey/Wisconsin/23-037243-001/2023|H5N1|USA-WI|2023-11-25|avian|B3.6,B36
634,635,0.000892588543978778,-95.3236672586712,46.7974909330847,-95.7201906469381,46.7888856227427,1.22371520692289,1.22282261837891,2023.89785505332,2023.89874764187,NA,B36
899,900,0.0235991134319509,-123.249244501876,38.8567876911524,-123.075623930057,37.7804143628881,1.22532395391665,1.2017248404847,2023.87675727543,2023.90035638886,NA,B36
903,904,0.011520429325947,-121.687812487425,38.2124544230929,-122.556085975008,38.2643662113824,1.22548603082791,1.21396560150197,2023.88899803645,2023.90051846577,NA,B36
680,681,0.0111643112993702,-84.9143009648948,39.8838012577479,-84.7285247353014,40.1036004951782,1.225713403098,1.21454909179863,2023.88958152674,2023.90074583804,NA,B36
1036,1037,0.266731513530437,-98.1751410394227,42.7840139248863,-98.2070615338202,45.060858786058,1.22594769754288,0.959216184012448,2023.63424861896,2023.90098013249,NA,B36
971,972,0.200537523695783,-95.8063042918045,37.5619552724406,-104.023365781484,40.1574551222044,1.22647936524728,1.0259418415515,2023.7009742765,2023.90151180019,NA,B36
726,727,0.0156371060426999,-121.339217862212,37.2004313582614,-119.54541042965,36.9909123826757,1.22806495385715,1.21242784781445,2023.88746028276,2023.9030973888,NA,B36
679,683,0.0214216417675195,-85.2139152819665,40.0885523211985,-84.6226509184263,39.9737534049417,1.22842402533753,1.20700238357001,2023.88203481851,2023.90345646028,NA,B36
680,682,0.0140042668472455,-84.9143009648948,39.8838012577479,-84.4923358686608,39.9781851186509,1.22855335864587,1.21454909179863,2023.88958152674,2023.90358579359,NA,B36
882,145,0.378361229524317,-114.736112697655,42.2088914024663,-118.868904668054,51.5071726904636,1.22907715409631,0.850715924571992,2023.52574835952,2023.90410958904,A/Canada_Goose/BC/AIVPHL-1448/2023|H5N1|Canada-BC|2023-11-27|avian|B3.6,B36
976,44,0.0179681617664311,-93.3963298608906,36.3019995433081,-93.3904578766588,36.4567834389801,1.22907715409631,1.21110899232988,2023.88614142727,2023.90410958904,A/chicken/Arkansas/23-037422-001/2023|H5N1|Arkansas|2023-11-27|avian|B3.6,B36
976,45,0.0179681617664311,-93.3963298608906,36.3019995433081,-93.603409826407,36.3513019608602,1.22907715409631,1.21110899232988,2023.88614142727,2023.90410958904,A/chicken/Arkansas/23-037422-002/2023|H5N1|USA-AR|2023-11-27|avian|B3.6,B36
910,273,0.00719964316556343,-36.5108696531722,-54.2853371879819,-36.50872,-54.28349368,1.86519419075228,1.85799454758672,2023.89690994588,2023.90410958904,A/South_Georgia_Shag/King_Edward_Cove/141245/2023|H5N1|SGSSI|2023-11-27|avian|B3.2,B32
635,455,0.0053619471734172,-95.7201906469381,46.7888856227427,-95.6436450605252,46.8016115625251,1.22907715409631,1.22371520692289,2023.89874764187,2023.90410958904,A/turkey/Minnesota/23-037472-001/2023|H5N1|USA-MN|2023-11-27|avian|B3.6,B36
635,457,0.0053619471734172,-95.7201906469381,46.7888856227427,-96.0962126599034,46.7768324907887,1.22907715409631,1.22371520692289,2023.89874764187,2023.90410958904,A/turkey/Minnesota/23-037472-003/2023|H5N1|USA-MN|2023-11-27|avian|B3.6,B36
972,41,0.00259778884902384,-104.023365781484,40.1574551222044,-103.812830755342,40.2256102275417,1.22907715409631,1.22647936524728,2023.90151180019,2023.90410958904,A/chicken/Colorado/23-037463-001/2023|H5N1|USA-CO|2023-11-27|avian|B3.6,B36
972,42,0.00259778884902384,-104.023365781484,40.1574551222044,-104.093358086143,40.0044908937447,1.22907715409631,1.22647936524728,2023.90151180019,2023.90410958904,A/chicken/Colorado/23-037463-002/2023|H5N1|USA-CO|2023-11-27|avian|B3.6,B36
764,765,0.277301881313234,-98.4646111413492,40.1953905170225,-96.3518205408881,38.8816495775676,1.23003810102863,0.952736219715393,2023.62776865466,2023.90507053597,NA,B36
761,181,0.377468605198162,-95.6254088507537,39.7863941796594,-89.9219898261109,32.623320569224,1.23181688012367,0.854348274925504,2023.52938070987,2023.90684931507,A/snow_goose/Mississippi/23-038133-001-original/2023|H5N1|USA-MS|2023-11-28|avian|B3.6,B36
815,241,0.175958219895456,-112.046429512066,47.6906500823944,-112.250494976443,47.3670089771153,1.23181688012367,1.05585866022821,2023.73089109517,2023.90684931507,A/chicken/Montana/23-037612-002/2023|H5N1|USA-MT|2023-11-28|avian|B3.6,B36
902,155,0.0193335111464443,-122.786265263263,38.3156613521881,-122.892644522689,38.7580772491989,1.23181688012367,1.21248336897722,2023.88751580392,2023.90684931507,A/chicken/California/23-037680-001/2023|H5N1|USA-CA|2023-11-28|avian|B3.6,B36
903,156,0.0178512786217002,-121.687812487425,38.2124544230929,-122.730826026096,38.6340336657512,1.23181688012367,1.21396560150197,2023.88899803645,2023.90684931507,A/chicken/California/23-037680-002/2023|H5N1|USA-CA|2023-11-28|avian|B3.6,B36
974,43,0.0165368733615057,-94.2193990624058,36.3700114063036,-94.2249850951675,36.1693380920847,1.23181688012367,1.21528000676216,2023.89031244171,2023.90684931507,A/chicken/Arkansas/23-037636-002/2023|H5N1|Arkansas|2023-11-28|avian|B3.6,B36
914,153,0.0157715032264378,-122.94965544348,38.6939837103922,-122.989724294864,38.7752952426382,1.23181688012367,1.21604537689723,2023.89107781184,2023.90684931507,A/chicken/California/23-037848-001/2023|H5N1|USA-CA|2023-11-28|avian|B3.6,B36
914,154,0.0157715032264378,-122.94965544348,38.6939837103922,-122.550346686061,38.4968291381422,1.23181688012367,1.21604537689723,2023.89107781184,2023.90684931507,A/chicken/California/23-037848-002/2023|H5N1|USA-CA|2023-11-28|avian|B3.6,B36
569,396,0.0120737961109278,-103.057300051806,37.7638033099662,-103.376739895693,37.7243958833445,1.23181688012367,1.21974308401274,2023.89477551896,2023.90684931507,A/pheasant/Colorado/23-037672-002/2023|H5N1|USA-CO|2023-11-28|avian|B3.6,B36
569,397,0.0120737961109278,-103.057300051806,37.7638033099662,-103.265523174957,37.9318405991795,1.23181688012367,1.21974308401274,2023.89477551896,2023.90684931507,A/domestic_duck/Colorado/23-037672-001/2023|H5N1|USA-CO|2023-11-28|avian|B3.6,B36
677,678,0.0299650465626948,-83.607949466213,40.5693825353092,-83.7789080237447,40.5555375482262,1.23182754734941,1.20186250078671,2023.87689493573,2023.90685998229,NA,B36
833,268,0.263886381599647,-98.6675495798015,43.8481944208488,-96.8574686143373,43.5367718365926,1.23455660615102,0.970670224551377,2023.6457026595,2023.9095890411,A/chicken/South_Dakota/23-037627-001/2023|H5N1|USA-SD|2023-11-29|avian|B3.6,B36
949,61,0.181340089476263,-105.441892279706,37.8032419975143,-89.3552854820874,32.0178857316689,1.23455660615102,1.05321651667476,2023.72824895162,2023.9095890411,A/snow_goose/Mississippi/23-038132-001/2023|H5N1|USA-MS|2023-11-29|avian|B3.6,B36
949,62,0.181340089476263,-105.441892279706,37.8032419975143,-116.547670304218,43.369545093612,1.23455660615102,1.05321651667476,2023.72824895162,2023.9095890411,A/chicken/Idaho/23-037837-001/2023|H5N1|USA-ID|2023-11-29|avian|B3.6,B36
639,466,0.0506397819417264,-88.1379214740013,40.418120931155,-83.9756238550401,43.8764909030671,1.23455660615102,1.1839168242093,2023.85894925915,2023.9095890411,A/chicken/Michigan/23-037817-001/2023|H5N1|USA-MI|2023-11-29|avian|B3.6,B36
966,80,0.0306343431584328,-93.3364478606475,35.5395769319622,-93.3135815698649,35.5534265332961,1.23455660615102,1.20392226299259,2023.87895469794,2023.9095890411,A/chicken/Arkansas/23-037987-001/2023|H5N1|Arkansas|2023-11-29|avian|B3.6,B36
966,81,0.0306343431584328,-93.3364478606475,35.5395769319622,-93.4774234252933,35.5960715170958,1.23455660615102,1.20392226299259,2023.87895469794,2023.9095890411,A/chicken/Arkansas/23-037987-002/2023|H5N1|Arkansas|2023-11-29|avian|B3.6,B36
683,513,0.00613258081349155,-84.6226509184263,39.9737534049417,-84.5346908065371,39.9284619511324,1.23455660615102,1.22842402533753,2023.90345646028,2023.9095890411,A/turkey/Ohio/23-037782-001/2023|H5N1|USA-OH|2023-11-29|avian|B3.6,B36
683,514,0.00613258081349155,-84.6226509184263,39.9737534049417,-84.4885971271296,40.2881235840702,1.23455660615102,1.22842402533753,2023.90345646028,2023.9095890411,A/turkey/Ohio/23-037782-002/2023|H5N1|USA-OH|2023-11-29|avian|B3.6,B36
833,834,0.266190777806738,-98.6675495798015,43.8481944208488,-97.1958116354011,44.5899755705105,1.23686100235811,0.970670224551377,2023.6457026595,2023.9118934373,NA,B36
636,462,0.0394962481872614,-92.0804240131424,45.4112488864914,-91.9273537274333,45.2148182628832,1.23729633217838,1.19780008399112,2023.87283251894,2023.91232876712,A/turkey/Wisconsin/23-037959-002/2023|H5N1|USA-WI|2023-11-30|avian|B3.6,B36
637,461,0.0221279118184334,-92.0282625174132,45.3368085113772,-91.9814127340883,45.2115118715024,1.23729633217838,1.21516842035995,2023.8902008553,2023.91232876712,A/turkey/Wisconsin/23-037959-001/2023|H5N1|USA-WI|2023-11-30|avian|B3.6,B36
1032,311,0.0176157886277863,-99.0225811364865,45.7863620179213,-98.8230581787442,45.7076645171934,1.23729633217838,1.21968054355059,2023.8947129785,2023.91232876712,A/turkey/South_Dakota/23-037957-002/2023|H5N1|USA-SD|2023-11-30|avian|B3.6,B36
1032,312,0.0176157886277863,-99.0225811364865,45.7863620179213,-98.8891000318444,45.7957710482187,1.23729633217838,1.21968054355059,2023.8947129785,2023.91232876712,A/turkey/South_Dakota/23-037957-001/2023|H5N1|USA-SD|2023-11-30|avian|B3.6,B36
1010,1012,0.225731442751036,-120.704929866149,38.5566498785282,-119.945734840767,37.331385746481,1.23855346761344,1.0128220248624,2023.68785445981,2023.91358590256,NA,B36
727,734,0.0111618547234367,-119.54541042965,36.9909123826757,-120.675082967341,37.6982774207956,1.23922680858058,1.22806495385715,2023.9030973888,2023.91425924353,NA,B36
568,398,0.159330806139078,-99.7102090877333,42.8728271539652,-97.218865445175,44.488247567255,1.24003605820597,1.08070525206689,2023.75573768701,2023.91506849315,A/chicken/South_Dakota/23-038240-001/2023|H5N1|USA-SD|2023-12-01|avian|B3.6,B36
926,96,0.0801230362132868,-117.820733817329,50.2839558244074,-116.664345420164,51.1550695638776,1.24003605820597,1.15991302199268,2023.83494545694,2023.91506849315,A/American_Crow/BC/AIVPHL-1471/2023|H5N1|Canada-BC|2023-12-01|avian|B3.6,B36
792,218,0.0376933244829747,-126.611502504405,52.1320807903676,-120.938938962354,50.6566400856098,1.24003605820597,1.20234273372299,2023.87737516867,2023.91506849315,A/American_Crow/BC/AIVPHL-1469/2023|H5N1|Canada-BC|2023-12-01|avian|B3.6,B36
726,432,0.0276082103915174,-121.339217862212,37.2004313582614,-121.334849473914,37.255137406151,1.24003605820597,1.21242784781445,2023.88746028276,2023.91506849315,A/chicken/California/23-038158-005/2023|H5N1|USA-CA|2023-12-01|avian|B3.6,B36
739,433,0.0190186155743928,-121.418570575671,37.3307347745789,-121.092345895783,37.4321790865591,1.24003605820597,1.22101744263157,2023.89604987758,2023.91506849315,A/chicken/California/23-038158-003/2023|H5N1|USA-CA|2023-12-01|avian|B3.6,B36
739,434,0.0190186155743928,-121.418570575671,37.3307347745789,-121.402332452335,37.2247314227214,1.24003605820597,1.22101744263157,2023.89604987758,2023.91506849315,A/chicken/California/23-038158-001/2023|H5N1|USA-CA|2023-12-01|avian|B3.6,B36
361,362,0.0226879432820772,-69.6000987293651,42.2101060564135,-70.2265332512723,41.6599290758591,0.279642203572903,0.256954260290826,2023.8940168199,2023.91670476318,NA,C21
727,728,0.0140089668610668,-119.54541042965,36.9909123826757,-120.171244748236,37.4381911719652,1.24207392071821,1.22806495385715,2023.9030973888,2023.91710635566,NA,B36
637,638,0.0272619980882123,-92.0282625174132,45.3368085113772,-91.9304769740445,45.5739951594312,1.24243041844816,1.21516842035995,2023.8902008553,2023.91746285339,NA,B36
904,905,0.0171398504377269,-122.556085975008,38.2643662113824,-122.735529015099,38.4329821340628,1.24262588126564,1.22548603082791,2023.90051846577,2023.91765831621,NA,B36
935,105,0.408102068181561,-99.226626032,43.2609924017823,-118.710353835386,38.335406607095,1.24277578423332,0.834673716051763,2023.509706151,2023.91780821918,A/northern_shoveler/Nevada/23-039034-004-original/2023|H5N1|USA-NV|2023-12-02|avian|B3.6,B36
832,271,0.164441640178707,-97.7809426365703,44.6774080829366,-95.274466575314,46.1251407621589,1.24277578423332,1.07833414405462,2023.753366579,2023.91780821918,A/turkey/Minnesota/23-038114-001/2023|H5N1|USA-MN|2023-12-02|avian|B3.6,B36
742,439,0.0247787857541684,-120.860336441888,37.8150143152925,-120.864482199049,37.8271615738196,1.24277578423332,1.21799699847915,2023.89302943342,2023.91780821918,A/chicken/California/23-038157-001/2023|H5N1|USA-CA|2023-12-02|avian|B3.6,B36
743,438,0.0230523957451141,-120.76204267726,37.362034453917,-120.968483011685,37.415188902783,1.24277578423332,1.21972338848821,2023.89475582343,2023.91780821918,A/chicken/California/23-038157-005/2023|H5N1|USA-CA|2023-12-02|avian|B3.6,B36
743,435,0.0230523957451141,-120.76204267726,37.362034453917,-121.063781099435,37.5263614885458,1.24277578423332,1.21972338848821,2023.89475582343,2023.91780821918,A/chicken/California/23-038157-003/2023|H5N1|USA-CA|2023-12-02|avian|B3.6,B36
634,456,0.0199531658544105,-95.3236672586712,46.7974909330847,-95.1472775709172,46.6853063025931,1.24277578423332,1.22282261837891,2023.89785505332,2023.91780821918,A/turkey/Minnesota/23-038363-001/2023|H5N1|USA-MN|2023-12-02|avian|B3.6,B36
612,613,0.182263156894892,-92.4972459882271,38.5207522794337,-92.5047050147528,38.490426821992,1.24281534978899,1.0605521928941,2023.73558462784,2023.91784778473,NA,B36
402,403,0.205300626266007,-73.1725100406851,40.0645583588292,-76.3380319323663,36.56597364918,0.280786650014591,0.0754860237485837,2023.71254858335,2023.91784920962,NA,C21
308,309,0.101672883099136,-77.9088769212823,36.1997543745941,-80.3120316672645,34.1079460843234,0.282263636310245,0.180590753211109,2023.81765331282,2023.91932619591,NA,C21
904,167,0.0200294794327676,-122.556085975008,38.2643662113824,-122.573877844617,38.2626748401833,1.24551551026068,1.22548603082791,2023.90051846577,2023.92054794521,A/chicken/California/23-038356-002/2023|H5N1|USA-CA|2023-12-03|avian|B3.6,B36
1037,323,0.0195678127177956,-98.2070615338202,45.060858786058,-98.4488449548479,45.1883137878842,1.24551551026068,1.22594769754288,2023.90098013249,2023.92054794521,A/turkey/South_Dakota/23-038246-002/2023|H5N1|USA-SD|2023-12-03|avian|B3.6,B36
1037,324,0.0195678127177956,-98.2070615338202,45.060858786058,-98.165114966821,45.0182706141634,1.24551551026068,1.22594769754288,2023.90098013249,2023.92054794521,A/turkey/South_Dakota/23-038246-001/2023|H5N1|USA-SD|2023-12-03|avian|B3.6,B36
905,157,0.00288962899504042,-122.735529015099,38.4329821340628,-123.003885820145,38.556274572522,1.24551551026068,1.24262588126564,2023.91765831621,2023.92054794521,A/chicken/California/23-038356-001/2023|H5N1|USA-CA|2023-12-03|avian|B3.6,B36
905,906,0.0033503550110412,-122.735529015099,38.4329821340628,-122.807127646667,38.4152885972494,1.24597623627668,1.24262588126564,2023.91765831621,2023.92100867122,NA,B36
758,759,0.39429726276086,-97.1646723229719,41.5721285647181,-98.3837063891744,43.2664189874608,1.24609929260118,0.851802029840321,2023.52683446479,2023.92113172755,NA,B36
728,729,0.00472371409200445,-120.171244748236,37.4381911719652,-120.38071984162,36.7656263735867,1.24679763481022,1.24207392071821,2023.91710635566,2023.92183006976,NA,B36
1038,1041,0.282413466514706,-98.6863351037329,42.5243393006727,-98.0659497504411,38.3186677550255,1.24773042846619,0.965316961951483,2023.6403493969,2023.92276286341,NA,B36
702,534,0.25105270258381,-98.3876309273087,42.065062150851,-96.4482046861754,39.3997584573762,1.24825523628804,0.997202533704228,2023.67223496865,2023.92328767123,A/snow_goose/Kansas/W23-930A/2023|H5N1|USA-KS|2023-12-04|avian|B3.6,B36
889,106,0.218590428050895,-112.498065290383,49.0214583302909,-122.722075643483,50.7690857159384,1.24825523628804,1.02966480823714,2023.70469724318,2023.92328767123,A/Canada_Goose/BC/AIVPHL-1483/2023|H5N1|Canada-BC|2023-12-04|avian|B3.6,B36
1057,14,0.111808161813131,-116.285821129342,42.2629773968714,-96.0582703246256,39.4185685168299,1.24825523628804,1.13644707447491,2023.81147950942,2023.92328767123,A/snow_goose/Kansas/W23-930E/2023|H5N1|USA-KS|2023-12-04|avian|B3.6,B36
896,148,0.042727187005372,-122.344390746541,38.3280289039385,-122.695412056985,38.4501483604248,1.24825523628804,1.20552804928267,2023.88056048423,2023.92328767123,A/domestic_duck/California/23-038546-002-original/2023|H5N1|USA-CA|2023-12-04|avian|B3.6,B36
896,149,0.042727187005372,-122.344390746541,38.3280289039385,-122.414615257037,38.2109127297921,1.24825523628804,1.20552804928267,2023.88056048423,2023.92328767123,A/domestic_duck/California/23-038546-001-original/2023|H5N1|USA-CA|2023-12-04|avian|B3.6,B36
765,183,0.0182171352594112,-96.3518205408881,38.8816495775676,-95.939903057638,39.1585306456868,1.24825523628804,1.23003810102863,2023.90507053597,2023.92328767123,A/chicken/Kansas/23-038155-001/2023|H5N1|USA-KS|2023-12-04|avian|B3.6,B36
765,184,0.0182171352594112,-96.3518205408881,38.8816495775676,-95.8746438439522,38.9046224006763,1.24825523628804,1.23003810102863,2023.90507053597,2023.92328767123,A/chicken/Kansas/23-038155-002/2023|H5N1|USA-KS|2023-12-04|avian|B3.6,B36
834,272,0.0113942339299236,-97.1958116354011,44.5899755705105,-97.4740143236298,44.6271457908073,1.24825523628804,1.23686100235811,2023.9118934373,2023.92328767123,A/turkey/South_Dakota/23-038305-002/2023|H5N1|USA-SD|2023-12-04|avian|B3.6,B36
834,273,0.0113942339299236,-97.1958116354011,44.5899755705105,-97.482924076121,44.636904474232,1.24825523628804,1.23686100235811,2023.9118934373,2023.92328767123,A/turkey/South_Dakota/23-038305-001/2023|H5N1|USA-SD|2023-12-04|avian|B3.6,B36
740,741,0.0394399767489737,-120.292980556244,37.5563892273316,-121.290614777364,37.417982484992,1.24901275839924,1.20957278165027,2023.8846052166,2023.92404519334,NA,B36
974,975,0.0348377279819654,-94.2193990624058,36.3700114063036,-94.1964075067633,36.1523804454517,1.25011773474413,1.21528000676216,2023.89031244171,2023.92515016969,NA,B36
211,213,0.212891788253183,-70.7130988413433,41.4731575556126,-71.2535092072979,42.6050002680904,0.288126093191252,0.0752343049380694,2023.71229686454,2023.9251886528,NA,C21
623,340,0.397452815401728,-95.3975937131136,40.383221166345,-95.6547326992677,41.1211338280924,1.2509949623154,0.853542146913668,2023.52857458186,2023.92602739726,A/chicken/Iowa/23-038644-002-original/2023|H5N1|USA-IA|2023-12-05|avian|B3.6,B36
227,18,0.0376739981625819,-72.6144488570282,44.6408177312552,-72.5195564403924,44.8134989044898,0.288964837656206,0.251290839493624,2023.8883533991,2023.92602739726,A/chicken/Vermont/23-038532-001/2023|H5N1|USA-VT|2023-12-05|avian|C2.1,C21
227,19,0.0376739981625819,-72.6144488570282,44.6408177312552,-72.3183699544424,44.9026722739894,0.288964837656206,0.251290839493624,2023.8883533991,2023.92602739726,A/chicken/Vermont/23-038532-002/2023|H5N1|USA-VT|2023-12-05|avian|C2.1,C21
682,512,0.0224416036695245,-84.4923358686608,39.9781851186509,-84.6932064109992,40.1634413242191,1.2509949623154,1.22855335864587,2023.90358579359,2023.92602739726,A/turkey/Ohio/23-038540-002/2023|H5N1|USA-OH|2023-12-05|avian|B3.6,B36
682,511,0.0224416036695245,-84.4923358686608,39.9781851186509,-84.7592312014861,40.3001546888764,1.2509949623154,1.22855335864587,2023.90358579359,2023.92602739726,A/turkey/Ohio/23-038540-001/2023|H5N1|USA-OH|2023-12-05|avian|B3.6,B36
678,506,0.0191674149659897,-83.7789080237447,40.5555375482262,-83.678438291196,40.6187040108882,1.2509949623154,1.23182754734941,2023.90685998229,2023.92602739726,A/chicken/Ohio/23-038542-001-original/2023|H5N1|USA-OH|2023-12-05|avian|B3.6,B36
975,46,0.000877227571269401,-94.1964075067633,36.1523804454517,-93.7910628156495,36.0557094485278,1.2509949623154,1.25011773474413,2023.92515016969,2023.92602739726,A/turkey/Arkansas/23-038491-001/2023|H5N1|Arkansas|2023-12-05|avian|B3.6,B36
975,47,0.000877227571269401,-94.1964075067633,36.1523804454517,-93.5455335823199,36.1124280893484,1.2509949623154,1.25011773474413,2023.92515016969,2023.92602739726,A/turkey/Arkansas/23-038491-003/2023|H5N1|USA-AR|2023-12-05|avian|B3.6,B36
750,1016,0.576994070734795,-100.389219055811,43.0094848048307,-98.4727568016507,38.3625747039373,1.25237355388491,0.675379483150113,2023.3504119181,2023.92740598883,NA,B36
1041,1042,0.00491660310248898,-98.0659497504411,38.3186677550255,-97.7078180217064,37.7575568413664,1.25264703156868,1.24773042846619,2023.92276286341,2023.92767946651,NA,B36
807,817,0.410115513636288,-99.6472361366522,41.3195149959882,-101.970870224241,46.7466907873079,1.25338690269625,0.843271389059961,2023.518303824,2023.92841933764,NA,B36
906,907,0.00750560776631204,-122.807127646667,38.4152885972494,-123.221139487108,38.3861966497097,1.25348184404299,1.24597623627668,2023.92100867122,2023.92851427899,NA,B36
734,735,0.0144021087039052,-120.675082967341,37.6982774207956,-120.339883828123,37.9811021448004,1.25362891728449,1.23922680858058,2023.91425924353,2023.92866135223,NA,B36
892,169,0.244688775623545,-115.126579393581,42.054912580851,-122.328816152645,39.3858590788145,1.25373468834275,1.00904591271921,2023.68407834766,2023.92876712329,A/gadwall/California/23-039481-004-original/2023|H5N1|USA-CA|2023-12-06|avian|B3.6,B36
910,272,0.0318571774120073,-36.5108696531722,-54.2853371879819,-36.496137,-54.283859,1.88985172499872,1.85799454758672,2023.89690994588,2023.92876712329,A/Antarctic_tern/King_Edward_Point/141271/2023|H5N1|SGSSI|2023-12-06|avian|B3.2,B32
638,463,0.0113042698945929,-91.9304769740445,45.5739951594312,-91.8984498394171,45.6387228143559,1.25373468834275,1.24243041844816,2023.91746285339,2023.92876712329,A/turkey/Wisconsin/23-038683-002-original/2023|H5N1|USA-WI|2023-12-06|avian|B3.6,B36
638,464,0.0113042698945929,-91.9304769740445,45.5739951594312,-91.9302697765624,45.4851071195103,1.25373468834275,1.24243041844816,2023.91746285339,2023.92876712329,A/turkey/Wisconsin/23-038683-001-original/2023|H5N1|USA-WI|2023-12-06|avian|B3.6,B36
759,188,0.00763539574157202,-98.3837063891744,43.2664189874608,-98.8666727394497,43.3408508727507,1.25373468834275,1.24609929260118,2023.92113172755,2023.92876712329,A/turkey/South_Dakota/23-038677-002-original/2023|H5N1|USA-SD|2023-12-06|avian|B3.6,B36
759,189,0.00763539574157202,-98.3837063891744,43.2664189874608,-98.3043526510701,43.2503866916712,1.25373468834275,1.24609929260118,2023.92113172755,2023.92876712329,A/turkey/South_Dakota/23-038677-001-original/2023|H5N1|USA-SD|2023-12-06|avian|B3.6,B36
741,436,0.00472192994351239,-121.290614777364,37.417982484992,-121.31769740208,37.420235117409,1.25373468834275,1.24901275839924,2023.92404519334,2023.92876712329,A/chicken/California/23-038717-004-original/2023|H5N1|USA-CA|2023-12-06|avian|B3.6,B36
741,437,0.00472192994351239,-121.290614777364,37.417982484992,-121.200116605036,37.3754364332221,1.25373468834275,1.24901275839924,2023.92404519334,2023.92876712329,A/chicken/California/23-038717-005-original/2023|H5N1|USA-CA|2023-12-06|avian|B3.6,B36
1016,1017,0.00223015322174525,-98.4727568016507,38.3625747039373,-97.6504673789005,38.2715604841344,1.25460370710665,1.25237355388491,2023.92740598883,2023.92963614205,NA,B36
978,40,0.305397084574802,-98.2584650485691,39.3491002457441,-98.0257244174643,39.4753934774758,1.25647441437034,0.951077329795536,2023.62610976474,2023.93150684932,A/Rosss_goose/Kansas/W23-949B/2023|H5N1|USA-KS|2023-12-07|avian|B3.6,B36
666,497,0.297521349973604,-90.9356006415687,39.1814678533962,-90.2364483071954,38.7754745360859,1.25647441437034,0.958953064396733,2023.63398549934,2023.93150684932,A/domestic_goose/Missouri/23-039017-001-original/2023|H5N1|USA-MO|2023-12-07|avian|B3.6,B36
826,261,0.037428290042401,-98.7413429011641,38.5489193864667,-98.7427568119692,38.5608155663054,1.25647441437034,1.21904612432794,2023.89407855927,2023.93150684932,A/chicken/Kansas/23-038719-002-original/2023|H5N1|USA-KS|2023-12-07|avian|B3.6,B36
826,262,0.037428290042401,-98.7413429011641,38.5489193864667,-98.7033908486717,38.5294955031891,1.25647441437034,1.21904612432794,2023.89407855927,2023.93150684932,A/chicken/Kansas/23-038719-001-original/2023|H5N1|USA-KS|2023-12-07|avian|B3.6,B36
982,983,0.289439694100629,-103.03019752408,40.2228950422568,-117.335239247752,46.0214734958432,1.25787378821875,0.968434094118118,2023.64346652906,2023.93290622316,NA,B36
1042,1043,0.00627749375563846,-97.7078180217064,37.7575568413664,-98.2827950643152,38.1832213038042,1.25892452532432,1.25264703156868,2023.92767946651,2023.93395696027,NA,B36
1019,330,0.416511996363625,-100.210881578748,44.1333403648056,-97.2832174005832,43.9116877193494,1.25921414039769,0.84270214403407,2023.51773457898,2023.93424657534,A/turkey/South_Dakota/23-038978-001-original/2023|H5N1|USA-SD|2023-12-08|avian|B3.6,B36
1012,299,0.0206606727842558,-119.945734840767,37.331385746481,-121.116262826534,38.1079525093702,1.25921414039769,1.23855346761344,2023.91358590256,2023.93424657534,A/Muscovy_duck/California/23-039033-001-original/2023|H5N1|USA-CA|2023-12-08|avian|B3.6,B36
1012,300,0.0206606727842558,-119.945734840767,37.331385746481,-121.063588262872,37.9816605374142,1.25921414039769,1.23855346761344,2023.91358590256,2023.93424657534,A/Muscovy_duck/California/23-039033-002-original/2023|H5N1|USA-CA|2023-12-08|avian|B3.6,B36
1043,1044,0.00156313655410001,-98.2827950643152,38.1832213038042,-98.3108102045494,38.1955701976758,1.26048766187842,1.25892452532432,2023.93395696027,2023.93552009682,NA,B36
917,263,0.11212492898105,-36.1883904979975,-54.0409683711756,-36.6039462634971,-54.1761245396305,1.89807090308102,1.78594597409997,2023.82486137239,2023.93698630137,A/Southern_Elephant_Seal/Jason_Harbour/141078/2023|H5N1|SGSSI|2023-12-09|other_mammal|B3.2,B32
917,264,0.11212492898105,-36.1883904979975,-54.0409683711756,-36.5813170398066,-54.2110466994345,1.89807090308102,1.78594597409997,2023.82486137239,2023.93698630137,A/Southern_Elephant_Seal/Jason_Harbour/141027/2023|H5N1|SGSSI|2023-12-09|other_mammal|B3.2,B32
912,275,0.0873512032767185,-36.8846465252001,-53.8821342645469,-36.594719048269,-54.2083846744768,1.89807090308102,1.81071969980431,2023.84963509809,2023.93698630137,A/Antarctic_Fur_Seal/Jason_Harbour/141037/2023|H5N1|SGSSI|2023-12-09|other_mammal|B3.2,B32
817,818,0.0101115997431487,-101.970870224241,46.7466907873079,-99.8081214781328,45.6780884382971,1.2634985024394,1.25338690269625,2023.92841933764,2023.93853093738,NA,B36
907,913,0.0106734239345654,-123.221139487108,38.3861966497097,-122.536949578131,38.3411170874987,1.26415526797756,1.25348184404299,2023.92851427899,2023.93918770292,NA,B36
229,273,0.117236586590414,-72.6615587235196,43.438653276984,-72.5460923831036,42.0395316850438,0.302127104444757,0.184890517854344,2023.82195307746,2023.93918966405,NA,C21
225,226,0.0431717767204803,-71.597882157752,44.6768760465936,-73.8331221397744,41.6177037662081,0.302649963241082,0.259478186520602,2023.89654074612,2023.93971252285,NA,C21
818,819,0.00172764447044838,-99.8081214781328,45.6780884382971,-99.7476520801861,45.6587754570658,1.26522614690985,1.2634985024394,2023.93853093738,2023.94025858185,NA,B36
598,599,0.319110162188526,-87.4107144805592,43.0382739915153,-87.486655131551,43.0622106001083,1.26528077042181,0.946170608233285,2023.62120304318,2023.94031320537,NA,B36
722,416,0.187966147647808,-120.338015801624,37.225286896161,-120.520695437879,37.3601090112689,1.26743331847977,1.07946717083196,2023.75449960578,2023.94246575342,A/chicken/California/23-039242-001-original/2023|H5N1|USA-CA|2023-12-11|avian|B3.6,B36
734,430,0.0282065098991822,-120.675082967341,37.6982774207956,-120.759366341943,36.8809821602544,1.26743331847977,1.23922680858058,2023.91425924353,2023.94246575342,A/chicken/California/23-039245-001-original/2023|H5N1|USA-CA|2023-12-11|avian|B3.6,B36
1041,328,0.0197028900135776,-98.0659497504411,38.3186677550255,-97.9683214066992,38.371691280208,1.26743331847977,1.24773042846619,2023.92276286341,2023.94246575342,A/chicken/Kansas/23-039047-002-original/2023|H5N1|USA-KS|2023-12-11|avian|B3.6,B36
1016,331,0.0150597645948589,-98.4727568016507,38.3625747039373,-97.8756903630404,38.3453239181239,1.26743331847977,1.25237355388491,2023.92740598883,2023.94246575342,A/chicken/Kansas/23-039162-002-original/2023|H5N1|USA-KS|2023-12-11|avian|B3.6,B36
1017,332,0.0128296113731137,-97.6504673789005,38.2715604841344,-97.6875916639435,38.2724118159197,1.26743331847977,1.25460370710665,2023.92963614205,2023.94246575342,A/chicken/Kansas/23-039162-001-original/2023|H5N1|USA-KS|2023-12-11|avian|B3.6,B36
1044,325,0.00694565660135016,-98.3108102045494,38.1955701976758,-98.3492958083876,38.2804753161365,1.26743331847977,1.26048766187842,2023.93552009682,2023.94246575342,A/chicken/Kansas/23-039047-001-original/2023|H5N1|USA-KS|2023-12-11|avian|B3.6,B36
226,16,0.00275323057949539,-73.8331221397744,41.6177037662081,-73.7770631864062,41.6701104043888,0.305403193820578,0.302649963241082,2023.93971252285,2023.94246575342,A/partridge/New_York/23-039086-003-original/2023|H5N1|USA-NY|2023-12-11|avian|C2.1,C21
226,17,0.00275323057949539,-73.8331221397744,41.6177037662081,-73.7470735570793,41.9557110109502,0.305403193820578,0.302649963241082,2023.93971252285,2023.94246575342,A/partridge/New_York/23-039086-005-original/2023|H5N1|USA-NY|2023-12-11|avian|C2.1,C21
907,908,0.0140915041747225,-123.221139487108,38.3861966497097,-123.030769696912,38.5732165735243,1.26757334821772,1.25348184404299,2023.92851427899,2023.94260578316,NA,B36
322,323,0.231469936143643,-72.3115401778014,41.3309540070203,-70.006347630876,42.5912679238218,0.306155557158117,0.0746856210144744,2023.71174818062,2023.94321811676,NA,C21
819,822,0.00362246835650071,-99.7476520801861,45.6587754570658,-99.6791221748796,45.6704232567177,1.26884861526635,1.26522614690985,2023.94025858185,2023.94388105021,NA,B36
1059,1060,0.109249261599017,-123.885164814358,52.8120256279235,-125.399811912445,51.1025959168059,1.26888388518524,1.15963462358622,2023.83466705853,2023.94391632013,NA,B36
908,909,0.00212344075114945,-123.030769696912,38.5732165735243,-123.446600593291,38.4592058610755,1.26969678896887,1.26757334821772,2023.94260578316,2023.94472922391,NA,B36
764,185,0.317436824791731,-98.4646111413492,40.1953905170225,-100.067673366976,39.8647449213209,1.27017304450712,0.952736219715393,2023.62776865466,2023.94520547945,A/crow/Kansas/W23-968A/2023|H5N1|USA-KS|2023-12-12|avian|B3.6,B36
980,49,0.250497096434741,-113.173110035582,48.2967973614665,-122.792228119578,47.4131286338301,1.27017304450712,1.01967594807238,2023.69470838302,2023.94520547945,A/western_sandpiper/Washington/24_004707-001/2023|H5N1|USA-WA|2023-12-12|avian|B3.6,B36
673,504,0.212014684433398,-94.4259295800712,39.8109295474285,-99.930384553568,39.6739301040317,1.27017304450712,1.05815836007373,2023.73319079502,2023.94520547945,A/Rosss_goose/Kansas/W23-968B/2023|H5N1|USA-KS|2023-12-12|avian|B3.6,B36
845,193,0.0740989682027764,-93.9114937897108,34.8296273558922,-93.7963114069743,34.9059728815785,1.27017304450712,1.19607407630435,2023.87110651125,2023.94520547945,A/chicken/Arkansas/23-039417-006-original/2023|H5N1|Arkansas|2023-12-12|avian|B3.6,B36
845,194,0.0740989682027764,-93.9114937897108,34.8296273558922,-94.0401611990236,34.7072577756099,1.27017304450712,1.19607407630435,2023.87110651125,2023.94520547945,A/chicken/Arkansas/23-039417-007-original/2023|H5N1|USA-AR|2023-12-12|avian|B3.6,B36
681,510,0.044459641409129,-84.7285247353014,40.1036004951782,-84.5392692147658,40.1387130931137,1.27017304450712,1.225713403098,2023.90074583804,2023.94520547945,A/chicken/Ohio/23-039418-002-original/2023|H5N1|USA-OH|2023-12-12|avian|B3.6,B36
681,509,0.044459641409129,-84.7285247353014,40.1036004951782,-84.6997066076025,40.0859373734545,1.27017304450712,1.225713403098,2023.90074583804,2023.94520547945,A/chicken/Ohio/23-039418-001-original/2023|H5N1|USA-OH|2023-12-12|avian|B3.6,B36
362,175,0.0285007162750316,-70.2265332512723,41.6599290758591,-70.4965079053765,41.6508053470551,0.308142919847935,0.279642203572903,2023.91670476318,2023.94520547945,A/Corvus_ossifragus/MA/24-000869-001/2023|H5N1|USA-MA|2023-12-12|avian|C2.1,C21
323,345,0.00353695001921683,-70.006347630876,42.5912679238218,-69.9311830233032,42.633997670451,0.309692507177334,0.306155557158117,2023.94321811676,2023.94675506678,NA,C21
896,897,0.355570196400603,-47.0807234545846,-23.5766143553447,-39.8603049751375,-20.1508134611217,1.90799437150068,1.55242417510008,2023.59133957339,2023.94690976979,NA,B32
629,465,0.31265781413602,-95.1024459975066,44.5846191264064,-93.4143646827998,43.8534679139761,1.27291277053471,0.96025495639869,2023.63528739134,2023.94794520548,A/chicken/Minnesota/23-039634-001-original/2023|H5N1|USA-MN|2023-12-13|avian|B3.6,B36
902,288,0.101129414706178,-46.256522564933,-23.8909579455007,-46.402778,-24.006111,1.90902980719068,1.8079003924845,2023.84681579077,2023.94794520548,A/Thalasseus_maximus/Sao_Paulo/2339-N/2023|H5N1|Brazil|2023-12-13|avian|B3.2,B32
983,71,0.0150389823159625,-117.335239247752,46.0214734958432,-116.751031532884,46.8704083916137,1.27291277053471,1.25787378821875,2023.93290622316,2023.94794520548,A/chicken/Idaho/23-039649-002-original/2023|H5N1|USA-ID|2023-12-13|avian|B3.6,B36
983,72,0.0150389823159625,-117.335239247752,46.0214734958432,-116.795108892636,46.6249827537197,1.27291277053471,1.25787378821875,2023.93290622316,2023.94794520548,A/chicken/Idaho/23-039649-001-original/2023|H5N1|USA-ID|2023-12-13|avian|B3.6,B36
1043,327,0.0139882452103923,-98.2827950643152,38.1832213038042,-98.3318449966085,38.2548679430401,1.27291277053471,1.25892452532432,2023.93395696027,2023.94794520548,A/chicken/Kansas/23-039580-008-original/2023|H5N1|USA-KS|2023-12-13|avian|B3.6,B36
728,732,0.0316135788352969,-120.171244748236,37.4381911719652,-121.415160949781,36.9700857200353,1.27368749955351,1.24207392071821,2023.91710635566,2023.9487199345,NA,B36
729,730,0.0270136142087183,-120.38071984162,36.7656263735867,-120.660741474867,37.3069472122515,1.27381124901894,1.24679763481022,2023.92183006976,2023.94884368396,NA,B36
909,910,0.00469818497432817,-123.446600593291,38.4592058610755,-123.497121073818,38.6257560173279,1.27439497394319,1.26969678896887,2023.94472922391,2023.94942740889,NA,B36
627,535,0.432149042161854,-97.5982525938027,42.0067599139979,-84.5345611973008,46.2441621256767,1.27565249656207,0.843503454400213,2023.51853588935,2023.95068493151,A/tundra_swan/Michigan/23-039967-001-original/2023|H5N1|USA-MI|2023-12-14|avian|B3.6,B36
906,158,0.0296762602853851,-122.807127646667,38.4152885972494,-123.085308394868,38.6018190744049,1.27565249656207,1.24597623627668,2023.92100867122,2023.95068493151,A/chicken/California/23-039772-003-original/2023|H5N1|USA-CA|2023-12-14|avian|B3.6,B36
818,250,0.0121539941226696,-99.8081214781328,45.6780884382971,-99.1727098056503,45.5117194798086,1.27565249656207,1.2634985024394,2023.93853093738,2023.95068493151,A/pheasant/South_Dakota/23-039759-001-original/2023|H5N1|USA-SD|2023-12-14|avian|B3.6,B36
393,394,0.246267645170471,-73.2394473027086,40.3124852238775,-70.4396854814545,44.3339294152827,0.315839439045433,0.0695717938749626,2023.70663435348,2023.95290199865,NA,C21
819,820,0.0131288377470264,-99.7476520801861,45.6587754570658,-99.6329993609161,45.3946674188575,1.27835498465687,1.26522614690985,2023.94025858185,2023.9533874196,NA,B36
909,911,0.00867776965305733,-123.446600593291,38.4592058610755,-123.294507924234,38.5515758384695,1.27837455862192,1.26969678896887,2023.94472922391,2023.95340699357,NA,B36
910,166,0.00399724864623074,-123.497121073818,38.6257560173279,-123.132584915073,38.8167500481657,1.27839222258942,1.27439497394319,2023.94942740889,2023.95342465753,A/chicken/California/23-039773-001-original/2023|H5N1|USA-CA|2023-12-15|avian|B3.6,B36
910,159,0.00399724864623074,-123.497121073818,38.6257560173279,-123.281013641074,38.5850491444211,1.27839222258942,1.27439497394319,2023.94942740889,2023.95342465753,A/chicken/California/23-039773-002-original/2023|H5N1|USA-CA|2023-12-15|avian|B3.6,B36
399,400,0.243195172529329,-73.3638481983151,40.6196964843383,-70.3786343688788,43.003502968908,0.317356340333166,0.0741611678038373,2023.71122372741,2023.95441889994,NA,C21
1017,1018,0.0254546739415435,-97.6504673789005,38.2715604841344,-97.5808535173833,38.3097111067272,1.2800583810482,1.25460370710665,2023.92963614205,2023.95509081599,NA,B36
639,640,0.0968016942134657,-88.1379214740013,40.418120931155,-85.8311231570124,39.9333812186802,1.28071851842276,1.1839168242093,2023.85894925915,2023.95575095337,NA,B36
1018,333,0.00107356756858423,-97.5808535173833,38.3097111067272,-97.428188940821,38.247608693288,1.28113194861678,1.2800583810482,2023.95509081599,2023.95616438356,A/chicken/Kansas/23-039958-001-original/2023|H5N1|USA-KS|2023-12-16|avian|B3.6,B36
1018,334,0.00107356756858423,-97.5808535173833,38.3097111067272,-97.6368769936246,38.3220861810694,1.28113194861678,1.2800583810482,2023.95509081599,2023.95616438356,A/chicken/Kansas/23-039958-002-original/2023|H5N1|USA-KS|2023-12-16|avian|B3.6,B36
599,600,0.0163835381001958,-87.486655131551,43.0622106001083,-86.2488274677968,43.2494612159067,1.28166430852201,1.26528077042181,2023.94031320537,2023.95669674347,NA,B36
820,821,0.0037656671506503,-99.6329993609161,45.3946674188575,-98.92977514417,45.3499771130566,1.28212065180752,1.27835498465687,2023.9533874196,2023.95715308675,NA,B36
768,196,0.443252991210701,-103.115585211388,43.3716962549616,-98.9060915311196,38.5206319959413,1.28387167464414,0.840618683433438,2023.51565111838,2023.95890410959,A/chicken/Kansas/23-039998-002-original/2023|H5N1|USA-KS|2023-12-17|avian|B3.6,B36
1042,329,0.0312246430754604,-97.7078180217064,37.7575568413664,-98.4728187189479,38.2783895943989,1.28387167464414,1.25264703156868,2023.92767946651,2023.95890410959,A/chicken/Kansas/23-039959-001-original/2023|H5N1|USA-KS|2023-12-17|avian|B3.6,B36
600,351,0.00220736612213202,-86.2488274677968,43.2494612159067,-85.9335297375991,43.1824727991316,1.28387167464414,1.28166430852201,2023.95669674347,2023.95890410959,A/turkey/Michigan/23-039966-001-original/2023|H5N1|USA-MI|2023-12-17|avian|B3.6,B36
600,352,0.00220736612213202,-86.2488274677968,43.2494612159067,-86.1926256395257,43.2514832010172,1.28387167464414,1.28166430852201,2023.95669674347,2023.95890410959,A/turkey/Michigan/23-039966-002-original/2023|H5N1|USA-MI|2023-12-17|avian|B3.6,B36
345,346,0.0132817789086813,-69.9311830233032,42.633997670451,-70.4294161617099,42.2260739166086,0.322974286086015,0.309692507177334,2023.94675506678,2023.96003684569,NA,C21
769,226,0.438195115809417,-103.32389677975,43.520767336004,-114.490034309612,49.2260939581244,1.28661140067172,0.848416284862306,2023.52344871981,2023.96164383562,A/Canada_Goose/BC/AIVPHL-1568/2023|H5N1|Canada-BC|2023-12-18|avian|B3.6,B36
822,253,0.0177627854053775,-99.6791221748796,45.6704232567177,-99.0988765682568,45.495156666409,1.28661140067172,1.26884861526635,2023.94388105021,2023.96164383562,A/pheasant/South_Dakota/23-040343-001-original/2023|H5N1|USA-SD|2023-12-18|avian|B3.6,B36
820,254,0.00825641601485172,-99.6329993609161,45.3946674188575,-99.5231429744804,45.2780476634214,1.28661140067172,1.27835498465687,2023.9533874196,2023.96164383562,A/pheasant/South_Dakota/23-040343-003-original/2023|H5N1|USA-SD|2023-12-18|avian|B3.6,B36
273,274,0.0225180511762162,-72.5460923831036,42.0395316850438,-72.6902744986739,41.9492323465292,0.324645155620974,0.302127104444757,2023.93918966405,2023.96170771522,NA,C21
735,736,0.0333519028351401,-120.339883828123,37.9811021448004,-120.494471666696,37.462862225359,1.28698082011963,1.25362891728449,2023.92866135223,2023.96201325506,NA,B36
732,733,0.0152066319751072,-121.415160949781,36.9700857200353,-120.613032087217,37.2685596084005,1.28889413152862,1.27368749955351,2023.9487199345,2023.96392656647,NA,B36
897,900,0.0184818168267555,-39.8603049751375,-20.1508134611217,-39.1743433642973,-21.2535562062892,1.92647618832743,1.90799437150068,2023.94690976979,2023.96539158662,NA,B32
405,119,0.253660784614471,-74.6880908566013,39.0534649069918,-80.2384846380026,33.5896910419263,0.330060728067249,0.0763999434527779,2023.71346250306,2023.96712328767,A/wood_duck/South_Carolina/W24-007E/2023|H5N1|USA-SC|2023-12-20|avian|C2.1,C21
405,120,0.253660784614471,-74.6880908566013,39.0534649069918,-80.1459411459047,33.6658410225571,0.330060728067249,0.0763999434527779,2023.71346250306,2023.96712328767,A/wood_duck/South_Carolina/W24-007C/2023|H5N1|USA-SC|2023-12-20|avian|C2.1,C21
309,102,0.0477970917570038,-80.3120316672645,34.1079460843234,-80.2923816902764,33.4551968536534,0.330060728067249,0.282263636310245,2023.91932619591,2023.96712328767,A/wood_duck/South_Carolina/W23-970B/2023|H5N1|USA-SC|2023-12-20|avian|C2.1,C21
732,431,0.0184033531729264,-121.415160949781,36.9700857200353,-121.185191481898,36.9460494150062,1.29209085272644,1.27368749955351,2023.9487199345,2023.96712328767,A/chicken/California/23-040664-002-original/2023|H5N1|USA-CA|2023-12-20|avian|B3.6,B36
730,419,0.0182796037075006,-120.660741474867,37.3069472122515,-120.670783352959,37.3294518193677,1.29209085272644,1.27381124901894,2023.94884368396,2023.96712328767,A/chicken/California/23-040664-007-original/2023|H5N1|USA-CA|2023-12-20|avian|B3.6,B36
733,428,0.00319672119781922,-120.613032087217,37.2685596084005,-120.533470523846,37.2563987434678,1.29209085272644,1.28889413152862,2023.96392656647,2023.96712328767,A/chicken/California/23-040664-010/2023|H5N1|USA-CA|2023-12-20|avian|B3.6,B36
308,310,0.149998220643296,-77.9088769212823,36.1997543745941,-90.138986801004,33.3086376753745,0.330588973854405,0.180590753211109,2023.81765331282,2023.96765153346,NA,C21
307,99,0.264062291257637,-76.8409181547549,36.2587805974063,-76.414287407314,35.467150289577,0.332800454094606,0.0687381628369689,2023.70580072244,2023.9698630137,A/wood_duck/North_Carolina/W24-011A/2023|H5N1|USA-NC|2023-12-21|avian|C2.1,C21
402,136,0.257314430346023,-73.1725100406851,40.0645583588292,-76.8810642851835,40.676977988765,0.332800454094606,0.0754860237485837,2023.71254858335,2023.9698630137,A/pheasant/Pennsylvania/23-040876-001-original/2023|H5N1|USA-PA|2023-12-21|avian|C2.1,C21
735,738,0.0416748962846365,-120.339883828123,37.9811021448004,-120.619125743182,36.9618326910033,1.29530381356913,1.25362891728449,2023.92866135223,2023.97033624851,NA,B36
911,912,0.0179936637324698,-123.294507924234,38.5515758384695,-123.239601375435,38.3340470189631,1.29636822235439,1.27837455862192,2023.95340699357,2023.9714006573,NA,B36
822,823,0.0283355994268923,-99.6791221748796,45.6704232567177,-98.2034214017568,44.6880749489458,1.29718421469324,1.26884861526635,2023.94388105021,2023.97221664964,NA,B36
736,737,0.0104575799015207,-120.494471666696,37.462862225359,-120.578677950393,37.475806253912,1.29743840002115,1.28698082011963,2023.96201325506,2023.97247083497,NA,B36
913,164,0.0334150368035941,-122.536949578131,38.3411170874987,-122.541244077317,38.3488734639539,1.29757030478115,1.26415526797756,2023.93918770292,2023.97260273973,A/chicken/California/23-040997-001-original/2023|H5N1|USA-CA|2023-12-22|avian|B3.6,B36
913,165,0.0334150368035941,-122.536949578131,38.3411170874987,-123.296242115477,38.715706114177,1.29757030478115,1.26415526797756,2023.93918770292,2023.97260273973,A/chicken/California/23-040997-002-original/2023|H5N1|USA-CA|2023-12-22|avian|B3.6,B36
408,409,0.263797304780811,-74.3396733669446,39.7538444866182,-77.4140280905058,38.9485571394942,0.336737110947473,0.0729398061666618,2023.71000236577,2023.97379967055,NA,C21
310,311,0.00717740753551532,-90.138986801004,33.3086376753745,-90.0747894015759,33.4612695184174,0.33776638138992,0.330588973854405,2023.96765153346,2023.97482894099,NA,C21
900,152,0.0749860768918622,-123.075623930057,37.7804143628881,-122.925378351202,38.2797732034365,1.30031003080851,1.22532395391665,2023.90035638886,2023.97534246575,A/chicken/California/23-040996-001-original/2023|H5N1|USA-CA|2023-12-23|avian|B3.6,B36
900,151,0.0749860768918622,-123.075623930057,37.7804143628881,-122.537907664064,37.9542112348515,1.30031003080851,1.22532395391665,2023.90035638886,2023.97534246575,A/chicken/California/23-040996-002-original/2023|H5N1|USA-CA|2023-12-23|avian|B3.6,B36
678,507,0.0684824834591049,-83.7789080237447,40.5555375482262,-83.5401853647259,40.7564366354083,1.30031003080851,1.23182754734941,2023.90685998229,2023.97534246575,A/chicken/Ohio/23-040887-001-original/2023|H5N1|USA-OH|2023-12-23|avian|B3.6,B36
900,901,0.0104887217896439,-39.1743433642973,-21.2535562062892,-39.0788683375511,-21.2959332802363,1.93696491011708,1.92647618832743,2023.96539158662,2023.97588030841,NA,B32
613,615,0.0582822222500099,-92.5047050147528,38.490426821992,-95.0467155346382,46.1636416762468,1.301097572039,1.24281534978899,2023.91784778473,2023.97613000698,NA,B36
223,15,0.265723782379644,-75.6470522403011,39.3013483830381,-70.0237434571554,41.9583242547072,0.341019632176906,0.0752958497972616,2023.7123584094,2023.97808219178,A/Great_Black-backed_Gulll/MA/24-000869-002/2023|H5N1|USA-MA|2023-12-24|avian|C2.1,C21
615,347,0.00195218479709736,-95.0467155346382,46.1636416762468,-94.940348757998,46.2965478661803,1.3030497568361,1.301097572039,2023.97613000698,2023.97808219178,A/turkey/Minnesota/23-040874-001-original/2023|H5N1|USA-MN|2023-12-24|avian|B3.6,B36
615,348,0.00195218479709736,-95.0467155346382,46.1636416762468,-95.0120665081399,46.1474572349793,1.3030497568361,1.301097572039,2023.97613000698,2023.97808219178,A/turkey/Minnesota/23-040874-002-original/2023|H5N1|USA-MN|2023-12-24|avian|B3.6,B36
733,429,0.0168953513348336,-120.613032087217,37.2685596084005,-120.521384860418,37.3307326841152,1.30578948286345,1.28889413152862,2023.96392656647,2023.98082191781,A/chicken/California/24-000127-001-original/2023|H5N1|USA-CA|2023-12-25|avian|B3.6,B36
738,427,0.010485669294326,-120.619125743182,36.9618326910033,-120.623630004748,37.025717311194,1.30578948286345,1.29530381356913,2023.97033624851,2023.98082191781,A/chicken/California/24-000127-003-original/2023|H5N1|USA-CA|2023-12-25|avian|B3.6,B36
599,353,0.0432484384689991,-87.486655131551,43.0622106001083,-85.8558236597434,43.2848915821529,1.30852920889081,1.26528077042181,2023.94031320537,2023.98356164384,A/turkey/Michigan/23-040820-001-original/2023|H5N1|USA-MI|2023-12-26|avian|B3.6,B36
908,162,0.040955860673094,-123.030769696912,38.5732165735243,-123.007442701783,38.5902616984883,1.30852920889081,1.26757334821772,2023.94260578316,2023.98356164384,A/chicken/California/23-040993-002-original/2023|H5N1|USA-CA|2023-12-26|avian|B3.6,B36
911,163,0.0301546502688872,-123.294507924234,38.5515758384695,-123.30905402178,38.6419610038807,1.30852920889081,1.27837455862192,2023.95340699357,2023.98356164384,A/chicken/California/23-040993-001-original/2023|H5N1|USA-CA|2023-12-26|avian|B3.6,B36
613,614,0.0678680295507437,-92.5047050147528,38.490426821992,-93.5206789304806,45.482466674957,1.31068337933973,1.24281534978899,2023.91784778473,2023.98571581428,NA,B36
408,410,0.276295027118175,-74.3396733669446,39.7538444866182,-80.6441114729441,33.6276739065577,0.349234833284837,0.0729398061666618,2023.71000236577,2023.98629739289,NA,C21
736,423,0.024288114798537,-120.494471666696,37.462862225359,-120.971431912646,37.3780571044753,1.31126893491817,1.28698082011963,2023.96201325506,2023.98630136986,A/chicken/California/24-000133-001-original/2023|H5N1|USA-CA|2023-12-27|avian|B3.6,B36
737,424,0.0138305348970162,-120.578677950393,37.475806253912,-120.407632526289,37.3677507569773,1.31126893491817,1.29743840002115,2023.97247083497,2023.98630136986,A/chicken/California/24-000133-003-original/2023|H5N1|USA-CA|2023-12-27|avian|B3.6,B36
737,425,0.0138305348970162,-120.578677950393,37.475806253912,-120.458810099543,37.5325370889097,1.31126893491817,1.29743840002115,2023.97247083497,2023.98630136986,A/chicken/California/24-000133-004-original/2023|H5N1|USA-CA|2023-12-27|avian|B3.6,B36
229,230,0.164412089689609,-72.6615587235196,43.438653276984,-74.8301572819087,41.2923870351603,0.349302607543953,0.184890517854344,2023.82195307746,2023.98636516715,NA,C21
729,731,0.0657627629944573,-120.38071984162,36.7656263735867,-120.614282538778,37.3695883723184,1.31256039780468,1.24679763481022,2023.92183006976,2023.98759283275,NA,B36
1044,326,0.0562607250944653,-98.3108102045494,38.1955701976758,-98.146252200541,38.3395808409439,1.31674838697288,1.26048766187842,2023.93552009682,2023.99178082192,A/chicken/Kansas/24-000250-002-original/2023|H5N1|USA-KS|2023-12-29|avian|B3.6,B36
821,255,0.0346277351653601,-98.92977514417,45.3499771130566,-99.5192099730914,45.5078893870708,1.31674838697288,1.28212065180752,2023.95715308675,2023.99178082192,A/pheasant/South_Dakota/23-041194-002-original/2023|H5N1|USA-SD|2023-12-29|avian|B3.6,B36
821,256,0.0346277351653601,-98.92977514417,45.3499771130566,-98.8291815524625,45.3566766918513,1.31674838697288,1.28212065180752,2023.95715308675,2023.99178082192,A/pheasant/South_Dakota/23-041194-001-original/2023|H5N1|USA-SD|2023-12-29|avian|B3.6,B36
738,426,0.0214445734037556,-120.619125743182,36.9618326910033,-120.811242021825,37.1354869952137,1.31674838697288,1.29530381356913,2023.97033624851,2023.99178082192,A/chicken/California/24-000134-001-original/2023|H5N1|USA-CA|2023-12-29|avian|B3.6,B36
912,160,0.0203801646184896,-123.239601375435,38.3340470189631,-122.977555542244,38.3619021095973,1.31674838697288,1.29636822235439,2023.9714006573,2023.99178082192,A/chicken/California/24-000135-001-original/2023|H5N1|USA-CA|2023-12-29|avian|B3.6,B36
912,161,0.0203801646184896,-123.239601375435,38.3340470189631,-123.138198144203,38.6934693898077,1.31674838697288,1.29636822235439,2023.9714006573,2023.99178082192,A/chicken/California/24-000135-002-original/2023|H5N1|USA-CA|2023-12-29|avian|B3.6,B36
580,582,0.374815246611145,-95.7224630034064,42.2484245806685,-83.2762245681175,27.2853573864593,1.31741329505404,0.942598048442891,2023.61763048339,2023.99244573,NA,B36
394,396,0.0474518254978254,-70.4396854814545,44.3339294152827,-70.1782649513056,44.1843340813607,0.363291264543259,0.315839439045433,2023.95290199865,2024.00035382415,NA,C21
730,420,0.0566207969104964,-120.660741474867,37.3069472122515,-120.558081324791,37.1046526518044,1.33043204592943,1.27381124901894,2023.94884368396,2024.00546448087,A/domestic_goose/California/24-000492-001/2024|H5N1|USA-CA|2024-01-03|avian|B3.6,B36
357,358,0.153385742740478,-71.4613935879187,42.261960850231,-70.5264074936273,43.4299767492833,0.368811009828636,0.215425267088158,2023.85248782669,2024.00587356943,NA,C21
358,359,5.77120242188367e-05,-70.5264074936273,43.4299767492833,-70.5253304838548,43.4308950958809,0.368868721852855,0.368811009828636,2024.00587356943,2024.00593128146,NA,C21
582,595,0.013980806841031,-83.2762245681175,27.2853573864593,-81.4004804534023,27.0135968657564,1.33139410189507,1.31741329505404,2023.99244573,2024.00642653684,NA,B36
414,415,0.300295172486753,-76.4790705923434,36.2359666195126,-76.3261796647318,36.5315777358051,0.369381459130598,0.0690862866438444,2023.70614884625,2024.00644401873,NA,C21
1010,1011,0.319163706367253,-120.704929866149,38.5566498785282,-121.536391241764,38.6650542595978,1.33198573122966,1.0128220248624,2023.68785445981,2024.00701816617,NA,B36
1048,12,0.482910504120915,-112.889594912585,44.7493282623312,-103.707554694073,39.605796143638,1.33316428636656,0.850253782245645,2023.52528621719,2024.00819672131,A/chicken/Colorado/24-000499-001/2024|H5N1|USA-CO|2024-01-04|avian|B3.6,B36
1049,11,0.328365392314947,-92.6040433404093,41.7161315348681,-85.5855319875562,44.3526019616169,1.33316428636656,1.00479889405161,2023.679831329,2024.00819672131,A/Canada_goose/Michigan/24-000650-001-original/2024|H5N1|USA-MI|2024-01-04|avian|B3.6,B36
318,101,0.295538443001382,-76.7773607119247,36.7050138084001,-76.7777900783729,34.7801239826175,0.371134161707371,0.0755957187059894,2023.71265827831,2024.00819672131,A/wood_duck/North_Carolina/W24-026/2024|H5N1|USA-NC|2024-01-04|avian|C2.1,C21
614,345,0.0224809070268286,-93.5206789304806,45.482466674957,-93.6591694095219,45.5180286319681,1.33316428636656,1.31068337933973,2023.98571581428,2024.00819672131,A/domestic_goose/Minnesota/24-000764-003/2024|H5N1|USA-MN|2024-01-04|avian|B3.6,B36
614,346,0.0224809070268286,-93.5206789304806,45.482466674957,-93.5789159586585,45.5115321140607,1.33316428636656,1.31068337933973,2023.98571581428,2024.00819672131,A/chicken/Minnesota/24-000764-001/2024|H5N1|USA-MN|2024-01-04|avian|B3.6,B36
1011,301,0.00117855513690368,-121.536391241764,38.6650542595978,-121.608809430883,38.162695513622,1.33316428636656,1.33198573122966,2024.00701816617,2024.00819672131,A/chicken/California/24-000494-001/2024|H5N1|USA-CA|2024-01-04|avian|B3.6,B36
1011,302,0.00117855513690368,-121.536391241764,38.6650542595978,-121.560816288169,38.6581724104476,1.33316428636656,1.33198573122966,2024.00701816617,2024.00819672131,A/chicken/California/24-000494-002/2024|H5N1|USA-CA|2024-01-04|avian|B3.6,B36
767,798,0.534773399063552,-102.191332324238,42.5867801377313,-98.0887742625787,39.3011015403071,1.33553102561303,0.800757626549473,2023.47579006149,2024.01056346056,NA,B36
346,347,0.0515540006508766,-70.4294161617099,42.2260739166086,-70.141598717443,42.522721639493,0.374528286736892,0.322974286086015,2023.96003684569,2024.01159084634,NA,C21
394,395,0.0590425779175159,-70.4396854814545,44.3339294152827,-70.0346067028677,44.4882979735025,0.374882016962949,0.315839439045433,2023.95290199865,2024.01194457657,NA,C21
897,898,0.0687948742047784,-39.8603049751375,-20.1508134611217,-44.1850532559,-22.8525720863628,1.97678924570546,1.90799437150068,2023.94690976979,2024.01570464399,NA,B32
311,313,0.0412473195036238,-90.0747894015759,33.4612695184174,-90.2685462510058,33.5776275299486,0.379013700893544,0.33776638138992,2023.97482894099,2024.0160762605,NA,C21
313,314,0.000745120952309664,-90.2685462510058,33.5776275299486,-90.2605426657328,33.5994557716072,0.379758821845854,0.379013700893544,2024.0160762605,2024.01682138145,NA,C21
947,328,0.498028276158322,-55.5430417068004,-38.6051722741786,-60.6133,-62.6544,1.98021028477126,1.48218200861294,2023.5210974069,2024.01912568306,A/kelp_gull/South_Shetland_Islands/10272/2024|H5N1|South_Shetland_Islands|2024-01-08|avian|B3.2,B32
358,206,0.0132521136274669,-70.5264074936273,43.4299767492833,-70.7388911419164,43.1584442549593,0.382063123456103,0.368811009828636,2024.00587356943,2024.01912568306,A/chicken/Maine/24-000724-002/2024|H5N1|USA-ME|2024-01-08|avian|C2.1,C21
359,208,0.013194401603248,-70.5253304838548,43.4308950958809,-70.4758886748717,43.4090292020261,0.382063123456103,0.368868721852855,2024.00593128146,2024.01912568306,A/chicken/Maine/24-000724-003/2024|H5N1|USA-ME|2024-01-08|avian|C2.1,C21
359,207,0.013194401603248,-70.5253304838548,43.4308950958809,-70.6900524379622,43.7548593589134,0.382063123456103,0.368868721852855,2024.00593128146,2024.01912568306,A/chicken/Maine/24-000724-001/2024|H5N1|USA-ME|2024-01-08|avian|C2.1,C21
300,301,0.150051586743768,-76.2071932686443,37.4531930574273,-78.8869560217163,33.8325041768933,0.382993893955282,0.232942307211514,2023.87000486682,2024.02005645356,NA,C21
410,124,0.0355605306083919,-80.6441114729441,33.6276739065577,-80.2623940627772,33.368823854087,0.384795363893229,0.349234833284837,2023.98629739289,2024.0218579235,A/chicken/South_Carolina/24-001707-001-original/2024|H5N1|USA-SC|2024-01-09|avian|C2.1,C21
323,324,0.0787207999445141,-70.006347630876,42.5912679238218,-70.4908303779695,42.2075435280362,0.384876357102631,0.306155557158117,2023.94321811676,2024.02193891671,NA,C21
396,397,0.0220691982955933,-70.1782649513056,44.1843340813607,-70.1142575743708,44.3407922726236,0.385360462838852,0.363291264543259,2024.00035382415,2024.02242302244,NA,C21
813,244,0.417407968174801,-104.667644788359,47.5587845512714,-111.491549453664,47.54718800497,1.34955772898954,0.932149760814744,2023.60718219576,2024.02459016393,A/chicken/Montana/24-001136-002-original/2024|H5N1|USA-MT|2024-01-10|avian|B3.6,B36
309,103,0.10526396802011,-80.3120316672645,34.1079460843234,-79.1698506810952,33.3189385327403,0.387527604330355,0.282263636310245,2023.91932619591,2024.02459016393,A/hooded_merganser/South_Carolina/W24-028/2024|H5N1|USA-SC|2024-01-10|avian|C2.1,C21
345,170,0.0778350971530213,-69.9311830233032,42.633997670451,-70.4727881071948,41.741263231242,0.387527604330355,0.309692507177334,2023.94675506678,2024.02459016393,A/chicken/Massachusetts/24-001134-001-original/2024|H5N1|USA-MA|2024-01-10|avian|C2.1,C21
823,251,0.0523735142963062,-98.2034214017568,44.6880749489458,-98.1340010872791,44.8784394245752,1.34955772898954,1.29718421469324,2023.97221664964,2024.02459016393,A/pheasant/South_Dakota/24-001107-001-original/2024|H5N1|USA-SD|2024-01-10|avian|B3.6,B36
823,252,0.0523735142963062,-98.2034214017568,44.6880749489458,-98.5051724568001,44.8103406626883,1.34955772898954,1.29718421469324,2023.97221664964,2024.02459016393,A/pheasant/South_Dakota/24-001107-002-original/2024|H5N1|USA-SD|2024-01-10|avian|B3.6,B36
798,229,0.0140267033765191,-98.0887742625787,39.3011015403071,-98.0646579325186,39.3099608765151,1.34955772898954,1.33553102561303,2024.01056346056,2024.02459016393,A/pheasant/Kansas/24-001018-001-original/2024|H5N1|USA-KS|2024-01-10|avian|B3.6,B36
301,94,0.00726595081219988,-78.8869560217163,33.8325041768933,-78.6565070704195,33.8486768271452,0.390259844767481,0.382993893955282,2024.02005645356,2024.02732240437,A/guinea_fowl/South_Carolina/24-001296-006/2024|H5N1|USA-SC|2024-01-11|avian|C2.1,C21
301,95,0.00726595081219988,-78.8869560217163,33.8325041768933,-79.1043952176133,33.9319234914937,0.390259844767481,0.382993893955282,2024.02005645356,2024.02732240437,A/chicken/South_Carolina/24-001296-005/2024|H5N1|USA-SC|2024-01-11|avian|C2.1,C21
313,315,0.0143861607154799,-90.2685462510058,33.5776275299486,-90.207427300018,33.2823644262115,0.393399861609024,0.379013700893544,2024.0160762605,2024.03046242121,NA,C21
595,596,0.0251032979963428,-81.4004804534023,27.0135968657564,-81.5681757781171,27.014231094499,1.35649739989141,1.33139410189507,2024.00642653684,2024.03152983484,NA,B36
324,338,0.0103718470884455,-70.4908303779695,42.2075435280362,-71.3714487275081,42.1756773708547,0.395248204191077,0.384876357102631,2024.02193891671,2024.0323107638,NA,C21
360,204,0.149314985046656,-71.0398627379587,41.5486824528119,-70.5289130645667,41.6014640797329,0.395724325641961,0.246409340595305,2023.8834719002,2024.03278688525,A/Canada_Goose/Massachusetts/23WI00306/2024|H5N1|USA-MA|2024-01-13|avian|C2.1,C21
361,174,0.138770065351135,-69.6000987293651,42.2101060564135,-70.2414461278707,41.6554439645743,0.395724325641961,0.256954260290826,2023.8940168199,2024.03278688525,A/Red-Tailed_Hawk/Massachusetts/23WI00307/2024|H5N1|USA-MA|2024-01-13|avian|C2.1,C21
415,3,0.0263428665113635,-76.3261796647318,36.5315777358051,-76.390990201636,35.5923711819602,0.395724325641961,0.369381459130598,2024.00644401873,2024.03278688525,A/American_wigeon/North_Carolina/24-002161-002-original/2024|H5N1|USA-NC|2024-01-13|avian|C2.1,C21
817,824,0.104970288443598,-101.970870224241,46.7466907873079,-99.3433727969687,45.2285981067887,1.35835719113985,1.25338690269625,2023.92841933764,2024.03338962608,NA,B36
324,325,0.012645353333469,-70.4908303779695,42.2075435280362,-70.416418037691,42.9239247444623,0.3975217104361,0.384876357102631,2024.02193891671,2024.03458427004,NA,C21
731,421,0.0506585333707261,-120.614282538778,37.3695883723184,-120.743492385095,37.3998303711927,1.3632189311754,1.31256039780468,2023.98759283275,2024.03825136612,A/chicken/California/24-001558-005-original/2024|H5N1|USA-CA|2024-01-15|avian|B3.6,B36
731,422,0.0506585333707261,-120.614282538778,37.3695883723184,-120.759939433418,37.3969690850757,1.3632189311754,1.31256039780468,2023.98759283275,2024.03825136612,A/chicken/California/24-001558-004-original/2024|H5N1|USA-CA|2024-01-15|avian|B3.6,B36
1008,1009,0.360842787468431,-122.296551861311,38.7577595990735,-121.238144428512,38.7759968310685,1.36388358058201,1.00304079311358,2023.67807322806,2024.03891601553,NA,B36
346,167,0.0809467608673244,-70.4294161617099,42.2260739166086,-70.0447589630649,41.9747074708777,0.40392104695334,0.322974286086015,2023.96003684569,2024.04098360656,A/Canada_Goose/Massachusetts/23NE01751/2024|H5N1|USA-MA|2024-01-16|avian|C2.1,C21
824,257,0.007593980472683,-99.3433727969687,45.2285981067887,-99.0231469213571,45.2658826282203,1.36595117161253,1.35835719113985,2024.03338962608,2024.04098360656,A/pheasant/South_Dakota/24-001637-001-original/2024|H5N1|USA-SD|2024-01-16|avian|B3.6,B36
415,2,0.0372718282598681,-76.3261796647318,36.5315777358051,-71.8163884916859,43.2519967857138,0.406653287390466,0.369381459130598,2024.00644401873,2024.04371584699,A/mallard/New_Hampshire/24-002162-001-original/2024|H5N1|USA-NH|2024-01-17|avian|C2.1,C21
798,799,0.0333118468008915,-98.0887742625787,39.3011015403071,-98.0251471168764,39.34124076526,1.36884287241392,1.33553102561303,2024.01056346056,2024.04387530736,NA,B36
400,401,0.0918245138074858,-70.3786343688788,43.003502968908,-70.7488671651426,43.1507015445676,0.409180854140652,0.317356340333166,2023.95441889994,2024.04624341374,NA,C21
403,121,0.128598877813001,-76.3380319323663,36.56597364918,-75.895461561026,35.9143876196093,0.409385527827592,0.280786650014591,2023.91784920962,2024.04644808743,A/redhead_duck/North_Carolina/W24-83A/2024|H5N1|USA-NC|2024-01-18|avian|C2.1,C21
410,123,0.0601506945427548,-80.6441114729441,33.6276739065577,-81.103419145087,33.5919081894923,0.409385527827592,0.349234833284837,2023.98629739289,2024.04644808743,A/chicken/South_Carolina/24-001707-002-original/2024|H5N1|USA-SC|2024-01-18|avian|C2.1,C21
1009,297,0.0075320719047749,-121.238144428512,38.7759968310685,-121.257322524477,38.911435940504,1.37141565248678,1.36388358058201,2024.03891601553,2024.04644808743,A/guinea_fowl/California/24-003250-002-original/2024|H5N1|USA-CA|2024-01-18|avian|B3.6,B36
1009,298,0.0075320719047749,-121.238144428512,38.7759968310685,-120.552236206318,39.0341077424623,1.37141565248678,1.36388358058201,2024.03891601553,2024.04644808743,A/guinea_fowl/California/24-003250-001-original/2024|H5N1|USA-CA|2024-01-18|avian|B3.6,B36
799,227,0.00257278007286432,-98.0251471168764,39.34124076526,-98.0299904894701,39.3272841829641,1.37141565248678,1.36884287241392,2024.04387530736,2024.04644808743,A/pheasant/Kansas/24-001752-002-original/2024|H5N1|USA-KS|2024-01-18|avian|B3.6,B36
799,228,0.00257278007286432,-98.0251471168764,39.34124076526,-98.4825112062535,39.3281226706322,1.37141565248678,1.36884287241392,2024.04387530736,2024.04644808743,A/pheasant/Kansas/24-001752-001-original/2024|H5N1|USA-KS|2024-01-18|avian|B3.6,B36
325,326,0.0141632825858267,-70.416418037691,42.9239247444623,-70.9096217568516,42.6716319192433,0.411684993021927,0.3975217104361,2024.03458427004,2024.04874755263,NA,C21
1060,17,0.105264007738893,-125.399811912445,51.1025959168059,-130.458318204949,57.087446897158,1.37414789292413,1.26888388518524,2023.94391632013,2024.04918032787,A/American_Crow/BC/AIVPHL-1874/2024|H5N1|Canada-BC|2024-01-19|avian|B3.6,B36
1060,18,0.105264007738893,-125.399811912445,51.1025959168059,-125.308698250364,51.1561966960627,1.37414789292413,1.26888388518524,2023.94391632013,2024.04918032787,A/American_Crow/BC/AIVPHL-1880/2024|H5N1|Canada-BC|2024-01-19|avian|B3.6,B36
213,216,0.128124459999325,-71.2535092072979,42.6050002680904,-71.2001176372699,42.6573075861158,0.416250553190577,0.288126093191252,2023.9251886528,2024.05331311279,NA,C21
1023,1035,0.48559123147488,-99.1965654807915,43.3658631240821,-86.9373066508675,38.2968130088918,1.37889272112666,0.893301489651781,2023.5683339246,2024.05392515607,NA,B36
326,327,0.00576159074770399,-70.9096217568516,42.6716319192433,-71.1629662003569,42.5422734674027,0.417446583769631,0.411684993021927,2024.04874755263,2024.05450914337,NA,C21
327,329,0.0011397132120799,-71.1629662003569,42.5422734674027,-71.1132856893086,42.7093878916077,0.418586296981711,0.417446583769631,2024.05450914337,2024.05564885659,NA,C21
230,231,0.0694428778967868,-74.8301572819087,41.2923870351603,-71.624801416404,41.8816120888113,0.41874548544074,0.349302607543953,2023.98636516715,2024.05580804504,NA,C21
274,275,0.0947407077808304,-72.6902744986739,41.9492323465292,-72.5136929267881,43.1795508083978,0.419385863401804,0.324645155620974,2023.96170771522,2024.05644842301,NA,C21
275,276,0.000642414528034929,-72.5136929267881,43.1795508083978,-72.5747777764946,43.2777329290668,0.420028277929839,0.419385863401804,2024.05644842301,2024.05709083753,NA,C21
329,330,0.0016312053264268,-71.1132856893086,42.7093878916077,-71.1116893941247,42.7031710408293,0.420217502308138,0.418586296981711,2024.05564885659,2024.05728006191,NA,C21
824,258,0.0239874230956674,-99.3433727969687,45.2285981067887,-99.6507175503456,45.2482270034914,1.38234461423551,1.35835719113985,2024.03338962608,2024.05737704918,A/pheasant/South_Dakota/24-002228-001-original/2024|H5N1|USA-SD|2024-01-22|avian|B3.6,B36
310,316,0.0899680137459766,-90.138986801004,33.3086376753745,-89.7467714027139,33.9251766688756,0.420556987600382,0.330588973854405,2023.96765153346,2024.0576195472,NA,C21
582,583,0.0654578392509966,-83.2762245681175,27.2853573864593,-82.641155168841,25.9841112777404,1.38287113430503,1.31741329505404,2023.99244573,2024.05790356925,NA,B36
274,293,0.0964871416925702,-72.6902744986739,41.9492323465292,-69.5004472263325,42.9242581633834,0.421132297313544,0.324645155620974,2023.96170771522,2024.05819485692,NA,C21
311,312,0.0841882869167552,-90.0747894015759,33.4612695184174,-90.1277615956341,33.4550461491959,0.421954668306675,0.33776638138992,2023.97482894099,2024.05901722791,NA,C21
330,332,0.00192033671680669,-71.1116893941247,42.7031710408293,-71.586060184717,42.4242350566602,0.422137839024944,0.420217502308138,2024.05728006191,2024.05920039863,NA,C21
403,122,0.142260079998859,-76.3380319323663,36.56597364918,-75.9934157284124,35.7022905462232,0.42304673001345,0.280786650014591,2023.91784920962,2024.06010928962,A/American_white_pelican/North_Carolina/W24-84/2024|H5N1|USA-NC|2024-01-23|avian|C2.1,C21
395,126,0.048164713050501,-70.0346067028677,44.4882979735025,-69.8049654599939,44.5457409361986,0.42304673001345,0.374882016962949,2024.01194457657,2024.06010928962,A/chicken/Maine/24-002533-001-original/2024|H5N1|USA-ME|2024-01-23|avian|C2.1,C21
395,125,0.048164713050501,-70.0346067028677,44.4882979735025,-69.8968885468748,44.1325321855543,0.42304673001345,0.374882016962949,2024.01194457657,2024.06010928962,A/chicken/Maine/24-002533-002-original/2024|H5N1|USA-ME|2024-01-23|avian|C2.1,C21
596,373,0.0285794547812292,-81.5681757781171,27.014231094499,-81.8624029529482,27.3155466801836,1.38507685467264,1.35649739989141,2024.03152983484,2024.06010928962,A/chicken/Florida/24-002738-001-original/2024|H5N1|USA-FL|2024-01-23|avian|B3.6,B36
596,372,0.0285794547812292,-81.5681757781171,27.014231094499,-81.7735387729559,27.1274944828936,1.38507685467264,1.35649739989141,2024.03152983484,2024.06010928962,A/chicken/Florida/24-002738-002-original/2024|H5N1|USA-FL|2024-01-23|avian|B3.6,B36
1035,307,0.00618413354597824,-86.9373066508675,38.2968130088918,-87.0504307626943,38.5190862959535,1.38507685467264,1.37889272112666,2024.05392515607,2024.06010928962,A/turkey/Indiana/24-002432-001-original/2024|H5N1|USA-IN|2024-01-23|avian|B3.6,B36
1035,308,0.00618413354597824,-86.9373066508675,38.2968130088918,-87.1635620915334,38.827787580362,1.38507685467264,1.37889272112666,2024.05392515607,2024.06010928962,A/turkey/Indiana/24-002432-002-original/2024|H5N1|USA-IN|2024-01-23|avian|B3.6,B36
332,333,0.00147135762938561,-71.586060184717,42.4242350566602,-71.6918058328881,42.3888278100516,0.42360919665433,0.422137839024944,2024.05920039863,2024.06067175626,NA,C21
338,339,0.0299464040831776,-71.3714487275081,42.1756773708547,-71.009609172244,43.1994200131061,0.425194608274254,0.395248204191077,2024.0323107638,2024.06225716788,NA,C21
327,328,0.008565910035497,-71.1629662003569,42.5422734674027,-70.9149675932928,42.9861748116087,0.426012493805128,0.417446583769631,2024.05450914337,2024.06307505341,NA,C21
1006,1013,0.535653174626219,-96.346654019477,42.3604811852872,-85.7523660302157,41.0154098498704,1.38852872366664,0.852875549040423,2023.52790798399,2024.06356115861,NA,B36
231,237,0.00995591268383866,-71.624801416404,41.8816120888113,-71.4428959191508,41.9966971924134,0.428701398124578,0.41874548544074,2024.05580804504,2024.06576395773,NA,C21
339,340,0.00395121324475034,-71.009609172244,43.1994200131061,-71.1863943887377,42.6719440624858,0.429145821519005,0.425194608274254,2024.06225716788,2024.06620838112,NA,C21
276,292,0.0100321179575055,-72.5747777764946,43.2777329290668,-72.2972930313099,43.328546714518,0.430060395887344,0.420028277929839,2024.05709083753,2024.06712295549,NA,C21
231,232,0.0127319673528695,-71.624801416404,41.8816120888113,-71.606405985938,41.8862186552293,0.431477452793609,0.41874548544074,2024.05580804504,2024.0685400124,NA,C21
329,335,0.0131246679698738,-71.1132856893086,42.7093878916077,-70.7774325679055,42.5789974549483,0.431710964951585,0.418586296981711,2024.05564885659,2024.06877352456,NA,C21
276,277,0.0129794149185212,-72.5747777764946,43.2777329290668,-72.6100404829771,43.2475305025459,0.43300769284836,0.420028277929839,2024.05709083753,2024.07007025245,NA,C21
230,272,0.0858116186849908,-74.8301572819087,41.2923870351603,-75.181706511171,41.8358962515619,0.435114226228943,0.349302607543953,2023.98636516715,2024.07217678583,NA,C21
790,793,0.482834058644699,-117.77749535495,48.9126573866008,-120.304439157034,49.6681349315276,1.3976159410417,0.914781882397002,2023.58981431734,2024.07264837599,NA,B36
396,398,0.072607150141415,-70.1782649513056,44.1843340813607,-70.2671076211241,43.9362820094518,0.435898414684674,0.363291264543259,2024.00035382415,2024.07296097429,NA,C21
277,278,0.00299920481576843,-72.6100404829771,43.2475305025459,-72.3160448497309,43.4360952631739,0.436006897664128,0.43300769284836,2024.07007025245,2024.07306945727,NA,C21
989,296,0.548125002349567,-96.548504018954,42.3616509755874,-119.832465621408,46.8375267555611,1.3987380568585,0.85061305450893,2023.52564548945,2024.0737704918,A/mallard/Washington/24-003952-017-original/2024|H5N1|USA-WA|2024-01-28|avian|B3.6,B36
278,279,0.00204304508949144,-72.3160448497309,43.4360952631739,-72.266256584611,43.3818781560698,0.43804994275362,0.436006897664128,2024.07306945727,2024.07511250236,NA,C21
347,348,0.0636350930986241,-70.141598717443,42.522721639493,-70.9276399040032,42.1800450774439,0.438163379835516,0.374528286736892,2024.01159084634,2024.07522593944,NA,C21
314,109,0.0596813507905808,-90.2605426657328,33.5994557716072,-90.2698988154787,33.543797498132,0.439440172636435,0.379758821845854,2024.01682138145,2024.07650273224,A/wood_duck/Mississippi/24-004128-007-original/2024|H5N1|USA-MS|2024-01-29|avian|C2.1,C21
314,110,0.0596813507905808,-90.2605426657328,33.5994557716072,-90.2000245983148,33.6306336661721,0.439440172636435,0.379758821845854,2024.01682138145,2024.07650273224,A/wood_duck/Mississippi/24-004128-001-original/2024|H5N1|USA-MS|2024-01-29|avian|C2.1,C21
315,107,0.0460403110274106,-90.207427300018,33.2823644262115,-90.2740794767365,33.5857735421553,0.439440172636435,0.393399861609024,2024.03046242121,2024.07650273224,A/wood_duck/Mississippi/24-004128-004-original/2024|H5N1|USA-MS|2024-01-29|avian|C2.1,C21
315,108,0.0460403110274106,-90.207427300018,33.2823644262115,-90.2563437419211,33.6150555749536,0.439440172636435,0.393399861609024,2024.03046242121,2024.07650273224,A/wood_duck/Mississippi/24-004128-011-original/2024|H5N1|USA-MS|2024-01-29|avian|C2.1,C21
312,111,0.017485504329759,-90.1277615956341,33.4550461491959,-90.27445288422,33.6032748145655,0.439440172636435,0.421954668306675,2024.05901722791,2024.07650273224,A/wood_duck/Mississippi/24-004128-008-original/2024|H5N1|USA-MS|2024-01-29|avian|C2.1,C21
312,112,0.017485504329759,-90.1277615956341,33.4550461491959,-90.437237409915,33.3212354836227,0.439440172636435,0.421954668306675,2024.05901722791,2024.07650273224,A/wood_duck/Mississippi/24-004128-003-original/2024|H5N1|USA-MS|2024-01-29|avian|C2.1,C21
347,352,0.0653368909959889,-70.141598717443,42.522721639493,-70.5052338727823,42.8591205380547,0.439865177732881,0.374528286736892,2024.01159084634,2024.07692773734,NA,C21
279,280,0.00313775626032697,-72.266256584611,43.3818781560698,-72.5208369582348,43.1002657490617,0.441187699013947,0.43804994275362,2024.07511250236,2024.07825025862,NA,C21
237,238,0.0129212272816887,-71.4428959191508,41.9966971924134,-71.5920858076433,41.8972682690246,0.441622625406267,0.428701398124578,2024.06576395773,2024.07868518501,NA,C21
280,286,0.000935658596325106,-72.5208369582348,43.1002657490617,-72.3494189563528,43.2802815237964,0.442123357610272,0.441187699013947,2024.07825025862,2024.07918591721,NA,C21
297,90,0.369683351293775,-75.5192945141936,39.485924206862,-76.6199628560173,35.0744085051819,0.442172413073561,0.0724890617797852,2023.70955162138,2024.07923497268,A/green-winged_teal/North_Carolina/24-004327-001-original/2024|H5N1|USA-NC|2024-01-30|avian|C2.1,C21
815,242,0.34834387750454,-112.046429512066,47.6906500823944,-113.486574978676,46.4803838664452,1.40420253773275,1.05585866022821,2023.73089109517,2024.07923497268,A/mountain_lion/Montana/24_005908-001/2024|H5N1|USA-MT|2024-01-30|feline|B3.6,B36
401,133,0.0329915589329086,-70.7488671651426,43.1507015445676,-70.6016645150288,43.2624055856036,0.442172413073561,0.409180854140652,2024.04624341374,2024.07923497268,A/American_crow/Maine/23NE01629/2024|H5N1|USA-ME|2024-01-30|avian|C2.1,C21
398,129,0.00627399838888698,-70.2671076211241,43.9362820094518,-70.0459117307396,44.0689592490544,0.442172413073561,0.435898414684674,2024.07296097429,2024.07923497268,A/mallard/Maine/24-004329-015-original/2024|H5N1|USA-ME|2024-01-30|avian|C2.1,C21
398,130,0.00627399838888698,-70.2671076211241,43.9362820094518,-70.2966283657167,44.1177657492428,0.442172413073561,0.435898414684674,2024.07296097429,2024.07923497268,A/mallard/Maine/24-004329-016-original/2024|H5N1|USA-ME|2024-01-30|avian|C2.1,C21
213,214,0.154198892012673,-71.2535092072979,42.6050002680904,-71.0610029781261,42.3409908292186,0.442324985203925,0.288126093191252,2023.9251886528,2024.07938754481,NA,C21
286,289,0.00020332845470139,-72.3494189563528,43.2802815237964,-72.3668770976681,43.2781771512003,0.442326686064973,0.442123357610272,2024.07918591721,2024.07938924567,NA,C21
595,597,0.0735414178704934,-81.4004804534023,27.0135968657564,-80.6254811199545,25.2479613383356,1.40493551976556,1.33139410189507,2024.00642653684,2024.07996795471,NA,B36
286,287,0.00130368782289941,-72.3494189563528,43.2802815237964,-72.5415581602801,43.2412469548988,0.443427045433171,0.442123357610272,2024.07918591721,2024.08048960504,NA,C21
287,288,0.000411490431467709,-72.5415581602801,43.2412469548988,-72.4827411033007,43.2055379049529,0.443838535864639,0.443427045433171,2024.08048960504,2024.08090109547,NA,C21
280,281,0.0031675899892879,-72.5208369582348,43.1002657490617,-72.3248007427145,43.2991095202524,0.444355289003235,0.441187699013947,2024.07825025862,2024.08141784861,NA,C21
281,282,0.000338746306267401,-72.3248007427145,43.2991095202524,-72.5181319073292,43.0058701112914,0.444694035309502,0.444355289003235,2024.08141784861,2024.08175659491,NA,C21
397,128,0.0595441906718349,-70.1142575743708,44.3407922726236,-70.1616093913834,44.1478143778306,0.444904653510687,0.385360462838852,2024.02242302244,2024.08196721311,A/duck/Maine/24-004330-036/2024|H5N1|USA-ME|2024-01-31|avian|C2.1,C21
340,341,0.0159095474728666,-71.1863943887377,42.6719440624858,-71.1137964067393,42.5814572832168,0.445055368991871,0.429145821519005,2024.06620838112,2024.0821179286,NA,C21
316,317,0.0251299886466629,-89.7467714027139,33.9251766688756,-89.7044619665047,33.7980332228165,0.445686976247045,0.420556987600382,2024.0576195472,2024.08274953585,NA,C21
281,284,0.00361176651543088,-72.3248007427145,43.2991095202524,-72.280433413557,43.3452859411858,0.447967055518666,0.444355289003235,2024.08141784861,2024.08502961512,NA,C21
232,233,0.0167915012373384,-71.606405985938,41.8862186552293,-71.6185298173839,41.8512059340911,0.448268954030947,0.431477452793609,2024.0685400124,2024.08533151363,NA,C21
362,363,0.168876446255008,-70.2265332512723,41.6599290758591,-70.4703590174987,41.7845921907849,0.448518649827912,0.279642203572903,2023.91670476318,2024.08558120943,NA,C21
284,285,0.000644417449819412,-72.280433413557,43.3452859411858,-72.2855888413024,43.3964971820543,0.448611472968485,0.447967055518666,2024.08502961512,2024.08567403257,NA,C21
277,291,0.0158731189066543,-72.6100404829771,43.2475305025459,-72.2872216159698,43.3767927178182,0.448880811755014,0.43300769284836,2024.07007025245,2024.08594337136,NA,C21
289,290,0.00698523637556553,-72.3668770976681,43.2781771512003,-72.4111663958699,43.1708271208653,0.449311922440539,0.442326686064973,2024.07938924567,2024.08637448204,NA,C21
282,283,0.00532627465613306,-72.5181319073292,43.0058701112914,-72.1940049814342,43.4340736664233,0.450020309965635,0.444694035309502,2024.08175659491,2024.08708286957,NA,C21
214,215,0.00791089190503175,-71.0610029781261,42.3409908292186,-71.0340121147328,42.3556435532007,0.450235877108957,0.442324985203925,2024.07938754481,2024.08729843671,NA,C21
954,78,0.565964114202909,-103.159831897146,39.940154819692,-113.442727249442,41.3462327448995,1.41239925904436,0.846435144841447,2023.52146757979,2024.08743169399,A/hawk/Utah/24-004080-001-R2/2024|H5N1|USA-UT|2024-02-02|avian|B3.6,B36
409,113,0.113632023437693,-77.4140280905058,38.9485571394942,-72.1327928132766,43.37781529624,0.450369134385167,0.336737110947473,2023.97379967055,2024.08743169399,A/mallard/New_Hampshire/24-004334-037-original/2024|H5N1|USA-NH|2024-02-02|avian|C2.1,C21
901,284,0.11155138558325,-39.0788683375511,-21.2959332802363,-40.833889,-21.011111,2.04851629570033,1.93696491011708,2023.97588030841,2024.08743169399,A/Sterna_hirundo/Espirito_Santo/0155-N/2024|H5N1|Brazil|2024-02-02|avian|B3.2,B32
397,127,0.0650086715463146,-70.1142575743708,44.3407922726236,-70.1733043482186,44.1523322355705,0.450369134385167,0.385360462838852,2024.02242302244,2024.08743169399,A/mallard/Maine/24-004332-010-original/2024|H5N1|USA-ME|2024-02-02|avian|C2.1,C21
216,7,0.0341185811945894,-71.2001176372699,42.6573075861158,-71.1104891918552,42.7018719175631,0.450369134385167,0.416250553190577,2024.05331311279,2024.08743169399,A/chicken/Massachusetts/24-003817-001-original/2024|H5N1|USA-MA|2024-02-02|avian|C2.1,C21
275,69,0.0309832709833626,-72.5136929267881,43.1795508083978,-72.0244653293614,43.4556068655294,0.450369134385167,0.419385863401804,2024.05644842301,2024.08743169399,A/mallard/New_Hampshire/24-004334-044/2024|H5N1|USA-NH|2024-02-02|avian|C2.1,C21
292,68,0.0203087384978222,-72.2972930313099,43.328546714518,-72.334654477995,43.2755552159548,0.450369134385167,0.430060395887344,2024.06712295549,2024.08743169399,A/mallard/New_Hampshire/24-004334-024-original/2024|H5N1|USA-NH|2024-02-02|avian|C2.1,C21
292,67,0.0203087384978222,-72.2972930313099,43.328546714518,-72.2372864396587,43.2466146457403,0.450369134385167,0.430060395887344,2024.06712295549,2024.08743169399,A/mallard/New_Hampshire/24-004334-002-original/2024|H5N1|USA-NH|2024-02-02|avian|C2.1,C21
278,85,0.0143622367210381,-72.3160448497309,43.4360952631739,-72.3317160655623,43.3956966328545,0.450369134385167,0.436006897664128,2024.07306945727,2024.08743169399,A/mallard/New_Hampshire/24-004334-001-original/2024|H5N1|USA-NH|2024-02-02|avian|C2.1,C21
279,73,0.0123191916315467,-72.266256584611,43.3818781560698,-72.1911746044969,43.5123914213648,0.450369134385167,0.43804994275362,2024.07511250236,2024.08743169399,A/mallard/New_Hampshire/24-004334-011-original/2024|H5N1|USA-NH|2024-02-02|avian|C2.1,C21
289,78,0.00804244832019319,-72.3668770976681,43.2781771512003,-72.3432785863284,43.3699512498672,0.450369134385167,0.442326686064973,2024.07938924567,2024.08743169399,A/mallard/New_Hampshire/24-004334-026-original/2024|H5N1|USA-NH|2024-02-02|avian|C2.1,C21
287,75,0.00694208895199516,-72.5415581602801,43.2412469548988,-72.3345467067221,43.4576658401226,0.450369134385167,0.443427045433171,2024.08048960504,2024.08743169399,A/mallard/New_Hampshire/24-004334-004-original/2024|H5N1|USA-NH|2024-02-02|avian|C2.1,C21
288,79,0.00653059852052745,-72.4827411033007,43.2055379049529,-72.3377301266677,43.3336661834791,0.450369134385167,0.443838535864639,2024.08090109547,2024.08743169399,A/mallard/New_Hampshire/24-004334-012-original/2024|H5N1|USA-NH|2024-02-02|avian|C2.1,C21
288,76,0.00653059852052745,-72.4827411033007,43.2055379049529,-72.260920506453,43.4877183198946,0.450369134385167,0.443838535864639,2024.08090109547,2024.08743169399,A/mallard/New_Hampshire/24-004334-008-original/2024|H5N1|USA-NH|2024-02-02|avian|C2.1,C21
282,81,0.00567509907566438,-72.5181319073292,43.0058701112914,-72.3636271908628,43.4821111117257,0.450369134385167,0.444694035309502,2024.08175659491,2024.08743169399,A/mallard/New_Hampshire/24-004334-010-original/2024|H5N1|USA-NH|2024-02-02|avian|C2.1,C21
284,80,0.0024020788665009,-72.280433413557,43.3452859411858,-72.2273846031648,43.3800316111819,0.450369134385167,0.447967055518666,2024.08502961512,2024.08743169399,A/mallard/New_Hampshire/24-004334-020-original/2024|H5N1|USA-NH|2024-02-02|avian|C2.1,C21
285,70,0.00175766141668149,-72.2855888413024,43.3964971820543,-72.3233945921938,43.3880303792654,0.450369134385167,0.448611472968485,2024.08567403257,2024.08743169399,A/mallard/New_Hampshire/24-004334-019-original/2024|H5N1|USA-NH|2024-02-02|avian|C2.1,C21
285,77,0.00175766141668149,-72.2855888413024,43.3964971820543,-72.2605655250011,43.4812097337216,0.450369134385167,0.448611472968485,2024.08567403257,2024.08743169399,A/mallard/New_Hampshire/24-004334-006-original/2024|H5N1|USA-NH|2024-02-02|avian|C2.1,C21
291,74,0.00148832263015225,-72.2872216159698,43.3767927178182,-72.4121059310052,43.3667823273561,0.450369134385167,0.448880811755014,2024.08594337136,2024.08743169399,A/mallard/New_Hampshire/24-004334-021-original/2024|H5N1|USA-NH|2024-02-02|avian|C2.1,C21
291,84,0.00148832263015225,-72.2872216159698,43.3767927178182,-72.2975221072005,43.3599163168928,0.450369134385167,0.448880811755014,2024.08594337136,2024.08743169399,A/mallard/New_Hampshire/24-004334-016-original/2024|H5N1|USA-NH|2024-02-02|avian|C2.1,C21
290,83,0.00105721194462766,-72.4111663958699,43.1708271208653,-72.443267990269,43.1613527370824,0.450369134385167,0.449311922440539,2024.08637448204,2024.08743169399,A/mallard/New_Hampshire/24-004334-018-original/2024|H5N1|USA-NH|2024-02-02|avian|C2.1,C21
290,82,0.00105721194462766,-72.4111663958699,43.1708271208653,-72.1298444462094,43.3368614768607,0.450369134385167,0.449311922440539,2024.08637448204,2024.08743169399,A/mallard/New_Hampshire/24-004334-017-original/2024|H5N1|USA-NH|2024-02-02|avian|C2.1,C21
283,71,0.000348824419531324,-72.1940049814342,43.4340736664233,-72.2120138518581,43.4063809428929,0.450369134385167,0.450020309965635,2024.08708286957,2024.08743169399,A/mallard/New_Hampshire/24-004334-027-original/2024|H5N1|USA-NH|2024-02-02|avian|C2.1,C21
283,72,0.000348824419531324,-72.1940049814342,43.4340736664233,-72.1573550139195,43.5160287090412,0.450369134385167,0.450020309965635,2024.08708286957,2024.08743169399,A/mallard/New_Hampshire/24-004334-013-original/2024|H5N1|USA-NH|2024-02-02|avian|C2.1,C21
339,342,0.0267113665809255,-71.009609172244,43.1994200131061,-71.0153783792824,43.2215633102551,0.45190597485518,0.425194608274254,2024.06225716788,2024.08896853446,NA,C21
330,331,0.0319446689540399,-71.1116893941247,42.7031710408293,-71.0248426458096,42.8136847823863,0.452162171262177,0.420217502308138,2024.05728006191,2024.08922473087,NA,C21
401,134,0.0439205206816406,-70.7488671651426,43.1507015445676,-71.0999778189506,43.3568514339725,0.453101374822293,0.409180854140652,2024.04624341374,2024.09016393443,A/Great_Horned_Owl/New_Hampshire/23NE01620/2024|H5N1|USA-NH|2024-02-03|avian|C2.1,C21
232,64,0.0216239220286838,-71.606405985938,41.8862186552293,-71.1110838876394,42.3155624453903,0.453101374822293,0.431477452793609,2024.0685400124,2024.09016393443,A/lesser_scaup/Massachusetts/24MM00032/2024|H5N1|USA-MA|2024-02-03|avian|C2.1,C21
272,65,0.0179871485933493,-75.181706511171,41.8358962515619,-75.3430819079738,41.3829252481308,0.453101374822293,0.435114226228943,2024.07217678583,2024.09016393443,A/chicken/Pennsylvania/24-003804-001-original/2024|H5N1|USA-PA|2024-02-03|avian|C2.1,C21
272,66,0.0179871485933493,-75.181706511171,41.8358962515619,-75.1749285131367,41.8384886673042,0.453101374822293,0.435114226228943,2024.07217678583,2024.09016393443,A/chicken/Pennsylvania/24-003804-003-original/2024|H5N1|USA-PA|2024-02-03|avian|C2.1,C21
237,269,0.0252933437241308,-71.4428959191508,41.9966971924134,-70.9296204891583,42.8194153516495,0.453994741848709,0.428701398124578,2024.06576395773,2024.09105730145,NA,C21
990,991,0.195941011806522,-95.9132212138449,42.7359565593238,-96.8314878015794,45.3040611768674,1.41732611077333,1.22138509896681,2023.89641753391,2024.09235854572,NA,B36
238,239,0.0162918462958946,-71.5920858076433,41.8972682690246,-71.0601557343933,41.6654414588295,0.457914471702161,0.441622625406267,2024.07868518501,2024.09497703131,NA,C21
342,343,0.00610123473953478,-71.0153783792824,43.2215633102551,-71.0417378537599,42.7109889158283,0.458007209594715,0.45190597485518,2024.08896853446,2024.0950697692,NA,C21
355,173,0.352766097019617,-72.2069108169248,41.327032933858,-71.0331042003173,42.5852930320802,0.458565855696545,0.105799758676928,2023.74286231828,2024.0956284153,A/Canada_Goose/MA/24-004865-005/2024|H5N1|USA-MA|2024-02-05|avian|C2.1,C21
400,132,0.141209515363379,-70.3786343688788,43.003502968908,-70.7785578941922,42.5809028297795,0.458565855696545,0.317356340333166,2023.95441889994,2024.0956284153,A/Canada_Goose/Massachusetts/23SN01966/2024|H5N1|USA-MA|2024-02-05|avian|C2.1,C21
325,159,0.0610441452604449,-70.416418037691,42.9239247444623,-70.8331894725281,42.6124794507879,0.458565855696545,0.3975217104361,2024.03458427004,2024.0956284153,A/Canada_Goose/Massachusetts/23SN01947/2024|H5N1|USA-MA|2024-02-05|avian|C2.1,C21
326,152,0.0468808626746182,-70.9096217568516,42.6716319192433,-70.9123491081626,42.6697877052057,0.458565855696545,0.411684993021927,2024.04874755263,2024.0956284153,A/Canada_Goose/Massachusetts/23SN01988/2024|H5N1|USA-MA|2024-02-05|avian|C2.1,C21
316,106,0.0380088680961635,-89.7467714027139,33.9251766688756,-89.7154960938542,33.8584890657797,0.458565855696545,0.420556987600382,2024.0576195472,2024.0956284153,A/wood_duck/Mississippi/24-004235-002-original/2024|H5N1|USA-MS|2024-02-05|avian|C2.1,C21
332,157,0.0364280166716008,-71.586060184717,42.4242350566602,-71.163162203125,42.6299187895096,0.458565855696545,0.422137839024944,2024.05920039863,2024.0956284153,A/Canada_Goose/Massachusetts/24HP00007/2024|H5N1|USA-MA|2024-02-05|avian|C2.1,C21
333,156,0.0349566590422152,-71.6918058328881,42.3888278100516,-71.2392016996659,42.7236506165291,0.458565855696545,0.42360919665433,2024.06067175626,2024.0956284153,A/Canada_Goose/Massachusetts/23SN01998/2024|H5N1|USA-MA|2024-02-05|avian|C2.1,C21
328,153,0.0325533618914172,-70.9149675932928,42.9861748116087,-70.9216231331555,42.7317923080086,0.458565855696545,0.426012493805128,2024.06307505341,2024.0956284153,A/Canada_Goose/Massachusetts/23SN01987/2024|H5N1|USA-MA|2024-02-05|avian|C2.1,C21
335,148,0.0268548907449606,-70.7774325679055,42.5789974549483,-70.7359837850411,42.6171162070248,0.458565855696545,0.431710964951585,2024.06877352456,2024.0956284153,A/Canada_Goose/Massachusetts/24HP00005/2024|H5N1|USA-MA|2024-02-05|avian|C2.1,C21
348,162,0.0204024758610291,-70.9276399040032,42.1800450774439,-70.9502789919279,42.7593368091859,0.458565855696545,0.438163379835516,2024.07522593944,2024.0956284153,A/Canada_Goose/Massachusetts/23SN01967/2024|H5N1|USA-MA|2024-02-05|avian|C2.1,C21
597,374,0.0156604605901736,-80.6254811199545,25.2479613383356,-80.7110359438543,25.6693167224565,1.42059598035573,1.40493551976556,2024.07996795471,2024.0956284153,A/chicken/Florida/24-004150-001-original/2024|H5N1|USA-FL|2024-02-05|avian|B3.6,B36
317,105,0.0128788794495006,-89.7044619665047,33.7980332228165,-89.879033724368,33.7711501146881,0.458565855696545,0.445686976247045,2024.08274953585,2024.0956284153,A/wood_duck/Mississippi/24-004235-003-original/2024|H5N1|USA-MS|2024-02-05|avian|C2.1,C21
317,104,0.0128788794495006,-89.7044619665047,33.7980332228165,-89.6768401726231,33.8228474024075,0.458565855696545,0.445686976247045,2024.08274953585,2024.0956284153,A/wood_duck/Mississippi/24-004235-001/2024|H5N1|USA-MS|2024-02-05|avian|C2.1,C21
331,145,0.00640368443436762,-71.0248426458096,42.8136847823863,-71.1212599435999,42.7308991639442,0.458565855696545,0.452162171262177,2024.08922473087,2024.0956284153,A/Canada_Goose/Massachusetts/24HP00009/2024|H5N1|USA-MA|2024-02-05|avian|C2.1,C21
331,146,0.00640368443436762,-71.0248426458096,42.8136847823863,-71.0242373371204,42.8144129266524,0.458565855696545,0.452162171262177,2024.08922473087,2024.0956284153,A/Canada_Goose/Massachusetts/23SN01946/2024|H5N1|USA-MA|2024-02-05|avian|C2.1,C21
343,143,0.00055864610183054,-71.0417378537599,42.7109889158283,-71.0875393439374,42.7183927482233,0.458565855696545,0.458007209594715,2024.0950697692,2024.0956284153,A/Canada_Goose/Massachusetts/23SN01978/2024|H5N1|USA-MA|2024-02-05|avian|C2.1,C21
343,344,0.00121593771304396,-71.0417378537599,42.7109889158283,-71.0382486253144,42.6837199765678,0.459223147307758,0.458007209594715,2024.0950697692,2024.09628570691,NA,C21
335,336,0.0285500893189984,-70.7774325679055,42.5789974549483,-70.9946841023059,42.7094391981978,0.460261054270583,0.431710964951585,2024.06877352456,2024.09732361387,NA,C21
336,337,0.000576674636665941,-70.9946841023059,42.7094391981978,-70.9561402528251,42.8085882396328,0.460837728907249,0.460261054270583,2024.09732361387,2024.09790028851,NA,C21
300,302,0.228046788102558,-76.2071932686443,37.4531930574273,-77.6113091097032,35.2307764461853,0.460989095314072,0.232942307211514,2023.87000486682,2024.09805165492,NA,C21
744,443,0.442813604622199,-119.334057216518,39.1751448719719,-120.652089012265,38.935222831658,1.42332822079286,0.980514616170661,2023.65554705112,2024.09836065574,A/mute_swan/California/24_005918-001/2024|H5N1|USA-CA|2024-02-06|avian|B3.6,B36
298,91,0.33912775992184,-75.9060850352812,39.9193805798296,-82.3389881542382,35.7605279666422,0.461298096133671,0.122170336211831,2023.75923289582,2024.09836065574,A/Canada_goose/North_Carolina/W24-90A/2024|H5N1|USA-NC|2024-02-06|avian|C2.1,C21
409,114,0.124560985186198,-77.4140280905058,38.9485571394942,-78.0560380329896,37.5106727731787,0.461298096133671,0.336737110947473,2023.97379967055,2024.09836065574,A/Canada_goose/Virginia/24-004375-001-original/2024|H5N1|USA-VA|2024-02-06|avian|C2.1,C21
338,158,0.0660498919425945,-71.3714487275081,42.1756773708547,-71.1389339785952,42.7130795700489,0.461298096133671,0.395248204191077,2024.0323107638,2024.09836065574,A/Canada_Goose/Massachusetts/23SN01997/2024|H5N1|USA-MA|2024-02-06|avian|C2.1,C21
215,6,0.0110622190247147,-71.0340121147328,42.3556435532007,-70.8741435479153,42.7301641049244,0.461298096133671,0.450235877108957,2024.08729843671,2024.09836065574,A/Canada_Goose/Massachusetts/23SN01965/2024|H5N1|USA-MA|2024-02-06|avian|C2.1,C21
233,234,0.0134038869357155,-71.6185298173839,41.8512059340911,-71.6649857238136,41.9664663712091,0.461672840966663,0.448268954030947,2024.08533151363,2024.09873540057,NA,C21
216,217,0.0473124635444983,-71.2001176372699,42.6573075861158,-71.6955141425152,42.3102303894526,0.463563016735075,0.416250553190577,2024.05331311279,2024.10062557634,NA,C21
991,992,0.00851863742569314,-96.8314878015794,45.3040611768674,-95.1889834156965,45.7214374004506,1.42584474819903,1.41732611077333,2024.09235854572,2024.10087718314,NA,B36
1013,1014,0.0375295968403073,-85.7523660302157,41.0154098498704,-85.3529695896357,41.0314165949764,1.42605832050695,1.38852872366664,2024.06356115861,2024.10109075545,NA,B36
1057,15,0.28961338675508,-116.285821129342,42.2629773968714,-116.715090133326,42.9196094303353,1.42606046122999,1.13644707447491,2023.81147950942,2024.10109289617,A/chicken/Idaho/24-004163-001-original/2024|H5N1|USA-ID|2024-02-07|avian|B3.6,B36
597,375,0.0211249414644259,-80.6254811199545,25.2479613383356,-80.4369254666413,25.420324473976,1.42606046122999,1.40493551976556,2024.07996795471,2024.10109289617,A/chicken/Florida/24-004649-001-original/2024|H5N1|USA-FL|2024-02-07|avian|B3.6,B36
211,212,0.389077534896227,-70.7130988413433,41.4731575556126,-70.338559635314,41.5725999406794,0.464311839834296,0.0752343049380694,2023.71229686454,2024.10137439944,NA,C21
233,235,0.0162265726098796,-71.6185298173839,41.8512059340911,-70.5249489172627,42.4100885015529,0.464495526640827,0.448268954030947,2024.08533151363,2024.10155808624,NA,C21
363,379,0.0172778868194121,-70.4703590174987,41.7845921907849,-70.2484327159036,41.8493329873895,0.465796536647324,0.448518649827912,2024.08558120943,2024.10285909625,NA,C21
340,138,0.037616755488919,-71.1863943887377,42.6719440624858,-71.1835162628144,42.6897428293789,0.466762577007924,0.429145821519005,2024.06620838112,2024.10382513661,A/Canada_Goose/Massachusetts/24HP00018/2024|H5N1|USA-MA|2024-02-08|avian|C2.1,C21
341,141,0.0217072080160524,-71.1137964067393,42.5814572832168,-71.0335062954878,42.5416455525619,0.466762577007924,0.445055368991871,2024.0821179286,2024.10382513661,A/Canada_Goose/Massachusetts/24HP00031/2024|H5N1|USA-MA|2024-02-08|avian|C2.1,C21
341,140,0.0217072080160524,-71.1137964067393,42.5814572832168,-71.112842134366,42.7144766617437,0.466762577007924,0.445055368991871,2024.0821179286,2024.10382513661,A/Canada_Goose/Massachusetts/24HP00033/2024|H5N1|USA-MA|2024-02-08|avian|C2.1,C21
342,139,0.0148566021527438,-71.0153783792824,43.2215633102551,-70.9899574615229,42.6820652283639,0.466762577007924,0.45190597485518,2024.08896853446,2024.10382513661,A/Canada_Goose/Massachusetts/24HP00022/2024|H5N1|USA-MA|2024-02-08|avian|C2.1,C21
336,151,0.00650152273734061,-70.9946841023059,42.7094391981978,-71.0128970133019,42.6775462075288,0.466762577007924,0.460261054270583,2024.09732361387,2024.10382513661,A/Canada_Goose/Massachusetts/24HP00037/2024|H5N1|USA-MA|2024-02-08|avian|C2.1,C21
337,150,0.00592484810067467,-70.9561402528251,42.8085882396328,-71.1703180358666,42.7235631423311,0.466762577007924,0.460837728907249,2024.09790028851,2024.10382513661,A/Canada_Goose/Massachusetts/24HP00036/2024|H5N1|USA-MA|2024-02-08|avian|C2.1,C21
337,149,0.00592484810067467,-70.9561402528251,42.8085882396328,-70.9111124219707,42.8333281257877,0.466762577007924,0.460837728907249,2024.09790028851,2024.10382513661,A/Canada_Goose/Massachusetts/24HP00038/2024|H5N1|USA-MA|2024-02-08|avian|C2.1,C21
302,96,0.00577348169385139,-77.6113091097032,35.2307764461853,-77.6319795183413,35.3480484914326,0.466762577007924,0.460989095314072,2024.09805165492,2024.10382513661,A/turkey/North_Carolina/24-004217-001-original/2024|H5N1|USA-NC|2024-02-08|avian|C2.1,C21
992,999,0.00335824599306767,-95.1889834156965,45.7214374004506,-95.0911851075811,45.6741139867451,1.4292029941921,1.42584474819903,2024.10087718314,2024.10423542914,NA,B36
348,349,0.0294796277698985,-70.9276399040032,42.1800450774439,-71.0783396693725,42.2944948630306,0.467643007605414,0.438163379835516,2024.07522593944,2024.10470556721,NA,C21
793,796,0.032364142072818,-120.304439157034,49.6681349315276,-117.576502365247,47.8138436989116,1.42998008311452,1.3976159410417,2024.07264837599,2024.10501251806,NA,B36
217,218,0.00442285413102267,-71.6955141425152,42.3102303894526,-71.699724299558,42.1902526301228,0.467985870866098,0.463563016735075,2024.10062557634,2024.10504843047,NA,C21
846,180,0.649436830346607,-100.82182798336,41.636009841026,-114.591271014481,42.1856961951186,1.43152494210447,0.78208811175786,2023.4571205467,2024.10655737705,A/chicken/Idaho/24-004368-003-original/2024|H5N1|USA-ID|2024-02-09|avian|B3.6,B36
898,285,0.0908527330549811,-44.1850532559,-22.8525720863628,-41.786944,-22.370833,2.06764197876044,1.97678924570546,2024.01570464399,2024.10655737705,A/Sterna_hirundo/Rio_de_Janeiro/0177-N/2024|H5N1|Brazil|2024-02-09|avian|B3.2,B32
379,380,0.00440454994818573,-70.2484327159036,41.8493329873895,-70.2497660353328,41.8439708434575,0.47020108659551,0.465796536647324,2024.10285909625,2024.1072636462,NA,C21
898,899,0.0920602423885919,-44.1850532559,-22.8525720863628,-44.1465356424279,-20.9459938132045,2.06884948809405,1.97678924570546,2024.01570464399,2024.10776488638,NA,B32
344,142,0.0130039105746448,-71.0382486253144,42.6837199765678,-71.1569889551363,42.3390801846957,0.472227057882403,0.459223147307758,2024.09628570691,2024.10928961749,A/Canada_goose/Massachusetts/23SN01985/2024|H5N1|USA-MA|2024-02-10|avian|C2.1,C21
238,241,0.0314611806951986,-71.5920858076433,41.8972682690246,-70.9391951427467,42.4797799854166,0.473083806101465,0.441622625406267,2024.07868518501,2024.11014636571,NA,C21
241,249,0.000465180786981101,-70.9391951427467,42.4797799854166,-70.9647538048781,42.4413081763306,0.473548986888447,0.473083806101465,2024.11014636571,2024.11061154649,NA,C21
333,334,0.0500836402639583,-71.6918058328881,42.3888278100516,-71.233497487911,42.7343719135434,0.473692836918288,0.42360919665433,2024.06067175626,2024.11075539652,NA,C21
349,350,0.00725143760197905,-71.0783396693725,42.2944948630306,-71.09603369817,42.2907943714766,0.474894445207394,0.467643007605414,2024.10470556721,2024.11195700481,NA,C21
559,560,0.502891000177793,-98.2205373378835,41.8831385067869,-77.2422539200884,38.5275105541593,1.43750926146474,0.934618261286942,2023.60965069623,2024.11254169641,NA,B36
249,252,0.00212339320575716,-70.9647538048781,42.4413081763306,-70.8409742614415,42.5998621710955,0.475672380094204,0.473548986888447,2024.11061154649,2024.1127349397,NA,C21
349,351,0.00807978341778182,-71.0783396693725,42.2944948630306,-71.1563835024871,42.27725572785,0.475722791023196,0.467643007605414,2024.10470556721,2024.11278535063,NA,C21
999,1000,0.00855436288409117,-95.0911851075811,45.6741139867451,-95.8455689185803,45.8200278518821,1.43775735707619,1.4292029941921,2024.10423542914,2024.11278979202,NA,B36
771,781,0.58796137975381,-102.576598562033,43.2833285480662,-77.6532693106202,37.2911872079644,1.43875262585588,0.850791246102071,2023.52582368105,2024.1137850608,NA,B36
241,242,0.00374974537516837,-70.9391951427467,42.4797799854166,-70.9422770424727,42.4771900681391,0.476833551476634,0.473083806101465,2024.11014636571,2024.11389611108,NA,C21
380,386,0.00747235350277881,-70.2497660353328,41.8439708434575,-70.2030761182248,41.7453500264015,0.477673440098288,0.47020108659551,2024.1072636462,2024.1147359997,NA,C21
992,993,0.0138745050601714,-95.1889834156965,45.7214374004506,-94.963280455852,45.6382707617138,1.4397192532592,1.42584474819903,2024.10087718314,2024.1147516882,NA,B36
214,4,0.0353665535527308,-71.0610029781261,42.3409908292186,-71.1303901336078,42.2606427025115,0.477691538756656,0.442324985203925,2024.07938754481,2024.11475409836,A/Canada_goose/Massachusetts/23SN01964/2024|H5N1|USA-MA|2024-02-12|avian|C2.1,C21
215,5,0.027455661647699,-71.0340121147328,42.3556435532007,-71.0568448617112,42.3287988346222,0.477691538756656,0.450235877108957,2024.08729843671,2024.11475409836,A/Canada_Goose/Massachusetts/23SN01943/2024|H5N1|USA-MA|2024-02-12|avian|C2.1,C21
334,154,0.00399870183836742,-71.233497487911,42.7343719135434,-71.0673963563545,42.5383194213932,0.477691538756656,0.473692836918288,2024.11075539652,2024.11475409836,A/sanderling/Massachusetts/24HP00040/2024|H5N1|USA-MA|2024-02-12|avian|C2.1,C21
334,155,0.00399870183836742,-71.233497487911,42.7343719135434,-71.2317342176915,42.7323521896067,0.477691538756656,0.473692836918288,2024.11075539652,2024.11475409836,A/sanderling/Massachusetts/24HP00039/2024|H5N1|USA-MA|2024-02-12|avian|C2.1,C21
350,163,0.00279709354926205,-71.09603369817,42.2907943714766,-71.1117632606956,42.2867803866803,0.477691538756656,0.474894445207394,2024.11195700481,2024.11475409836,A/Canada_goose/Massachusetts/23SN01904/2024|H5N1|USA-MA|2024-02-12|avian|C2.1,C21
781,785,0.00165623138290449,-77.6532693106202,37.2911872079644,-77.4776022135394,37.2712713682671,1.44040885723878,1.43875262585588,2024.1137850608,2024.11544129218,NA,B36
228,295,0.406277068672385,-75.8459052881676,39.1944328122054,-81.1816689564735,40.7855652871194,0.48173141562046,0.075454346948076,2023.71251690655,2024.11879397522,NA,C21
411,412,0.378829122728752,-74.8736110269418,38.1642056060343,-71.40753969978,42.3574857012052,0.48285866906153,0.104029546332778,2023.74109210594,2024.11992122867,NA,C21
344,144,0.0239328723231494,-71.0382486253144,42.6837199765678,-71.1266997998979,42.3065481948788,0.483156019630908,0.459223147307758,2024.09628570691,2024.12021857923,A/Canada_goose/Massachusetts/23SN01984/2024|H5N1|USA-MA|2024-02-14|avian|C2.1,C21
350,164,0.00826157442351438,-71.09603369817,42.2907943714766,-71.1469555894315,42.2685536057389,0.483156019630908,0.474894445207394,2024.11195700481,2024.12021857923,A/Canada_goose/Massachusetts/23SN01963/2024|H5N1|USA-MA|2024-02-14|avian|C2.1,C21
351,166,0.00743322860771162,-71.1563835024871,42.27725572785,-71.1435589120695,42.2787308941589,0.483156019630908,0.475722791023196,2024.11278535063,2024.12021857923,A/Canada_Goose/Massachusetts/23SN01954/2024|H5N1|USA-MA|2024-02-14|avian|C2.1,C21
351,165,0.00743322860771162,-71.1563835024871,42.27725572785,-71.1003498110913,42.3438240326991,0.483156019630908,0.475722791023196,2024.11278535063,2024.12021857923,A/Canada_goose/Massachusetts/23SN01983/2024|H5N1|USA-MA|2024-02-14|avian|C2.1,C21
785,786,0.00528814885602502,-77.4776022135394,37.2712713682671,-77.3678080031977,37.1023084198179,1.44569700609481,1.44040885723878,2024.11544129218,2024.12072944104,NA,B36
640,641,0.165372277002465,-85.8311231570124,39.9333812186802,-83.6237797284897,40.1412009082926,1.44609079542523,1.28071851842276,2023.95575095337,2024.12112323037,NA,B36
302,303,0.023981364494588,-77.6113091097032,35.2307764461853,-78.012955488451,34.7987650680786,0.48497045980866,0.460989095314072,2024.09805165492,2024.12203301941,NA,C21
831,269,0.471975795458672,-99.9815882033174,45.6585863442184,-103.777893729957,33.1053597200155,1.44791838472722,0.975942589268551,2023.65097502421,2024.12295081967,A/canada_goose/New_Mexico/24_005749-001/2024|H5N1|USA-NM|2024-02-15|avian|B3.6,B36
303,97,0.000917800259373935,-78.012955488451,34.7987650680786,-77.798701146424,34.9624205015057,0.485888260068034,0.48497045980866,2024.12203301941,2024.12295081967,A/turkey/North_Carolina/24-005140-001-original/2024|H5N1|USA-NC|2024-02-15|avian|C2.1,C21
303,98,0.000917800259373935,-78.012955488451,34.7987650680786,-78.0118771160237,34.7992261677664,0.485888260068034,0.48497045980866,2024.12203301941,2024.12295081967,A/turkey/North_Carolina/24-005140-002-original/2024|H5N1|USA-NC|2024-02-15|avian|C2.1,C21
252,253,0.0118679151999733,-70.8409742614415,42.5998621710955,-70.8523426514004,42.6229373489024,0.487540295294177,0.475672380094204,2024.1127349397,2024.1246028549,NA,C21
786,787,0.00425533534568778,-77.3678080031977,37.1023084198179,-76.2589824823585,36.8752001626393,1.4499523414405,1.44569700609481,2024.12072944104,2024.12498477639,NA,B36
560,406,0.0131413636998419,-77.2422539200884,38.5275105541593,-76.936160729092,38.3302396238373,1.45065062516458,1.43750926146474,2024.11254169641,2024.12568306011,A/chicken/Maryland/24-005539-002-original/2024|H5N1|USA-MD|2024-02-16|avian|B3.6,B36
560,407,0.0131413636998419,-77.2422539200884,38.5275105541593,-77.2226540391602,38.5205791039052,1.45065062516458,1.43750926146474,2024.11254169641,2024.12568306011,A/chicken/Maryland/24-005539-001-original/2024|H5N1|USA-MD|2024-02-16|avian|B3.6,B36
412,115,0.00576183144385767,-71.40753969978,42.3574857012052,-71.4069077272328,42.3368839983273,0.488620500505388,0.48285866906153,2024.11992122867,2024.12568306011,A/Canada_Goose/Massachusetts/24MM00070/2024|H5N1|USA-MA|2024-02-16|avian|C2.1,C21
253,254,0.00229717201027863,-70.8523426514004,42.6229373489024,-70.846289042293,42.6248203832511,0.489837467304456,0.487540295294177,2024.1246028549,2024.12690002691,NA,C21
242,243,0.0159844234479355,-70.9422770424727,42.4771900681391,-70.9255247448851,42.3923242224865,0.492817974924569,0.476833551476634,2024.11389611108,2024.12988053453,NA,C21
252,261,0.0171813326804213,-70.8409742614415,42.5998621710955,-71.2985734462327,42.6181821590065,0.492853712774625,0.475672380094204,2024.1127349397,2024.12991627238,NA,C21
243,246,0.000698462918129195,-70.9255247448851,42.3923242224865,-70.9737650652433,42.3918850336058,0.493516437842699,0.492817974924569,2024.12988053453,2024.13057899745,NA,C21
363,364,0.0451086345034118,-70.4703590174987,41.7845921907849,-70.3840575630303,41.5331119355476,0.493627284331324,0.448518649827912,2024.08558120943,2024.13068984394,NA,C21
320,137,0.421617663950446,-72.4355839778254,41.1062520584892,-70.3328244180774,41.6668227949576,0.49408498137964,0.0724673174291942,2023.70952987703,2024.13114754098,A/Great_Black-backed_Gull/Massachusetts/23WI00340/2024|H5N1|USA-MA|2024-02-18|avian|C2.1,C21
234,61,0.0324121404129771,-71.6649857238136,41.9664663712091,-70.182309054384,41.6519540612353,0.49408498137964,0.461672840966663,2024.09873540057,2024.13114754098,A/Herring_Gull/Massachusetts/23WI00341/2024|H5N1|USA-MA|2024-02-18|avian|C2.1,C21
641,468,0.0100243106136015,-83.6237797284897,40.1412009082926,-83.0301580353333,39.88074102956,1.45611510603883,1.44609079542523,2024.12112323037,2024.13114754098,A/chicken/Ohio/24-005334-002-original/2024|H5N1|USA-OH|2024-02-18|avian|B3.6,B36
641,469,0.0100243106136015,-83.6237797284897,40.1412009082926,-83.1283972065423,40.0682991551914,1.45611510603883,1.44609079542523,2024.12112323037,2024.13114754098,A/chicken/Ohio/24-005334-001-original/2024|H5N1|USA-OH|2024-02-18|avian|B3.6,B36
1000,1002,0.0194840933385858,-95.8455689185803,45.8200278518821,-96.263699066433,45.7054579314807,1.45724145041477,1.43775735707619,2024.11278979202,2024.13227388536,NA,B36
781,782,0.0200918772710836,-77.6532693106202,37.2911872079644,-76.5580377821143,36.8567461947447,1.45884450312696,1.43875262585588,2024.1137850608,2024.13387693807,NA,B36
364,377,0.00343520591443164,-70.3840575630303,41.5331119355476,-70.3830416235769,41.5264418480299,0.497062490245755,0.493627284331324,2024.13068984394,2024.13412504985,NA,C21
269,270,0.0432341644463861,-70.9296204891583,42.8194153516495,-71.2545419511449,42.6643608375952,0.497228906295095,0.453994741848709,2024.09105730145,2024.1342914659,NA,C21
1014,1015,0.0336782924928245,-85.3529695896357,41.0314165949764,-84.9482938022613,40.9381475116243,1.45973661299977,1.42605832050695,2024.10109075545,2024.13476904794,NA,B36
793,794,0.0621782472684251,-120.304439157034,49.6681349315276,-118.150396622748,48.2373627531825,1.45979418831013,1.3976159410417,2024.07264837599,2024.13482662325,NA,B36
242,247,0.0213129938782614,-70.9422770424727,42.4771900681391,-70.6751009706142,42.9425121997343,0.498146545354895,0.476833551476634,2024.11389611108,2024.13520910496,NA,C21
377,378,0.00128206619357213,-70.3830416235769,41.5264418480299,-70.3844788535797,41.52421212894,0.498344556439327,0.497062490245755,2024.13412504985,2024.13540711604,NA,C21
796,797,0.0308143458329975,-117.576502365247,47.8138436989116,-117.787432397351,48.4949241022812,1.46079442894752,1.42998008311452,2024.10501251806,2024.13582686389,NA,B36
249,250,0.0254170018284665,-70.9647538048781,42.4413081763306,-70.9363303822901,42.4976782146346,0.498965988716913,0.473548986888447,2024.11061154649,2024.13602854832,NA,C21
218,219,0.0314355327307486,-71.699724299558,42.1902526301228,-71.7577917227341,42.2237519896836,0.499421403596847,0.467985870866098,2024.10504843047,2024.1364839632,NA,C21
803,231,0.368533974415939,-118.80570864247,42.8566136537692,-121.950951887413,37.7386844020948,1.46157958691308,1.09304561249714,2023.76807804744,2024.13661202186,A/common_raven/California/24_007417-001/2024|H5N1|USA-CA|2024-02-20|avian|B3.6,B36
723,440,0.320709824512568,-122.084945218022,37.592064563683,-121.845336394181,37.5219913780536,1.46157958691308,1.14086976240051,2023.81590219735,2024.13661202186,A/turkey_vulture/California/24_007419-001/2024|H5N1|USA-CA|2024-02-20|avian|B3.6,B36
217,10,0.0359864455188169,-71.6955141425152,42.3102303894526,-71.6394919948362,42.3319173786927,0.499549462253892,0.463563016735075,2024.10062557634,2024.13661202186,A/bald_eagle/Massachusetts/24MM00089/2024|H5N1|USA-MA|2024-02-20|avian|C2.1,C21
412,116,0.0166907931923623,-71.40753969978,42.3574857012052,-71.2963454424948,42.5457643587542,0.499549462253892,0.48285866906153,2024.11992122867,2024.13661202186,A/Canada_Goose/Massachusetts/24HP00050/2024|H5N1|USA-MA|2024-02-20|avian|C2.1,C21
219,8,0.000128058657045627,-71.7577917227341,42.2237519896836,-71.7575468336772,42.2241588301428,0.499549462253892,0.499421403596847,2024.1364839632,2024.13661202186,A/bald_eagle/Massachusetts/24MM00088/2024|H5N1|USA-MA|2024-02-20|avian|C2.1,C21
239,240,0.0418133222330813,-71.0601557343933,41.6654414588295,-70.4631654305476,42.3525067418722,0.499727793935243,0.457914471702161,2024.09497703131,2024.13679035354,NA,C21
787,788,0.0123985499905115,-76.2589824823585,36.8752001626393,-76.4531157303466,36.9402853854369,1.46235089143101,1.4499523414405,2024.12498477639,2024.13738332638,NA,B36
794,795,0.00293550594950331,-118.150396622748,48.2373627531825,-117.944751071797,48.1950801420749,1.46272969425963,1.45979418831013,2024.13482662325,2024.1377621292,NA,B36
380,381,0.0305503041420798,-70.2497660353328,41.8439708434575,-70.636050270806,41.5653009601046,0.500751390737589,0.47020108659551,2024.1072636462,2024.13781395034,NA,C21
261,262,0.00858429004719713,-71.2985734462327,42.6181821590065,-70.9430040678126,42.5229434685331,0.501438002821822,0.492853712774625,2024.12991627238,2024.13850056243,NA,C21
250,251,0.00306134366509203,-70.9363303822901,42.4976782146346,-70.9185777407069,42.5262768292802,0.502027332382005,0.498965988716913,2024.13602854832,2024.13908989199,NA,C21
803,230,0.371266214853065,-118.80570864247,42.8566136537692,-118.581319731793,45.6102992982199,1.46431182735021,1.09304561249714,2023.76807804744,2024.1393442623,A/great_horned_owl/Oregon/24_006223-001/2024|H5N1|USA-OR|2024-02-21|avian|B3.6,B36
1013,275,0.0757831036835661,-85.7523660302157,41.0154098498704,-85.2769543556654,41.0133720618788,1.46431182735021,1.38852872366664,2024.06356115861,2024.1393442623,A/chicken/Indiana/24-005716-002-original/2024|H5N1|USA-IN|2024-02-21|avian|B3.6,B36
1014,276,0.0382535068432588,-85.3529695896357,41.0314165949764,-85.2865308223135,40.9736411694394,1.46431182735021,1.42605832050695,2024.10109075545,2024.1393442623,A/chicken/Indiana/24_005716-003/2024|H5N1|USA-IN|2024-02-21|avian|B3.6,B36
1015,278,0.00457521435043429,-84.9482938022613,40.9381475116243,-84.8918546355089,40.9335778427453,1.46431182735021,1.45973661299977,2024.13476904794,2024.1393442623,A/chicken/Indiana/24_005716-006/2024|H5N1|USA-IN|2024-02-21|avian|B3.6,B36
1015,277,0.00457521435043429,-84.9482938022613,40.9381475116243,-84.9599408390497,40.9289503878874,1.46431182735021,1.45973661299977,2024.13476904794,2024.1393442623,A/peacock/Indiana/24-005716-006-original/2024|H5N1|USA-IN|2024-02-21|avian|B3.6,B36
250,31,0.00331571397410546,-70.9363303822901,42.4976782146346,-71.0041065485625,42.4779396526291,0.502281702691018,0.498965988716913,2024.13602854832,2024.1393442623,A/white-winged_scoter/Massachusetts/24MM00091/2024|H5N1|USA-MA|2024-02-21|avian|C2.1,C21
251,29,0.00025437030901343,-70.9185777407069,42.5262768292802,-70.8973109218209,42.5217776817749,0.502281702691018,0.502027332382005,2024.13908989199,2024.1393442623,A/white-winged_scoter/Massachusetts/24MM00090/2024|H5N1|USA-MA|2024-02-21|avian|C2.1,C21
247,248,0.00430260659373521,-70.6751009706142,42.9425121997343,-70.8090862349936,42.8106989673814,0.50244915194863,0.498146545354895,2024.13520910496,2024.13951171155,NA,C21
254,255,0.0131664511660525,-70.846289042293,42.6248203832511,-71.2530023854354,42.7902771362164,0.503003918470508,0.489837467304456,2024.12690002691,2024.14006647807,NA,C21
364,365,0.0107459895797661,-70.3840575630303,41.5331119355476,-70.0498807040019,41.8047692769902,0.50437327391109,0.493627284331324,2024.13068984394,2024.14143583352,NA,C21
406,135,0.433397227066569,-74.3321281466547,39.7357303228522,-76.3290426643651,43.0950592572507,0.505013943128145,0.0716167160615758,2023.70867927567,2024.14207650273,A/chicken/New_York/24-005701-001-original/2024|H5N1|USA-NY|2024-02-22|avian|C2.1,C21
902,289,0.295260711958803,-46.256522564933,-23.8909579455007,-46.138889,-23.854722,2.10316110444331,1.8079003924845,2023.84681579077,2024.14207650273,A/Thalasseus_acuflavidus/Sao_Paulo/0291-N/2024|H5N1|Brazil|2024-02-22|avian|B3.2,B32
377,201,0.00795145288238941,-70.3830416235769,41.5264418480299,-70.4188213062799,41.6421255132774,0.505013943128145,0.497062490245755,2024.13412504985,2024.14207650273,A/Herring_Gull/Massachusetts/23WI00346/2024|H5N1|USA-MA|2024-02-22|avian|C2.1,C21
262,263,0.00410864944622724,-70.9430040678126,42.5229434685331,-70.90862674088,42.5866644194639,0.505546652268049,0.501438002821822,2024.13850056243,2024.14260921187,NA,C21
262,265,0.00500756201969355,-70.9430040678126,42.5229434685331,-70.9395576042684,42.5037423086919,0.506445564841516,0.501438002821822,2024.13850056243,2024.14350812445,NA,C21
243,244,0.0137373517827721,-70.9255247448851,42.3923242224865,-70.9768250369009,42.6456705591783,0.506555326707341,0.492817974924569,2024.12988053453,2024.14361788631,NA,C21
255,256,0.00459227005103202,-71.2530023854354,42.7902771362164,-71.2422726694588,42.7236143450341,0.50759618852154,0.503003918470508,2024.14006647807,2024.14465874813,NA,C21
328,147,0.0817336897603703,-70.9149675932928,42.9861748116087,-70.0710511204767,41.9214725131853,0.507746183565498,0.426012493805128,2024.06307505341,2024.14480874317,A/Sanderling/Massachusetts/23WI00347/2024|H5N1|USA-MA|2024-02-23|avian|C2.1,C21
796,220,0.0397962251101689,-117.576502365247,47.8138436989116,-117.918343716472,48.0054587034853,1.46977630822469,1.42998008311452,2024.10501251806,2024.14480874317,A/skunk/Washington/24_005959-005/2024|H5N1|USA-WA|2024-02-23|other_mammal|B3.6,B36
218,11,0.0397603126994001,-71.699724299558,42.1902526301228,-71.612426804155,42.3327761827296,0.507746183565498,0.467985870866098,2024.10504843047,2024.14480874317,A/bald_eagle/Massachusetts/24HP00062/2024|H5N1|USA-MA|2024-02-23|avian|C2.1,C21
295,21,0.0260147679450377,-81.1816689564735,40.7855652871194,-81.038692268558,40.9506102174427,0.507746183565498,0.48173141562046,2024.11879397522,2024.14480874317,A/peafowl/Ohio/24-005906-001-original/2024|H5N1|USA-OH|2024-02-23|avian|C2.1,C21
295,22,0.0260147679450377,-81.1816689564735,40.7855652871194,-80.9867237181479,40.9550518610861,0.507746183565498,0.48173141562046,2024.11879397522,2024.14480874317,A/poultry/Ohio/24-005906-002-original/2024|H5N1|USA-OH|2024-02-23|avian|C2.1,C21
246,48,0.0142297457227996,-70.9737650652433,42.3918850336058,-70.817891257838,42.5608056832557,0.507746183565498,0.493516437842699,2024.13057899745,2024.14480874317,A/white-winged_scoter/Massachusetts/24HP00067/2024|H5N1|USA-MA|2024-02-23|avian|C2.1,C21
794,223,0.00998211991456177,-118.150396622748,48.2373627531825,-118.076727169773,48.1583965050086,1.46977630822469,1.45979418831013,2024.13482662325,2024.14480874317,A/skunk/Washington/24_005959-001/2024|H5N1|USA-WA|2024-02-23|other_mammal|B3.6,B36
247,53,0.009599638210603,-70.6751009706142,42.9425121997343,-70.8635792365394,42.755971427937,0.507746183565498,0.498146545354895,2024.13520910496,2024.14480874317,A/white-winged_scoter/Massachusetts/24HP00069/2024|H5N1|USA-MA|2024-02-23|avian|C2.1,C21
797,224,0.00898187927717142,-117.787432397351,48.4949241022812,-117.721228137816,48.4481470809956,1.46977630822469,1.46079442894752,2024.13582686389,2024.14480874317,A/skunk/Washington/24_005959-003/2024|H5N1|USA-WA|2024-02-23|other_mammal|B3.6,B36
797,225,0.00898187927717142,-117.787432397351,48.4949241022812,-118.034807294286,48.6211270015836,1.46977630822469,1.46079442894752,2024.13582686389,2024.14480874317,A/skunk/Washington/24_005959-004/2024|H5N1|USA-WA|2024-02-23|other_mammal|B3.6,B36
219,9,0.0083247799686515,-71.7577917227341,42.2237519896836,-71.7389899580013,42.2275028591946,0.507746183565498,0.499421403596847,2024.1364839632,2024.14480874317,A/bald_eagle/Massachusetts/24HP00061/2024|H5N1|USA-MA|2024-02-23|avian|C2.1,C21
795,221,0.00704661396505846,-117.944751071797,48.1950801420749,-118.271420654933,48.0223860342025,1.46977630822469,1.46272969425963,2024.1377621292,2024.14480874317,A/skunk/Washington/24_005959-002/2024|H5N1|USA-WA|2024-02-23|other_mammal|B3.6,B36
795,222,0.00704661396505846,-117.944751071797,48.1950801420749,-117.607738555534,48.3051848673203,1.46977630822469,1.46272969425963,2024.1377621292,2024.14480874317,A/skunk/Washington/24_005959-006/2024|H5N1|USA-WA|2024-02-23|other_mammal|B3.6,B36
251,30,0.00571885118349313,-70.9185777407069,42.5262768292802,-71.5577682762905,42.3145165861123,0.507746183565498,0.502027332382005,2024.13908989199,2024.14480874317,A/white-winged_scoter/Massachusetts/24HP00063/2024|H5N1|USA-MA|2024-02-23|avian|C2.1,C21
248,55,0.00529703161686779,-70.8090862349936,42.8106989673814,-70.8061441937457,42.8165287358584,0.507746183565498,0.50244915194863,2024.13951171155,2024.14480874317,A/white-winged_scoter/Massachusetts/24MM00106/2024|H5N1|USA-MA|2024-02-23|avian|C2.1,C21
248,54,0.00529703161686779,-70.8090862349936,42.8106989673814,-71.0160578315827,42.4609979037146,0.507746183565498,0.50244915194863,2024.13951171155,2024.14480874317,A/white-winged_scoter/Massachusetts/24HP00070/2024|H5N1|USA-MA|2024-02-23|avian|C2.1,C21
379,187,0.0446818873553005,-70.2484327159036,41.8493329873895,-70.3358587627538,41.6782648020473,0.510478424002624,0.465796536647324,2024.10285909625,2024.14754098361,A/Sanderling/Massachusetts/23WI00351/2024|H5N1|USA-MA|2024-02-24|avian|C2.1,C21
993,295,0.0327892954026145,-94.963280455852,45.6382707617138,-95.8521343864452,45.6561585368063,1.47250854866181,1.4397192532592,2024.1147516882,2024.14754098361,A/chicken/Minnesota/24-005907-001-original/2024|H5N1|USA-MN|2024-02-24|avian|B3.6,B36
1002,282,0.0152670982470413,-96.263699066433,45.7054579314807,-96.0365349930633,45.7596083833108,1.47250854866181,1.45724145041477,2024.13227388536,2024.14754098361,A/duck/Minnesota/24_005907-002/2024|H5N1|USA-MN|2024-02-24|avian|B3.6,B36
263,264,0.0065436675399233,-70.90862674088,42.5866644194639,-70.8540821929182,42.7362811958309,0.512090319807973,0.505546652268049,2024.14260921187,2024.14915287941,NA,C21
244,245,0.00571069264570256,-70.9768250369009,42.6456705591783,-71.2307231529684,42.401756838709,0.512266019353044,0.506555326707341,2024.14361788631,2024.14932857896,NA,C21
256,258,0.00572154054142548,-71.2422726694588,42.7236143450341,-71.4191308789491,42.5165155246425,0.513317729062966,0.50759618852154,2024.14465874813,2024.15038028867,NA,C21
365,368,0.0107266536668701,-70.0498807040019,41.8047692769902,-70.055885930216,41.764779388381,0.51509992757796,0.50437327391109,2024.14143583352,2024.15216248718,NA,C21
386,387,0.0380742485648537,-70.2030761182248,41.7453500264015,-70.1623521757365,41.908028496521,0.515747688663142,0.477673440098288,2024.1147359997,2024.15281024827,NA,C21
263,46,0.0103962526088274,-70.90862674088,42.5866644194639,-71.1374778493722,42.6175119740379,0.515942904876877,0.505546652268049,2024.14260921187,2024.15300546448,A/white-winged_scoter/Massachusetts/24HP00076/2024|H5N1|USA-MA|2024-02-26|avian|C2.1,C21
264,45,0.00385258506890407,-70.8540821929182,42.7362811958309,-70.8334262763082,42.61572923655,0.515942904876877,0.512090319807973,2024.14915287941,2024.15300546448,A/white-winged_scoter/Massachusetts/24HP00075/2024|H5N1|USA-MA|2024-02-26|avian|C2.1,C21
264,47,0.00385258506890407,-70.8540821929182,42.7362811958309,-71.1131680567936,42.8003526009819,0.515942904876877,0.512090319807973,2024.14915287941,2024.15300546448,A/white-winged_scoter/Massachusetts/24MM00125/2024|H5N1|USA-MA|2024-02-26|avian|C2.1,C21
993,994,0.0391524977792685,-94.963280455852,45.6382707617138,-95.9457480435251,45.444044876843,1.47887175103847,1.4397192532592,2024.1147516882,2024.15390418598,NA,B36
782,783,0.0202149042658604,-76.5580377821143,36.8567461947447,-76.6166070877388,36.9056400566622,1.47905940739282,1.45884450312696,2024.13387693807,2024.15409184234,NA,B36
999,1003,0.0508357966712674,-95.0911851075811,45.6741139867451,-93.912915863346,45.715349615407,1.48003879086336,1.4292029941921,2024.10423542914,2024.15507122581,NA,B36
624,342,0.600074545289799,-96.8805851672516,40.1717807836203,-102.388408807882,38.1840479251437,1.48070526997319,0.880630724683394,2023.55566315963,2024.15573770492,A/snow_goose/Colorado/24_007706-001/2024|H5N1|USA-CO|2024-02-27|avian|B3.6,B36
357,205,0.303249878225844,-71.4613935879187,42.261960850231,-70.9753405046788,43.0177769286743,0.518675145314003,0.215425267088158,2023.85248782669,2024.15573770492,A/Herring_gull/NH/24-014129-001/2024|H5N1|USA-NH|2024-02-27|avian|C2.1,C21
239,58,0.0607606736118414,-71.0601557343933,41.6654414588295,-70.2434871817016,41.6835395480191,0.518675145314003,0.457914471702161,2024.09497703131,2024.15573770492,A/Great_Black-backed_Gull/Massachusetts/23WI00356/2024|H5N1|USA-MA|2024-02-27|avian|C2.1,C21
254,40,0.0288376780095472,-70.846289042293,42.6248203832511,-70.3971791427502,41.6811143020838,0.518675145314003,0.489837467304456,2024.12690002691,2024.15573770492,A/Great_Black-backed_Gull/Massachusetts/23WI00355/2024|H5N1|USA-MA|2024-02-27|avian|C2.1,C21
270,23,0.0214462390189078,-71.2545419511449,42.6643608375952,-71.234870223069,43.0579518522827,0.518675145314003,0.497228906295095,2024.1342914659,2024.15573770492,A/Herring_gull/New_Hampshire/23NE01700/2024|H5N1|USA-NH|2024-02-27|avian|C2.1,C21
244,51,0.0121198186066613,-70.9768250369009,42.6456705591783,-70.9883463124895,42.6118428383554,0.518675145314003,0.506555326707341,2024.14361788631,2024.15573770492,A/white-winged_scoter/Massachusetts/24MM00122/2024|H5N1|USA-MA|2024-02-27|avian|C2.1,C21
245,52,0.00640912596095877,-71.2307231529684,42.401756838709,-70.7881320454242,42.6514841407539,0.518675145314003,0.512266019353044,2024.14932857896,2024.15573770492,A/white-winged_scoter/Massachusetts/24MM00123/2024|H5N1|USA-MA|2024-02-27|avian|C2.1,C21
583,584,0.0985061267462595,-82.641155168841,25.9841112777404,-79.282278667963,25.9207709211774,1.48137726105129,1.38287113430503,2024.05790356925,2024.156409696,NA,B36
809,249,0.536315475748647,-94.730245379688,44.0189320286522,-93.4949826667974,44.7718521859834,1.48343751041032,0.947122034661671,2023.62215446961,2024.15846994536,A/mallard/Minnesota/24_006961-018/2024|H5N1|USA-MN|2024-02-28|avian|B3.6,B36
245,50,0.00914136639808494,-71.2307231529684,42.401756838709,-71.0324403876058,42.5390640371246,0.521407385751129,0.512266019353044,2024.14932857896,2024.15846994536,A/white-winged_scoter/Massachusetts/24HP00073/2024|H5N1|USA-MA|2024-02-28|avian|C2.1,C21
387,180,0.00565969708798697,-70.1623521757365,41.908028496521,-70.5472651580372,41.752645557363,0.521407385751129,0.515747688663142,2024.15281024827,2024.15846994536,A/Great_Black-backed_Gull/Massachusetts/23WI00358/2024|H5N1|USA-MA|2024-02-28|avian|C2.1,C21
994,995,0.00544514924289685,-95.9457480435251,45.444044876843,-96.6238103266653,46.0395059585854,1.48431690028136,1.47887175103847,2024.15390418598,2024.15934933523,NA,B36
368,369,0.00776014009209591,-70.055885930216,41.764779388381,-70.0042711760483,41.9745924795149,0.522860067670056,0.51509992757796,2024.15216248718,2024.15992262727,NA,C21
687,688,0.634758199513946,-95.8636924040517,40.8109186083956,-75.6446095746585,37.117839544955,1.48689138667393,0.852133187159988,2023.5271656221,2024.16192382162,NA,B36
256,257,0.0177529414593042,-71.2422726694588,42.7236143450341,-70.9768424988517,42.7050526102057,0.525349129980844,0.50759618852154,2024.14465874813,2024.16241168958,NA,C21
995,996,0.003607594725346,-96.6238103266653,46.0395059585854,-96.4080722346224,45.7754742808398,1.48792449500671,1.48431690028136,2024.15934933523,2024.16295692995,NA,B36
688,690,0.00137806065894086,-75.6446095746585,37.117839544955,-76.0874682572,36.8269180923349,1.48826944733287,1.48689138667393,2024.16192382162,2024.16330188228,NA,B36
561,410,0.517041001206386,-99.1914906865572,41.3872029440827,-91.0902018382597,43.2323091997512,1.4889019912848,0.971860990078412,2023.64689342502,2024.16393442623,A/american_crow/Iowa/24_006634-001/2024|H5N1|USA-IA|2024-03-01|avian|B3.6,B36
293,86,0.105739569312065,-69.5004472263325,42.9242581633834,-70.4307340592103,41.7403275416261,0.526871866625609,0.421132297313544,2024.05819485692,2024.16393442623,A/Herring_Gull/Massachusetts/23WI00359/2024|H5N1|USA-MA|2024-03-01|avian|C2.1,C21
368,191,0.011771939047649,-70.055885930216,41.764779388381,-70.0170742870423,41.7527500406709,0.526871866625609,0.51509992757796,2024.15216248718,2024.16393442623,A/American_Crow/Massachusetts/23WI00360/2024|H5N1|USA-MA|2024-03-01|avian|C2.1,C21
901,282,0.190786358260818,-39.0788683375511,-21.2959332802363,-41.118889,-21.47,2.1277512683779,1.93696491011708,2023.97588030841,2024.16666666667,A/Sterna_hirundo/Rio_de_Janeiro/0481-R/2024|H5N1|Brazil|2024-03-02|avian|B3.2,B32
899,287,0.058901780283847,-44.1465356424279,-20.9459938132045,-40.726667,-20.839167,2.1277512683779,2.06884948809405,2024.10776488638,2024.16666666667,A/Sterna_hirundo/Espirito_Santo/0448-N/2024|H5N1|Brazil|2024-03-02|avian|B3.2,B32
255,39,0.0266001885922267,-71.2530023854354,42.7902771362164,-70.877049221215,42.7881755437177,0.529604107062735,0.503003918470508,2024.14006647807,2024.16666666667,A/black_scoter/Massachusetts/24HP00081/2024|H5N1|USA-MA|2024-03-02|avian|C2.1,C21
1003,1004,0.0120968837608748,-93.912915863346,45.715349615407,-95.8542604545082,45.6067263978202,1.49213567462424,1.48003879086336,2024.15507122581,2024.16716810957,NA,B36
996,997,0.00558117133424019,-96.4080722346224,45.7754742808398,-96.2409144979297,45.8279144607415,1.49350566634095,1.48792449500671,2024.16295692995,2024.16853810129,NA,B36
261,268,0.0392533458566405,-71.2985734462327,42.6181821590065,-71.1120835800781,42.7541171370262,0.532107058631266,0.492853712774625,2024.12991627238,2024.16916961824,NA,C21
991,1005,0.0770045260782188,-96.8314878015794,45.3040611768674,-95.7884815663639,45.5317642651458,1.49433063685155,1.41732611077333,2024.09235854572,2024.1693630718,NA,B36
268,27,0.000229288868595523,-71.1120835800781,42.7541171370262,-71.1116376545629,42.7553204503203,0.532336347499861,0.532107058631266,2024.16916961824,2024.1693989071,A/herring_gull/Massachusetts/24HP00084/2024|H5N1|USA-MA|2024-03-03|avian|C2.1,C21
268,28,0.000229288868595523,-71.1120835800781,42.7541171370262,-71.0606961718958,42.7911609267396,0.532336347499861,0.532107058631266,2024.16916961824,2024.1693989071,A/herring_gull/Massachusetts/24HP00083/2024|H5N1|USA-MA|2024-03-03|avian|C2.1,C21
265,266,0.0271664900314516,-70.9395576042684,42.5037423086919,-70.8664935896632,42.4742112815676,0.533612054872967,0.506445564841516,2024.14350812445,2024.17067461448,NA,C21
369,370,0.0115895342992451,-70.0042711760483,41.9745924795149,-70.1353715991577,41.7218529988603,0.534449601969301,0.522860067670056,2024.15992262727,2024.17151216157,NA,C21
369,200,0.0122085202669315,-70.0042711760483,41.9745924795149,-70.0721745620789,41.9300627335981,0.535068587936987,0.522860067670056,2024.15992262727,2024.17213114754,A/Sanderling/Massachusetts/23WI00364/2024|H5N1|USA-MA|2024-03-04|avian|C2.1,C21
783,784,0.0182066180784075,-76.6166070877388,36.9056400566622,-75.5663663141881,36.9971438310549,1.49726602547123,1.47905940739282,2024.15409184234,2024.17229846042,NA,B36
258,259,0.0256822368726387,-71.4191308789491,42.5165155246425,-70.8565878083879,43.2030108171811,0.538999965935604,0.513317729062966,2024.15038028867,2024.17606252554,NA,C21
235,236,0.0751423398861817,-70.5249489172627,42.4100885015529,-70.7116375120263,41.7978829696691,0.539637866527009,0.464495526640827,2024.10155808624,2024.17670042613,NA,C21
352,354,0.100520011245799,-70.5052338727823,42.8591205380547,-69.2071118994352,43.9207552605067,0.54038518897868,0.439865177732881,2024.07692773734,2024.17744774858,NA,C21
788,789,0.0403012370629878,-76.4531157303466,36.9402853854369,-76.3173950512069,36.9107522630335,1.502652128494,1.46235089143101,2024.13738332638,2024.17768456344,NA,B36
270,271,0.044573990305551,-71.2545419511449,42.6643608375952,-71.0445205544976,42.5013197922774,0.541802896600646,0.497228906295095,2024.1342914659,2024.1788654562,NA,C21
365,366,0.037594899930594,-70.0498807040019,41.8047692769902,-69.8451774409391,42.0419210698037,0.541968173841684,0.50437327391109,2024.14143583352,2024.17903073345,NA,C21
1000,1001,0.0663040062567963,-95.8455689185803,45.8200278518821,-95.6194690032239,45.5342632363539,1.50406136333298,1.43775735707619,2024.11278979202,2024.17909379828,NA,B36
381,382,0.041360089170107,-70.636050270806,41.5653009601046,-70.6592460187709,41.5366084688099,0.542111479907696,0.500751390737589,2024.13781395034,2024.17917403951,NA,C21
802,233,0.664274301368747,-103.788005900752,42.691943795327,-122.147214223107,42.3703051308027,1.50529543390756,0.841021132538808,2023.51605356748,2024.18032786885,A/chicken/Oregon/24-007557-001-original/2024|H5N1|USA-OR|2024-03-07|avian|B3.6,B36
234,62,0.0815924682817029,-71.6649857238136,41.9664663712091,-71.2032661435067,42.6452240688293,0.543265309248366,0.461672840966663,2024.09873540057,2024.18032786885,A/common_loon/Massachusetts/24HP00252/2024|H5N1|USA-MA|2024-03-07|avian|C2.1,C21
212,13,0.0789534694140696,-70.338559635314,41.5725999406794,-70.1754249212762,41.652443305961,0.543265309248366,0.464311839834296,2024.10137439944,2024.18032786885,A/American_Crow/Massachusetts/23NE01756/2024|H5N1|USA-MA|2024-03-07|avian|C2.1,C21
235,63,0.0787697826075387,-70.5249489172627,42.4100885015529,-70.7531538339801,42.5906280688512,0.543265309248366,0.464495526640827,2024.10155808624,2024.18032786885,A/common_loon/Massachusetts/24HP00251/2024|H5N1|USA-MA|2024-03-07|avian|C2.1,C21
386,176,0.0655918691500774,-70.2030761182248,41.7453500264015,-70.300299123775,41.6354118063141,0.543265309248366,0.477673440098288,2024.1147359997,2024.18032786885,A/sanderling/Massachusetts/23NE01769/2024|H5N1|USA-MA|2024-03-07|avian|C2.1,C21
381,186,0.0425139185107763,-70.636050270806,41.5653009601046,-70.631144909017,41.559868146697,0.543265309248366,0.500751390737589,2024.13781395034,2024.18032786885,A/sanderling/Massachusetts/23NE01770/2024|H5N1|USA-MA|2024-03-07|avian|C2.1,C21
236,59,0.00362744272135695,-70.7116375120263,41.7978829696691,-70.7862483548629,41.9753327712539,0.543265309248366,0.539637866527009,2024.17670042613,2024.18032786885,A/Common_Eider/Massachusetts/23NE01730/2024|H5N1|USA-MA|2024-03-07|avian|C2.1,C21
271,24,0.00146241264771962,-71.0445205544976,42.5013197922774,-70.99021628283,42.5306348624603,0.543265309248366,0.541802896600646,2024.1788654562,2024.18032786885,A/common_loon/Massachusetts/24HP00254/2024|H5N1|USA-MA|2024-03-07|avian|C2.1,C21
271,25,0.00146241264771962,-71.0445205544976,42.5013197922774,-70.9212855394976,42.5652814689315,0.543265309248366,0.541802896600646,2024.1788654562,2024.18032786885,A/common_loon/Massachusetts/24HP00255/2024|H5N1|USA-MA|2024-03-07|avian|C2.1,C21
382,181,0.00115382934066932,-70.6592460187709,41.5366084688099,-70.6590049545963,41.5367462774847,0.543265309248366,0.542111479907696,2024.17917403951,2024.18032786885,A/Red-Tailed_Hawk/Massachusetts/23NE01774/2024|H5N1|USA-MA|2024-03-07|avian|C2.1,C21
370,373,0.00903089464105178,-70.1353715991577,41.7218529988603,-70.2175795749701,41.6776580463355,0.543480496610353,0.534449601969301,2024.17151216157,2024.18054305621,NA,C21
995,998,0.0220115909709853,-96.6238103266653,46.0395059585854,-95.9170094380307,45.6063191043491,1.50632849125235,1.48431690028136,2024.15934933523,2024.1813609262,NA,B36
688,689,0.0197553997671789,-75.6446095746585,37.117839544955,-76.3711032311335,37.0931324207973,1.50664678644111,1.48689138667393,2024.16192382162,2024.18167922139,NA,B36
253,260,0.057141141031507,-70.8523426514004,42.6229373489024,-71.1170387319396,42.5295410149931,0.544681436325684,0.487540295294177,2024.1246028549,2024.18174399593,NA,C21
990,279,0.286642575378096,-95.9132212138449,42.7359565593238,-98.0043312431137,43.318801940329,1.50802767434491,1.22138509896681,2023.89641753391,2024.18306010929,A/turkey/South_Dakota/24-007379-001-original/2024|H5N1|USA-SD|2024-03-08|avian|B3.6,B36
225,20,0.286519363165117,-71.597882157752,44.6768760465936,-71.3997401743992,41.702317609866,0.545997549685719,0.259478186520602,2023.89654074612,2024.18306010929,A/brandt_goose/Rhode_Island/24HP00104/2024|H5N1|USA-RI|2024-03-08|avian|C2.1,C21
786,213,0.062330668250099,-77.3678080031977,37.1023084198179,-76.261940680812,36.8615923659317,1.50802767434491,1.44569700609481,2024.12072944104,2024.18306010929,A/sanderling/Virginia/W24-190G/2024|H5N1|USA-VA|2024-03-08|avian|B3.6,B36
246,49,0.0524811118430207,-70.9737650652433,42.3918850336058,-71.3816473574646,41.957440749307,0.545997549685719,0.493516437842699,2024.13057899745,2024.18306010929,A/surf_scoter/Rhode_Island/24HP00111/2024|H5N1|USA-RI|2024-03-08|avian|C2.1,C21
1002,283,0.0507862239301362,-96.263699066433,45.7054579314807,-96.066316603306,45.6974929957111,1.50802767434491,1.45724145041477,2024.13227388536,2024.18306010929,A/goat/Minnesota/24-007234-009/2024|H5N1|USA-MN|2024-03-08|other_mammal|B3.6,B36
994,291,0.0291559233064409,-95.9457480435251,45.444044876843,-95.8949035108792,45.4552489918565,1.50802767434491,1.47887175103847,2024.15390418598,2024.18306010929,A/goat/Minnesota/24_007234-036/2024|H5N1|USA-MN|2024-03-08|other_mammal|B3.6,B36
1003,284,0.0279888834815458,-93.912915863346,45.715349615407,-95.8494815796292,45.5551124310047,1.50802767434491,1.48003879086336,2024.15507122581,2024.18306010929,A/goat/Minnesota/24_007234-047/2024|H5N1|USA-MN|2024-03-08|other_mammal|B3.6,B36
996,292,0.0201031793381981,-96.4080722346224,45.7754742808398,-95.7989873883372,45.5228915317123,1.50802767434491,1.48792449500671,2024.16295692995,2024.18306010929,A/goat/Minnesota/24-007234-003/2024|H5N1|USA-MN|2024-03-08|other_mammal|B3.6,B36
1004,286,0.015891999720671,-95.8542604545082,45.6067263978202,-95.7674326329137,45.6585367915229,1.50802767434491,1.49213567462424,2024.16716810957,2024.18306010929,A/goat/Minnesota/24-007234-006/2024|H5N1|USA-MN|2024-03-08|other_mammal|B3.6,B36
1004,285,0.015891999720671,-95.8542604545082,45.6067263978202,-95.9089876365617,45.6373581768835,1.50802767434491,1.49213567462424,2024.16716810957,2024.18306010929,A/goat/Minnesota/24_007234-050/2024|H5N1|USA-MN|2024-03-08|other_mammal|B3.6,B36
997,293,0.0145220080039576,-96.2409144979297,45.8279144607415,-95.9749946134299,45.7410243492069,1.50802767434491,1.49350566634095,2024.16853810129,2024.18306010929,A/goat/Minnesota/24_007234-029/2024|H5N1|USA-MN|2024-03-08|other_mammal|B3.6,B36
997,290,0.0145220080039576,-96.2409144979297,45.8279144607415,-96.0005880602014,45.6559822481124,1.50802767434491,1.49350566634095,2024.16853810129,2024.18306010929,A/goat/Minnesota/24_007234-030/2024|H5N1|USA-MN|2024-03-08|other_mammal|B3.6,B36
1005,294,0.0136970374933552,-95.7884815663639,45.5317642651458,-95.9245250919552,45.5951059464632,1.50802767434491,1.49433063685155,2024.1693630718,2024.18306010929,A/goat/Minnesota/24_007234-035/2024|H5N1|USA-MN|2024-03-08|other_mammal|B3.6,B36
1005,289,0.0136970374933552,-95.7884815663639,45.5317642651458,-95.8357876428192,45.5642835403033,1.50802767434491,1.49433063685155,2024.1693630718,2024.18306010929,A/goat/Minnesota/24_007234-032/2024|H5N1|USA-MN|2024-03-08|other_mammal|B3.6,B36
1001,288,0.00396631101192568,-95.6194690032239,45.5342632363539,-96.196167229249,45.7019686572726,1.50802767434491,1.50406136333298,2024.17909379828,2024.18306010929,A/goat/Minnesota/24_007234-044/2024|H5N1|USA-MN|2024-03-08|other_mammal|B3.6,B36
1001,287,0.00396631101192568,-95.6194690032239,45.5342632363539,-95.8806735248124,45.4309671516743,1.50802767434491,1.50406136333298,2024.17909379828,2024.18306010929,A/goat/Minnesota/24_007234-048/2024|H5N1|USA-MN|2024-03-08|other_mammal|B3.6,B36
998,280,0.00169918309255879,-95.9170094380307,45.6063191043491,-96.1437952602782,45.44606394837,1.50802767434491,1.50632849125235,2024.1813609262,2024.18306010929,A/goat/Minnesota/24_007234-037/2024|H5N1|USA-MN|2024-03-08|other_mammal|B3.6,B36
998,281,0.00169918309255879,-95.9170094380307,45.6063191043491,-95.9057359997648,45.6140025193408,1.50802767434491,1.50632849125235,2024.1813609262,2024.18306010929,A/goat/Minnesota/24_007234-034/2024|H5N1|USA-MN|2024-03-08|other_mammal|B3.6,B36
900,283,0.220400763110572,-39.1743433642973,-21.2535562062892,-42.018889,-22.878889,2.14687695143801,1.92647618832743,2023.96539158662,2024.18579234973,A/Sterna_hirundo/Rio_de_Janeiro/0613-N/2024|H5N1|Brazil|2024-03-09|avian|B3.2,B32
784,212,0.0134938893108032,-75.5663663141881,36.9971438310549,-76.2263065702801,36.8817218395922,1.51075991478203,1.49726602547123,2024.17229846042,2024.18579234973,A/ruddy_turnstone/Virginia/W24-190N/2024|H5N1|USA-VA|2024-03-09|avian|B3.6,B36
373,374,0.00601422541903529,-70.2175795749701,41.6776580463355,-70.2452995745782,41.6991427900673,0.549494722029388,0.543480496610353,2024.18054305621,2024.18655728163,NA,C21
785,207,0.0730832979803764,-77.4776022135394,37.2712713682671,-76.2554350576942,36.8478769475166,1.51349215521916,1.44040885723878,2024.11544129218,2024.18852459016,A/sanderling/Virginia/W24-190A/2024|H5N1|USA-VA|2024-03-10|avian|B3.6,B36
787,216,0.0635398137786636,-76.2589824823585,36.8752001626393,-76.2500154705612,36.8730784180748,1.51349215521916,1.4499523414405,2024.12498477639,2024.18852459016,A/sanderling/Virginia/W24-190B/2024|H5N1|USA-VA|2024-03-10|avian|B3.6,B36
789,215,0.010840026725164,-76.3173950512069,36.9107522630335,-76.2480481288238,36.8987898508165,1.51349215521916,1.502652128494,2024.17768456344,2024.18852459016,A/sanderling/Virginia/W24-190C/2024|H5N1|USA-VA|2024-03-10|avian|B3.6,B36
370,371,0.0175150514725692,-70.1353715991577,41.7218529988603,-70.1510146158512,41.7680720479664,0.55196465344187,0.534449601969301,2024.17151216157,2024.18902721305,NA,C21
1075,36,0.678521422262834,-114.521632544016,45.5676607687104,-117.311005713479,47.9516413837023,1.51622439565629,0.837702973393453,2023.51273540834,2024.1912568306,A/bald_eagle/Washington/24_007953-001/2024|H5N1|USA-WA|2024-03-11|avian|B3.6,B36
1021,319,0.665325416935636,-100.738894490448,44.0149278310427,-105.894950289358,47.0985390612102,1.51622439565629,0.850898978720651,2023.52593141367,2024.1912568306,A/skunk/Montana/24_007939-001/2024|H5N1|USA-MT|2024-03-11|other_mammal|B3.6,B36
259,35,0.0151943050614933,-70.8565878083879,43.2030108171811,-70.8760130375586,42.6593284402117,0.554194270997098,0.538999965935604,2024.17606252554,2024.1912568306,A/common_loon/Massachusetts/24MM00171/2024|H5N1|USA-MA|2024-03-11|avian|C2.1,C21
259,36,0.0151943050614933,-70.8565878083879,43.2030108171811,-71.1644219582536,42.7603096586617,0.554194270997098,0.538999965935604,2024.17606252554,2024.1912568306,A/common_loon/Massachusetts/24HP00270/2024|H5N1|USA-MA|2024-03-11|avian|C2.1,C21
789,214,0.0135722671622902,-76.3173950512069,36.9107522630335,-76.2508021549958,36.8731158067122,1.51622439565629,1.502652128494,2024.17768456344,2024.1912568306,A/sanderling/Virginia/W24-190J/2024|H5N1|USA-VA|2024-03-11|avian|B3.6,B36
260,32,0.00951283467141373,-71.1170387319396,42.5295410149931,-71.1667932187293,42.6231247213953,0.554194270997098,0.544681436325684,2024.18174399593,2024.1912568306,A/White-winged_Scoter/Massachusetts/24MM00170/2024|H5N1|USA-MA|2024-03-11|avian|C2.1,C21
260,33,0.00951283467141373,-71.1170387319396,42.5295410149931,-71.1129086777173,42.7099968261205,0.554194270997098,0.544681436325684,2024.18174399593,2024.1912568306,A/white-winged_scoter/Massachusetts/24MM00169/2024|H5N1|USA-MA|2024-03-11|avian|C2.1,C21
371,194,0.00222961755522777,-70.1510146158512,41.7680720479664,-70.4043291324695,41.6389473064919,0.554194270997098,0.55196465344187,2024.18902721305,2024.1912568306,A/Sanderling/Massachusetts/23WI00367/2024|H5N1|USA-MA|2024-03-11|avian|C2.1,C21
640,467,0.23823811767065,-85.8311231570124,39.9333812186802,-85.902689368316,40.8202814194011,1.51895663609341,1.28071851842276,2023.95575095337,2024.19398907104,A/canada_goose/Indiana/24_008719-001/2024|H5N1|USA-IN|2024-03-12|avian|B3.6,B36
374,375,0.00809011062434373,-70.2452995745782,41.6991427900673,-70.5897183792943,41.6704813244652,0.557584832653732,0.549494722029388,2024.18655728163,2024.19464739226,NA,C21
784,210,0.0244228510593079,-75.5663663141881,36.9971438310549,-76.101851376225,36.8823208126055,1.52168887653054,1.49726602547123,2024.17229846042,2024.19672131148,A/American_crow/Virginia/W24-190M/2024|H5N1|USA-VA|2024-03-13|avian|B3.6,B36
354,160,0.0192735628926701,-69.2071118994352,43.9207552605067,-69.2119391283507,43.9580568129655,0.55965875187135,0.54038518897868,2024.17744774858,2024.19672131148,A/domestic_goose/Maine/24-007946-002-original/2024|H5N1|USA-ME|2024-03-13|avian|C2.1,C21
354,161,0.0192735628926701,-69.2071118994352,43.9207552605067,-69.3605862451827,44.2172712692389,0.55965875187135,0.54038518897868,2024.17744774858,2024.19672131148,A/chicken/Maine/24-007946-001/2024|H5N1|USA-ME|2024-03-13|avian|C2.1,C21
366,190,0.0176905780296664,-69.8451774409391,42.0419210698037,-70.1248666092023,41.6976169811042,0.55965875187135,0.541968173841684,2024.17903073345,2024.19672131148,A/Sanderling/Massachusetts/23WI00369/2024|H5N1|USA-MA|2024-03-13|avian|C2.1,C21
382,383,0.0197475111387924,-70.6592460187709,41.5366084688099,-70.4754380797243,41.5823783947319,0.561858991046489,0.542111479907696,2024.17917403951,2024.19892155065,NA,C21
366,367,0.0203651141189698,-69.8451774409391,42.0419210698037,-69.7966423918753,42.0978310763811,0.562333287960653,0.541968173841684,2024.17903073345,2024.19939584756,NA,C21
788,208,0.0620702255366568,-76.4531157303466,36.9402853854369,-76.3028668635632,36.8704217585559,1.52442111696767,1.46235089143101,2024.13738332638,2024.19945355191,A/American_crow/Virginia/W24-190R/2024|H5N1|USA-VA|2024-03-14|avian|B3.6,B36
375,197,0.00480615965474462,-70.5897183792943,41.6704813244652,-70.5902611055631,41.6265396884652,0.562390992308476,0.557584832653732,2024.19464739226,2024.19945355191,A/Sanderling/Massachusetts/23WI00370/2024|H5N1|USA-MA|2024-03-14|avian|C2.1,C21
273,89,0.262996128301072,-72.5460923831036,42.0395316850438,-71.1188505745196,42.2830107703426,0.56512323274583,0.302127104444757,2023.93918966405,2024.20218579235,A/Red-Tailed_Hawk/Massachusetts/23NE01728/2024|H5N1|USA-MA|2024-03-15|avian|C2.1,C21
899,286,0.0944209059669419,-44.1465356424279,-20.9459938132045,-41.945,-22.526944,2.16327039406099,2.06884948809405,2024.10776488638,2024.20218579235,A/Sterna_hirundo/Rio_de_Janeiro/0721-N/2024|H5N1|Brazil|2024-03-15|avian|B3.2,B32
240,57,0.065395438810587,-70.4631654305476,42.3525067418722,-70.8914848098231,42.1971564376172,0.56512323274583,0.499727793935243,2024.13679035354,2024.20218579235,A/White-winged_Scoter/Massachusetts/23NE01739/2024|H5N1|USA-MA|2024-03-15|avian|C2.1,C21
266,42,0.036975658747115,-70.8664935896632,42.4742112815676,-71.2115944848199,42.3216941703461,0.570587713620082,0.533612054872967,2024.17067461448,2024.20765027322,A/great_horned_owl/Massachusetts/24MM00193/2024|H5N1|USA-MA|2024-03-17|avian|C2.1,C21
293,294,0.150096390145566,-69.5004472263325,42.9242581633834,-70.0646941987038,41.47448417366,0.571228687459109,0.421132297313544,2024.05819485692,2024.20829124706,NA,C21
352,353,0.132597790327031,-70.5052338727823,42.8591205380547,-71.1497632965775,41.8807306070603,0.572462968059912,0.439865177732881,2024.07692773734,2024.20952552766,NA,C21
294,87,0.00209126659809888,-70.0646941987038,41.47448417366,-70.1178439726123,41.2761424738617,0.573319954057208,0.571228687459109,2024.20829124706,2024.21038251366,A/Great_Black-Backed_Gull/Massachusetts/24WP00029/2024|H5N1|USA-MA|2024-03-18|avian|C2.1,C21
294,88,0.00209126659809888,-70.0646941987038,41.47448417366,-69.9993586840552,41.3245253746055,0.573319954057208,0.571228687459109,2024.20829124706,2024.21038251366,A/Great_Black-Backed_Gull/Massachusetts/24WP00030/2024|H5N1|USA-MA|2024-03-18|avian|C2.1,C21
383,384,0.0117756335288729,-70.4754380797243,41.5823783947319,-70.5035102784608,41.5400160036091,0.573634624575362,0.561858991046489,2024.19892155065,2024.21069718418,NA,C21
687,387,0.685949131993536,-95.8636924040517,40.8109186083956,-108.687137950801,46.0969489231452,1.53808231915352,0.852133187159988,2023.5271656221,2024.2131147541,A/feline/Montana/24-009038-001/2024|H5N1|USA-MT|2024-03-19|feline|B3.6,B36
212,12,0.114472595097165,-70.338559635314,41.5725999406794,-70.3302297929044,41.6553613680897,0.578784434931461,0.464311839834296,2024.10137439944,2024.21584699454,A/Red-Tailed_Hawk/Massachusetts/23NE01782/2024|H5N1|USA-MA|2024-03-20|avian|C2.1,C21
373,199,0.035303938321108,-70.2175795749701,41.6776580463355,-70.4631212718242,41.6297178144207,0.578784434931461,0.543480496610353,2024.18054305621,2024.21584699454,A/Sanderling/Massachusetts/23NE01785/2024|H5N1|USA-MA|2024-03-20|avian|C2.1,C21
383,185,0.0169254438849719,-70.4754380797243,41.5823783947319,-70.4330383664079,41.6825903490708,0.578784434931461,0.561858991046489,2024.19892155065,2024.21584699454,A/American_Crow/Massachusetts/23NE01779/2024|H5N1|USA-MA|2024-03-20|avian|C2.1,C21
375,376,0.0246935394919803,-70.5897183792943,41.6704813244652,-70.4044615545603,41.6501749231822,0.582278372145712,0.557584832653732,2024.19464739226,2024.21934093175,NA,C21
266,267,0.0547831545047862,-70.8664935896632,42.4742112815676,-71.178071306419,42.1369454372865,0.588395209377753,0.533612054872967,2024.17067461448,2024.22545776898,NA,C21
267,44,0.00131818730243927,-71.178071306419,42.1369454372865,-71.1658039840865,42.1467799266663,0.589713396680193,0.588395209377753,2024.22545776898,2024.22677595628,A/Great_Black-backed_Gull/Massachusetts/24MM00212/2024|H5N1|USA-MA|2024-03-24|avian|C2.1,C21
387,388,0.0755863431089145,-70.1623521757365,41.908028496521,-70.5082080520281,41.9635077445901,0.591334031772057,0.515747688663142,2024.15281024827,2024.22839659138,NA,C21
782,211,0.0956312586495445,-76.5580377821143,36.8567461947447,-76.2885504301983,36.8840338556919,1.55447576177651,1.45884450312696,2024.13387693807,2024.22950819672,A/peregrine_falcon/Virginia/W24-219E/2024|H5N1|USA-VA|2024-03-25|avian|B3.6,B36
267,43,0.00405042773956543,-71.178071306419,42.1369454372865,-70.9450779109271,42.2302919214843,0.592445637117319,0.588395209377753,2024.22545776898,2024.22950819672,A/Great_Black-backed_Gull/Massachusetts/24MM00219/2024|H5N1|USA-MA|2024-03-25|avian|C2.1,C21
236,60,0.0555400110274362,-70.7116375120263,41.7978829696691,-70.754994447843,41.7238333746535,0.595177877554445,0.539637866527009,2024.17670042613,2024.23224043716,A/common_raven/Massachusetts/24HP00517/2024|H5N1|USA-MA|2024-03-26|avian|C2.1,C21
353,168,0.0254471499316593,-71.1497632965775,41.8807306070603,-71.2159244482948,41.9792954715427,0.597910117991571,0.572462968059912,2024.20952552766,2024.2349726776,A/bald_eagle/Massachusetts/24MM00234/2024|H5N1|USA-MA|2024-03-27|avian|C2.1,C21
353,169,0.0254471499316593,-71.1497632965775,41.8807306070603,-71.1666147818397,41.8614503490912,0.597910117991571,0.572462968059912,2024.20952552766,2024.2349726776,A/bald_eagle/Massachusetts/24MM00241/2024|H5N1|USA-MA|2024-03-27|avian|C2.1,C21
384,385,0.0295222940773036,-70.5035102784608,41.5400160036091,-70.5048178620436,41.5970311846243,0.603156918652665,0.573634624575362,2024.21069718418,2024.24021947826,NA,C21
371,372,0.0560835487133248,-70.1510146158512,41.7680720479664,-70.3644546098597,41.7708407219231,0.608048202155195,0.55196465344187,2024.18902721305,2024.24511076176,NA,C21
265,41,0.102393514898787,-70.9395576042684,42.5037423086919,-70.007050153145,41.9628122165938,0.608839079740303,0.506445564841516,2024.14350812445,2024.24590163934,A/American_crow/Massachusetts/23WI00384/2024|H5N1|USA-MA|2024-03-31|avian|C2.1,C21
579,356,0.71049379540974,-99.4701055655476,41.6453055171946,-112.319158835129,46.5031964285123,1.57360144483662,0.863107649426879,2023.53814008437,2024.24863387978,A/mountain_lion/Montana/24_010315-001/2024|H5N1|USA-MT|2024-04-01|feline|B3.6,B36
378,202,0.12142348504948,-70.3844788535797,41.52421212894,-70.4548782888808,41.6431989216367,0.619768041488808,0.498344556439327,2024.13540711604,2024.25683060109,A/American_Crow/Massachusetts/23NE01794/2024|H5N1|USA-MA|2024-04-04|avian|C2.1,C21
378,203,0.12142348504948,-70.3844788535797,41.52421212894,-70.3248123822559,41.6463902978593,0.619768041488808,0.498344556439327,2024.13540711604,2024.25683060109,A/Great_Black-backed_Gull/Massachusetts/23WI00392/2024|H5N1|USA-MA|2024-04-04|avian|C2.1,C21
367,188,0.0601669939652806,-69.7966423918753,42.0978310763811,-70.0325233884225,41.9391380851781,0.622500281925934,0.562333287960653,2024.19939584756,2024.25956284153,A/sanderling/Massachusetts/24MM00282/2024|H5N1|USA-MA|2024-04-05|avian|C2.1,C21
367,189,0.0601669939652806,-69.7966423918753,42.0978310763811,-70.6104486311845,41.6080332306582,0.622500281925934,0.562333287960653,2024.19939584756,2024.25956284153,A/sanderling/Massachusetts/24MM00283/2024|H5N1|USA-MA|2024-04-05|avian|C2.1,C21
376,195,0.0402219097802221,-70.4044615545603,41.6501749231822,-70.0600131637706,41.9742607304795,0.622500281925934,0.582278372145712,2024.21934093175,2024.25956284153,A/sanderling/Massachusetts/24MM00281/2024|H5N1|USA-MA|2024-04-05|avian|C2.1,C21
376,196,0.0402219097802221,-70.4044615545603,41.6501749231822,-70.2720174548413,41.6998280851194,0.622500281925934,0.582278372145712,2024.21934093175,2024.25956284153,A/sanderling/Massachusetts/24MM00280/2024|H5N1|USA-MA|2024-04-05|avian|C2.1,C21
385,183,0.0193433632732689,-70.5048178620436,41.5970311846243,-70.4553220757682,41.7410963329425,0.622500281925934,0.603156918652665,2024.24021947826,2024.25956284153,A/sanderling/Massachusetts/24MM00284/2024|H5N1|USA-MA|2024-04-05|avian|C2.1,C21
385,182,0.0193433632732689,-70.5048178620436,41.5970311846243,-70.4670626961917,41.6331809564158,0.622500281925934,0.603156918652665,2024.24021947826,2024.25956284153,A/sanderling/Massachusetts/24MM00285/2024|H5N1|USA-MA|2024-04-05|avian|C2.1,C21
372,192,0.0144520797707393,-70.3644546098597,41.7708407219231,-70.3071018382869,41.6451966650576,0.622500281925934,0.608048202155195,2024.24511076176,2024.25956284153,A/sanderling/Massachusetts/24MM00287/2024|H5N1|USA-MA|2024-04-05|avian|C2.1,C21
372,193,0.0144520797707393,-70.3644546098597,41.7708407219231,-70.3472068004781,41.6571754973955,0.622500281925934,0.608048202155195,2024.24511076176,2024.25956284153,A/sanderling/Massachusetts/24MM00286/2024|H5N1|USA-MA|2024-04-05|avian|C2.1,C21
583,594,0.208782105637331,-82.641155168841,25.9841112777404,-81.1443935945587,25.7928459193131,1.59165323994236,1.38287113430503,2024.05790356925,2024.26668567489,NA,B36
594,370,0.00653836882861758,-81.1443935945587,25.7928459193131,-80.8551512387443,25.9489736296925,1.59819160877098,1.59165323994236,2024.26668567489,2024.27322404372,A/chicken/Florida/24-010928-001-original/2024|H5N1|USA-FL|2024-04-10|avian|B3.6,B36
594,371,0.00653836882861758,-81.1443935945587,25.7928459193131,-80.3577599611651,25.4178296815255,1.59819160877098,1.59165323994236,2024.26668567489,2024.27322404372,A/chicken/Florida/24-010928-002-original/2024|H5N1|USA-FL|2024-04-10|avian|B3.6,B36
384,184,0.0652590999735568,-70.5035102784608,41.5400160036091,-70.5172331433353,41.6774576337127,0.638893724548918,0.573634624575362,2024.21069718418,2024.27595628415,A/American_Crow/Massachusetts/24NE00096/2024|H5N1|USA-MA|2024-04-11|avian|C2.1,C21
257,34,0.1162768350052,-70.9768424988517,42.7050526102057,-70.9917828259339,42.667708436857,0.641625964986045,0.525349129980844,2024.16241168958,2024.27868852459,A/Scoter/Massachusetts/24HP00407/2024|H5N1|USA-MA|2024-04-12|avian|C2.1,C21
257,37,0.1162768350052,-70.9768424988517,42.7050526102057,-71.0048509673004,42.7470747971263,0.641625964986045,0.525349129980844,2024.16241168958,2024.27868852459,A/Scoter/Massachusetts/24HP00405/2024|H5N1|USA-MA|2024-04-12|avian|C2.1,C21
388,177,0.0530241736513416,-70.5082080520281,41.9635077445901,-71.1432738101055,42.1085798927485,0.644358205423398,0.591334031772057,2024.22839659138,2024.28142076503,A/herring_gull/Massachusetts/24MM00329/2024|H5N1|USA-MA|2024-04-13|avian|C2.1,C21
374,198,0.100327964268263,-70.2452995745782,41.6991427900673,-70.2055924940607,41.7349743668329,0.64982268629765,0.549494722029388,2024.18655728163,2024.2868852459,A/Red-Tailed_Hawk/Massachusetts/24WI00004/2024|H5N1|USA-MA|2024-04-15|avian|C2.1,C21
783,209,0.138257884438268,-76.6166070877388,36.9056400566622,-76.2523187143292,36.8515239574686,1.61731729183109,1.47905940739282,2024.15409184234,2024.29234972678,A/red-tailed_hawk/Virginia/W24-248F/2024|H5N1|USA-VA|2024-04-17|avian|B3.6,B36
690,496,0.129047844498217,-76.0874682572,36.8269180923349,-76.3021705376548,37.0336297760385,1.61731729183109,1.48826944733287,2024.16330188228,2024.29234972678,A/horned_grebe/Virginia/24-012236-003-original/2024|H5N1|USA-VA|2024-04-17|avian|B3.6,B36
690,495,0.129047844498217,-76.0874682572,36.8269180923349,-76.3368000622646,37.0460909956958,1.61731729183109,1.48826944733287,2024.16330188228,2024.29234972678,A/horned_grebe/Virginia/24-012236-001-original/2024|H5N1|USA-VA|2024-04-17|avian|B3.6,B36
689,493,0.110670505389979,-76.3711032311335,37.0931324207973,-76.3445421242853,37.0335797566625,1.61731729183109,1.50664678644111,2024.18167922139,2024.29234972678,A/horned_grebe/Virginia/24-012236-002-original/2024|H5N1|USA-VA|2024-04-17|avian|B3.6,B36
689,494,0.110670505389979,-76.3711032311335,37.0931324207973,-76.4089654114899,37.0867059896768,1.61731729183109,1.50664678644111,2024.18167922139,2024.29234972678,A/horned_grebe/Virginia/24-012236-004-original/2024|H5N1|USA-VA|2024-04-17|avian|B3.6,B36
388,389,0.0684806145816435,-70.5082080520281,41.9635077445901,-71.3213023879513,41.5782894194038,0.6598146463537,0.591334031772057,2024.22839659138,2024.29687720596,NA,C21
240,56,0.161023854110912,-70.4631654305476,42.3525067418722,-70.1564748595094,41.6612187255048,0.660751648046155,0.499727793935243,2024.13679035354,2024.29781420765,A/American_crow/Massachusetts/24NE00007/2024|H5N1|USA-MA|2024-04-19|avian|C2.1,C21
584,587,0.147958781742866,-79.282278667963,25.9207709211774,-80.0539303433856,25.390813698427,1.62933604279416,1.48137726105129,2024.156409696,2024.30436847774,NA,B36
389,178,0.0118659634411872,-71.3213023879513,41.5782894194038,-71.2492544813364,41.708508666913,0.671680609794887,0.6598146463537,2024.29687720596,2024.3087431694,A/Herring_gull/Rhode_Island/24HP00137/2024|H5N1|USA-RI|2024-04-23|avian|C2.1,C21
399,131,0.600251682428176,-73.3638481983151,40.6196964843383,-81.6865987802048,30.1164177180187,0.674412850232013,0.0741611678038373,2023.71122372741,2024.31147540984,A/domestic_duck/Florida/24-012642-001-original/2024|H5N1|USA-FL|2024-04-24|avian|C2.1,C21
298,299,0.558011234824662,-75.9060850352812,39.9193805798296,-92.6552933946261,44.0619276022741,0.680181571036493,0.122170336211831,2023.75923289582,2024.31724413064,NA,C21
258,38,0.17202408291778,-71.4191308789491,42.5165155246425,-70.2324185581896,41.6922196759918,0.685341811980745,0.513317729062966,2024.15038028867,2024.32240437158,A/American_Crow/Massachusetts/24WI00016/2024|H5N1|USA-MA|2024-04-28|avian|C2.1,C21
299,92,0.00789248138137844,-92.6552933946261,44.0619276022741,-92.6986692494838,44.0249442641454,0.688074052417871,0.680181571036493,2024.31724413064,2024.32513661202,A/turkey/Minnesota/24-012740-002-original/2024|H5N1|USA-MN|2024-04-29|avian|C2.1,C21
299,93,0.00789248138137844,-92.6552933946261,44.0619276022741,-92.7868856464548,44.0459524271394,0.688074052417871,0.680181571036493,2024.31724413064,2024.32513661202,A/turkey/Minnesota/24-012740-001-original/2024|H5N1|USA-MN|2024-04-29|avian|C2.1,C21
269,26,0.236811551006289,-70.9296204891583,42.8194153516495,-71.6059946794917,41.4514048595007,0.690806292854998,0.453994741848709,2024.09105730145,2024.32786885246,A/great_black-backed_gull/Rhode_Island/24-014172-002-original/2024|H5N1|USA-RI|2024-04-30|avian|C2.1,C21
389,179,0.0938331765558816,-71.3213023879513,41.5782894194038,-71.4881376651737,41.3734903459495,0.753647822909582,0.6598146463537,2024.29687720596,2024.39071038251,A/herring_gull/Rhode_Island/24-016702-001-original/2024|H5N1|USA-RI|2024-05-23|avian|C2.1,C21
587,588,0.0868790009562339,-80.0539303433856,25.390813698427,-79.9926728197171,25.6506390322169,1.71621504375039,1.62933604279416,2024.30436847774,2024.3912474787,NA,B36
588,589,0.0472626827697749,-79.9926728197171,25.6506390322169,-79.222179079871,27.6230101112769,1.76347772652017,1.71621504375039,2024.3912474787,2024.43851016147,NA,B36
589,590,0.018621378786694,-79.222179079871,27.6230101112769,-79.8151865121143,25.4529718136987,1.78209910530686,1.76347772652017,2024.43851016147,2024.45713154025,NA,B36
590,591,0.0186465252583754,-79.8151865121143,25.4529718136987,-81.0056321996772,26.1258363403557,1.80074563056524,1.78209910530686,2024.45713154025,2024.47577806551,NA,B36
587,369,0.233882888381244,-80.0539303433856,25.390813698427,-80.6505558337437,25.2554505113858,1.8632189311754,1.62933604279416,2024.30436847774,2024.53825136612,A/chicken/Florida/24-020698-001-original/2024|H5N1|USA-FL|2024-07-16|avian|B3.6,B36
588,368,0.147003887425011,-79.9926728197171,25.6506390322169,-80.3226998886018,25.6765823369848,1.8632189311754,1.71621504375039,2024.3912474787,2024.53825136612,A/chicken/Florida/24-020699-001-original/2024|H5N1|USA-FL|2024-07-16|avian|B3.6,B36
590,367,0.0811198258685417,-79.8151865121143,25.4529718136987,-80.6599016750723,25.5993613499887,1.8632189311754,1.78209910530686,2024.45713154025,2024.53825136612,A/chicken/Florida/24-020700-001-original/2024|H5N1|USA-FL|2024-07-16|avian|B3.6,B36
591,365,0.0788667432331507,-81.0056321996772,26.1258363403557,-80.9829267652839,26.4941830544626,1.87961237379839,1.80074563056524,2024.47577806551,2024.55464480874,A/chicken/Florida/24-021103-002-original/2024|H5N1|USA-FL|2024-07-22|avian|B3.6,B36
591,366,0.0788667432331507,-81.0056321996772,26.1258363403557,-81.069198531001,26.277872586255,1.87961237379839,1.80074563056524,2024.47577806551,2024.55464480874,A/chicken/Florida/24-021103-001-original/2024|H5N1|USA-FL|2024-07-22|avian|B3.6,B36
584,585,0.410225515544024,-79.282278667963,25.9207709211774,-80.5258798829927,25.2615798161586,1.89160277659532,1.48137726105129,2024.156409696,2024.56663521154,NA,B36
585,586,0.00719673467797,-80.5258798829927,25.2615798161586,-80.4383987123728,25.2320756059784,1.89879951127329,1.89160277659532,2024.56663521154,2024.57383194622,NA,B36
585,359,0.0125997611374333,-80.5258798829927,25.2615798161586,-80.8335088300127,25.8574201227637,1.90420253773275,1.89160277659532,2024.56663521154,2024.57923497268,A/chicken/Florida/24-022130-002-original/2024|H5N1|USA-FL|2024-07-31|avian|B3.6,B36
586,361,0.00540302645946333,-80.4383987123728,25.2320756059784,-80.5590280672806,25.5772453129363,1.90420253773275,1.89879951127329,2024.57383194622,2024.57923497268,A/chicken/Florida/24-022130-003-original/2024|H5N1|USA-FL|2024-07-31|avian|B3.6,B36
586,360,0.00540302645946333,-80.4383987123728,25.2320756059784,-80.429738626953,25.2188070683204,1.90420253773275,1.89879951127329,2024.57383194622,2024.57923497268,A/chicken/Florida/24-022130-001-original/2024|H5N1|USA-FL|2024-07-31|avian|B3.6,B36
354,503,0.00325934686991325,-110.817811667105,42.5426916858367,-110.810369202557,42.5410431293103,0.00325934686991325,0,2024.59017578195,2024.59343512882,NA,D11
354,355,0.0115711819661891,-110.817811667105,42.5426916858367,-106.133811682336,40.836519145217,0.0115711819661891,0,2024.59017578195,2024.60174696391,NA,D11
503,511,0.00834115764163701,-110.810369202557,42.5410431293103,-110.993449445967,42.5526839629015,0.0116005045115503,0.00325934686991325,2024.59343512882,2024.60177628646,NA,D11
503,504,0.00858421531392162,-110.810369202557,42.5410431293103,-109.642261019294,41.4101355966513,0.0118435621838349,0.00325934686991325,2024.59343512882,2024.60201934413,NA,D11
355,356,0.000664616652733319,-106.133811682336,40.836519145217,-106.875112994289,41.3189172251203,0.0122357986189224,0.0115711819661891,2024.60174696391,2024.60241158057,NA,D11
511,512,0.000637328286788197,-110.993449445967,42.5526839629015,-111.026998108478,42.531160165366,0.0122378327983385,0.0116005045115503,2024.60177628646,2024.60241361474,NA,D11
355,468,0.000892651645579057,-106.133811682336,40.836519145217,-106.23624437524,41.0415319930071,0.0124638336117682,0.0115711819661891,2024.60174696391,2024.60263961556,NA,D11
468,469,0.000325351934091778,-106.23624437524,41.0415319930071,-106.32119002998,42.2435034528117,0.01278918554586,0.0124638336117682,2024.60263961556,2024.60296496749,NA,D11
512,513,0.000678368009212615,-111.026998108478,42.531160165366,-109.574025444222,42.2060222328317,0.0129162008075511,0.0122378327983385,2024.60241361474,2024.60309198275,NA,D11
511,682,0.00155735795888823,-110.993449445967,42.5526839629015,-110.570723247934,42.5326950562634,0.0131578624704385,0.0116005045115503,2024.60177628646,2024.60333364442,NA,D11
513,535,0.000276586431471992,-109.574025444222,42.2060222328317,-109.578647434137,42.2073967238045,0.0131927872390231,0.0129162008075511,2024.60309198275,2024.60336856919,NA,D11
682,683,6.23036299717272e-05,-110.570723247934,42.5326950562634,-110.792419984878,42.5408550573806,0.0132201661004102,0.0131578624704385,2024.60333364442,2024.60339594805,NA,D11
469,470,0.000563263341884279,-106.32119002998,42.2435034528117,-106.700290731871,42.852127805329,0.0133524488877442,0.01278918554586,2024.60296496749,2024.60352823083,NA,D11
512,552,0.00111776676279218,-111.026998108478,42.531160165366,-110.3873774049,42.5968972564405,0.0133555995611306,0.0122378327983385,2024.60241361474,2024.60353138151,NA,D11
469,492,0.000590608093917422,-106.32119002998,42.2435034528117,-106.541531021279,42.1293920338679,0.0133797936397774,0.01278918554586,2024.60296496749,2024.60355557559,NA,D11
535,550,0.000469159993498725,-109.578647434137,42.2073967238045,-109.754097884319,42.0242687791865,0.0136619472325218,0.0131927872390231,2024.60336856919,2024.60383772918,NA,D11
589,592,0.182434917141779,-79.222179079871,27.6230101112769,-81.3346474235388,28.6625581985796,1.94591264366195,1.76347772652017,2024.43851016147,2024.62094507861,NA,B36
535,536,0.0193474777029116,-109.578647434137,42.2073967238045,-108.41225694824,43.9517691485236,0.0325402649419347,0.0131927872390231,2024.60336856919,2024.62271604689,NA,D11
468,496,0.0295002567416816,-106.23624437524,41.0415319930071,-121.354602346544,32.6234791123532,0.0419640903534498,0.0124638336117682,2024.60263961556,2024.6321398723,NA,D11
682,705,0.0405812780240397,-110.570723247934,42.5326950562634,-107.635952056718,43.4397698078269,0.0537391404944782,0.0131578624704385,2024.60333364442,2024.64391492244,NA,D11
683,684,0.0455975344207266,-110.792419984878,42.5408550573806,-116.781221130236,44.4263387500424,0.0588177005211368,0.0132201661004102,2024.60339594805,2024.64899348247,NA,D11
356,357,0.0482840804844601,-106.875112994289,41.3189172251203,-109.135431316861,36.4462524020708,0.0605198791033825,0.0122357986189224,2024.60241158057,2024.65069566105,NA,D11
536,537,0.0291053776633527,-108.41225694824,43.9517691485236,-105.295437754396,43.1609463020346,0.0616456426052874,0.0325402649419347,2024.62271604689,2024.65182142455,NA,D11
537,538,0.00022225395802622,-105.295437754396,43.1609463020346,-105.266557656016,43.1569910753558,0.0618678965633137,0.0616456426052874,2024.65182142455,2024.65204367851,NA,D11
552,671,0.0490986020517474,-110.3873774049,42.5968972564405,-107.657423784393,37.4063235330935,0.062454201612878,0.0133555995611306,2024.60353138151,2024.65262998356,NA,D11
671,674,0.0010060724030283,-107.657423784393,37.4063235330935,-103.793845012937,35.8099232916093,0.0634602740159063,0.062454201612878,2024.65262998356,2024.65363605596,NA,D11
504,505,0.0622916032270666,-109.642261019294,41.4101355966513,-120.087727195686,43.4194501356109,0.0741351654109015,0.0118435621838349,2024.60201934413,2024.66431094736,NA,D11
505,506,0.00246120344809769,-120.087727195686,43.4194501356109,-118.712140587433,44.2759348571004,0.0765963688589992,0.0741351654109015,2024.66431094736,2024.66677215081,NA,D11
552,553,0.0714420878264189,-110.3873774049,42.5968972564405,-107.503767926534,41.116208407038,0.0847976873875496,0.0133555995611306,2024.60353138151,2024.67497346933,NA,D11
674,675,0.0329663592303173,-103.793845012937,35.8099232916093,-101.541549922139,35.5937078532626,0.0964266332462236,0.0634602740159063,2024.65363605596,2024.68660241519,NA,D11
553,554,0.0146452133557787,-107.503767926534,41.116208407038,-107.225325544386,39.4391107533757,0.0994429007433283,0.0847976873875496,2024.67497346933,2024.68961868269,NA,D11
513,514,0.0927715143879507,-109.574025444222,42.2060222328317,-113.558516144664,42.9321362349456,0.105687715195502,0.0129162008075511,2024.60309198275,2024.69586349714,NA,D11
592,593,0.0753699355059225,-81.3346474235388,28.6625581985796,-81.3883268713919,28.4457520916881,2.02128257916787,1.94591264366195,2024.62094507861,2024.69631501411,NA,B36
684,685,0.0524864303259023,-116.781221130236,44.4263387500424,-120.296550038961,48.5912958212395,0.111304130847039,0.0588177005211368,2024.64899348247,2024.70147991279,NA,D11
685,693,0.002452176222078,-120.296550038961,48.5912958212395,-119.974003671808,48.6767538118063,0.113756307069117,0.111304130847039,2024.70147991279,2024.70393208902,NA,D11
357,361,0.0567266161711069,-109.135431316861,36.4462524020708,-113.187343346683,45.5446699555185,0.117246495274489,0.0605198791033825,2024.65069566105,2024.70742227722,NA,D11
593,363,0.0113352591114038,-81.3883268713919,28.4457520916881,-81.397750505385,28.4479576112157,2.03261783827927,2.02128257916787,2024.69631501411,2024.70765027322,A/chicken/Florida/24-027090-001/2024|H5N1|USA-FL|2024-09-16|avian|B3.6,B36
361,363,0.00583281118065998,-113.187343346683,45.5446699555185,-112.940448142865,45.5509733140302,0.123079306455149,0.117246495274489,2024.70742227722,2024.7132550884,NA,D11
470,473,0.111494788745791,-106.700290731871,42.852127805329,-99.5785912162777,43.5529938077468,0.124847237633535,0.0133524488877442,2024.60352823083,2024.71502301958,NA,D11
592,362,0.0949019159287048,-81.3346474235388,28.6625581985796,-81.5228124571423,28.7389335969552,2.04081455959065,1.94591264366195,2024.62094507861,2024.71584699454,A/pigeon/Florida/24-027845-002/2024|H5N1|USA-FL|2024-09-19|avian|B3.6,B36
593,364,0.0195319804227823,-81.3883268713919,28.4457520916881,-81.4587270073142,28.3567932359493,2.04081455959065,2.02128257916787,2024.69631501411,2024.71584699454,A/duck/Florida/24-027844-002-R2/2024|H5N1|USA-FL|2024-09-19|avian|B3.6,B36
473,490,0.00210431762028218,-99.5785912162777,43.5529938077468,-99.1754079278003,43.3279043376348,0.126951555253818,0.124847237633535,2024.71502301958,2024.7171273372,NA,D11
363,364,0.00438302474196134,-112.940448142865,45.5509733140302,-113.056538867148,45.6346583524769,0.127462331197111,0.123079306455149,2024.7132550884,2024.71763811314,NA,D11
473,474,0.00435753965754743,-99.5785912162777,43.5529938077468,-98.4540333366133,42.9356709824587,0.129204777291083,0.124847237633535,2024.71502301958,2024.71938055924,NA,D11
364,365,0.00209384765688936,-113.056538867148,45.6346583524769,-116.522119877701,47.6050316456639,0.129556178854,0.127462331197111,2024.71763811314,2024.7197319608,NA,D11
365,372,0.000404513773218096,-116.522119877701,47.6050316456639,-116.418584971342,47.2907136509494,0.129960692627218,0.129556178854,2024.7197319608,2024.72013647457,NA,D11
372,373,0.00242927552394007,-116.418584971342,47.2907136509494,-115.621365515889,46.4434550133167,0.132389968151158,0.129960692627218,2024.72013647457,2024.7225657501,NA,D11
373,396,0.000580090398184296,-115.621365515889,46.4434550133167,-115.628010654551,46.4450268942588,0.132970058549343,0.132389968151158,2024.7225657501,2024.7231458405,NA,D11
396,397,0.000120174587497357,-115.628010654551,46.4450268942588,-115.58092356391,46.417802381537,0.13309023313684,0.132970058549343,2024.7231458405,2024.72326601508,NA,D11
554,555,0.0382051255914037,-107.225325544386,39.4391107533757,-109.498610517132,42.2189460395427,0.137648026334732,0.0994429007433283,2024.68961868269,2024.72782380828,NA,D11
356,466,0.126919181213213,-106.875112994289,41.3189172251203,-100.111809428573,44.1698815016111,0.139154979832136,0.0122357986189224,2024.60241158057,2024.72933076178,NA,D11
372,431,0.0102249811597411,-116.418584971342,47.2907136509494,-116.709179018388,47.137889146737,0.140185673786959,0.129960692627218,2024.72013647457,2024.73036145573,NA,D11
373,374,0.00944574235939838,-115.621365515889,46.4434550133167,-114.594508263891,46.6631166998864,0.141835710510557,0.132389968151158,2024.7225657501,2024.73201149246,NA,D11
397,399,0.00969190675768,-115.58092356391,46.417802381537,-116.102122306585,44.4881784724496,0.14278213989452,0.13309023313684,2024.72326601508,2024.73295792184,NA,D11
431,432,0.00572424743366867,-116.709179018388,47.137889146737,-115.546843891439,47.2214334088602,0.145909921220628,0.140185673786959,2024.73036145573,2024.73608570317,NA,D11
365,366,0.0174667795008704,-116.522119877701,47.6050316456639,-117.605085426512,51.0245583767797,0.14702295835487,0.129556178854,2024.7197319608,2024.7371987403,NA,D11
399,400,0.00557940869966161,-116.102122306585,44.4881784724496,-113.610600025039,45.0182656767821,0.148361548594181,0.14278213989452,2024.73295792184,2024.73853733054,NA,D11
366,367,0.00297072256851416,-117.605085426512,51.0245583767797,-116.812074994802,54.2498147079065,0.149993680923385,0.14702295835487,2024.7371987403,2024.74016946287,NA,D11
363,450,0.0279787823696928,-112.940448142865,45.5509733140302,-114.881925423619,45.2735540545169,0.151058088824842,0.123079306455149,2024.7132550884,2024.74123387077,NA,D11
693,694,0.0390244543719449,-119.974003671808,48.6767538118063,-120.592465712439,49.4965565528368,0.152780761441062,0.113756307069117,2024.70393208902,2024.74295654339,NA,D11
537,542,0.0919241521803976,-105.295437754396,43.1609463020346,-104.379649837774,42.699185172203,0.153569794785685,0.0616456426052874,2024.65182142455,2024.74374557673,NA,D11
555,556,0.0167192515370262,-109.498610517132,42.2189460395427,-108.010094286888,41.3135500304237,0.154367277871758,0.137648026334732,2024.72782380828,2024.74454305982,NA,D11
400,401,0.0068968607624702,-113.610600025039,45.0182656767821,-113.44920352536,45.5867755418909,0.155258409356652,0.148361548594181,2024.73853733054,2024.7454341913,NA,D11
374,376,0.0145024138826441,-114.594508263891,46.6631166998864,-115.325302725961,45.6926409017983,0.156338124393201,0.141835710510557,2024.73201149246,2024.74651390634,NA,D11
474,476,0.0281208855779624,-98.4540333366133,42.9356709824587,-97.1910406474617,44.2004984211674,0.157325662869045,0.129204777291083,2024.71938055924,2024.74750144482,NA,D11
364,448,0.0310758246492869,-113.056538867148,45.6346583524769,-118.180630057493,50.3648657423413,0.158538155846398,0.127462331197111,2024.71763811314,2024.74871393779,NA,D11
396,427,0.0265231153503996,-115.628010654551,46.4450268942588,-114.964153201848,44.7754863352089,0.159493173899742,0.132970058549343,2024.7231458405,2024.74966895585,NA,D11
514,515,0.0552847153190009,-113.558516144664,42.9321362349456,-118.817314656706,46.693227362697,0.160972430514503,0.105687715195502,2024.69586349714,2024.75114821246,NA,D11
476,477,0.00367934716205354,-97.1910406474617,44.2004984211674,-97.2507408246706,42.5452326120867,0.161005010031099,0.157325662869045,2024.74750144482,2024.75118079198,NA,D11
374,375,0.0194373477655378,-114.594508263891,46.6631166998864,-114.484236098266,44.5019079153302,0.161273058276094,0.141835710510557,2024.73201149246,2024.75144884022,NA,D11
694,696,0.00884651933563224,-120.592465712439,49.4965565528368,-112.641665894148,46.1501335115434,0.161627280776694,0.152780761441062,2024.74295654339,2024.75180306272,NA,D11
685,686,0.0504359121528913,-120.296550038961,48.5912958212395,-118.151830802485,46.1865816666561,0.16174004299993,0.111304130847039,2024.70147991279,2024.75191582495,NA,D11
490,491,0.0360056663617144,-99.1754079278003,43.3279043376348,-100.596310560501,41.8880489046225,0.162957221615532,0.126951555253818,2024.7171273372,2024.75313300356,NA,D11
427,428,0.00358374832515346,-114.964153201848,44.7754863352089,-114.168477323254,44.707025208001,0.163076922224896,0.159493173899742,2024.74966895585,2024.75325270417,NA,D11
686,687,0.00553027370299397,-118.151830802485,46.1865816666561,-119.848818468598,46.2592503154891,0.167270316702924,0.16174004299993,2024.75191582495,2024.75744609865,NA,D11
399,416,0.0251486397182718,-116.102122306585,44.4881784724496,-118.141962621618,40.247932144185,0.167930779612792,0.14278213989452,2024.73295792184,2024.75810656156,NA,D11
376,377,0.0121288895325753,-115.325302725961,45.6926409017983,-99.0272730720154,40.4420208821662,0.168467013925776,0.156338124393201,2024.74651390634,2024.75864279587,NA,D11
377,378,0.000300373953687483,-99.0272730720154,40.4420208821662,-98.870247493577,40.3363162528022,0.168767387879463,0.168467013925776,2024.75864279587,2024.75894316983,NA,D11
450,453,0.0190130035811457,-114.881925423619,45.2735540545169,-113.241227470356,41.9112833693844,0.170071092405988,0.151058088824842,2024.74123387077,2024.76024687435,NA,D11
556,557,0.0174132987012414,-108.010094286888,41.3135500304237,-101.721197705252,43.1342892638138,0.171780576573,0.154367277871758,2024.74454305982,2024.76195635852,NA,D11
376,387,0.0163370468969397,-115.325302725961,45.6926409017983,-116.710115834113,46.580702645502,0.17267517129014,0.156338124393201,2024.74651390634,2024.76285095324,NA,D11
694,695,0.0205909662235849,-120.592465712439,49.4965565528368,-121.612495789991,49.6693881778936,0.173371727664647,0.152780761441062,2024.74295654339,2024.76354750961,NA,D11
674,209,0.11139126644231,-103.793845012937,35.8099232916093,-120.394050579815,49.1773922382155,0.174851540458216,0.0634602740159063,2024.65363605596,2024.7650273224,A/Red_Tailed_Hawk/BC/AIVPHL-2513/2024|H5N1|Canada-BC|2024-10-07|avian|D1.1,D11
448,449,0.0183002670889804,-118.180630057493,50.3648657423413,-114.842745721468,49.8566862131016,0.176838422935378,0.158538155846398,2024.74871393779,2024.76701420488,NA,D11
687,688,0.00967214036689745,-119.848818468598,46.2592503154891,-119.785436100318,46.243980353913,0.176942457069822,0.167270316702924,2024.75744609865,2024.76711823902,NA,D11
695,177,0.0042120532306954,-121.612495789991,49.6693881778936,-122.425991952334,50.0120726652608,0.177583780895342,0.173371727664647,2024.76354750961,2024.76775956284,A/Canada_Goose/BC/AIVPHL-2524/2024|H5N1|Canada-BC|2024-10-08|avian|D1.1,D11
453,454,0.00906269266257959,-113.241227470356,41.9112833693844,-108.686742946827,40.4163639125569,0.179133785068567,0.170071092405988,2024.76024687435,2024.76930956701,NA,D11
687,691,0.0120869805249098,-119.848818468598,46.2592503154891,-122.545161356349,47.3341537168305,0.179357297227834,0.167270316702924,2024.75744609865,2024.76953307917,NA,D11
688,689,0.00264267946572255,-119.785436100318,46.243980353913,-118.380057073496,45.2687082522387,0.179585136535544,0.176942457069822,2024.76711823902,2024.76976091848,NA,D11
431,441,0.0396548499925606,-116.709179018388,47.137889146737,-115.929219934584,50.0837219591415,0.17984052377952,0.140185673786959,2024.73036145573,2024.77001630573,NA,D11
375,16,0.0190429630563741,-114.484236098266,44.5019079153302,-120.462896216547,49.3743566294019,0.180316021332468,0.161273058276094,2024.75144884022,2024.77049180328,A/Green_Winged_Teal/BC/AIVPHL-2526/2024|H5N1|Canada-BC|2024-10-09|avian|D1.1,D11
686,692,0.0188927706072857,-118.151830802485,46.1865816666561,-119.553761370248,48.3978369193437,0.180632813607216,0.16174004299993,2024.75191582495,2024.77080859555,NA,D11
689,690,0.00560584595814451,-118.380057073496,45.2687082522387,-119.448539662391,46.0226492148527,0.185190982493689,0.179585136535544,2024.76976091848,2024.77536676444,NA,D11
428,74,0.0227035799818252,-114.168477323254,44.707025208001,-124.630719514796,54.2136835560665,0.185780502206721,0.163076922224896,2024.75325270417,2024.77595628415,A/Canada_Goose/BC/AIVPHL-2528/2024|H5N1|Canada-BC|2024-10-11|avian|D1.1,D11
691,165,0.00642320497888665,-122.545161356349,47.3341537168305,-121.189976391991,46.3733568444352,0.185780502206721,0.179357297227834,2024.76953307917,2024.77595628415,A/chicken/Washington/W242850087-1/2024|H5N1|USA-WA|2024-10-11|avian|D1.1,D11
689,166,0.0061953656711764,-118.380057073496,45.2687082522387,-119.701571750508,46.0900515105547,0.185780502206721,0.179585136535544,2024.76976091848,2024.77595628415,A/chicken/Washington/24-030039-002/2024|H5N1|USA-WA|2024-10-11|avian|D1.1,D11
692,171,0.00514768859950465,-119.553761370248,48.3978369193437,-120.236281452326,48.35389406786,0.185780502206721,0.180632813607216,2024.77080859555,2024.77595628415,A/chicken/Washington/24-030039-001/2024|H5N1|USA-WA|2024-10-11|avian|D1.1,D11
690,167,0.000589519713031894,-119.448539662391,46.0226492148527,-119.783193218864,46.2613513806034,0.185780502206721,0.185190982493689,2024.77536676444,2024.77595628415,A/chicken/Washington/W242850087-2/2024|H5N1|USA-WA|2024-10-11|avian|D1.1,D11
367,368,0.0376191877738642,-116.812074994802,54.2498147079065,-117.165178569848,54.634294745391,0.187612868697249,0.149993680923385,2024.74016946287,2024.77778865064,NA,D11
400,413,0.0402664208024505,-113.610600025039,45.0182656767821,-113.588040021947,45.0154839765595,0.188627969396632,0.148361548594181,2024.73853733054,2024.77880375134,NA,D11
492,493,0.176546186971293,-106.541531021279,42.1293920338679,-113.162685552273,38.2087018002056,0.189925980611071,0.0133797936397774,2024.60355557559,2024.78010176256,NA,D11
557,558,0.0201384566290086,-101.721197705252,43.1342892638138,-97.1643377168414,41.11535588505,0.191919033202008,0.171780576573,2024.76195635852,2024.78209481515,NA,D11
515,516,0.0310864980227858,-118.817314656706,46.693227362697,-120.998994219473,46.162944577376,0.192058928537288,0.160972430514503,2024.75114821246,2024.78223471048,NA,D11
454,455,0.0134669436610817,-108.686742946827,40.4163639125569,-108.382911632962,40.1774465682549,0.192600728729649,0.179133785068567,2024.76930956701,2024.78277651068,NA,D11
553,233,0.109179536130777,-107.503767926534,41.116208407038,-125.359177001775,51.8545592663574,0.193977223518327,0.0847976873875496,2024.67497346933,2024.78415300546,A/Canada_Goose/BC/AIVPHL-2531/2024|H5N1|Canada-BC|2024-10-14|avian|D1.1,D11
695,176,0.0206054958536798,-121.612495789991,49.6693881778936,-126.626805097149,51.8602635655616,0.193977223518327,0.173371727664647,2024.76354750961,2024.78415300546,A/Canada_Goose/BC/AIVPHL-2530/2024|H5N1|Canada-BC|2024-10-14|avian|D1.1,D11
506,507,0.117485434021566,-118.712140587433,44.2759348571004,-122.538838992025,46.5577668356427,0.194081802880565,0.0765963688589992,2024.66677215081,2024.78425758483,NA,D11
507,6,0.00262766107488793,-122.538838992025,46.5577668356427,-121.916444471985,46.6119098017364,0.196709463955453,0.194081802880565,2024.78425758483,2024.7868852459,A/guineafowl/Washington/24-030328-002/2024|H5N1|USA-WA|2024-10-15|avian|D1.1,D11
507,7,0.00262766107488793,-122.538838992025,46.5577668356427,-122.702452470219,46.554299760542,0.196709463955453,0.194081802880565,2024.78425758483,2024.7868852459,A/guineafowl/Washington/24-030328-001/2024|H5N1|USA-WA|2024-10-15|avian|D1.1,D11
558,581,0.00737667774515599,-97.1643377168414,41.11535588505,-97.0315940408164,41.1536067372547,0.199295710947164,0.191919033202008,2024.78209481515,2024.78947149289,NA,D11
558,559,0.00823178036194394,-97.1643377168414,41.11535588505,-94.0981850743493,41.8573370135326,0.200150813563952,0.191919033202008,2024.78209481515,2024.79032659551,NA,D11
441,442,0.0218965124522321,-115.929219934584,50.0837219591415,-118.239075154056,49.9885390737168,0.201737036231752,0.17984052377952,2024.77001630573,2024.79191281818,NA,D11
559,560,0.00190421954813369,-94.0981850743493,41.8573370135326,-94.22147281652,41.8627091931543,0.202055033112086,0.200150813563952,2024.79032659551,2024.79223081506,NA,D11
556,653,0.0487932994595626,-108.010094286888,41.3135500304237,-96.1045236946454,40.495758514709,0.203160577331321,0.154367277871758,2024.74454305982,2024.79333635928,NA,D11
416,418,0.0353804323381744,-118.141962621618,40.247932144185,-113.204010422178,37.2842023762023,0.203311211950966,0.167930779612792,2024.75810656156,2024.7934869939,NA,D11
688,169,0.0279637281970095,-119.785436100318,46.243980353913,-120.701718494504,46.6496924675151,0.204906185266831,0.176942457069822,2024.76711823902,2024.79508196721,A/Washington/240/2024|H5N1|USA-WA|2024-10-18|human|D1.1,D11
690,168,0.0197152027731424,-119.448539662391,46.0226492148527,-119.134322363648,46.6563813842139,0.204906185266831,0.185190982493689,2024.77536676444,2024.79508196721,A/Washington/UW32495/2024|H5N1|USA-WA|2024-10-18|human|D1.1,D11
581,582,0.00742350141548054,-97.0315940408164,41.1536067372547,-92.7823776127269,41.8206044000739,0.206719212362645,0.199295710947164,2024.78947149289,2024.79689499431,NA,D11
683,704,0.194200313419748,-110.792419984878,42.5408550573806,-118.957374313862,42.2006530783992,0.207420479520158,0.0132201661004102,2024.60339594805,2024.79759626147,NA,D11
442,63,0.00590138947220548,-118.239075154056,49.9885390737168,-117.136021863593,49.9857766595772,0.207638425703958,0.201737036231752,2024.79191281818,2024.79781420765,A/Cackling_Goose/BC/AIVPHL-2521/2024|H5N1|Canada-BC|2024-10-19|avian|D1.1,D11
653,654,0.00505393768986245,-96.1045236946454,40.495758514709,-97.088519198618,40.2085088917748,0.208214515021183,0.203160577331321,2024.79333635928,2024.79839029697,NA,D11
450,451,0.0575343628112168,-114.881925423619,45.2735540545169,-109.308463541823,40.7984787289664,0.208592451636059,0.151058088824842,2024.74123387077,2024.79876823358,NA,D11
366,55,0.0633477077864406,-117.605085426512,51.0245583767797,-119.898849700379,52.0381583047021,0.210370666141311,0.14702295835487,2024.7371987403,2024.80054644809,A/Turkey/BC/FAV-0267-1/2024|H5N1|Canada-BC|2024-10-20|avian|D1.1,D11
449,111,0.0335322432059331,-114.842745721468,49.8566862131016,-121.468859660116,51.1087560016108,0.210370666141311,0.176838422935378,2024.76701420488,2024.80054644809,A/Cackling_Goose/BC/AIVPHL-2535/2024|H5N1|Canada-BC|2024-10-20|avian|D1.1,D11
377,385,0.0422160914210006,-99.0272730720154,40.4420208821662,-97.0537465190957,40.4762664228036,0.210683105346777,0.168467013925776,2024.75864279587,2024.80085888729,NA,D11
516,517,0.0194704364313465,-120.998994219473,46.162944577376,-121.436399361436,46.205394919726,0.211529364968635,0.192058928537288,2024.78223471048,2024.80170514691,NA,D11
654,665,0.00463504190414449,-97.088519198618,40.2085088917748,-97.377145020094,40.0556844866885,0.212849556925328,0.208214515021183,2024.79839029697,2024.80302533887,NA,D11
367,54,0.0631092256550526,-116.812074994802,54.2498147079065,-132.400521155759,58.1947507173973,0.213102906578437,0.149993680923385,2024.74016946287,2024.80327868852,A/Chicken/BC/FAV-0266-1/2024|H5N1|Canada-BC|2024-10-21|avian|D1.1,D11
387,29,0.0404277352882969,-116.710115834113,46.580702645502,-119.375973353142,53.0085818226424,0.213102906578437,0.17267517129014,2024.76285095324,2024.80327868852,A/Snow_Goose/BC/AIVPHL-2538/2024|H5N1|Canada-BC|2024-10-21|avian|D1.1,D11
516,186,0.0210439780411488,-120.998994219473,46.162944577376,-117.449891421686,46.6258535939459,0.213102906578437,0.192058928537288,2024.78223471048,2024.80327868852,A/chicken/Washington/24-031352-001/2024|H5N1|USA-WA|2024-10-21|avian|D1.1,D11
704,160,0.00568242705827932,-118.957374313862,42.2006530783992,-119.562310663781,42.2830702234194,0.213102906578437,0.207420479520158,2024.79759626147,2024.80327868852,A/chicken/Oregon/24-030904-001/2024|H5N1|USA-OR|2024-10-21|avian|D1.1,D11
704,161,0.00568242705827932,-118.957374313862,42.2006530783992,-120.415652108045,42.7707993270293,0.213102906578437,0.207420479520158,2024.79759626147,2024.80327868852,A/chicken/Oregon/24-030904-002/2024|H5N1|USA-OR|2024-10-21|avian|D1.1,D11
517,187,0.00157354160980228,-121.436399361436,46.205394919726,-121.392617962638,46.2091427317842,0.213102906578437,0.211529364968635,2024.80170514691,2024.80327868852,A/chicken/Washington/24-031352-002/2024|H5N1|USA-WA|2024-10-21|avian|D1.1,D11
517,188,0.00157354160980228,-121.436399361436,46.205394919726,-121.727176417203,46.1133026327874,0.213102906578437,0.211529364968635,2024.80170514691,2024.80327868852,A/chicken/Washington/24-031352-003/2024|H5N1|USA-WA|2024-10-21|avian|D1.1,D11
582,614,0.00738092363191484,-92.7823776127269,41.8206044000739,-95.361547740521,41.3024795536156,0.21410013599456,0.206719212362645,2024.79689499431,2024.80427591794,NA,D11
442,64,0.0140981107838113,-118.239075154056,49.9885390737168,-122.20617751564,49.4033198603969,0.215835147015563,0.201737036231752,2024.79191281818,2024.80601092896,A/Cackling_Goose/BC/AIVPHL-2540/2024|H5N1|Canada-BC|2024-10-22|avian|D1.1,D11
441,443,0.0365647969007145,-115.929219934584,50.0837219591415,-149.295012354168,63.0872239733755,0.216405320680234,0.17984052377952,2024.77001630573,2024.80658110263,NA,D11
696,700,0.0548067545839345,-112.641665894148,46.1501335115434,-112.546683212624,46.0728545645925,0.216434035360629,0.161627280776694,2024.75180306272,2024.80660981731,NA,D11
559,578,0.0163618144346225,-94.0981850743493,41.8573370135326,-96.6258336941765,43.0739755508933,0.216512627998575,0.200150813563952,2024.79032659551,2024.80668840994,NA,D11
700,701,0.000299234445198082,-112.546683212624,46.0728545645925,-111.624281740446,45.9358569911405,0.216733269805827,0.216434035360629,2024.80660981731,2024.80690905175,NA,D11
560,561,0.0156019150382196,-94.22147281652,41.8627091931543,-88.3066761345208,40.8344889437432,0.217656948150305,0.202055033112086,2024.79223081506,2024.8078327301,NA,D11
428,429,0.0547162659958599,-114.168477323254,44.707025208001,-104.123083172357,45.5025492123076,0.217793188220756,0.163076922224896,2024.75325270417,2024.80796897017,NA,D11
449,112,0.0417289645173116,-114.842745721468,49.8566862131016,-116.33102155761,49.300295965697,0.21856738745269,0.176838422935378,2024.76701420488,2024.8087431694,A/Cackling_Goose/BC/AIVPHL-2541/2024|H5N1|Canada-BC|2024-10-23|avian|D1.1,D11
692,164,0.0379345738454734,-119.553761370248,48.3978369193437,-119.215421597621,48.4020786214814,0.21856738745269,0.180632813607216,2024.77080859555,2024.8087431694,A/Washington/254/2024|H5N1|USA-WA|2024-10-23|human|D1.1,D11
368,56,0.0309545187554407,-117.165178569848,54.634294745391,-129.467995962125,58.7915097536116,0.21856738745269,0.187612868697249,2024.77778865064,2024.8087431694,A/Chicken/BC/FAV-0268-1/2024|H5N1|Canada-BC|2024-10-23|avian|D1.1,D11
701,702,0.00298159608355592,-111.624281740446,45.9358569911405,-111.2222131138,46.1462803386173,0.219714865889383,0.216733269805827,2024.80690905175,2024.80989064784,NA,D11
443,444,0.00382270772594018,-149.295012354168,63.0872239733755,-149.039113284851,62.7485512830572,0.220228028406175,0.216405320680234,2024.80658110263,2024.81040381035,NA,D11
700,178,0.004865592529187,-112.546683212624,46.0728545645925,-110.380647459665,45.7054523682551,0.221299627889816,0.216434035360629,2024.80660981731,2024.81147540984,A/chicken/MT/24-032160-002-original/2024|H5N1|USA-MT|2024-10-24|avian|D1.1,D11
701,180,0.00456635808398892,-111.624281740446,45.9358569911405,-112.102971926523,46.6814776640006,0.221299627889816,0.216733269805827,2024.80690905175,2024.81147540984,A/chicken/MT/24-032160-004/2024|H5N1|USA-MT|2024-10-24|avian|D1.1,D11
702,181,0.001584762000433,-111.2222131138,46.1462803386173,-111.138679739425,46.3867555401371,0.221299627889816,0.219714865889383,2024.80989064784,2024.81147540984,A/chicken/MT/24-032160-003/2024|H5N1|USA-MT|2024-10-24|avian|D1.1,D11
702,179,0.001584762000433,-111.2222131138,46.1462803386173,-112.190523537601,46.4971398428846,0.221299627889816,0.219714865889383,2024.80989064784,2024.81147540984,A/chicken/MT/24-032160-001/2024|H5N1|USA-MT|2024-10-24|avian|D1.1,D11
614,615,0.0124479325748842,-95.361547740521,41.3024795536156,-90.6748645148151,40.7213060977917,0.226548068569444,0.21410013599456,2024.80427591794,2024.81672385052,NA,D11
368,369,0.0403735411001397,-117.165178569848,54.634294745391,-117.201730852978,54.3180464758474,0.227986409797389,0.187612868697249,2024.77778865064,2024.81816219174,NA,D11
696,697,0.0669343322060261,-112.641665894148,46.1501335115434,-122.816214079664,45.7785740000573,0.22856161298272,0.161627280776694,2024.75180306272,2024.81873739493,NA,D11
378,380,0.059835408681761,-98.870247493577,40.3363162528022,-94.4801589737888,44.8776814671023,0.228602796561224,0.168767387879463,2024.75894316983,2024.81877857851,NA,D11
550,551,0.21518439279734,-109.754097884319,42.0242687791865,-122.322591290711,43.6182344202158,0.228846340029862,0.0136619472325218,2024.60383772918,2024.81902212198,NA,D11
477,483,0.0694925742216341,-97.2507408246706,42.5452326120867,-97.1294486729396,41.0403011124672,0.230497584252733,0.161005010031099,2024.75118079198,2024.8206733662,NA,D11
416,417,0.0642676307290856,-118.141962621618,40.247932144185,-120.70917846808,39.224537484804,0.232198410341877,0.167930779612792,2024.75810656156,2024.82237419229,NA,D11
536,219,0.199688324696613,-108.41225694824,43.9517691485236,-118.918534650317,46.9276373988843,0.232228589638548,0.0325402649419347,2024.62271604689,2024.82240437158,A/chicken/WA/24-032192-001/2024|H5N1|USA-WA|2024-10-28|avian|D1.1,D11
551,352,0.00338224960868599,-122.322591290711,43.6182344202158,-119.874371026658,44.0943449254395,0.232228589638548,0.228846340029862,2024.81902212198,2024.82240437158,A/goose/OR/24-032167-002/2024|H5N1|USA-OR|2024-10-28|avian|D1.1,D11
551,353,0.00338224960868599,-122.322591290711,43.6182344202158,-122.364125112549,43.6875902699768,0.232228589638548,0.228846340029862,2024.81902212198,2024.82240437158,A/goose/OR/24-032167-001/2024|H5N1|USA-OR|2024-10-28|avian|D1.1,D11
582,583,0.0258618392993348,-92.7823776127269,41.8206044000739,-94.3737957119241,43.0178785267723,0.23258105166198,0.206719212362645,2024.79689499431,2024.82275683361,NA,D11
583,596,0.000839808491406857,-94.3737957119241,43.0178785267723,-94.1364311475328,42.8239587896368,0.233420860153386,0.23258105166198,2024.82275683361,2024.8235966421,NA,D11
542,543,0.0799568758667999,-104.379649837774,42.699185172203,-112.647974634887,44.39622293264,0.233526670652485,0.153569794785685,2024.74374557673,2024.8237024526,NA,D11
542,544,0.0805076836219641,-104.379649837774,42.699185172203,-99.1684474073662,41.9791776052154,0.234077478407649,0.153569794785685,2024.74374557673,2024.82425326035,NA,D11
583,584,0.00166795710904455,-94.3737957119241,43.0178785267723,-97.3220137647247,44.5538501342532,0.234249008771024,0.23258105166198,2024.82275683361,2024.82442479072,NA,D11
369,370,0.00626694204797146,-117.201730852978,54.3180464758474,-120.645993343571,55.9245555768501,0.23425335184536,0.227986409797389,2024.81816219174,2024.82442913379,NA,D11
697,698,0.0062848923912967,-122.816214079664,45.7785740000573,-122.809721864517,45.7848266565483,0.234846505374017,0.22856161298272,2024.81873739493,2024.82502228732,NA,D11
691,170,0.0556035328478398,-122.545161356349,47.3341537168305,-117.487006098586,47.8357755001616,0.234960830075674,0.179357297227834,2024.76953307917,2024.82513661202,A/Washington/255/2024|H5N1|USA-WA|2024-10-29|human|D1.1,D11
615,616,0.00945603322231897,-90.6748645148151,40.7213060977917,-88.6824773104244,37.9423238031221,0.236004101791763,0.226548068569444,2024.81672385052,2024.82617988374,NA,D11
443,446,0.0207473061105645,-149.295012354168,63.0872239733755,-145.02457531923,63.9361456658454,0.237152626790799,0.216405320680234,2024.80658110263,2024.82732840874,NA,D11
697,699,0.00892465137938098,-122.816214079664,45.7785740000573,-123.587617356073,46.3524526122478,0.237486264362101,0.22856161298272,2024.81873739493,2024.82766204631,NA,D11
417,61,0.00549466017092282,-120.70917846808,39.224537484804,-121.030771374516,38.6822969987414,0.2376930705128,0.232198410341877,2024.82237419229,2024.82786885246,A/chicken/CA/24-032296-002/2024|H5N1|USA-CA|2024-10-30|avian|D1.1,D11
417,62,0.00549466017092282,-120.70917846808,39.224537484804,-118.055862434382,37.460028885996,0.2376930705128,0.232198410341877,2024.82237419229,2024.82786885246,A/chicken/CA/24-032296-001/2024|H5N1|USA-CA|2024-10-30|avian|D1.1,D11
698,175,0.00284656513878306,-122.809721864517,45.7848266565483,-121.131974262363,45.6272527563788,0.2376930705128,0.234846505374017,2024.82502228732,2024.82786885246,A/chicken/WA/24-032191-003/2024|H5N1|USA-WA|2024-10-30|avian|D1.1,D11
698,173,0.00284656513878306,-122.809721864517,45.7848266565483,-123.479909742963,46.6034278857921,0.2376930705128,0.234846505374017,2024.82502228732,2024.82786885246,A/chicken/WA/24-032191-004/2024|H5N1|USA-WA|2024-10-30|avian|D1.1,D11
699,172,0.000206806150698791,-123.587617356073,46.3524526122478,-123.756253334334,46.3906996297367,0.2376930705128,0.237486264362101,2024.82766204631,2024.82786885246,A/chicken/WA/24-032191-001/2024|H5N1|USA-WA|2024-10-30|avian|D1.1,D11
699,174,0.000206806150698791,-123.587617356073,46.3524526122478,-122.102884684477,46.1193107889187,0.2376930705128,0.237486264362101,2024.82766204631,2024.82786885246,A/chicken/WA/24-032191-002/2024|H5N1|USA-WA|2024-10-30|avian|D1.1,D11
378,379,0.0693514376573897,-98.870247493577,40.3363162528022,-98.9960101974055,40.4473972693867,0.238118825536853,0.168767387879463,2024.75894316983,2024.82829460748,NA,D11
401,410,0.0831582833992183,-113.44920352536,45.5867755418909,-103.361976672649,42.0892303943789,0.23841669275587,0.155258409356652,2024.7454341913,2024.8285924747,NA,D11
684,703,0.180188798957172,-116.781221130236,44.4263387500424,-118.180613812385,45.9559380745057,0.239006499478309,0.0588177005211368,2024.64899348247,2024.82918228142,NA,D11
401,402,0.0839346558972954,-113.44920352536,45.5867755418909,-116.225264039503,40.6738673141682,0.239193065253947,0.155258409356652,2024.7454341913,2024.8293688472,NA,D11
369,371,0.0115920981187721,-117.201730852978,54.3180464758474,-123.786727329082,58.708092174249,0.239578507916161,0.227986409797389,2024.81816219174,2024.82975428986,NA,D11
446,447,0.00364714273667854,-145.02457531923,63.9361456658454,-142.681684223885,62.3887538193304,0.240799769527477,0.237152626790799,2024.82732840874,2024.83097555147,NA,D11
371,57,0.00357904347089172,-123.786727329082,58.708092174249,-124.032606568246,58.5728324452802,0.243157551387052,0.239578507916161,2024.82975428986,2024.83333333333,A/Chicken/BC/FAV-0284-1/2024|H5N1|Canada-BC|2024-11-01|avian|D1.1,D11
371,60,0.00357904347089172,-123.786727329082,58.708092174249,-123.042141240353,58.0713243867758,0.243157551387052,0.239578507916161,2024.82975428986,2024.83333333333,A/Chicken/BC/FAV-0284-001/2024|H5N1|Canada-BC|2024-11-01|avian|D1.1,D11
483,484,0.0129024976880781,-97.1294486729396,41.0403011124672,-96.2289162619343,40.3527434718681,0.243400081940811,0.230497584252733,2024.8206733662,2024.83357586389,NA,D11
616,640,0.00843701468518648,-88.6824773104244,37.9423238031221,-88.11086295028,37.6377403522824,0.244441116476949,0.236004101791763,2024.82617988374,2024.83461689842,NA,D11
616,617,0.00900777746396342,-88.6824773104244,37.9423238031221,-91.1558374677193,41.1551652709202,0.245011879255726,0.236004101791763,2024.82617988374,2024.8351876612,NA,D11
654,655,0.0418008886939469,-97.088519198618,40.2085088917748,-93.6783315612208,42.6749459103138,0.25001540371513,0.208214515021183,2024.79839029697,2024.84019118566,NA,D11
444,445,0.0325261437409894,-149.039113284851,62.7485512830572,-145.118538637902,67.2835516477835,0.252754172147164,0.220228028406175,2024.81040381035,2024.84292995409,NA,D11
357,358,0.192795545658476,-109.135431316861,36.4462524020708,-114.123990051431,37.8972305738778,0.253315424761858,0.0605198791033825,2024.65069566105,2024.84349120671,NA,D11
703,162,0.0150800136574757,-118.180613812385,45.9559380745057,-120.690903798194,48.0522265874825,0.254086513135784,0.239006499478309,2024.82918228142,2024.84426229508,A/chicken/WA/24-032809-002/2024|H5N1|USA-WA|2024-11-05|avian|D1.1,D11
703,163,0.0150800136574757,-118.180613812385,45.9559380745057,-118.215918328019,46.145510399996,0.254086513135784,0.239006499478309,2024.82918228142,2024.84426229508,A/chicken/WA/24-032809-001/2024|H5N1|USA-WA|2024-11-05|avian|D1.1,D11
418,422,0.0538958913779433,-113.204010422178,37.2842023762023,-89.0297338396237,33.8773607293433,0.257207103328909,0.203311211950966,2024.7934869939,2024.84738288528,NA,D11
451,452,0.0492206593140415,-109.308463541823,40.7984787289664,-107.343348511478,42.7768525500668,0.2578131109501,0.208592451636059,2024.79876823358,2024.8479888929,NA,D11
370,59,0.0252976421646767,-120.645993343571,55.9245555768501,-122.557348399799,56.0890618237144,0.259550994010037,0.23425335184536,2024.82442913379,2024.84972677596,A/Turkey/BC/FAV-0306-1/2024|H5N1|Canada-BC|2024-11-07|avian|D1.1,D11
422,423,0.00505844266612976,-89.0297338396237,33.8773607293433,-96.2404422398156,36.4491234343838,0.262265545995039,0.257207103328909,2024.84738288528,2024.85244132794,NA,D11
550,183,0.248621287214641,-109.754097884319,42.0242687791865,-144.801296785393,62.2139241735621,0.262283234447163,0.0136619472325218,2024.60383772918,2024.85245901639,A/ermine/AK/24-038843-001/2024|H5N1|USA-AK|2024-11-08|other_mammal|D1.1,D11
370,58,0.0280298826018029,-120.645993343571,55.9245555768501,-121.689537197814,53.517717155424,0.262283234447163,0.23425335184536,2024.82442913379,2024.85245901639,A/Chicken/BC/FAV-0289-002/2024|H5N1|Canada-BC|2024-11-08|avian|D1.1,D11
596,597,0.0311390629911564,-94.1364311475328,42.8239587896368,-98.3391541505582,44.8679049419175,0.264559923144543,0.233420860153386,2024.8235966421,2024.85473570509,NA,D11
584,585,0.0306511449604805,-97.3220137647247,44.5538501342532,-96.3485338964729,44.3411252203737,0.264900153731505,0.234249008771024,2024.82442479072,2024.85507593568,NA,D11
418,419,0.0616927257813757,-113.204010422178,37.2842023762023,-118.122088388364,41.677754197843,0.265003937732342,0.203311211950966,2024.7934869939,2024.85517971968,NA,D11
448,110,0.106477319037891,-118.180630057493,50.3648657423413,-123.810346791748,51.5845069985619,0.265015474884289,0.158538155846398,2024.74871393779,2024.85519125683,A/British_Columbia/PHL-2032/2024|H5N1|Canada-BC|2024-11-09|human|D1.1,D11
597,598,0.00195151308518721,-98.3391541505582,44.8679049419175,-98.1051184188557,46.0684973638983,0.26651143622973,0.264559923144543,2024.85473570509,2024.85668721818,NA,D11
477,478,0.106758750887165,-97.2507408246706,42.5452326120867,-97.0454973903325,43.2986726560425,0.267763760918264,0.161005010031099,2024.75118079198,2024.85793954286,NA,D11
640,641,0.0248696743192373,-88.11086295028,37.6377403522824,-88.1846245569737,37.6355623377257,0.269310790796187,0.244441116476949,2024.83461689842,2024.85948657274,NA,D11
478,479,0.00197344633153995,-97.0454973903325,43.2986726560425,-96.3197265238961,41.7138100452698,0.269737207249804,0.267763760918264,2024.85793954286,2024.8599129892,NA,D11
655,658,0.0217563241064584,-93.6783315612208,42.6749459103138,-92.3923176654126,40.9747945907809,0.271771727821589,0.25001540371513,2024.84019118566,2024.86194750977,NA,D11
413,121,0.084584226799263,-113.588040021947,45.0154839765595,-121.435774906654,47.1408617392459,0.273212196195895,0.188627969396632,2024.77880375134,2024.86338797814,A/goose/WA/24-033829-001-original/2024|H5N1|USA-WA|2024-11-12|avian|D1.1,D11
444,65,0.0529841677897204,-149.039113284851,62.7485512830572,-159.216011498024,60.1216599428941,0.273212196195895,0.220228028406175,2024.81040381035,2024.86338797814,A/chicken/AK/24-034057-002-original/2024|H5N1|USA-AK|2024-11-12|avian|D1.1,D11
446,66,0.0360595694050961,-145.02457531923,63.9361456658454,-143.28279390773,65.89996985972,0.273212196195895,0.237152626790799,2024.82732840874,2024.86338797814,A/chicken/AK/24-034057-003-original/2024|H5N1|USA-AK|2024-11-12|avian|D1.1,D11
447,68,0.0324124266684176,-142.681684223885,62.3887538193304,-142.143542041629,62.3157350681112,0.273212196195895,0.240799769527477,2024.83097555147,2024.86338797814,A/chicken/AK/24-034057-004-original/2024|H5N1|USA-AK|2024-11-12|avian|D1.1,D11
447,67,0.0324124266684176,-142.681684223885,62.3887538193304,-142.932260319413,63.3025244226845,0.273212196195895,0.240799769527477,2024.83097555147,2024.86338797814,A/chicken/AK/24-034057-001-original/2024|H5N1|USA-AK|2024-11-12|avian|D1.1,D11
538,539,0.211967835394006,-105.266557656016,43.1569910753558,-110.97386698974,36.6611041173792,0.27383573195732,0.0618678965633137,2024.65204367851,2024.8640115139,NA,D11
617,618,0.0290752648785448,-91.1558374677193,41.1551652709202,-94.0316622629455,41.363814182265,0.274087144134271,0.245011879255726,2024.8351876612,2024.86426292608,NA,D11
585,586,0.0102586121421709,-96.3485338964729,44.3411252203737,-97.0648973219895,41.2424479067148,0.275158765873676,0.264900153731505,2024.85507593568,2024.86533454782,NA,D11
586,590,9.66233127659422e-05,-97.0648973219895,41.2424479067148,-97.0597176813373,41.297813393404,0.275255389186442,0.275158765873676,2024.86533454782,2024.86543117113,NA,D11
618,619,0.0013021752111258,-94.0316622629455,41.363814182265,-94.1032135685362,41.111444140894,0.275389319345397,0.274087144134271,2024.86426292608,2024.86556510129,NA,D11
492,495,0.262362987026707,-106.541531021279,42.1293920338679,-120.711865445195,37.0672954243807,0.275742780666484,0.0133797936397774,2024.60355557559,2024.86591856261,NA,D11
596,599,0.0424023758695163,-94.1364311475328,42.8239587896368,-88.5009036380862,41.4079030429502,0.275823236022903,0.233420860153386,2024.8235966421,2024.86599901797,NA,D11
466,9,0.136789456800885,-100.111809428573,44.1698815016111,-97.8223306870357,45.6464996853816,0.275944436633021,0.139154979832136,2024.72933076178,2024.86612021858,A/chicken/SD/24-033963-001-original/2024|H5N1|USA-SD|2024-11-13|avian|D1.1,D11
375,17,0.114671378356927,-114.484236098266,44.5019079153302,-121.377016161061,48.108678843605,0.275944436633021,0.161273058276094,2024.75144884022,2024.86612021858,A/chicken/WA/24-034062-001-original/2024|H5N1|USA-WA|2024-11-13|avian|D1.1,D11
586,587,0.000861392466480204,-97.0648973219895,41.2424479067148,-97.0723467241681,41.2403202725941,0.276020158340156,0.275158765873676,2024.86533454782,2024.86619594029,NA,D11
539,540,0.0028334048750826,-110.97386698974,36.6611041173792,-111.631015938551,35.9954456427582,0.276669136832403,0.27383573195732,2024.8640115139,2024.86684491878,NA,D11
561,562,0.0598824453583393,-88.3066761345208,40.8344889437432,-88.2310199687159,40.017942054989,0.277539393508645,0.217656948150305,2024.8078327301,2024.86771517545,NA,D11
618,624,0.0049150170622001,-94.0316622629455,41.363814182265,-94.289497537582,41.2611957931764,0.279002161196471,0.274087144134271,2024.86426292608,2024.86917794314,NA,D11
476,487,0.124799937639057,-97.1910406474617,44.2004984211674,-103.562941499776,45.5233894434236,0.282125600508102,0.157325662869045,2024.74750144482,2024.87230138245,NA,D11
540,541,0.00549674662448502,-111.631015938551,35.9954456427582,-111.654536273759,36.0848586010514,0.282165883456888,0.276669136832403,2024.86684491878,2024.8723416654,NA,D11
380,381,0.0556505139170074,-94.4801589737888,44.8776814671023,-93.4228547855077,43.9235052830175,0.284253310478232,0.228602796561224,2024.81877857851,2024.87442909242,NA,D11
358,359,0.0319016177177903,-114.123990051431,37.8972305738778,-112.020046585828,40.2575061616394,0.285217042479649,0.253315424761858,2024.84349120671,2024.87539282443,NA,D11
544,545,0.0518511234632219,-99.1684474073662,41.9791776052154,-98.9837329528692,42.2276187341387,0.285928601870871,0.234077478407649,2024.82425326035,2024.87610438382,NA,D11
358,360,0.0354163700985608,-114.123990051431,37.8972305738778,-109.569724002113,38.895471242795,0.288731794860419,0.253315424761858,2024.84349120671,2024.87890757681,NA,D11
493,124,0.0996796582078087,-113.162685552273,38.2087018002056,-121.981208430055,39.9874567727818,0.289605638818879,0.189925980611071,2024.78010176256,2024.87978142077,A/chicken/CA/24-034655-001-original/2024|H5N1|USA-CA|2024-11-18|avian|D1.1,D11
451,71,0.0810131871828204,-109.308463541823,40.7984787289664,-109.752714067251,40.8058352493855,0.289605638818879,0.208592451636059,2024.79876823358,2024.87978142077,A/chicken/UT/24-034635-001-original/2024|H5N1|USA-UT|2024-11-18|avian|D1.1,D11
495,148,0.013862858152395,-120.711865445195,37.0672954243807,-118.542487152274,37.7550771889034,0.289605638818879,0.275742780666484,2024.86591856261,2024.87978142077,A/chicken/CA/24-034441-003-original/2024|H5N1|USA-CA|2024-11-18|avian|D1.1,D11
495,149,0.013862858152395,-120.711865445195,37.0672954243807,-120.574651062863,37.4814478822663,0.289605638818879,0.275742780666484,2024.86591856261,2024.87978142077,A/chicken/CA/24-034441-001-original/2024|H5N1|USA-CA|2024-11-18|avian|D1.1,D11
359,14,0.00438859633923061,-112.020046585828,40.2575061616394,-111.330897722802,40.5909041887616,0.289605638818879,0.285217042479649,2024.87539282443,2024.87978142077,A/Turkey/UT/24-034636-001-original/2024|H5N1|USA-UT|2024-11-18|avian|D1.1,D11
359,15,0.00438859633923061,-112.020046585828,40.2575061616394,-112.686031129609,40.3959442363133,0.289605638818879,0.285217042479649,2024.87539282443,2024.87978142077,A/Turkey/UT/24-034636-002-original/2024|H5N1|USA-UT|2024-11-18|avian|D1.1,D11
360,12,0.00087384395846013,-109.569724002113,38.895471242795,-109.542113750159,38.639434506989,0.289605638818879,0.288731794860419,2024.87890757681,2024.87978142077,A/Turkey/UT/24-034636-003-original/2024|H5N1|USA-UT|2024-11-18|avian|D1.1,D11
360,13,0.00087384395846013,-109.569724002113,38.895471242795,-109.20641807431,39.0712468666595,0.289605638818879,0.288731794860419,2024.87890757681,2024.87978142077,A/Turkey/UT/24-034636-004-original/2024|H5N1|USA-UT|2024-11-18|avian|D1.1,D11
487,488,0.00772796034239642,-103.562941499776,45.5233894434236,-103.307650039607,45.5099673651029,0.289853560850498,0.282125600508102,2024.87230138245,2024.8800293428,NA,D11
505,508,0.216957506487882,-120.087727195686,43.4194501356109,-113.437715264773,35.8458638145217,0.291092671898784,0.0741351654109015,2024.66431094736,2024.88126845384,NA,D11
453,459,0.121278921734241,-113.241227470356,41.9112833693844,-119.849361181733,37.1758807852264,0.291350014140229,0.170071092405988,2024.76024687435,2024.88152579609,NA,D11
555,670,0.154311967078508,-109.498610517132,42.2189460395427,-99.6285888147551,36.7132255918776,0.29195999341324,0.137648026334732,2024.72782380828,2024.88213577536,NA,D11
705,158,0.238598738761527,-107.635952056718,43.4397698078269,-113.091773082594,42.9979800862434,0.292337879256006,0.0537391404944782,2024.64391492244,2024.8825136612,A/tiger/Idaho/24-035868-001/2024|H5N1|USA-ID|2024-11-19|other_mammal|D1.1,D11
670,235,0.000377885842765602,-99.6285888147551,36.7132255918776,-99.4342019335945,36.7810757693137,0.292337879256006,0.29195999341324,2024.88213577536,2024.8825136612,A/chicken/OK/24-034639-002-original/2024|H5N1|USA-OK|2024-11-19|avian|D1.1,D11
670,236,0.000377885842765602,-99.6285888147551,36.7132255918776,-102.875472617118,36.9729857611093,0.292337879256006,0.29195999341324,2024.88213577536,2024.8825136612,A/chicken/OK/24-034639-001-original/2024|H5N1|USA-OK|2024-11-19|avian|D1.1,D11
514,534,0.187728574476389,-113.558516144664,42.9321362349456,-110.338627130144,41.8115631292972,0.29341628967189,0.105687715195502,2024.69586349714,2024.88359207162,NA,D11
539,229,0.0212343877358118,-110.97386698974,36.6611041173792,-110.7601490535,36.9051697581112,0.295070119693132,0.27383573195732,2024.8640115139,2024.88524590164,A/Turkey/AZ/24-034642-006-original/2024|H5N1|USA-AZ|2024-11-20|avian|D1.1,D11
540,232,0.0184009828607292,-111.631015938551,35.9954456427582,-111.150867538419,34.6011728940842,0.295070119693132,0.276669136832403,2024.86684491878,2024.88524590164,A/chicken/AZ/24-034642-003-original/2024|H5N1|USA-AZ|2024-11-20|avian|D1.1,D11
541,231,0.0129042362362441,-111.654536273759,36.0848586010514,-109.482179499845,36.64218370101,0.295070119693132,0.282165883456888,2024.8723416654,2024.88524590164,A/chicken/AZ/24-034642-004-original/2024|H5N1|USA-AZ|2024-11-20|avian|D1.1,D11
541,230,0.0129042362362441,-111.654536273759,36.0848586010514,-111.204316221828,35.7839261986566,0.295070119693132,0.282165883456888,2024.8723416654,2024.88524590164,A/Duck/AZ/24-034642-005-original/2024|H5N1|USA-AZ|2024-11-20|avian|D1.1,D11
459,463,0.00566017341698144,-119.849361181733,37.1758807852264,-119.530884920218,38.4253435436414,0.297010187557211,0.291350014140229,2024.88152579609,2024.8871859695,NA,D11
385,386,0.0864619781152,-97.0537465190957,40.4762664228036,-100.614299435041,45.1185940668194,0.297145083461977,0.210683105346777,2024.80085888729,2024.88732086541,NA,D11
380,26,0.0691995635690335,-94.4801589737888,44.8776814671023,-100.462668601226,48.6551511322115,0.297802360130258,0.228602796561224,2024.81877857851,2024.88797814208,A/chicken/ND/24-034804-001-original/2024|H5N1|USA-ND|2024-11-21|avian|D1.1,D11
445,69,0.0450481879830939,-145.118538637902,67.2835516477835,-148.045189885403,67.102189268305,0.297802360130258,0.252754172147164,2024.84292995409,2024.88797814208,A/chicken/Alaska/24-035126-002/2024|H5N1|USA-AK|2024-11-21|avian|D1.1,D11
445,70,0.0450481879830939,-145.118538637902,67.2835516477835,-145.547514104809,66.6143626831532,0.297802360130258,0.252754172147164,2024.84292995409,2024.88797814208,A/chicken/Alaska/24-035126-001/2024|H5N1|USA-AK|2024-11-21|avian|D1.1,D11
534,184,0.00438607045836742,-110.338627130144,41.8115631292972,-112.681480605155,40.9860004144944,0.297802360130258,0.29341628967189,2024.88359207162,2024.88797814208,A/chicken/Utah/24-035260-002/2024|H5N1|USA-UT|2024-11-21|avian|D1.1,D11
534,185,0.00438607045836742,-110.338627130144,41.8115631292972,-110.645856695542,40.7001199720479,0.297802360130258,0.29341628967189,2024.88359207162,2024.88797814208,A/chicken/Utah/24-035260-001/2024|H5N1|USA-UT|2024-11-21|avian|D1.1,D11
459,460,0.00724594458650396,-119.849361181733,37.1758807852264,-120.567173313239,38.3116862993103,0.298595958726733,0.291350014140229,2024.88152579609,2024.88877174067,NA,D11
460,461,0.000695816464951982,-120.567173313239,38.3116862993103,-119.977389719689,37.934883899475,0.299291775191685,0.298595958726733,2024.88877174067,2024.88946755714,NA,D11
470,471,0.288863911805574,-106.700290731871,42.852127805329,-120.496551960501,34.9834384409413,0.302216360693318,0.0133524488877442,2024.60352823083,2024.89239214264,NA,D11
488,489,0.0125826268559548,-103.307650039607,45.5099673651029,-103.550284870808,45.2412321537706,0.302436187706453,0.289853560850498,2024.8800293428,2024.89261196965,NA,D11
590,591,0.0285780132621083,-97.0597176813373,41.297813393404,-94.8012028441526,39.0773552713334,0.30383340244855,0.275255389186442,2024.86543117113,2024.89400918439,NA,D11
478,482,0.0377208835377536,-97.0454973903325,43.2986726560425,-86.352567028207,38.0648855351981,0.305484644456018,0.267763760918264,2024.85793954286,2024.8956604264,NA,D11
387,388,0.132908693277969,-116.710115834113,46.580702645502,-99.8209226400156,36.062794795358,0.30558386456811,0.17267517129014,2024.76285095324,2024.89575964651,NA,D11
487,138,0.0238734809337617,-103.562941499776,45.5233894434236,-103.357992917581,45.2663532167102,0.305999081441864,0.282125600508102,2024.87230138245,2024.89617486339,A/turkey/South_Dakota/24-035157-002/2024|H5N1|USA-SD|2024-11-24|avian|D1.1,D11
488,139,0.0161455205913653,-103.307650039607,45.5099673651029,-103.57574374807,45.0642048293456,0.305999081441864,0.289853560850498,2024.8800293428,2024.89617486339,A/turkey/South_Dakota/24-035157-001/2024|H5N1|USA-SD|2024-11-24|avian|D1.1,D11
489,136,0.00356289373541052,-103.550284870808,45.2412321537706,-103.005195488187,45.1391140833606,0.305999081441864,0.302436187706453,2024.89261196965,2024.89617486339,A/turkey/South_Dakota/24-035157-003/2024|H5N1|USA-SD|2024-11-24|avian|D1.1,D11
489,137,0.00356289373541052,-103.550284870808,45.2412321537706,-103.362662341604,45.0648940125549,0.305999081441864,0.302436187706453,2024.89261196965,2024.89617486339,A/turkey/South_Dakota/24-035157-004/2024|H5N1|USA-SD|2024-11-24|avian|D1.1,D11
496,497,0.26446399121988,-121.354602346544,32.6234791123532,-119.279737972096,35.4331151453235,0.30642808157333,0.0419640903534498,2024.6321398723,2024.89660386352,NA,D11
413,414,0.118096984456708,-113.588040021947,45.0154839765595,-88.7416724516983,36.1275042373734,0.30672495385334,0.188627969396632,2024.77880375134,2024.8969007358,NA,D11
545,546,0.0213015567444007,-98.9837329528692,42.2276187341387,-99.6539639386394,43.7905262711748,0.307230158615272,0.285928601870871,2024.87610438382,2024.89740594056,NA,D11
419,420,0.0424314888036544,-118.122088388364,41.677754197843,-119.414520444799,41.5737307023606,0.307435426535996,0.265003937732342,2024.85517971968,2024.89761120848,NA,D11
381,383,0.0240753451280558,-93.4228547855077,43.9235052830175,-94.0768017439576,44.9206035126973,0.308328655606288,0.284253310478232,2024.87442909242,2024.89850443755,NA,D11
410,411,0.0699626673738619,-103.361976672649,42.0892303943789,-98.801629176604,40.4558827584013,0.308379360129732,0.23841669275587,2024.8285924747,2024.89855514208,NA,D11
598,330,0.0422198856492598,-98.1051184188557,46.0684973638983,-98.0844728640449,46.737480631024,0.30873132187899,0.26651143622973,2024.85668721818,2024.89890710383,A/turkey/North_Dakota/24-035295-001/2024|H5N1|USA-ND|2024-11-25|avian|D1.1,D11
545,224,0.0228027200081189,-98.9837329528692,42.2276187341387,-97.7253371089277,43.8818330900198,0.30873132187899,0.285928601870871,2024.87610438382,2024.89890710383,A/turkey/South_Dakota/24-035288-001/2024|H5N1|USA-SD|2024-11-25|avian|D1.1,D11
463,79,0.0117211343217792,-119.530884920218,38.4253435436414,-117.672142505393,36.4130290742913,0.30873132187899,0.297010187557211,2024.8871859695,2024.89890710383,A/duck/California/24-035869-001-R/2024|H5N1|USA-CA|2024-11-25|avian|D1.1,D11
461,84,0.00943954668730473,-119.977389719689,37.934883899475,-118.773392953664,37.7790621490878,0.30873132187899,0.299291775191685,2024.88946755714,2024.89890710383,A/duck/California/24-035869-002-R2/2024|H5N1|USA-CA|2024-11-25|avian|D1.1,D11
546,222,0.00150116326371819,-99.6539639386394,43.7905262711748,-99.7174671689702,43.8196223443837,0.30873132187899,0.307230158615272,2024.89740594056,2024.89890710383,A/turkey/South_Dakota/24-035288-003/2024|H5N1|USA-SD|2024-11-25|avian|D1.1,D11
546,223,0.00150116326371819,-99.6539639386394,43.7905262711748,-99.2198295070526,43.8709795046509,0.30873132187899,0.307230158615272,2024.89740594056,2024.89890710383,A/turkey/South_Dakota/24-035288-002/2024|H5N1|USA-SD|2024-11-25|avian|D1.1,D11
414,415,0.00249682068001655,-88.7416724516983,36.1275042373734,-88.790516156203,36.3831267123438,0.309221774533357,0.30672495385334,2024.8969007358,2024.89939755648,NA,D11
460,462,0.0115651148745468,-120.567173313239,38.3116862993103,-121.198681322237,39.0616091107343,0.31016107360128,0.298595958726733,2024.88877174067,2024.90033685555,NA,D11
496,500,0.268198310739053,-121.354602346544,32.6234791123532,-119.227276158436,37.3153621011535,0.310162401092503,0.0419640903534498,2024.6321398723,2024.90033818304,NA,D11
497,498,0.00443480228931409,-119.279737972096,35.4331151453235,-119.296493382528,35.4481063160951,0.310862883862644,0.30642808157333,2024.89660386352,2024.90103866581,NA,D11
658,659,0.0392086017534668,-92.3923176654126,40.9747945907809,-94.7240061366621,43.0360146835542,0.310980329575055,0.271771727821589,2024.86194750977,2024.90115611152,NA,D11
432,96,0.165553641095488,-115.546843891439,47.2214334088602,-122.659379047564,44.1754437614223,0.311463562316116,0.145909921220628,2024.73608570317,2024.90163934426,A/duck/Oregon/24-037944-001/2024|H5N1|USA-OR|2024-11-26|avian|D1.1,D11
414,119,0.00473860846277563,-88.7416724516983,36.1275042373734,-87.5342194106404,35.8818897553147,0.311463562316116,0.30672495385334,2024.8969007358,2024.90163934426,A/chicken/Tennessee/24-035519-004/2024|H5N1|USA-TN|2024-11-26|avian|D1.1,D11
415,120,0.00224178778275907,-88.790516156203,36.3831267123438,-88.7493836829636,36.0347983394055,0.311463562316116,0.309221774533357,2024.89939755648,2024.90163934426,A/chicken/Tennessee/24-035519-003/2024|H5N1|USA-TN|2024-11-26|avian|D1.1,D11
415,118,0.00224178778275907,-88.790516156203,36.3831267123438,-83.0610073335951,35.9810982794409,0.311463562316116,0.309221774533357,2024.89939755648,2024.90163934426,A/chicken/Tennessee/24-035519-005/2024|H5N1|USA-TN|2024-11-26|avian|D1.1,D11
500,502,0.00200859156834599,-119.227276158436,37.3153621011535,-118.913025606337,37.6303698742256,0.312170992660849,0.310162401092503,2024.90033818304,2024.90234677461,NA,D11
388,394,0.00663632381545953,-99.8209226400156,36.062794795358,-99.2108455702534,34.6218368146348,0.312220188383569,0.30558386456811,2024.89575964651,2024.90239597033,NA,D11
581,645,0.112945930790617,-97.0315940408164,41.1536067372547,-98.5982463052635,41.7476594241464,0.312241641737782,0.199295710947164,2024.78947149289,2024.90241742368,NA,D11
463,464,0.0157012599104325,-119.530884920218,38.4253435436414,-121.87325424311,38.6748634979362,0.312711447467643,0.297010187557211,2024.8871859695,2024.90288722941,NA,D11
498,499,0.00192061095798396,-119.296493382528,35.4481063160951,-119.626647585697,34.9993001713246,0.312783494820628,0.310862883862644,2024.90103866581,2024.90295927677,NA,D11
471,472,0.0106969452693393,-120.496551960501,34.9834384409413,-122.023102912643,37.0376996194334,0.312913305962658,0.302216360693318,2024.89239214264,2024.90308908791,NA,D11
427,117,0.1547026288535,-114.964153201848,44.7754863352089,-110.955985481982,37.8180135946206,0.314195802753242,0.159493173899742,2024.74966895585,2024.9043715847,A/duck/Utah/24-035686-002/2024|H5N1|USA-UT|2024-11-27|avian|D1.1,D11
497,150,0.00776772117991248,-119.279737972096,35.4331151453235,-121.357325074405,37.1558249398212,0.314195802753242,0.30642808157333,2024.89660386352,2024.9043715847,A/duck/California/24-035911-001-R2/2024|H5N1|USA-CA|2024-11-27|avian|D1.1,D11
498,152,0.00333291889059839,-119.296493382528,35.4481063160951,-119.349887402551,35.4818757451617,0.314195802753242,0.310862883862644,2024.90103866581,2024.9043715847,A/duck/California/24-035912-001-R2/2024|H5N1|USA-CA|2024-11-27|avian|D1.1,D11
499,153,0.00141230793261443,-119.626647585697,34.9993001713246,-119.957510660707,34.7839238101992,0.314195802753242,0.312783494820628,2024.90295927677,2024.9043715847,A/duck/California/24-035912-003-R2/2024|H5N1|USA-CA|2024-11-27|avian|D1.1,D11
499,151,0.00141230793261443,-119.626647585697,34.9993001713246,-119.916758704036,35.1446933133596,0.314195802753242,0.312783494820628,2024.90295927677,2024.9043715847,A/duck/California/24-035912-002-R2/2024|H5N1|USA-CA|2024-11-27|avian|D1.1,D11
645,646,0.0021016918645001,-98.5982463052635,41.7476594241464,-99.0843243592178,41.4661431197797,0.314343333602282,0.312241641737782,2024.90241742368,2024.90451911555,NA,D11
500,501,0.00478026552110389,-119.227276158436,37.3153621011535,-118.350366820305,36.529878422956,0.314942666613607,0.310162401092503,2024.90033818304,2024.90511844856,NA,D11
464,465,0.00268386195763276,-121.87325424311,38.6748634979362,-121.511742433671,39.0526794078827,0.315395309425276,0.312711447467643,2024.90288722941,2024.90557109137,NA,D11
461,83,0.0176362679986832,-119.977389719689,37.934883899475,-119.401616380976,37.3464475556562,0.316928043190368,0.299291775191685,2024.88946755714,2024.90710382514,A/duck/California/24-035915-004-R2/2024|H5N1|USA-CA|2024-11-28|avian|D1.1,D11
462,86,0.0067669695890884,-121.198681322237,39.0616091107343,-122.901406636754,40.2726775833838,0.316928043190368,0.31016107360128,2024.90033685555,2024.90710382514,A/duck/California/24-035915-005-R2/2024|H5N1|USA-CA|2024-11-28|avian|D1.1,D11
462,85,0.0067669695890884,-121.198681322237,39.0616091107343,-120.83263557162,38.8907622561839,0.316928043190368,0.31016107360128,2024.90033685555,2024.90710382514,A/duck/California/24-035915-006-R2/2024|H5N1|USA-CA|2024-11-28|avian|D1.1,D11
464,82,0.00421659572272526,-121.87325424311,38.6748634979362,-122.746436478442,39.257059772703,0.316928043190368,0.312711447467643,2024.90288722941,2024.90710382514,A/duck/California/24-035915-001-R2/2024|H5N1|USA-CA|2024-11-28|avian|D1.1,D11
465,81,0.0015327337650925,-121.511742433671,39.0526794078827,-122.606881965748,39.512065710591,0.316928043190368,0.315395309425276,2024.90557109137,2024.90710382514,A/duck/California/24-035915-003-R2/2024|H5N1|USA-CA|2024-11-28|avian|D1.1,D11
465,80,0.0015327337650925,-121.511742433671,39.0526794078827,-119.853009703708,37.0399136814969,0.316928043190368,0.315395309425276,2024.90557109137,2024.90710382514,A/duck/California/24-035915-002-R2/2024|H5N1|USA-CA|2024-11-28|avian|D1.1,D11
388,389,0.0114235200108653,-99.8209226400156,36.062794795358,-100.203149337072,36.2800761251,0.317007384578975,0.30558386456811,2024.89575964651,2024.90718316653,NA,D11
591,592,0.0143635062747743,-94.8012028441526,39.0773552713334,-93.6911419393041,41.1175857886827,0.318196908723324,0.30383340244855,2024.89400918439,2024.90837269067,NA,D11
675,678,0.221818941124735,-101.541549922139,35.5937078532626,-93.2931099564907,30.5464582774997,0.318245574370959,0.0964266332462236,2024.68660241519,2024.90842135632,NA,D11
599,600,0.0429473333587562,-88.5009036380862,41.4079030429502,-94.3856494797937,43.1709283928316,0.318770569381659,0.275823236022903,2024.86599901797,2024.90894635133,NA,D11
590,593,0.0436342500516302,-97.0597176813373,41.297813393404,-96.992062171922,42.9395504118749,0.318889639238072,0.275255389186442,2024.86543117113,2024.90906542118,NA,D11
394,395,0.00727390461861299,-99.2108455702534,34.6218368146348,-99.0583747198008,34.532159202724,0.319494093002182,0.312220188383569,2024.90239597033,2024.90966987495,NA,D11
484,486,0.0761275865404039,-96.2289162619343,40.3527434718681,-102.102114974777,45.7500729585306,0.319527668481215,0.243400081940811,2024.83357586389,2024.90970345043,NA,D11
600,611,0.000792076196641678,-94.3856494797937,43.1709283928316,-94.1125428218597,43.2165041497973,0.319562645578301,0.318770569381659,2024.90894635133,2024.90973842752,NA,D11
502,155,0.00748929096664541,-118.913025606337,37.6303698742256,-119.203152877278,36.1253761195026,0.319660283627495,0.312170992660849,2024.90234677461,2024.90983606557,A/duck/California/24-035913-001-R2/2024|H5N1|USA-CA|2024-11-29|avian|D1.1,D11
502,154,0.00748929096664541,-118.913025606337,37.6303698742256,-118.616543580303,37.7710462942709,0.319660283627495,0.312170992660849,2024.90234677461,2024.90983606557,A/duck/California/24-035913-009-R2/2024|H5N1|USA-CA|2024-11-29|avian|D1.1,D11
394,32,0.00744009524392553,-99.2108455702534,34.6218368146348,-99.7481390976903,36.5084096501551,0.319660283627495,0.312220188383569,2024.90239597033,2024.90983606557,A/chicken/Oklahoma/24-035675-003/2024|H5N1|USA-OK|2024-11-29|avian|D1.1,D11
501,157,0.00471761701388751,-118.350366820305,36.529878422956,-120.753754131421,36.7868773532413,0.319660283627495,0.314942666613607,2024.90511844856,2024.90983606557,A/duck/California/24-035913-007-R2/2024|H5N1|USA-CA|2024-11-29|avian|D1.1,D11
501,156,0.00471761701388751,-118.350366820305,36.529878422956,-117.750514773046,37.2443727689442,0.319660283627495,0.314942666613607,2024.90511844856,2024.90983606557,A/duck/California/24-035913-008-R2/2024|H5N1|USA-CA|2024-11-29|avian|D1.1,D11
395,30,0.000166190625312479,-99.0583747198008,34.532159202724,-98.829562208257,34.3375976643827,0.319660283627494,0.319494093002182,2024.90966987495,2024.90983606557,A/chicken/Oklahoma/24-035675-002/2024|H5N1|USA-OK|2024-11-29|avian|D1.1,D11
395,31,0.000166190625312479,-99.0583747198008,34.532159202724,-99.0151382014752,34.5082409917464,0.319660283627494,0.319494093002182,2024.90966987495,2024.90983606557,A/chicken/Oklahoma/24-035675-001/2024|H5N1|USA-OK|2024-11-29|avian|D1.1,D11
429,430,0.102232790001171,-104.123083172357,45.5025492123076,-101.367808294997,44.766493997413,0.320025978221927,0.217793188220756,2024.80796897017,2024.91020176017,NA,D11
646,647,0.00592944479655078,-99.0843243592178,41.4661431197797,-97.597905776805,40.6562323755474,0.320272778398833,0.314343333602282,2024.90451911555,2024.91044856035,NA,D11
423,424,0.0585503763848233,-96.2404422398156,36.4491234343838,-95.6285882707566,38.9164268386531,0.320815922379862,0.262265545995039,2024.85244132794,2024.91099170433,NA,D11
474,475,0.194969113436599,-98.4540333366133,42.9356709824587,-96.7023654942802,43.7415026967152,0.324173890727682,0.129204777291083,2024.71938055924,2024.91434967267,NA,D11
386,19,0.0279796810399977,-100.614299435041,45.1185940668194,-100.822899324557,45.0358348580327,0.325124764501974,0.297145083461977,2024.88732086541,2024.91530054645,A/turkey/South_Dakota/24-035690-002/2024|H5N1|USA-SD|2024-12-01|avian|D1.1,D11
386,20,0.0279796810399977,-100.614299435041,45.1185940668194,-98.6691771187992,45.1277035129517,0.325124764501974,0.297145083461977,2024.88732086541,2024.91530054645,A/turkey/South_Dakota/24-035690-001/2024|H5N1|USA-SD|2024-12-01|avian|D1.1,D11
486,144,0.00559709602075936,-102.102114974777,45.7500729585306,-103.15451348098,45.3321438353073,0.325124764501974,0.319527668481215,2024.90970345043,2024.91530054645,A/turkey/South_Dakota/24-035687-002/2024|H5N1|USA-SD|2024-12-01|avian|D1.1,D11
486,145,0.00559709602075936,-102.102114974777,45.7500729585306,-97.9876631162838,44.4669877753428,0.325124764501974,0.319527668481215,2024.90970345043,2024.91530054645,A/turkey/South_Dakota/24-035687-001/2024|H5N1|USA-SD|2024-12-01|avian|D1.1,D11
561,567,0.107946858162374,-88.3066761345208,40.8344889437432,-85.2163882998797,42.2073583487448,0.325603806312679,0.217656948150305,2024.8078327301,2024.91577958826,NA,D11
567,568,0.000617957860193585,-85.2163882998797,42.2073583487448,-85.150470464236,42.1533901513233,0.326221764172873,0.325603806312679,2024.91577958826,2024.91639754612,NA,D11
647,648,0.00616725423278364,-97.597905776805,40.6562323755474,-97.2199449374361,40.7464306714365,0.326440032631616,0.320272778398833,2024.91044856035,2024.91661581458,NA,D11
493,494,0.137304656343131,-113.162685552273,38.2087018002056,-123.568885436623,42.6054708952006,0.327230636954202,0.189925980611071,2024.78010176256,2024.9174064189,NA,D11
557,333,0.156076428366101,-101.721197705252,43.1342892638138,-103.100759597845,45.46844193975,0.3278570049391,0.171780576573,2024.76195635852,2024.91803278689,A/turkey/South_Dakota/24-035932-001/2024|H5N1|USA-SD|2024-12-02|avian|D1.1,D11
424,108,0.00704108255923797,-95.6285882707566,38.9164268386531,-95.7302976623669,39.0338470039696,0.3278570049391,0.320815922379862,2024.91099170433,2024.91803278689,A/chicken/Kansas/24-035703-002/2024|H5N1|USA-KS|2024-12-02|avian|D1.1,D11
424,109,0.00704108255923797,-95.6285882707566,38.9164268386531,-95.5184680275074,38.8898559620503,0.3278570049391,0.320815922379862,2024.91099170433,2024.91803278689,A/chicken/Kansas/24-035703-001/2024|H5N1|USA-KS|2024-12-02|avian|D1.1,D11
678,679,0.00983816541883015,-93.2931099564907,30.5464582774997,-93.8336120094902,32.1981399333613,0.328083739789789,0.318245574370959,2024.90842135632,2024.91825952174,NA,D11
389,390,0.0134251485008428,-100.203149337072,36.2800761251,-97.196867318014,35.0418233749595,0.330432533079818,0.317007384578975,2024.90718316653,2024.92060831503,NA,D11
646,651,0.0162018030213567,-99.0843243592178,41.4661431197797,-98.3494819974984,42.1803123806338,0.330545136623638,0.314343333602282,2024.90451911555,2024.92072091857,NA,D11
471,125,0.0283728846829083,-120.496551960501,34.9834384409413,-116.606483505804,35.7224388561204,0.330589245376227,0.302216360693318,2024.89239214264,2024.92076502732,A/Chicken/CA/24-038654-003/2024|H5N1|USA-CA|2024-12-03|avian|D1.1,D11
472,127,0.0176759394135689,-122.023102912643,37.0376996194334,-122.790829159788,38.7631981236085,0.330589245376227,0.312913305962658,2024.90308908791,2024.92076502732,A/Chicken/CA/24-038654-001/2024|H5N1|USA-CA|2024-12-03|avian|D1.1,D11
472,126,0.0176759394135689,-122.023102912643,37.0376996194334,-120.87488627044,36.2784046365665,0.330589245376227,0.312913305962658,2024.90308908791,2024.92076502732,A/Chicken/CA/24-038654-002/2024|H5N1|USA-CA|2024-12-03|avian|D1.1,D11
508,510,0.0410236645498436,-113.437715264773,35.8458638145217,-112.223105976186,35.3708483772728,0.332116336448627,0.291092671898784,2024.88126845384,2024.92229211839,NA,D11
675,676,0.236506459473225,-101.541549922139,35.5937078532626,-100.236837097074,45.5905850388547,0.332933092719449,0.0964266332462236,2024.68660241519,2024.92310887467,NA,D11
508,509,0.0421805044118456,-113.437715264773,35.8458638145217,-111.736830788507,34.5504328147489,0.333273176310629,0.291092671898784,2024.88126845384,2024.92344895826,NA,D11
693,182,0.219565178744236,-119.974003671808,48.6767538118063,-104.394775009176,38.7009711889016,0.333321485813353,0.113756307069117,2024.70393208902,2024.92349726776,A/chicken/Colorado/24-036613-001/2024|H5N1|USA-CO|2024-12-04|avian|D1.1,D11
647,325,0.0130487074145202,-97.597905776805,40.6562323755474,-98.1005338780635,41.0234009510647,0.333321485813353,0.320272778398833,2024.91044856035,2024.92349726776,A/turkey/Nebraska/24-036225-001-R/2024|H5N1|USA-NE|2024-12-04|avian|D1.1,D11
648,320,0.00688145318173661,-97.2199449374361,40.7464306714365,-97.557872537379,40.710487205359,0.333321485813353,0.326440032631616,2024.91661581458,2024.92349726776,A/turkey/Nebraska/24-036225-002-R2/2024|H5N1|USA-NE|2024-12-04|avian|D1.1,D11
587,589,0.0582143436749278,-97.0723467241681,41.2403202725941,-99.7746169134794,43.3213193864017,0.334234502015084,0.276020158340156,2024.86619594029,2024.92441028396,NA,D11
600,601,0.0155896824305204,-94.3856494797937,43.1709283928316,-92.6966410789267,41.2645026877369,0.334360251812179,0.318770569381659,2024.90894635133,2024.92453603376,NA,D11
648,649,0.00802703738828525,-97.2199449374361,40.7464306714365,-97.7029278312622,39.8137851417663,0.334467070019901,0.326440032631616,2024.91661581458,2024.92464285197,NA,D11
390,391,0.00446060006736559,-97.196867318014,35.0418233749595,-97.4206689102786,34.785695320493,0.334893133147183,0.330432533079818,2024.92060831503,2024.92506891509,NA,D11
432,433,0.189318098873071,-115.546843891439,47.2214334088602,-98.9450397557797,38.1413619524589,0.335228020093699,0.145909921220628,2024.73608570317,2024.92540380204,NA,D11
385,18,0.125370620903702,-97.0537465190957,40.4762664228036,-90.5105596053949,34.6867398636478,0.336053726250479,0.210683105346777,2024.80085888729,2024.9262295082,A/chicken/Arkansas/24-036333-001/2024|H5N1|USA-AR|2024-12-05|avian|D1.1,D11
430,115,0.0160277480285522,-101.367808294997,44.766493997413,-100.082520661576,44.2403666026289,0.336053726250479,0.320025978221927,2024.91020176017,2024.9262295082,A/turkey/South_Dakota/24-036334-001/2024|H5N1|USA-SD|2024-12-05|avian|D1.1,D11
430,116,0.0160277480285522,-101.367808294997,44.766493997413,-100.477062905481,44.4555143447196,0.336053726250479,0.320025978221927,2024.91020176017,2024.9262295082,A/turkey/South_Dakota/24-036334-002/2024|H5N1|USA-SD|2024-12-05|avian|D1.1,D11
510,4,0.00393738980185182,-112.223105976186,35.3708483772728,-111.972909158572,35.1453190684897,0.336053726250479,0.332116336448627,2024.92229211839,2024.9262295082,A/swan/Arizona/24-036510-002/2024|H5N1|USA-AZ|2024-12-05|avian|D1.1,D11
510,5,0.00393738980185182,-112.223105976186,35.3708483772728,-112.466959344356,35.0824654874197,0.336053726250479,0.332116336448627,2024.92229211839,2024.9262295082,A/swan/Arizona/24-036510-003/2024|H5N1|USA-AZ|2024-12-05|avian|D1.1,D11
509,2,0.00278054993984977,-111.736830788507,34.5504328147489,-113.158338595011,34.8842062936971,0.336053726250479,0.333273176310629,2024.92344895826,2024.9262295082,A/mountain_lion/Arizona/24-036741-001/2024|H5N1|USA-AZ|2024-12-05|other_mammal|D1.1,D11
509,3,0.00278054993984977,-111.736830788507,34.5504328147489,-111.736608732282,34.599948317717,0.336053726250479,0.333273176310629,2024.92344895826,2024.9262295082,A/mountain_lion/Arizona/24-036741-002/2024|H5N1|USA-AZ|2024-12-05|other_mammal|D1.1,D11
589,289,0.00181922423539532,-99.7746169134794,43.3213193864017,-99.7173462542709,43.397859017198,0.336053726250479,0.334234502015084,2024.92441028396,2024.9262295082,A/turkey/South_Dakota/24-036337-002/2024|H5N1|USA-SD|2024-12-05|avian|D1.1,D11
589,290,0.00181922423539532,-99.7746169134794,43.3213193864017,-99.624200148712,43.1474867767012,0.336053726250479,0.334234502015084,2024.92441028396,2024.9262295082,A/turkey/South_Dakota/24-036337-001/2024|H5N1|USA-SD|2024-12-05|avian|D1.1,D11
676,677,0.00368458951827833,-100.236837097074,45.5905850388547,-99.6436577565323,45.083999974978,0.336617682237727,0.332933092719449,2024.92310887467,2024.92679346418,NA,D11
649,650,0.00294827092065403,-97.7029278312622,39.8137851417663,-97.2157869615983,40.5673752729948,0.337415340940555,0.334467070019901,2024.92464285197,2024.92759112289,NA,D11
679,680,0.0093417010054378,-93.8336120094902,32.1981399333613,-93.451050927685,32.9440690475421,0.337425440795227,0.328083739789789,2024.91825952174,2024.92760122274,NA,D11
578,580,0.121587326436161,-96.6258336941765,43.0739755508933,-93.8181591163539,38.7870537897166,0.338099954434736,0.216512627998575,2024.80668840994,2024.92827573638,NA,D11
680,681,0.000812196999841974,-93.451050927685,32.9440690475421,-93.3944288368229,33.1150513783006,0.338237637795069,0.337425440795227,2024.92760122274,2024.92841341974,NA,D11
504,8,0.32694240450377,-109.642261019294,41.4101355966513,-113.593355679477,42.9531918857693,0.338785966687605,0.0118435621838349,2024.60201934413,2024.92896174863,A/chicken/Idaho/24-036523-001-R2/2024|H5N1|USA-ID|2024-12-06|avian|D1.1,D11
538,218,0.276918070124291,-105.266557656016,43.1569910753558,-117.021153765493,48.4808749187491,0.338785966687605,0.0618678965633137,2024.65204367851,2024.92896174863,A/chicken/Idaho/24-036514-001-R2/2024|H5N1|USA-ID|2024-12-06|avian|D1.1,D11
491,140,0.175828745072073,-100.596310560501,41.8880489046225,-102.758127355386,43.4200180842616,0.338785966687605,0.162957221615532,2024.75313300356,2024.92896174863,A/turkey/South_Dakota/24-036597-001/2024|H5N1|USA-SD|2024-12-06|avian|D1.1,D11
593,294,0.0198963274495333,-96.992062171922,42.9395504118749,-97.0441505227444,43.2583241770162,0.338785966687605,0.318889639238072,2024.90906542118,2024.92896174863,A/turkey/South_Dakota/24-036599-002/2024|H5N1|USA-SD|2024-12-06|avian|D1.1,D11
593,295,0.0198963274495333,-96.992062171922,42.9395504118749,-97.8292598838718,43.0052707206531,0.338785966687605,0.318889639238072,2024.90906542118,2024.92896174863,A/turkey/South_Dakota/24-036599-001/2024|H5N1|USA-SD|2024-12-06|avian|D1.1,D11
475,134,0.0146120759599233,-96.7023654942802,43.7415026967152,-97.8735388156163,43.7856171620073,0.338785966687605,0.324173890727682,2024.91434967267,2024.92896174863,A/turkey/South_Dakota/24-036595-001/2024|H5N1|USA-SD|2024-12-06|avian|D1.1,D11
475,135,0.0146120759599233,-96.7023654942802,43.7415026967152,-96.9294602864672,43.9051562234476,0.338785966687605,0.324173890727682,2024.91434967267,2024.92896174863,A/turkey/South_Dakota/24-036595-002/2024|H5N1|USA-SD|2024-12-06|avian|D1.1,D11
676,216,0.00585287396815626,-100.236837097074,45.5905850388547,-100.741969651925,45.8060235256387,0.338785966687605,0.332933092719449,2024.92310887467,2024.92896174863,A/turkey/South_Dakota/24-036598-001/2024|H5N1|USA-SD|2024-12-06|avian|D1.1,D11
677,215,0.00216828444987799,-99.6436577565323,45.083999974978,-100.340311206357,45.4419118797257,0.338785966687605,0.336617682237727,2024.92679346418,2024.92896174863,A/turkey/South_Dakota/24-036598-003/2024|H5N1|USA-SD|2024-12-06|avian|D1.1,D11
677,217,0.00216828444987799,-99.6436577565323,45.083999974978,-99.2034826738717,43.6318837156084,0.338785966687605,0.336617682237727,2024.92679346418,2024.92896174863,A/turkey/South_Dakota/24-036598-002/2024|H5N1|USA-SD|2024-12-06|avian|D1.1,D11
411,412,0.0324257487111704,-98.801629176604,40.4558827584013,-93.5442980801214,34.3185734598684,0.340805108840902,0.308379360129732,2024.89855514208,2024.93098089079,NA,D11
651,652,0.0108854518689862,-98.3494819974984,42.1803123806338,-98.0627472889835,42.2108105226427,0.341430588492625,0.330545136623638,2024.92072091857,2024.93160637044,NA,D11
479,133,0.0717809998749273,-96.3197265238961,41.7138100452698,-96.8119508810028,39.6371160606696,0.341518207124731,0.269737207249804,2024.8599129892,2024.93169398907,A/turkey/Kansas/24-036528-001/2024|H5N1|USA-KS|2024-12-07|avian|D1.1,D11
580,328,0.00341825268999518,-93.8181591163539,38.7870537897166,-93.8978419726404,38.8647414568601,0.341518207124731,0.338099954434736,2024.92827573638,2024.93169398907,A/chicken/Missouri/24-036609-001/2024|H5N1|USA-MO|2024-12-07|avian|D1.1,D11
580,329,0.00341825268999518,-93.8181591163539,38.7870537897166,-93.6239154686354,38.7078645767477,0.341518207124731,0.338099954434736,2024.92827573638,2024.93169398907,A/chicken/Missouri/24-036609-002/2024|H5N1|USA-MO|2024-12-07|avian|D1.1,D11
611,612,0.0219759537966882,-94.1125428218597,43.2165041497973,-91.8312647384293,44.7401211522485,0.341538599374989,0.319562645578301,2024.90973842752,2024.93171438132,NA,D11
544,547,0.107990959162701,-99.1684474073662,41.9791776052154,-69.4725084360635,40.630301638567,0.34206843757035,0.234077478407649,2024.82425326035,2024.93224421952,NA,D11
612,613,0.000911139956101092,-91.8312647384293,44.7401211522485,-91.6430951856331,44.7178548898466,0.34244973933109,0.341538599374989,2024.93171438132,2024.93262552128,NA,D11
645,321,0.0320088058243032,-98.5982463052635,41.7476594241464,-98.3821257064957,41.341509284027,0.344250447562085,0.312241641737782,2024.90241742368,2024.93442622951,A/turkey/Nebraska/24-036590-007/2024|H5N1|USA-NE|2024-12-08|avian|D1.1,D11
611,283,0.0246878019837842,-94.1125428218597,43.2165041497973,-93.8919079861781,43.3071591683206,0.344250447562085,0.319562645578301,2024.90973842752,2024.93442622951,A/chicken/Iowa/24-036502-002/2024|H5N1|USA-IA|2024-12-08|avian|D1.1,D11
390,33,0.0138179144822672,-97.196867318014,35.0418233749595,-97.7919619157365,34.7351161577351,0.344250447562085,0.330432533079818,2024.92060831503,2024.93442622951,A/chicken/Oklahoma/24-036668-002/2024|H5N1|USA-OK|2024-12-08|avian|D1.1,D11
651,322,0.0137053109384464,-98.3494819974984,42.1803123806338,-97.5447988295547,42.064101873968,0.344250447562085,0.330545136623638,2024.92072091857,2024.93442622951,A/turkey/Nebraska/24-036590-004/2024|H5N1|USA-NE|2024-12-08|avian|D1.1,D11
601,282,0.00989019574990546,-92.6966410789267,41.2645026877369,-92.6618775764002,41.229913740624,0.344250447562085,0.334360251812179,2024.92453603376,2024.93442622951,A/chicken/Iowa/24-036502-001/2024|H5N1|USA-IA|2024-12-08|avian|D1.1,D11
649,319,0.00978337754218339,-97.7029278312622,39.8137851417663,-101.364496554451,40.9877069699852,0.344250447562085,0.334467070019901,2024.92464285197,2024.93442622951,A/turkey/Nebraska/24-036590-005/2024|H5N1|USA-NE|2024-12-08|avian|D1.1,D11
391,35,0.00935731441490156,-97.4206689102786,34.785695320493,-97.7840746763412,34.5582131515005,0.344250447562085,0.334893133147183,2024.92506891509,2024.93442622951,A/chicken/Oklahoma/24-036668-003/2024|H5N1|USA-OK|2024-12-08|avian|D1.1,D11
391,34,0.00935731441490156,-97.4206689102786,34.785695320493,-99.3431036532495,35.2502644506964,0.344250447562085,0.334893133147183,2024.92506891509,2024.93442622951,A/chicken/Oklahoma/24-036668-001/2024|H5N1|USA-OK|2024-12-08|avian|D1.1,D11
650,318,0.00683510662152936,-97.2157869615983,40.5673752729948,-97.1659817675199,40.7016116826338,0.344250447562085,0.337415340940555,2024.92759112289,2024.93442622951,A/turkey/Nebraska/24-036590-006/2024|H5N1|USA-NE|2024-12-08|avian|D1.1,D11
650,317,0.00683510662152936,-97.2157869615983,40.5673752729948,-98.9015286013839,41.8730211316941,0.344250447562085,0.337415340940555,2024.92759112289,2024.93442622951,A/turkey/Nebraska/24-036590-008/2024|H5N1|USA-NE|2024-12-08|avian|D1.1,D11
652,323,0.00281985906946025,-98.0627472889835,42.2108105226427,-97.531649871673,40.6080115834541,0.344250447562085,0.341430588492625,2024.93160637044,2024.93442622951,A/turkey/Nebraska/24-036590-001/2024|H5N1|USA-NE|2024-12-08|avian|D1.1,D11
652,324,0.00281985906946025,-98.0627472889835,42.2108105226427,-98.0028725484931,42.4862870575093,0.344250447562085,0.341430588492625,2024.93160637044,2024.93442622951,A/turkey/Nebraska/24-036590-002/2024|H5N1|USA-NE|2024-12-08|avian|D1.1,D11
484,485,0.101897315821523,-96.2289162619343,40.3527434718681,-95.4711746106584,41.1839635546478,0.345297397762334,0.243400081940811,2024.83357586389,2024.93547317971,NA,D11
640,643,0.101212945447979,-88.11086295028,37.6377403522824,-96.3704294945854,42.5937169824786,0.345654061924928,0.244441116476949,2024.83461689842,2024.93582984387,NA,D11
658,664,0.0739165312802017,-92.3923176654126,40.9747945907809,-88.703896214526,39.7938514260401,0.34568825910179,0.271771727821589,2024.86194750977,2024.93586404105,NA,D11
601,602,0.011621951056451,-92.6966410789267,41.2645026877369,-92.7265837724047,40.782880293956,0.34598220286863,0.334360251812179,2024.92453603376,2024.93615798481,NA,D11
562,566,0.0690656771296565,-88.2310199687159,40.017942054989,-98.8328391643688,43.676086405857,0.346605070638301,0.277539393508645,2024.86771517545,2024.93678085258,NA,D11
615,266,0.120434619429767,-90.6748645148151,40.7213060977917,-92.8562380890434,43.7432298237866,0.346982687999211,0.226548068569444,2024.81672385052,2024.93715846995,A/cat/Minnesota/24-037542-001/2024|H5N1|USA-MN|2024-12-09|feline|D1.1,D11
597,331,0.0824227648546681,-98.3391541505582,44.8679049419175,-102.288139294903,42.1318569967659,0.346982687999211,0.264559923144543,2024.85473570509,2024.93715846995,A/chicken/Nebraska/24-036856-001/2024|H5N1|USA-NE|2024-12-09|avian|D1.1,D11
585,296,0.0820825342677063,-96.3485338964729,44.3411252203737,-93.721493606404,31.8044756501002,0.346982687999211,0.264900153731505,2024.85507593568,2024.93715846995,A/chicken/Louisiana/24-037003-001/2024|H5N1|USA-LA|2024-12-09|avian|D1.1,D11
591,293,0.0431492855506611,-94.8012028441526,39.0773552713334,-99.5944549567402,38.3261617077408,0.346982687999211,0.30383340244855,2024.89400918439,2024.93715846995,A/pelican/Kansas/24-037429-001/2024|H5N1|USA-KS|2024-12-09|avian|D1.1,D11
678,211,0.0287371136282519,-93.2931099564907,30.5464582774997,-93.4557814658312,30.0879279398299,0.346982687999211,0.318245574370959,2024.90842135632,2024.93715846995,A/chicken/Louisiana/24-037801-001/2024|H5N1|USA-LA|2024-12-09|avian|D1.1,D11
680,213,0.00955724720398393,-93.451050927685,32.9440690475421,-93.4567050487677,32.9671793595866,0.346982687999211,0.337425440795227,2024.92760122274,2024.93715846995,A/chicken/Louisiana/24-037801-002/2024|H5N1|USA-LA|2024-12-09|avian|D1.1,D11
681,212,0.00874505020414196,-93.3944288368229,33.1150513783006,-93.3052798467505,32.0448801162143,0.346982687999211,0.338237637795069,2024.92841341974,2024.93715846995,A/chicken/Louisiana/24-037801-003/2024|H5N1|USA-LA|2024-12-09|avian|D1.1,D11
681,210,0.00874505020414196,-93.3944288368229,33.1150513783006,-92.3164485339962,31.5990865861948,0.346982687999211,0.338237637795069,2024.92841341974,2024.93715846995,A/chicken/Louisiana/24-037801-004/2024|H5N1|USA-LA|2024-12-09|avian|D1.1,D11
619,622,0.0735885154248104,-94.1032135685362,41.111444140894,-99.6712639122812,46.6497656065968,0.348977834770207,0.275389319345397,2024.86556510129,2024.93915361672,NA,D11
562,563,0.0716554382720107,-88.2310199687159,40.017942054989,-91.6711150519741,37.9939101985986,0.349194831780655,0.277539393508645,2024.86771517545,2024.93937061373,NA,D11
641,642,0.0802172933463302,-88.1846245569737,37.6355623377257,-97.9972557970912,39.7474201965602,0.349528084142517,0.269310790796187,2024.85948657274,2024.93970386609,NA,D11
379,27,0.111596102899484,-98.9960101974055,40.4473972693867,-92.0445686029775,33.2752033458921,0.349714928436337,0.238118825536853,2024.82829460748,2024.93989071038,A/chicken/Arkansas/24-037005-001/2024|H5N1|USA-AR|2024-12-10|avian|D1.1,D11
494,122,0.0224842914821354,-123.568885436623,42.6054708952006,-124.024109722905,42.5873277250647,0.349714928436337,0.327230636954202,2024.9174064189,2024.93989071038,A/chicken/Oregon/24-037945-001/2024|H5N1|USA-OR|2024-12-10|avian|D1.1,D11
494,123,0.0224842914821354,-123.568885436623,42.6054708952006,-123.52769008964,42.5811022571434,0.349714928436337,0.327230636954202,2024.9174064189,2024.93989071038,A/chicken/Oregon/24-037945-002/2024|H5N1|USA-OR|2024-12-10|avian|D1.1,D11
412,50,0.00890981959543474,-93.5442980801214,34.3185734598684,-93.9160923407112,34.6422134835761,0.349714928436337,0.340805108840902,2024.93098089079,2024.93989071038,A/chicken/Arkansas/24-037007-001/2024|H5N1|USA-AR|2024-12-10|avian|D1.1,D11
412,49,0.00890981959543474,-93.5442980801214,34.3185734598684,-92.9619838516985,34.2660016550925,0.349714928436337,0.340805108840902,2024.93098089079,2024.93989071038,A/chicken/Arkansas/24-037007-002/2024|H5N1|USA-AR|2024-12-10|avian|D1.1,D11
485,146,0.0044175306740033,-95.4711746106584,41.1839635546478,-95.3808428992157,43.0742685110634,0.349714928436337,0.345297397762334,2024.93547317971,2024.93989071038,A/turkey/Iowa/24-036948-002/2024|H5N1|USA-IA|2024-12-10|avian|D1.1,D11
485,147,0.0044175306740033,-95.4711746106584,41.1839635546478,-94.0734808383349,40.8478688318018,0.349714928436337,0.345297397762334,2024.93547317971,2024.93989071038,A/turkey/Iowa/24-036948-001/2024|H5N1|USA-IA|2024-12-10|avian|D1.1,D11
566,297,0.00310985779803585,-98.8328391643688,43.676086405857,-97.1139106825302,43.3101961852914,0.349714928436337,0.346605070638301,2024.93678085258,2024.93989071038,A/turkey/South_Dakota/24-036844-002/2024|H5N1|USA-SD|2024-12-10|avian|D1.1,D11
566,298,0.00310985779803585,-98.8328391643688,43.676086405857,-98.8376661830226,43.6760952180379,0.349714928436337,0.346605070638301,2024.93678085258,2024.93989071038,A/turkey/South_Dakota/24-036844-001/2024|H5N1|USA-SD|2024-12-10|avian|D1.1,D11
361,362,0.232695960919362,-113.187343346683,45.5446699555185,-88.9425199432691,30.3850037021553,0.349942456193851,0.117246495274489,2024.70742227722,2024.94011823814,NA,D11
705,159,0.298708028378985,-107.635952056718,43.4397698078269,-100.476918979413,43.1614390818591,0.352447168873463,0.0537391404944782,2024.64391492244,2024.94262295082,A/chicken/South_Dakota/24-037531-001/2024|H5N1|USA-SD|2024-12-11|avian|D1.1,D11
679,214,0.0243634290836741,-93.8336120094902,32.1981399333613,-91.9553009525567,31.732261150852,0.352447168873463,0.328083739789789,2024.91825952174,2024.94262295082,A/Louisiana/12/2024|H5N1|USA-LA|2024-12-11|human|D1.1,D11
612,269,0.0109085694984745,-91.8312647384293,44.7401211522485,-92.479047303138,44.7593303990888,0.352447168873463,0.341538599374989,2024.93171438132,2024.94262295082,A/turkey/Wisconsin/24-037154-003/2024|H5N1|USA-WI|2024-12-11|avian|D1.1,D11
613,270,0.00999742954237343,-91.6430951856331,44.7178548898466,-88.0216978923099,43.9968913385799,0.352447168873463,0.34244973933109,2024.93262552128,2024.94262295082,A/turkey/Wisconsin/24-037154-001/2024|H5N1|USA-WI|2024-12-11|avian|D1.1,D11
613,271,0.00999742954237343,-91.6430951856331,44.7178548898466,-87.2028070669091,44.1951683140483,0.352447168873463,0.34244973933109,2024.93262552128,2024.94262295082,A/turkey/Wisconsin/24-037154-002/2024|H5N1|USA-WI|2024-12-11|avian|D1.1,D11
664,341,0.00675890977167304,-88.703896214526,39.7938514260401,-88.3019985837942,39.7265884751585,0.352447168873463,0.34568825910179,2024.93586404105,2024.94262295082,A/turkey/Illinois/24-037156-002/2024|H5N1|USA-IL|2024-12-11|avian|D1.1,D11
664,342,0.00675890977167304,-88.703896214526,39.7938514260401,-88.1395857249653,40.1236142210747,0.352447168873463,0.34568825910179,2024.93586404105,2024.94262295082,A/turkey/Illinois/24-037156-001/2024|H5N1|USA-IL|2024-12-11|avian|D1.1,D11
381,382,0.0682935282847243,-93.4228547855077,43.9235052830175,-101.692667117737,44.4335420654426,0.352546838762956,0.284253310478232,2024.87442909242,2024.94272262071,NA,D11
479,480,0.0831117790235745,-96.3197265238961,41.7138100452698,-96.3766745522594,41.7121980187459,0.352848986273378,0.269737207249804,2024.8599129892,2024.94302476822,NA,D11
619,620,0.0778477471236796,-94.1032135685362,41.111444140894,-93.225627472494,35.4021022758412,0.353237066469076,0.275389319345397,2024.86556510129,2024.94341284842,NA,D11
602,603,0.00734264226977821,-92.7265837724047,40.782880293956,-91.2951561803207,41.304621487496,0.353324845138409,0.34598220286863,2024.93615798481,2024.94350062708,NA,D11
515,518,0.192377609209028,-118.817314656706,46.693227362697,-119.546461068044,38.6979488519443,0.353350039723531,0.160972430514503,2024.75114821246,2024.94352582167,NA,D11
518,522,0.000410388345506552,-119.546461068044,38.6979488519443,-119.597344604559,38.5390127860312,0.353760428069038,0.353350039723531,2024.94352582167,2024.94393621002,NA,D11
602,607,0.00790492304109403,-92.7265837724047,40.782880293956,-96.2212696263846,42.612249711526,0.353887125909724,0.34598220286863,2024.93615798481,2024.94406290786,NA,D11
397,398,0.22100397474822,-115.58092356391,46.417802381537,-112.883033227643,42.0342183080998,0.35409420788506,0.13309023313684,2024.72326601508,2024.94426998983,NA,D11
671,672,0.291920330096748,-107.657423784393,37.4063235330935,-102.52626324261,41.7233508098256,0.354374531709626,0.062454201612878,2024.65262998356,2024.94455031366,NA,D11
433,434,0.0192136524219251,-98.9450397557797,38.1413619524589,-97.7910294333791,39.3176730927044,0.354441672515624,0.335228020093699,2024.92540380204,2024.94461745446,NA,D11
607,608,0.000571317823714002,-96.2212696263846,42.612249711526,-94.3549707657661,41.1981147027292,0.354458443733438,0.353887125909724,2024.94406290786,2024.94463422568,NA,D11
607,610,0.00089170180016862,-96.2212696263846,42.612249711526,-96.2427435679274,42.6270902653577,0.354778827709893,0.353887125909724,2024.94406290786,2024.94495460966,NA,D11
608,609,0.000595498803801942,-94.3549707657661,41.1981147027292,-93.6679361026646,41.2518013837988,0.35505394253724,0.354458443733438,2024.94463422568,2024.94522972448,NA,D11
642,249,0.00565132516807265,-97.9972557970912,39.7474201965602,-96.0294381058759,40.8431378178784,0.355179409310589,0.349528084142517,2024.93970386609,2024.94535519126,A/chicken/Nebraska/24-037436-002/2024|H5N1|USA-NE|2024-12-12|avian|D1.1,D11
642,250,0.00565132516807265,-97.9972557970912,39.7474201965602,-98.8572566182847,40.1862498699495,0.355179409310589,0.349528084142517,2024.93970386609,2024.94535519126,A/chicken/Nebraska/24-037436-001/2024|H5N1|USA-NE|2024-12-12|avian|D1.1,D11
398,52,0.00108520142552915,-112.883033227643,42.0342183080998,-112.188778372552,42.0804405328858,0.355179409310589,0.35409420788506,2024.94426998983,2024.94535519126,A/chicken/Idaho/24-037521-002/2024|H5N1|USA-ID|2024-12-12|avian|D1.1,D11
398,53,0.00108520142552915,-112.883033227643,42.0342183080998,-112.882839639301,42.036803073566,0.355179409310589,0.35409420788506,2024.94426998983,2024.94535519126,A/duck/Idaho/24-037521-001/2024|H5N1|USA-ID|2024-12-12|avian|D1.1,D11
608,274,0.000720965577151012,-94.3549707657661,41.1981147027292,-94.3645887965741,41.176697485707,0.355179409310589,0.354458443733438,2024.94463422568,2024.94535519126,A/chicken/Iowa/24-037489-001/2024|H5N1|USA-IA|2024-12-12|avian|D1.1,D11
609,272,0.000125466773349125,-93.6679361026646,41.2518013837988,-93.4245391189131,41.3006165870735,0.355179409310589,0.35505394253724,2024.94522972448,2024.94535519126,A/chicken/Iowa/24-037489-002/2024|H5N1|USA-IA|2024-12-12|avian|D1.1,D11
609,273,0.000125466773349125,-93.6679361026646,41.2518013837988,-93.051430333041,43.0286335245083,0.355179409310589,0.35505394253724,2024.94522972448,2024.94535519126,A/chicken/Iowa/24-037489-003/2024|H5N1|USA-IA|2024-12-12|avian|D1.1,D11
672,673,0.00196264882892161,-102.52626324261,41.7233508098256,-103.09280610982,41.5451532748506,0.356337180538547,0.354374531709626,2024.94455031366,2024.94651296248,NA,D11
563,564,0.0078565477543876,-91.6711150519741,37.9939101985986,-92.1801766614925,38.3583539680313,0.357051379535043,0.349194831780655,2024.93937061373,2024.94722716148,NA,D11
466,467,0.218386184867303,-100.111809428573,44.1698815016111,-100.596432354069,44.4142306776247,0.357541164699439,0.139154979832136,2024.72933076178,2024.94771694665,NA,D11
599,284,0.0820884137248129,-88.5009036380862,41.4079030429502,-96.9608619681548,39.8497499885905,0.357911649747716,0.275823236022903,2024.86599901797,2024.94808743169,A/bobcat/KS/24-038225-002/2024|H5N1|USA-KS|2024-12-13|other_mammal|D1.1,D11
482,128,0.052427005291698,-86.352567028207,38.0648855351981,-86.4584673403991,32.5973475418009,0.357911649747716,0.305484644456018,2024.8956604264,2024.94808743169,A/guineafowl/Alabama/24-037980-001/2024|H5N1|USA-AL|2024-12-13|avian|D1.1,D11
592,292,0.0397147410243915,-93.6911419393041,41.1175857886827,-95.8630262529488,41.0430753281521,0.357911649747716,0.318196908723324,2024.90837269067,2024.94808743169,A/swan/Iowa/24-037493-001/2024|H5N1|USA-IA|2024-12-13|avian|D1.1,D11
643,251,0.0122575878227874,-96.3704294945854,42.5937169824786,-94.9663225286041,41.9161846864666,0.357911649747716,0.345654061924928,2024.93582984387,2024.94808743169,A/chicken/Iowa/24-037491-001/2024|H5N1|USA-IA|2024-12-13|avian|D1.1,D11
643,252,0.0122575878227874,-96.3704294945854,42.5937169824786,-96.3931141578224,42.5991296968394,0.357911649747716,0.345654061924928,2024.93582984387,2024.94808743169,A/chicken/Iowa/24-037491-002/2024|H5N1|USA-IA|2024-12-13|avian|D1.1,D11
362,113,0.00796919355386411,-88.9425199432691,30.3850037021553,-88.1964304126696,30.8421443896053,0.357911649747716,0.349942456193851,2024.94011823814,2024.94808743169,A/chicken/Alabama/24-037981-002/2024|H5N1|USA-AL|2024-12-13|avian|D1.1,D11
362,114,0.00796919355386411,-88.9425199432691,30.3850037021553,-88.4040669131858,31.3753356617096,0.357911649747716,0.349942456193851,2024.94011823814,2024.94808743169,A/chicken/Alabama/24-037981-001/2024|H5N1|USA-AL|2024-12-13|avian|D1.1,D11
382,21,0.00536481098475955,-101.692667117737,44.4335420654426,-102.349103139564,44.4056254980047,0.357911649747716,0.352546838762956,2024.94272262071,2024.94808743169,A/turkey/South_Dakota/24-037530-001/2024|H5N1|USA-SD|2024-12-13|avian|D1.1,D11
382,22,0.00536481098475955,-101.692667117737,44.4335420654426,-99.552244251588,43.630056154781,0.357911649747716,0.352546838762956,2024.94272262071,2024.94808743169,A/turkey/South_Dakota/24-037530-002/2024|H5N1|USA-SD|2024-12-13|avian|D1.1,D11
672,208,0.00353711803808993,-102.52626324261,41.7233508098256,-102.298584012187,41.2903151958888,0.357911649747716,0.354374531709626,2024.94455031366,2024.94808743169,A/goose/Nebraska/24-037518-002/2024|H5N1|USA-NE|2024-12-13|avian|D1.1,D11
610,275,0.00313282203782256,-96.2427435679274,42.6270902653577,-95.7925854355435,42.4614717109134,0.357911649747716,0.354778827709893,2024.94495460966,2024.94808743169,A/chicken/Iowa/24-037490-001/2024|H5N1|USA-IA|2024-12-13|avian|D1.1,D11
610,276,0.00313282203782256,-96.2427435679274,42.6270902653577,-95.0161207182433,41.3870525987427,0.357911649747716,0.354778827709893,2024.94495460966,2024.94808743169,A/chicken/Iowa/24-037490-002/2024|H5N1|USA-IA|2024-12-13|avian|D1.1,D11
673,206,0.00157446920916832,-103.09280610982,41.5451532748506,-101.145333301389,41.8711125885038,0.357911649747716,0.356337180538547,2024.94651296248,2024.94808743169,A/chicken/Nebraska/24-037518-001/2024|H5N1|USA-NE|2024-12-13|avian|D1.1,D11
673,207,0.00157446920916832,-103.09280610982,41.5451532748506,-103.556081067178,41.7486281156733,0.357911649747716,0.356337180538547,2024.94651296248,2024.94808743169,A/guineafowl/Nebraska/24-037518-003/2024|H5N1|USA-NE|2024-12-13|avian|D1.1,D11
433,435,0.0230546856582479,-98.9450397557797,38.1413619524589,-98.8368517588014,38.4268340572257,0.358282705751947,0.335228020093699,2024.92540380204,2024.9484584877,NA,D11
435,438,0.000374042382346673,-98.8368517588014,38.4268340572257,-98.4556240930931,39.3006361967791,0.358656748134294,0.358282705751947,2024.9484584877,2024.94883253008,NA,D11
603,604,0.00554573071344183,-91.2951561803207,41.304621487496,-91.2876711016921,41.3125978763733,0.35887057585185,0.353324845138409,2024.94350062708,2024.9490463578,NA,D11
604,605,0.000166684306715903,-91.2876711016921,41.3125978763733,-91.3732368687183,41.4302482700695,0.359037260158566,0.35887057585185,2024.9490463578,2024.9492130421,NA,D11
438,439,0.000775218162288538,-98.4556240930931,39.3006361967791,-98.1874043293235,39.4245354100322,0.359431966296582,0.358656748134294,2024.94883253008,2024.94960774824,NA,D11
614,644,0.14585421148232,-95.361547740521,41.3024795536156,-95.2304981837394,41.2176334984201,0.359954347476879,0.21410013599456,2024.80427591794,2024.95013012942,NA,D11
605,606,0.00114877173068129,-91.3732368687183,41.4302482700695,-92.1433735164698,41.6264871211565,0.360186031889248,0.359037260158566,2024.9492130421,2024.95036181384,NA,D11
482,129,0.0551592457288241,-86.352567028207,38.0648855351981,-90.7585789734559,38.845373405842,0.360643890184842,0.305484644456018,2024.8956604264,2024.95081967213,A/chicken/Missouri/24-037561-001/2024|H5N1|USA-MO|2024-12-14|avian|D1.1,D11
592,291,0.0424469814615177,-93.6911419393041,41.1175857886827,-95.8951115958396,41.9797589850988,0.360643890184842,0.318196908723324,2024.90837269067,2024.95081967213,A/swan/Iowa/24-037722-001/2024|H5N1|USA-IA|2024-12-14|avian|D1.1,D11
603,281,0.0073190450464331,-91.2951561803207,41.304621487496,-95.6811443167656,41.2580209325164,0.360643890184842,0.353324845138409,2024.94350062708,2024.95081967213,A/chicken/Iowa/24-037488-006/2024|H5N1|USA-IA|2024-12-14|avian|D1.1,D11
604,279,0.00177331433299127,-91.2876711016921,41.3125978763733,-91.312329997454,41.3181079710428,0.360643890184842,0.35887057585185,2024.9490463578,2024.95081967213,A/chicken/Iowa/24-037488-003/2024|H5N1|USA-IA|2024-12-14|avian|D1.1,D11
605,277,0.00160663002627537,-91.3732368687183,41.4302482700695,-91.2343609735504,41.6341051917489,0.360643890184842,0.359037260158566,2024.9492130421,2024.95081967213,A/chicken/Iowa/24-037488-001/2024|H5N1|USA-IA|2024-12-14|avian|D1.1,D11
644,267,0.00068954270796262,-95.2304981837394,41.2176334984201,-94.6425463101967,40.8204468179501,0.360643890184842,0.359954347476879,2024.95013012942,2024.95081967213,A/turkey/Iowa/24-037492-001/2024|H5N1|USA-IA|2024-12-14|avian|D1.1,D11
644,268,0.00068954270796262,-95.2304981837394,41.2176334984201,-94.9429232960659,41.4375266944214,0.360643890184842,0.359954347476879,2024.95013012942,2024.95081967213,A/turkey/Iowa/24-037492-002/2024|H5N1|USA-IA|2024-12-14|avian|D1.1,D11
606,280,0.000457858295594082,-92.1433735164698,41.6264871211565,-92.7165901668709,41.5203967490261,0.360643890184842,0.360186031889248,2024.95036181384,2024.95081967213,A/chicken/Iowa/24-037488-005/2024|H5N1|USA-IA|2024-12-14|avian|D1.1,D11
606,278,0.000457858295594082,-92.1433735164698,41.6264871211565,-92.5487349570235,41.4089481187563,0.360643890184842,0.360186031889248,2024.95036181384,2024.95081967213,A/chicken/Iowa/24-037488-002/2024|H5N1|USA-IA|2024-12-14|avian|D1.1,D11
522,524,0.00696960640597644,-119.597344604559,38.5390127860312,-122.298852664239,38.3807044605897,0.360730034475014,0.353760428069038,2024.94393621002,2024.95090581642,NA,D11
560,577,0.161174034118593,-94.22147281652,41.8627091931543,-92.8901766950651,36.0285272907121,0.363229067230679,0.202055033112086,2024.79223081506,2024.95340484918,NA,D11
567,311,0.037772324309516,-85.2163882998797,42.2073583487448,-83.8010573405161,43.3313449124529,0.363376130622195,0.325603806312679,2024.91577958826,2024.95355191257,A/Turkey/MI/24-038285-001/2024|H5N1|USA-MI|2024-12-15|avian|D1.1,D11
467,10,0.00583496592275662,-100.596432354069,44.4142306776247,-98.3973349064542,43.0317429842951,0.363376130622195,0.357541164699439,2024.94771694665,2024.95355191257,A/turkey/South_Dakota/24-037528-001/2024|H5N1|USA-SD|2024-12-15|avian|D1.1,D11
467,11,0.00583496592275662,-100.596432354069,44.4142306776247,-100.224696613093,44.3027368889942,0.363376130622195,0.357541164699439,2024.94771694665,2024.95355191257,A/turkey/South_Dakota/24-037528-002/2024|H5N1|USA-SD|2024-12-15|avian|D1.1,D11
435,436,0.00534375124947822,-98.8368517588014,38.4268340572257,-99.5216696500587,40.3125669629493,0.363626457001425,0.358282705751947,2024.9484584877,2024.95380223895,NA,D11
436,437,0.000290612656805966,-99.5216696500587,40.3125669629493,-98.6755374144426,40.0579436462437,0.363917069658231,0.363626457001425,2024.95380223895,2024.9540928516,NA,D11
438,440,0.00561529857091569,-98.4556240930931,39.3006361967791,-98.8267849030753,39.2006057913315,0.364272046705209,0.358656748134294,2024.94883253008,2024.95444782865,NA,D11
524,525,0.00372171248613945,-122.298852664239,38.3807044605897,-121.849472605392,38.4835635818041,0.364451746961154,0.360730034475014,2024.95090581642,2024.95462752891,NA,D11
518,519,0.0114345614888324,-119.546461068044,38.6979488519443,-121.05940777974,37.7206774026894,0.364784601212364,0.353350039723531,2024.94352582167,2024.95496038316,NA,D11
525,526,0.000367744635361655,-121.849472605392,38.4835635818041,-121.997988775094,38.1909006286157,0.364819491596515,0.364451746961154,2024.95462752891,2024.95499527354,NA,D11
659,660,0.0538551359815036,-94.7240061366621,43.0360146835542,-92.972980985132,44.4494218069414,0.364835465556559,0.310980329575055,2024.90115611152,2024.9550112475,NA,D11
659,662,0.0541243044765576,-94.7240061366621,43.0360146835542,-94.8329939644444,43.974681180841,0.365104634051613,0.310980329575055,2024.90115611152,2024.955280416,NA,D11
662,663,0.000184883150239568,-94.8329939644444,43.974681180841,-94.7720292093389,44.0982929796976,0.365289517201853,0.365104634051613,2024.955280416,2024.95546529915,NA,D11
568,569,0.039249477061802,-85.150470464236,42.1533901513233,-83.0708086432805,43.9819069373025,0.365471241234675,0.326221764172873,2024.91639754612,2024.95564702318,NA,D11
624,625,0.0865049417275885,-94.289497537582,41.2611957931764,-93.8469805994298,46.1388859648113,0.36550710292406,0.279002161196471,2024.86917794314,2024.95568288487,NA,D11
563,565,0.0168563090036848,-91.6711150519741,37.9939101985986,-91.7902563705436,38.3190965228253,0.36605114078434,0.349194831780655,2024.93937061373,2024.95622692273,NA,D11
491,141,0.20315114944379,-100.596310560501,41.8880489046225,-97.5874593392751,37.3367680597243,0.366108371059321,0.162957221615532,2024.75313300356,2024.95628415301,A/pheasant/Kansas/24-037810-001/2024|H5N1|USA-KS|2024-12-16|avian|D1.1,D11
598,332,0.0995969348295914,-98.1051184188557,46.0684973638983,-101.283814953905,39.833527700184,0.366108371059321,0.26651143622973,2024.85668721818,2024.95628415301,A/chicken/Kansas/24-038163-001/2024|H5N1|USA-KS|2024-12-16|avian|D1.1,D11
383,23,0.0577797154530339,-94.0768017439576,44.9206035126973,-84.7513040110701,40.192159896126,0.366108371059321,0.308328655606288,2024.89850443755,2024.95628415301,A/duck/Ohio/24-038008-001/2024|H5N1|USA-OH|2024-12-16|avian|D1.1,D11
434,87,0.0116666985436973,-97.7910294333791,39.3176730927044,-94.7843208120059,37.5856157172364,0.366108371059321,0.354441672515624,2024.94461745446,2024.95628415301,A/pheasant/Kansas/24-037794-008/2024|H5N1|USA-KS|2024-12-16|avian|D1.1,D11
434,88,0.0116666985436973,-97.7910294333791,39.3176730927044,-97.0313843183232,38.7769800288618,0.366108371059321,0.354441672515624,2024.94461745446,2024.95628415301,A/pheasant/Kansas/24-037794-010/2024|H5N1|USA-KS|2024-12-16|avian|D1.1,D11
439,90,0.00667640476273923,-98.1874043293235,39.4245354100322,-96.9467080665193,39.6654279585896,0.366108371059321,0.359431966296582,2024.94960774824,2024.95628415301,A/pheasant/Kansas/24-037794-005/2024|H5N1|USA-KS|2024-12-16|avian|D1.1,D11
439,94,0.00667640476273923,-98.1874043293235,39.4245354100322,-97.6870445809566,38.4619717663843,0.366108371059321,0.359431966296582,2024.94960774824,2024.95628415301,A/pheasant/Kansas/24-037794-006/2024|H5N1|USA-KS|2024-12-16|avian|D1.1,D11
436,89,0.00248191405789622,-99.5216696500587,40.3125669629493,-99.609880797844,39.3346519139852,0.366108371059321,0.363626457001425,2024.95380223895,2024.95628415301,A/pheasant/Kansas/24-037794-001/2024|H5N1|USA-KS|2024-12-16|avian|D1.1,D11
437,92,0.00219130140109025,-98.6755374144426,40.0579436462437,-96.927868091696,38.525197910833,0.366108371059321,0.363917069658231,2024.9540928516,2024.95628415301,A/pheasant/Kansas/24-037794-003/2024|H5N1|USA-KS|2024-12-16|avian|D1.1,D11
437,91,0.00219130140109025,-98.6755374144426,40.0579436462437,-96.922874455287,38.7671774888505,0.366108371059321,0.363917069658231,2024.9540928516,2024.95628415301,A/pheasant/Kansas/24-037794-009/2024|H5N1|USA-KS|2024-12-16|avian|D1.1,D11
440,93,0.00183632435411207,-98.8267849030753,39.2006057913315,-98.6520132674922,39.0455495658575,0.366108371059321,0.364272046705209,2024.95444782865,2024.95628415301,A/pheasant/Kansas/24-037794-002/2024|H5N1|USA-KS|2024-12-16|avian|D1.1,D11
440,95,0.00183632435411207,-98.8267849030753,39.2006057913315,-99.054146107516,37.6864696983305,0.366108371059321,0.364272046705209,2024.95444782865,2024.95628415301,A/pheasant/Kansas/24-037794-007/2024|H5N1|USA-KS|2024-12-16|avian|D1.1,D11
662,343,0.0010037370077085,-94.8329939644444,43.974681180841,-94.8215112552428,45.1646765910827,0.366108371059321,0.365104634051613,2024.955280416,2024.95628415301,A/turkey/Minnesota/24-037987-001/2024|H5N1|USA-MN|2024-12-16|avian|D1.1,D11
663,344,0.000818853857468937,-94.7720292093389,44.0982929796976,-95.4348363192194,46.3692119629954,0.366108371059321,0.365289517201853,2024.95546529915,2024.95628415301,A/turkey/Minnesota/24-037987-002/2024|H5N1|USA-MN|2024-12-16|avian|D1.1,D11
663,345,0.000818853857468937,-94.7720292093389,44.0982929796976,-94.5684846910519,43.6398188151937,0.366108371059321,0.365289517201853,2024.95546529915,2024.95628415301,A/turkey/Minnesota/24-037987-003/2024|H5N1|USA-MN|2024-12-16|avian|D1.1,D11
547,548,0.0245079963305838,-69.4725084360635,40.630301638567,-72.2667974625898,44.5053362602729,0.366576433900934,0.34206843757035,2024.93224421952,2024.95675221585,NA,D11
389,392,0.0499730600448723,-100.203149337072,36.2800761251,-96.9567879247034,36.3152475303343,0.366980444623847,0.317007384578975,2024.90718316653,2024.95715622657,NA,D11
620,621,0.0139376702405569,-93.225627472494,35.4021022758412,-92.9269683680377,36.48157131435,0.367174736709633,0.353237066469076,2024.94341284842,2024.95735051866,NA,D11
660,661,0.00251864011261999,-92.972980985132,44.4494218069414,-93.1948391727568,44.6538947002341,0.367354105669179,0.364835465556559,2024.9550112475,2024.95752988762,NA,D11
625,627,0.00188654881522676,-93.8469805994298,46.1388859648113,-94.4214494633389,47.0635423547186,0.367393651739286,0.36550710292406,2024.95568288487,2024.95756943369,NA,D11
653,667,0.164285915266625,-96.1045236946454,40.495758514709,-87.4349817389465,38.5241679903452,0.367446492597946,0.203160577331321,2024.79333635928,2024.95762227454,NA,D11
584,594,0.133229429420768,-97.3220137647247,44.5538501342532,-95.1903366065933,45.5165727362313,0.367478438191792,0.234249008771024,2024.82442479072,2024.95765422014,NA,D11
625,626,0.00203737366722323,-93.8469805994298,46.1388859648113,-94.2086090850457,46.2711903065019,0.367544476591283,0.36550710292406,2024.95568288487,2024.95772025854,NA,D11
594,595,0.000525455044298462,-95.1903366065933,45.5165727362313,-95.1983301489253,45.1275801880525,0.36800389323609,0.367478438191792,2024.95765422014,2024.95817967518,NA,D11
655,656,0.118119270555136,-93.6783315612208,42.6749459103138,-89.6316907728531,41.8932419338905,0.368134674270266,0.25001540371513,2024.84019118566,2024.95831045622,NA,D11
526,527,0.00356197165690852,-121.997988775094,38.1909006286157,-122.86165668247,38.0182634923585,0.368381463253424,0.364819491596515,2024.95499527354,2024.9585572452,NA,D11
920,267,1.36344360711002,-38.3335990779574,-53.2725550615673,-64.04,-64.46,2.92010099515381,1.55665738804378,2023.59557278633,2024.95901639344,A/Brown_Skua/Torgersen_Island/o81-b82/2024|H5N1|Torgersen_Island|2024-12-17|avian|B3.2,B32
620,246,0.0156035450273711,-93.225627472494,35.4021022758412,-90.4289441324041,36.1775054763479,0.368840611496448,0.353237066469076,2024.94341284842,2024.95901639344,A/chicken/Arkansas/24-037983-003/2024|H5N1|USA-AR|2024-12-17|avian|D1.1,D11
621,244,0.00166587478681418,-92.9269683680377,36.48157131435,-91.8673027923383,36.4251640469066,0.368840611496448,0.367174736709633,2024.95735051866,2024.95901639344,A/chicken/Arkansas/24-037983-001/2024|H5N1|USA-AR|2024-12-17|avian|D1.1,D11
621,245,0.00166587478681418,-92.9269683680377,36.48157131435,-92.8408428702347,36.2362339620626,0.368840611496448,0.367174736709633,2024.95735051866,2024.95901639344,A/chicken/Arkansas/24-037983-002/2024|H5N1|USA-AR|2024-12-17|avian|D1.1,D11
627,240,0.00144695975716125,-94.4214494633389,47.0635423547186,-94.5462384289788,47.0030951508284,0.368840611496448,0.367393651739286,2024.95756943369,2024.95901639344,A/duck/Minnesota/24-038159-001/2024|H5N1|USA-MN|2024-12-17|avian|D1.1,D11
627,243,0.00144695975716125,-94.4214494633389,47.0635423547186,-92.390533635457,46.6957878408192,0.368840611496448,0.367393651739286,2024.95756943369,2024.95901639344,A/turkey/Minnesota/24-038159-003/2024|H5N1|USA-MN|2024-12-17|avian|D1.1,D11
594,316,0.0013621733046556,-95.1903366065933,45.5165727362313,-95.2521772443062,45.6164744506803,0.368840611496448,0.367478438191792,2024.95765422014,2024.95901639344,A/turkey/Minnesota/24-037988-003/2024|H5N1|USA-MN|2024-12-17|avian|D1.1,D11
626,242,0.00129613490516478,-94.2086090850457,46.2711903065019,-94.7085130843295,47.8533254243876,0.368840611496448,0.367544476591283,2024.95772025854,2024.95901639344,A/chicken/Minnesota/24-038159-002/2024|H5N1|USA-MN|2024-12-17|avian|D1.1,D11
626,241,0.00129613490516478,-94.2086090850457,46.2711903065019,-94.2703127220225,46.6573114584429,0.368840611496448,0.367544476591283,2024.95772025854,2024.95901639344,A/goose/Minnesota/24-038159-004/2024|H5N1|USA-MN|2024-12-17|avian|D1.1,D11
595,315,0.000836718260357139,-95.1983301489253,45.1275801880525,-96.1404520476214,44.5332637382703,0.368840611496448,0.36800389323609,2024.95817967518,2024.95901639344,A/turkey/Minnesota/24-037988-002/2024|H5N1|USA-MN|2024-12-17|avian|D1.1,D11
595,314,0.000836718260357139,-95.1983301489253,45.1275801880525,-94.3254131815016,44.7451260287427,0.368840611496448,0.36800389323609,2024.95817967518,2024.95901639344,A/turkey/Minnesota/24-037988-001/2024|H5N1|USA-MN|2024-12-17|avian|D1.1,D11
622,623,0.0202694136694573,-99.6712639122812,46.6497656065968,-97.9245263847575,44.9985896218381,0.369247248439665,0.348977834770207,2024.93915361672,2024.95942303039,NA,D11
569,573,0.00393227742165414,-83.0708086432805,43.9819069373025,-86.24967802605,45.430621931014,0.369403518656329,0.365471241234675,2024.95564702318,2024.9595793006,NA,D11
617,628,0.125123323458597,-91.1558374677193,41.1551652709202,-84.6087773206515,38.4877019059699,0.370135202714323,0.245011879255726,2024.8351876612,2024.96031098466,NA,D11
383,384,0.0625343205434215,-94.0768017439576,44.9206035126973,-98.2838223930607,37.9837239409651,0.370862976149709,0.308328655606288,2024.89850443755,2024.9610387581,NA,D11
667,669,0.00362560712118681,-87.4349817389465,38.5241679903452,-87.9440323618552,38.4211100990978,0.371072099719133,0.367446492597946,2024.95762227454,2024.96124788167,NA,D11
667,668,0.0039975705732575,-87.4349817389465,38.5241679903452,-88.0702210413933,38.8553879568366,0.371444063171203,0.367446492597946,2024.95762227454,2024.96161984512,NA,D11
577,285,0.00834378470289487,-92.8901766950651,36.0285272907121,-93.0546707332743,35.9246113098318,0.371572851933574,0.363229067230679,2024.95340484918,2024.96174863388,A/chicken/Arkansas/24-038151-002/2024|H5N1|USA-AR|2024-12-18|avian|D1.1,D11
577,286,0.00834378470289487,-92.8901766950651,36.0285272907121,-92.9573906112128,35.9259908870705,0.371572851933574,0.363229067230679,2024.95340484918,2024.96174863388,A/chicken/Arkansas/24-038151-001/2024|H5N1|USA-AR|2024-12-18|avian|D1.1,D11
669,336,0.000500752214441236,-87.9440323618552,38.4211100990978,-87.8032446640259,38.4292985347528,0.371572851933574,0.371072099719133,2024.96124788167,2024.96174863388,A/Turkey/IL/24-038393-001/2024|H5N1|USA-IL|2024-12-18|avian|D1.1,D11
669,335,0.000500752214441236,-87.9440323618552,38.4211100990978,-87.8901365946259,38.400881941426,0.371572851933574,0.371072099719133,2024.96124788167,2024.96174863388,A/Turkey/IL/24-038393-002/2024|H5N1|USA-IL|2024-12-18|avian|D1.1,D11
668,337,0.000128788762370546,-88.0702210413933,38.8553879568366,-89.3173612347848,39.6335266039744,0.371572851933574,0.371444063171203,2024.96161984512,2024.96174863388,A/Turkey/IL/24-038393-004/2024|H5N1|USA-IL|2024-12-18|avian|D1.1,D11
668,334,0.000128788762370546,-88.0702210413933,38.8553879568366,-88.1076315971109,38.8313906037826,0.371572851933574,0.371444063171203,2024.96161984512,2024.96174863388,A/Turkey/IL/24-038393-003/2024|H5N1|USA-IL|2024-12-18|avian|D1.1,D11
573,575,0.00221261969549014,-86.24967802605,45.430621931014,-86.906235901563,44.5826010895535,0.371616138351819,0.369403518656329,2024.9595793006,2024.9617919203,NA,D11
455,456,0.179592483334533,-108.382911632962,40.1774465682549,-86.9935961244564,35.8369872932133,0.372193212064182,0.192600728729649,2024.78277651068,2024.96236899401,NA,D11
628,635,0.00412841849099721,-84.6087773206515,38.4877019059699,-79.509607033532,37.186476559176,0.37426362120532,0.370135202714323,2024.96031098466,2024.96443940315,NA,D11
548,549,0.00770570608991317,-72.2667974625898,44.5053362602729,-72.7922006821673,44.7920784702834,0.374282139990847,0.366576433900934,2024.95675221585,2024.96445792194,NA,D11
455,98,0.181704363641051,-108.382911632962,40.1774465682549,-91.0430931741092,33.222403098511,0.3743050923707,0.192600728729649,2024.78277651068,2024.96448087432,A/chicken/Mississippi/24-038164-001/2024|H5N1|USA-MS|2024-12-19|avian|D1.1,D11
525,190,0.0098533454095463,-121.849472605392,38.4835635818041,-120.687926077874,39.2173018337914,0.3743050923707,0.364451746961154,2024.95462752891,2024.96448087432,A/Chicken/CA/24-038445-001/2024|H5N1|USA-CA|2024-12-19|avian|D1.1,D11
660,346,0.00946962681414099,-92.972980985132,44.4494218069414,-92.3114077358192,46.7031736393309,0.3743050923707,0.364835465556559,2024.9550112475,2024.96448087432,A/turkey/Minnesota/24-038168-001/2024|H5N1|USA-MN|2024-12-19|avian|D1.1,D11
548,226,0.00772865846976578,-72.2667974625898,44.5053362602729,-73.3080720788672,44.3453215118801,0.3743050923707,0.366576433900934,2024.95675221585,2024.96448087432,A/Chicken/VT/24-038443-001/2024|H5N1|USA-VT|2024-12-19|avian|D1.1,D11
661,348,0.006950986701521,-93.1948391727568,44.6538947002341,-95.2172224511223,47.6378702158773,0.3743050923707,0.367354105669179,2024.95752988762,2024.96448087432,A/turkey/Minnesota/24-038168-003/2024|H5N1|USA-MN|2024-12-19|avian|D1.1,D11
661,347,0.006950986701521,-93.1948391727568,44.6538947002341,-93.4855565676432,44.2807734918048,0.3743050923707,0.367354105669179,2024.95752988762,2024.96448087432,A/turkey/Minnesota/24-038168-002/2024|H5N1|USA-MN|2024-12-19|avian|D1.1,D11
549,228,2.29523798526143e-05,-72.7922006821673,44.7920784702834,-72.9732072382019,44.9613001315562,0.3743050923707,0.374282139990847,2024.96445792194,2024.96448087432,A/Chicken/VT/24-038443-003/2024|H5N1|USA-VT|2024-12-19|avian|D1.1,D11
549,227,2.29523798526143e-05,-72.7922006821673,44.7920784702834,-72.7742309347184,44.7646011419785,0.3743050923707,0.374282139990847,2024.96445792194,2024.96448087432,A/Chicken/VT/24-038443-002/2024|H5N1|USA-VT|2024-12-19|avian|D1.1,D11
480,481,0.0223317078024541,-96.3766745522594,41.7121980187459,-96.5444947623017,39.2596177983365,0.375180694075833,0.352848986273378,2024.94302476822,2024.96535647602,NA,D11
628,629,0.00539972186639015,-84.6087773206515,38.4877019059699,-80.7024177070553,36.8839315809719,0.375534924580713,0.370135202714323,2024.96031098466,2024.96571070653,NA,D11
402,408,0.136798262665543,-116.225264039503,40.6738673141682,-113.582342908321,43.538177675765,0.37599132791949,0.239193065253947,2024.8293688472,2024.96616710987,NA,D11
519,520,0.0114576994034784,-121.05940777974,37.7206774026894,-121.398630416354,37.273711895278,0.376242300615842,0.364784601212364,2024.95496038316,2024.96641808256,NA,D11
527,528,0.0079470067120827,-122.86165668247,38.0182634923585,-122.747850335232,38.8173317110736,0.376328469965506,0.368381463253424,2024.9585572452,2024.96650425191,NA,D11
392,36,0.010056888183979,-96.9567879247034,36.3152475303343,-98.2828309808242,36.7635267125912,0.377037332807826,0.366980444623847,2024.95715622657,2024.96721311475,A/Turkey/OK/24-038440-010/2024|H5N1|USA-OK|2024-12-20|avian|D1.1,D11
456,457,0.00516590995360938,-86.9935961244564,35.8369872932133,-86.1601680970151,35.5647031691941,0.377359122017791,0.372193212064182,2024.96236899401,2024.96753490396,NA,D11
573,574,0.00805007006415448,-86.24967802605,45.430621931014,-86.1067661434326,45.0080187494892,0.377453588720484,0.369403518656329,2024.9595793006,2024.96762937067,NA,D11
569,570,0.0133962294017837,-83.0708086432805,43.9819069373025,-83.2979727496951,43.6067654157928,0.378867470636459,0.365471241234675,2024.95564702318,2024.96904325258,NA,D11
665,666,0.166066006230626,-97.377145020094,40.0556844866885,-86.3023743818489,28.8445326667941,0.378915563155954,0.212849556925328,2024.80302533887,2024.9690913451,NA,D11
526,530,0.0147606683024507,-121.997988775094,38.1909006286157,-120.691785045464,38.4792402184767,0.379580159898966,0.364819491596515,2024.95499527354,2024.96975594185,NA,D11
457,458,0.00272644829366703,-86.1601680970151,35.5647031691941,-86.684511583447,35.7733839240128,0.380085570311459,0.377359122017791,2024.96753490396,2024.97026135226,NA,D11
522,523,0.0274126791729227,-119.597344604559,38.5390127860312,-123.655916923843,39.353654332868,0.38117310724196,0.353760428069038,2024.94393621002,2024.97134888919,NA,D11
635,636,0.00758734661603944,-79.509607033532,37.186476559176,-80.5789639617718,39.3754665960587,0.38185096782136,0.37426362120532,2024.96443940315,2024.97202674977,NA,D11
392,393,0.0152768597275676,-96.9567879247034,36.3152475303343,-96.9547957243394,36.4202235873991,0.382257304351415,0.366980444623847,2024.95715622657,2024.9724330863,NA,D11
393,38,0.000244509330891041,-96.9547957243394,36.4202235873991,-97.0916753392053,36.438557441829,0.382501813682306,0.382257304351415,2024.9724330863,2024.97267759563,A/Turkey/OK/24-038442-003/2024|H5N1|USA-OK|2024-12-22|avian|D1.1,D11
393,37,0.000244509330891041,-96.9547957243394,36.4202235873991,-99.507883077078,36.2737839330058,0.382501813682306,0.382257304351415,2024.9724330863,2024.97267759563,A/Turkey/OK/24-038442-001/2024|H5N1|USA-OK|2024-12-22|avian|D1.1,D11
578,579,0.166473565417818,-96.6258336941765,43.0739755508933,-97.9325124824835,40.6418821830485,0.382986193416393,0.216512627998575,2024.80668840994,2024.97316197536,NA,D11
528,529,0.00772786271423093,-122.747850335232,38.8173317110736,-120.973726904122,38.865302839292,0.384056332679737,0.376328469965506,2024.96650425191,2024.97423211463,NA,D11
587,588,0.108058313038848,-97.0723467241681,41.2403202725941,-88.9902421384998,43.5527682930488,0.384078471379004,0.276020158340156,2024.86619594029,2024.97425425333,NA,D11
520,521,0.00837213076581866,-121.398630416354,37.273711895278,-120.915712684697,39.0444174411464,0.384614431381661,0.376242300615842,2024.96641808256,2024.97479021333,NA,D11
530,531,0.00548366285056406,-120.691785045464,38.4792402184767,-120.191258283128,38.2047224557637,0.38506382274953,0.379580159898966,2024.96975594185,2024.9752396047,NA,D11
506,1,0.308637685260433,-118.712140587433,44.2759348571004,-93.0647884139354,40.3311232229651,0.385234054119432,0.0765963688589992,2024.66677215081,2024.97540983607,A/Chicken/MO/24-038619-001/2024|H5N1|USA-MO|2024-12-23|avian|D1.1,D11
564,300,0.0281826745843889,-92.1801766614925,38.3583539680313,-91.8939705259327,38.2994290227889,0.385234054119432,0.357051379535043,2024.94722716148,2024.97540983607,A/Chicken/MO/24-038617-002/2024|H5N1|USA-MO|2024-12-23|avian|D1.1,D11
564,299,0.0281826745843889,-92.1801766614925,38.3583539680313,-91.8779792614932,36.5263698950597,0.385234054119432,0.357051379535043,2024.94722716148,2024.97540983607,A/Chicken/MO/24-038439-002/2024|H5N1|USA-MO|2024-12-23|avian|D1.1,D11
565,302,0.0191829133350917,-91.7902563705436,38.3190965228253,-93.3324126183295,40.0214767815037,0.385234054119432,0.36605114078434,2024.95622692273,2024.97540983607,A/Chicken/MO/24-038617-001/2024|H5N1|USA-MO|2024-12-23|avian|D1.1,D11
565,301,0.0191829133350917,-91.7902563705436,38.3190965228253,-91.9748852085668,38.115705394815,0.385234054119432,0.36605114078434,2024.95622692273,2024.97540983607,A/Chicken/MO/24-038439-001/2024|H5N1|USA-MO|2024-12-23|avian|D1.1,D11
384,24,0.014371077969723,-98.2838223930607,37.9837239409651,-98.4032041535369,38.0102734849773,0.385234054119432,0.370862976149709,2024.9610387581,2024.97540983607,A/Chicken/KS/24-038592-002/2024|H5N1|USA-KS|2024-12-23|avian|D1.1,D11
384,25,0.014371077969723,-98.2838223930607,37.9837239409651,-97.2037817783654,38.5239323963788,0.385234054119432,0.370862976149709,2024.9610387581,2024.97540983607,A/Chicken/KS/24-038592-001/2024|H5N1|USA-KS|2024-12-23|avian|D1.1,D11
402,403,0.146479115076647,-116.225264039503,40.6738673141682,-116.004514175851,40.1503078876268,0.385672180330594,0.239193065253947,2024.8293688472,2024.97584796228,NA,D11
588,287,0.00388782317755387,-88.9902421384998,43.5527682930488,-88.6015813973257,43.4145862724988,0.387966294556558,0.384078471379004,2024.97425425333,2024.9781420765,A/Turkey/WI/24-038658-001/2024|H5N1|USA-WI|2024-12-24|avian|D1.1,D11
588,288,0.00388782317755387,-88.9902421384998,43.5527682930488,-91.1512950528232,43.0617266117742,0.387966294556558,0.384078471379004,2024.97425425333,2024.9781420765,A/Turkey/WI/24-038658-002/2024|H5N1|USA-WI|2024-12-24|avian|D1.1,D11
531,532,0.00300315094629677,-120.191258283128,38.2047224557637,-119.491062286939,38.0841904066182,0.388066973695827,0.38506382274953,2024.9752396047,2024.97824275564,NA,D11
636,637,0.00676430183783799,-80.5789639617718,39.3754665960587,-78.9272757285064,40.0798676756547,0.388615269659198,0.38185096782136,2024.97202674977,2024.97879105161,NA,D11
408,409,0.0131833238560166,-113.582342908321,43.538177675765,-112.419958288822,43.0191615721657,0.389174651775507,0.37599132791949,2024.96616710987,2024.97935043372,NA,D11
403,404,0.0040589852817916,-116.004514175851,40.1503078876268,-121.089317858654,39.5241476994323,0.389731165612386,0.385672180330594,2024.97584796228,2024.97990694756,NA,D11
403,405,0.00405969135316436,-116.004514175851,40.1503078876268,-119.572117771818,38.9093974608123,0.389731871683758,0.385672180330594,2024.97584796228,2024.97990765363,NA,D11
579,326,0.00771234157729112,-97.9325124824835,40.6418821830485,-100.343584248481,41.6473019843403,0.390698534993684,0.382986193416393,2024.97316197536,2024.98087431694,A/Chicken/NE/24-038831-002/2024|H5N1|USA-NE|2024-12-25|avian|D1.1,D11
579,327,0.00771234157729112,-97.9325124824835,40.6418821830485,-97.8443738521969,40.9928469184554,0.390698534993684,0.382986193416393,2024.97316197536,2024.98087431694,A/Chicken/NE/24-038831-001/2024|H5N1|USA-NE|2024-12-25|avian|D1.1,D11
405,406,0.0012862441573121,-119.572117771818,38.9093974608123,-119.452375292027,38.7653198826954,0.39101811584107,0.389731871683758,2024.97990765363,2024.98119389779,NA,D11
423,425,0.129746129602275,-96.2404422398156,36.4491234343838,-79.8642855921106,34.2496372105384,0.392011675597315,0.262265545995039,2024.85244132794,2024.98218745754,NA,D11
635,638,0.0182293330344431,-79.509607033532,37.186476559176,-81.8780148767136,37.6042221776454,0.392492954239764,0.37426362120532,2024.96443940315,2024.98266873619,NA,D11
554,234,0.293987874687482,-107.225325544386,39.4391107533757,-112.158373411257,42.3853792235308,0.39343077543081,0.0994429007433283,2024.68961868269,2024.98360655738,A/chicken/Idaho/25-000073-001/2024|H5N1|USA-ID|2024-12-26|avian|D1.1,D11
429,97,0.175637587210055,-104.123083172357,45.5025492123076,-116.082035120426,45.3107493541087,0.39343077543081,0.217793188220756,2024.80796897017,2024.98360655738,A/chicken/Idaho/25-000072-001/2024|H5N1|USA-ID|2024-12-26|avian|D1.1,D11
483,143,0.162933191178078,-97.1294486729396,41.0403011124672,-91.9079250537658,34.8945107541117,0.39343077543081,0.230497584252733,2024.8206733662,2024.98360655738,A/Chicken/AR/24-038821-003/2024|H5N1|USA-AR|2024-12-26|avian|D1.1,D11
543,220,0.159904104778326,-112.647974634887,44.39622293264,-102.565499845104,44.4097093507086,0.39343077543081,0.233526670652485,2024.8237024526,2024.98360655738,A/cat/SD/24-038917-001/2024|H5N1|USA-SD|2024-12-26|feline|D1.1,D11
452,72,0.13561766448071,-107.343348511478,42.7768525500668,-99.5571760390562,44.4999964326839,0.39343077543081,0.2578131109501,2024.8479888929,2024.98360655738,A/PHEASANT/SD/24-038918-001/2024|H5N1|USA-SD|2024-12-26|avian|D1.1,D11
411,48,0.0850514153010786,-98.801629176604,40.4558827584013,-99.4628837828944,37.0964492732131,0.39343077543081,0.308379360129732,2024.89855514208,2024.98360655738,A/Chicken/KS/24-038657-001/2024|H5N1|USA-KS|2024-12-26|avian|D1.1,D11
480,132,0.040581789157432,-96.3766745522594,41.7121980187459,-100.515443288079,38.6250761020813,0.39343077543081,0.352848986273378,2024.94302476822,2024.98360655738,A/GUINEAFOWL/KS/24-038653-003/2024|H5N1|USA-KS|2024-12-26|avian|D1.1,D11
524,203,0.0327007409557963,-122.298852664239,38.3807044605897,-122.046136919104,37.7417905809469,0.39343077543081,0.360730034475014,2024.95090581642,2024.98360655738,A/Chicken/CA/24-038656-003/2024|H5N1|USA-CA|2024-12-26|avian|D1.1,D11
519,198,0.0286461742184469,-121.05940777974,37.7206774026894,-122.285659467338,38.1304739065007,0.39343077543081,0.364784601212364,2024.95496038316,2024.98360655738,A/Chicken/CA/24-038656-009/2024|H5N1|USA-CA|2024-12-26|avian|D1.1,D11
527,201,0.0250493121773867,-122.86165668247,38.0182634923585,-119.17770640611,36.8987126746134,0.39343077543081,0.368381463253424,2024.9585572452,2024.98360655738,A/Chicken/CA/24-038656-002/2024|H5N1|USA-CA|2024-12-26|avian|D1.1,D11
456,99,0.0212375633666284,-86.9935961244564,35.8369872932133,-87.1476955910638,35.7448800693712,0.39343077543081,0.372193212064182,2024.96236899401,2024.98360655738,A/Duck/TN/24-038885-003/2024|H5N1|USA-TN|2024-12-26|avian|D1.1,D11
481,131,0.018250081354978,-96.5444947623017,39.2596177983365,-95.513574533455,38.0161055579925,0.39343077543081,0.375180694075833,2024.96535647602,2024.98360655738,A/Chicken/KS/24-038653-001/2024|H5N1|USA-KS|2024-12-26|avian|D1.1,D11
481,130,0.018250081354978,-96.5444947623017,39.2596177983365,-97.7204583670608,39.9869177504924,0.39343077543081,0.375180694075833,2024.96535647602,2024.98360655738,A/Chicken/KS/24-038653-002/2024|H5N1|USA-KS|2024-12-26|avian|D1.1,D11
408,47,0.0174394475113201,-113.582342908321,43.538177675765,-112.60916762322,43.4218731370204,0.39343077543081,0.37599132791949,2024.96616710987,2024.98360655738,A/turkey/Idaho/25-000070-001/2024|H5N1|USA-ID|2024-12-26|avian|D1.1,D11
520,199,0.0171884748149685,-121.398630416354,37.273711895278,-121.370319774309,37.3610586896694,0.39343077543081,0.376242300615842,2024.96641808256,2024.98360655738,A/Chicken/CA/24-038656-001/2024|H5N1|USA-CA|2024-12-26|avian|D1.1,D11
528,202,0.017102305465304,-122.747850335232,38.8173317110736,-122.79499106673,39.170192676699,0.39343077543081,0.376328469965506,2024.96650425191,2024.98360655738,A/Chicken/CA/24-038947-003/2024|H5N1|USA-CA|2024-12-26|avian|D1.1,D11
457,100,0.016071653413019,-86.1601680970151,35.5647031691941,-87.4742826954295,36.1340006763246,0.39343077543081,0.377359122017791,2024.96753490396,2024.98360655738,A/Chicken/TN/24-038885-001/2024|H5N1|USA-TN|2024-12-26|avian|D1.1,D11
530,195,0.0138506155318446,-120.691785045464,38.4792402184767,-119.633870088632,36.8945593534937,0.39343077543081,0.379580159898966,2024.96975594185,2024.98360655738,A/Chicken/CA/24-038947-006/2024|H5N1|USA-CA|2024-12-26|avian|D1.1,D11
458,101,0.013345205119352,-86.684511583447,35.7733839240128,-86.9220128115979,35.7385961006008,0.39343077543081,0.380085570311459,2024.97026135226,2024.98360655738,A/Chicken/TN/24-038885-002/2024|H5N1|USA-TN|2024-12-26|avian|D1.1,D11
458,102,0.013345205119352,-86.684511583447,35.7733839240128,-86.0653297998605,35.5929184692542,0.39343077543081,0.380085570311459,2024.97026135226,2024.98360655738,A/Duck/TN/24-038885-004/2024|H5N1|USA-TN|2024-12-26|avian|D1.1,D11
523,205,0.0122576681888501,-123.655916923843,39.353654332868,-121.803756001982,38.2826281430974,0.39343077543081,0.38117310724196,2024.97134888919,2024.98360655738,A/Chicken/CA/24-038656-005/2024|H5N1|USA-CA|2024-12-26|avian|D1.1,D11
523,204,0.0122576681888501,-123.655916923843,39.353654332868,-123.368195257972,39.6757086637498,0.39343077543081,0.38117310724196,2024.97134888919,2024.98360655738,A/Chicken/CA/24-038656-008/2024|H5N1|USA-CA|2024-12-26|avian|D1.1,D11
529,189,0.00937444275107308,-120.973726904122,38.865302839292,-121.59600860612,37.3124857757384,0.39343077543081,0.384056332679737,2024.97423211463,2024.98360655738,A/Chicken/CA/24-038656-004/2024|H5N1|USA-CA|2024-12-26|avian|D1.1,D11
529,200,0.00937444275107308,-120.973726904122,38.865302839292,-121.26514291207,41.4746015858748,0.39343077543081,0.384056332679737,2024.97423211463,2024.98360655738,A/Chicken/CA/24-038656-006/2024|H5N1|USA-CA|2024-12-26|avian|D1.1,D11
521,197,0.00881634404914983,-120.915712684697,39.0444174411464,-122.195053378644,38.7666716979794,0.39343077543081,0.384614431381661,2024.97479021333,2024.98360655738,A/Chicken/CA/24-038947-002/2024|H5N1|USA-CA|2024-12-26|avian|D1.1,D11
521,196,0.00881634404914983,-120.915712684697,39.0444174411464,-120.922277160559,38.8310566159025,0.39343077543081,0.384614431381661,2024.97479021333,2024.98360655738,A/Chicken/CA/24-038656-007/2024|H5N1|USA-CA|2024-12-26|avian|D1.1,D11
531,191,0.00836695268128052,-120.191258283128,38.2047224557637,-119.380890626391,37.592948747817,0.39343077543081,0.38506382274953,2024.9752396047,2024.98360655738,A/Chicken/CA/24-038947-007/2024|H5N1|USA-CA|2024-12-26|avian|D1.1,D11
409,46,0.00425612365530353,-112.419958288822,43.0191615721657,-112.644835687181,44.4034521076491,0.39343077543081,0.389174651775507,2024.97935043372,2024.98360655738,A/turkey/Idaho/25-000070-003/2024|H5N1|USA-ID|2024-12-26|avian|D1.1,D11
409,45,0.00425612365530353,-112.419958288822,43.0191615721657,-112.512495052279,43.2247275388607,0.39343077543081,0.389174651775507,2024.97935043372,2024.98360655738,A/turkey/Idaho/25-000070-002/2024|H5N1|USA-ID|2024-12-26|avian|D1.1,D11
568,576,0.0674783770570662,-85.150470464236,42.1533901513233,-86.0486333175086,43.4953853010071,0.393700141229939,0.326221764172873,2024.91639754612,2024.98387592318,NA,D11
629,630,0.0195564310048873,-80.7024177070553,36.8839315809719,-80.9865932220625,37.0757831034933,0.395091355585601,0.375534924580713,2024.96571070653,2024.98526713753,NA,D11
570,572,0.0167408665876639,-83.2979727496951,43.6067654157928,-83.2249585683677,43.2549065361681,0.395608337224123,0.378867470636459,2024.96904325258,2024.98578411917,NA,D11
570,571,0.016929774532705,-83.2979727496951,43.6067654157928,-85.0962230356872,44.0374144319709,0.395797245169164,0.378867470636459,2024.96904325258,2024.98597302712,NA,D11
422,426,0.138649429887972,-89.0297338396237,33.8773607293433,-89.1742244816045,33.9597813416691,0.395856533216882,0.257207103328909,2024.84738288528,2024.98603231516,NA,D11
630,631,0.000908764249183569,-80.9865932220625,37.0757831034933,-81.6090636374286,37.459823892045,0.396000119834784,0.395091355585601,2024.98526713753,2024.98617590178,NA,D11
575,306,0.0245468775161175,-86.906235901563,44.5826010895535,-83.9735562729623,45.1599562930118,0.396163015867937,0.371616138351819,2024.9617919203,2024.98633879781,A/Turkey/MI/24-038979-001/2024|H5N1|USA-MI|2024-12-27|avian|D1.1,D11
575,303,0.0245468775161175,-86.906235901563,44.5826010895535,-85.5491138900262,45.0583866543889,0.396163015867937,0.371616138351819,2024.9617919203,2024.98633879781,A/Turkey/MI/24-038979-002/2024|H5N1|USA-MI|2024-12-27|avian|D1.1,D11
576,312,0.00246287463799766,-86.0486333175086,43.4953853010071,-84.9764612672677,43.2883027059369,0.396163015867937,0.393700141229939,2024.98387592318,2024.98633879781,A/Turkey/MI/24-038978-001/2024|H5N1|USA-MI|2024-12-27|avian|D1.1,D11
576,313,0.00246287463799766,-86.0486333175086,43.4953853010071,-84.1148144633062,42.6133205146857,0.396163015867937,0.393700141229939,2024.98387592318,2024.98633879781,A/Turkey/MI/24-038978-002/2024|H5N1|USA-MI|2024-12-27|avian|D1.1,D11
426,104,0.000306482651054818,-89.1742244816045,33.9597813416691,-88.8641312981627,34.1199705271523,0.396163015867937,0.395856533216882,2024.98603231516,2024.98633879781,A/Chicken/MS/24-038907-001/2024|H5N1|USA-MS|2024-12-27|avian|D1.1,D11
426,105,0.000306482651054818,-89.1742244816045,33.9597813416691,-88.8789055859263,33.7813772560773,0.396163015867937,0.395856533216882,2024.98603231516,2024.98633879781,A/Chicken/MS/24-038969-001/2024|H5N1|USA-MS|2024-12-27|avian|D1.1,D11
532,533,0.00847741918683143,-119.491062286939,38.0841904066182,-119.153773539085,37.8601307939629,0.396544392882658,0.388066973695827,2024.97824275564,2024.98672017483,NA,D11
629,632,0.0215467311151589,-80.7024177070553,36.8839315809719,-80.3531268620376,39.8288855002013,0.397081655695872,0.375534924580713,2024.96571070653,2024.98725743764,NA,D11
406,407,0.00754123402185486,-119.452375292027,38.7653198826954,-121.814509369576,40.1255304980425,0.398559349862925,0.39101811584107,2024.98119389779,2024.98873513181,NA,D11
574,304,0.0214416675845793,-86.1067661434326,45.0080187494892,-84.5852492463725,43.768220675144,0.398895256305063,0.377453588720484,2024.96762937067,2024.98907103825,A/Turkey/MI/24-038977-001/2024|H5N1|USA-MI|2024-12-28|avian|D1.1,D11
532,192,0.0108282826092361,-119.491062286939,38.0841904066182,-122.409718211389,38.7564800640436,0.398895256305063,0.388066973695827,2024.97824275564,2024.98907103825,A/Chicken/CA/24-038993-001/2024|H5N1|USA-CA|2024-12-28|avian|D1.1,D11
632,633,0.00310995495105654,-80.3531268620376,39.8288855002013,-82.1782107960981,38.7983762109138,0.400191610646929,0.397081655695872,2024.98725743764,2024.99036739259,NA,D11
419,78,0.136623559010075,-118.122088388364,41.677754197843,-116.490526530293,43.8113948977371,0.401627496742416,0.265003937732342,2024.85517971968,2024.99180327869,A/chicken/Idaho/25-000074-001/2024|H5N1|USA-ID|2024-12-29|avian|D1.1,D11
574,305,0.0241739080219329,-86.1067661434326,45.0080187494892,-83.9438496227009,45.4513388389855,0.401627496742416,0.377453588720484,2024.96762937067,2024.99180327869,A/Turkey/MI/24-038977-002/2024|H5N1|USA-MI|2024-12-29|avian|D1.1,D11
533,193,0.00508310385975819,-119.153773539085,37.8601307939629,-117.612111072261,35.561150067172,0.401627496742416,0.396544392882658,2024.98672017483,2024.99180327869,A/Chicken/CA/24-038993-002/2024|H5N1|USA-CA|2024-12-29|avian|D1.1,D11
633,634,0.00186470064088684,-82.1782107960981,38.7983762109138,-82.0003598815518,38.1168917563374,0.402056311287816,0.400191610646929,2024.99036739259,2024.99223209323,NA,D11
638,639,0.0116560684124787,-81.8780148767136,37.6042221776454,-81.5872495712775,38.0857285510085,0.404149022652242,0.392492954239764,2024.98266873619,2024.9943248046,NA,D11
490,142,0.277408181925725,-99.1754079278003,43.3279043376348,-96.7219676261156,45.0792592542581,0.404359737179543,0.126951555253818,2024.7171273372,2024.99453551913,A/cat/South_Dakota/25-000089-001/2024|H5N1|USA-SD|2024-12-30|feline|D1.1,D11
454,103,0.225225952110975,-108.686742946827,40.4163639125569,-91.5080826673361,35.2231720543281,0.404359737179543,0.179133785068567,2024.76930956701,2024.99453551913,A/chicken/Arkansas/25-000084-002/2024|H5N1|USA-AR|2024-12-30|avian|D1.1,D11
404,42,0.014628571567157,-121.089317858654,39.5241476994323,-123.029491707172,39.7148458554528,0.404359737179543,0.389731165612386,2024.97990694756,2024.99453551913,A/pheasant/California/25-000138-004/2024|H5N1|USA-CA|2024-12-30|avian|D1.1,D11
404,43,0.014628571567157,-121.089317858654,39.5241476994323,-123.440988628167,41.3921851961431,0.404359737179543,0.389731165612386,2024.97990694756,2024.99453551913,A/pheasant/California/25-000138-001/2024|H5N1|USA-CA|2024-12-30|avian|D1.1,D11
405,39,0.0146278654957843,-119.572117771818,38.9093974608123,-120.143556596644,39.4287094146681,0.404359737179543,0.389731871683758,2024.97990765363,2024.99453551913,A/pheasant/California/25-000138-006/2024|H5N1|USA-CA|2024-12-30|avian|D1.1,D11
406,40,0.0133416213384722,-119.452375292027,38.7653198826954,-119.277763826555,37.3793364738229,0.404359737179543,0.39101811584107,2024.98119389779,2024.99453551913,A/pheasant/California/25-000138-005/2024|H5N1|USA-CA|2024-12-30|avian|D1.1,D11
533,194,0.00781534429688435,-119.153773539085,37.8601307939629,-120.578724205528,37.0006177345771,0.404359737179542,0.396544392882658,2024.98672017483,2024.99453551913,A/Chicken/CA/24-038993-003/2024|H5N1|USA-CA|2024-12-30|avian|D1.1,D11
407,41,0.00580038731661731,-121.814509369576,40.1255304980425,-121.262569315499,40.2714356434814,0.404359737179543,0.398559349862925,2024.98873513181,2024.99453551913,A/pheasant/California/25-000138-003/2024|H5N1|USA-CA|2024-12-30|avian|D1.1,D11
407,44,0.00580038731661731,-121.814509369576,40.1255304980425,-121.570846227195,39.9814636724148,0.404359737179543,0.398559349862925,2024.98873513181,2024.99453551913,A/pheasant/California/25-000138-002/2024|H5N1|USA-CA|2024-12-30|avian|D1.1,D11
656,657,0.0378397822586438,-89.6316907728531,41.8932419338905,-89.5086089696002,41.6548318163762,0.40597445652891,0.368134674270266,2024.95831045622,2024.99615023848,NA,D11
656,340,0.0389573033464029,-89.6316907728531,41.8932419338905,-89.5961177633542,41.2412976589088,0.407091977616669,0.368134674270266,2024.95831045622,2024.99726775956,A/duck/Illinois/25-000057-001/2024|H5N1|USA-IL|2024-12-31|avian|D1.1,D11
636,263,0.0252410097953087,-80.5789639617718,39.3754665960587,-80.568876066054,40.07037676904,0.407091977616669,0.38185096782136,2024.97202674977,2024.99726775956,A/chicken/West_Virginia/25-000049-005/2024|H5N1|USA-WV|2024-12-31|avian|D1.1,D11
637,261,0.0184767079574708,-78.9272757285064,40.0798676756547,-81.3905933963645,38.2919518241499,0.407091977616669,0.388615269659198,2024.97879105161,2024.99726775956,A/chicken/West_Virginia/25-000049-006/2024|H5N1|USA-WV|2024-12-31|avian|D1.1,D11
637,262,0.0184767079574708,-78.9272757285064,40.0798676756547,-80.790327980226,39.3581270989362,0.407091977616669,0.388615269659198,2024.97879105161,2024.99726775956,A/chicken/West_Virginia/25-000049-003/2024|H5N1|USA-WV|2024-12-31|avian|D1.1,D11
638,257,0.0145990233769051,-81.8780148767136,37.6042221776454,-81.6117338956414,37.5361994782495,0.407091977616669,0.392492954239764,2024.98266873619,2024.99726775956,A/chicken/West_Virginia/25-000049-004/2024|H5N1|USA-WV|2024-12-31|avian|D1.1,D11
630,260,0.0120006220310679,-80.9865932220625,37.0757831034933,-82.4321911319848,38.21628086194,0.407091977616669,0.395091355585601,2024.98526713753,2024.99726775956,A/chicken/West_Virginia/25-000049-001/2024|H5N1|USA-WV|2024-12-31|avian|D1.1,D11
631,254,0.0110918577818844,-81.6090636374286,37.459823892045,-82.0260776638491,38.1336760646031,0.407091977616669,0.396000119834784,2024.98617590178,2024.99726775956,A/guineafowl/West_Virginia/25-000050-001/2024|H5N1|USA-WV|2024-12-31|avian|D1.1,D11
631,255,0.0110918577818844,-81.6090636374286,37.459823892045,-81.9855251934896,38.3512201300373,0.407091977616669,0.396000119834784,2024.98617590178,2024.99726775956,A/chicken/West_Virginia/25-000049-008/2024|H5N1|USA-WV|2024-12-31|avian|D1.1,D11
632,256,0.0100103219207964,-80.3531268620376,39.8288855002013,-79.7298332069223,38.7297316300933,0.407091977616669,0.397081655695872,2024.98725743764,2024.99726775956,A/chicken/West_Virginia/25-000049-002/2024|H5N1|USA-WV|2024-12-31|avian|D1.1,D11
633,264,0.00690036696973984,-82.1782107960981,38.7983762109138,-82.1358600862728,38.892601826686,0.407091977616669,0.400191610646929,2024.99036739259,2024.99726775956,A/turkey/West_Virginia/25-000051-001/2024|H5N1|USA-WV|2024-12-31|avian|D1.1,D11
634,253,0.00503566632885299,-82.0003598815518,38.1168917563374,-81.4919008959874,39.3617458748049,0.407091977616669,0.402056311287816,2024.99223209323,2024.99726775956,A/chicken/West_Virginia/25-000049-011/2024|H5N1|USA-WV|2024-12-31|avian|D1.1,D11
634,265,0.00503566632885299,-82.0003598815518,38.1168917563374,-81.0995881931666,37.6877754419021,0.407091977616669,0.402056311287816,2024.99223209323,2024.99726775956,A/chicken/West_Virginia/25-000049-007/2024|H5N1|USA-WV|2024-12-31|avian|D1.1,D11
639,259,0.00294295496442642,-81.5872495712775,38.0857285510085,-81.0218426730059,37.4539227105699,0.407091977616669,0.404149022652242,2024.9943248046,2024.99726775956,A/chicken/West_Virginia/25-000049-009/2024|H5N1|USA-WV|2024-12-31|avian|D1.1,D11
639,258,0.00294295496442642,-81.5872495712775,38.0857285510085,-81.5050246926485,37.9478308253556,0.407091977616669,0.404149022652242,2024.9943248046,2024.99726775956,A/chicken/West_Virginia/25-000049-010/2024|H5N1|USA-WV|2024-12-31|avian|D1.1,D11
657,338,0.00111752108775914,-89.5086089696002,41.6548318163762,-89.1355122239886,41.0448695215725,0.407091977616669,0.40597445652891,2024.99615023848,2024.99726775956,A/duck/Illinois/25-000059-001/2024|H5N1|USA-IL|2024-12-31|avian|D1.1,D11
657,339,0.00111752108775914,-89.5086089696002,41.6548318163762,-89.4994069895717,41.6589679347953,0.407091977616669,0.40597445652891,2024.99615023848,2024.99726775956,A/duck/Illinois/25-000060-001/2024|H5N1|USA-IL|2024-12-31|avian|D1.1,D11
420,421,0.104418716588469,-119.414520444799,41.5737307023606,-117.350721353541,42.153403160693,0.411854143124465,0.307435426535996,2024.89761120848,2025.00202992507,NA,D11
547,225,0.0704955065108018,-69.4725084360635,40.630301638567,-75.5272265354257,39.0930496404417,0.412563944081152,0.34206843757035,2024.93224421952,2025.00273972603,A/Chicken/DE/25-000201-001/2025|H5N1|USA-DE|2025-01-02|avian|D1.1,D11
666,350,0.0336483809251985,-86.3023743818489,28.8445326667941,-80.6587231950813,26.0227335816723,0.412563944081152,0.378915563155954,2024.9690913451,2025.00273972603,A/Chicken/FL/25-000345-002/2025|H5N1|USA-FL|2025-01-02|avian|D1.1,D11
666,351,0.0336483809251985,-86.3023743818489,28.8445326667941,-85.6192106324567,30.638335501985,0.412563944081152,0.378915563155954,2024.9690913451,2025.00273972603,A/Chicken/FL/25-000345-001/2025|H5N1|USA-FL|2025-01-02|avian|D1.1,D11
572,310,0.0169556068570297,-83.2249585683677,43.2549065361681,-84.5074912902913,43.6718444522469,0.412563944081152,0.395608337224123,2024.98578411917,2025.00273972603,A/Turkey/MI/25-000204-001/2025|H5N1|USA-MI|2025-01-02|avian|D1.1,D11
572,309,0.0169556068570297,-83.2249585683677,43.2549065361681,-84.0309755205454,43.2267277107542,0.412563944081152,0.395608337224123,2024.98578411917,2025.00273972603,A/Turkey/MI/25-000204-002/2025|H5N1|USA-MI|2025-01-02|avian|D1.1,D11
571,307,0.0167666989119887,-85.0962230356872,44.0374144319709,-84.981934902524,43.82576954418,0.412563944081152,0.395797245169164,2024.98597302712,2025.00273972603,A/Turkey/MI/25-000205-002/2025|H5N1|USA-MI|2025-01-02|avian|D1.1,D11
571,308,0.0167666989119887,-85.0962230356872,44.0374144319709,-85.0190676658992,43.9419244461336,0.412563944081152,0.395797245169164,2024.98597302712,2025.00273972603,A/Turkey/MI/25-000205-001/2025|H5N1|USA-MI|2025-01-02|avian|D1.1,D11
665,349,0.202454113183182,-97.377145020094,40.0556844866885,-85.1349051356043,41.7958927386951,0.41530367010851,0.212849556925328,2024.80302533887,2025.00547945205,A/goose/MI/25-000481-001/2025|H5N1|USA-MI|2025-01-03|avian|D1.1,D11
379,28,0.177184844571657,-98.9960101974055,40.4473972693867,-104.435767761804,31.5938302140801,0.41530367010851,0.238118825536853,2024.82829460748,2025.00547945205,A/Duck/TX/25-000377-001/2025|H5N1|USA-TX|2025-01-03|avian|D1.1,D11
624,247,0.136301508912038,-94.289497537582,41.2611957931764,-102.394294377366,35.992821370413,0.41530367010851,0.279002161196471,2024.86917794314,2025.00547945205,A/Chicken/TX/25-000477-001/2025|H5N1|USA-TX|2025-01-03|avian|D1.1,D11
622,239,0.0663258353383024,-99.6712639122812,46.6497656065968,-99.0615198990389,43.3367495434447,0.41530367010851,0.348977834770207,2024.93915361672,2025.00547945205,A/Chicken/SD/25-000286-002/2025|H5N1|USA-SD|2025-01-03|avian|D1.1,D11
623,237,0.046056421668845,-97.9245263847575,44.9985896218381,-97.724488700652,45.0266197144303,0.41530367010851,0.369247248439665,2024.95942303039,2025.00547945205,A/PEAFOWL/SD/25-000286-003/2025|H5N1|USA-SD|2025-01-03|avian|D1.1,D11
623,238,0.046056421668845,-97.9245263847575,44.9985896218381,-97.663912363157,44.7739116948744,0.41530367010851,0.369247248439665,2024.95942303039,2025.00547945205,A/GUINEAFOWL/SD/25-000286-001/2025|H5N1|USA-SD|2025-01-03|avian|D1.1,D11
421,76,0.00892897903898632,-117.350721353541,42.153403160693,-118.447710054092,43.0082584845943,0.420783122163452,0.411854143124465,2025.00202992507,2025.01095890411,A/Chicken/OR/25-000540-001/2025|H5N1|USA-OR|2025-01-05|avian|D1.1,D11
421,77,0.00892897903898632,-117.350721353541,42.153403160693,-117.250783606496,42.1965000833475,0.420783122163452,0.411854143124465,2025.00202992507,2025.01095890411,A/Chicken/OR/25-000540-002/2025|H5N1|USA-OR|2025-01-05|avian|D1.1,D11
543,221,0.189996177538324,-112.647974634887,44.39622293264,-111.588657156064,42.3593910380176,0.423522848190809,0.233526670652485,2024.8237024526,2025.01369863014,A/Chicken/ID/25-000539-001/2025|H5N1|USA-ID|2025-01-06|avian|D1.1,D11
452,73,0.165709737240709,-107.343348511478,42.7768525500668,-103.953336637391,43.5758905881293,0.423522848190809,0.2578131109501,2024.8479888929,2025.01369863014,A/Chicken/SD/25-000692-001/2025|H5N1|USA-SD|2025-01-06|avian|D1.1,D11
641,248,0.154212057394623,-88.1846245569737,37.6355623377257,-81.5105378315177,31.8054636711799,0.423522848190809,0.269310790796187,2024.85948657274,2025.01369863014,A/Chicken/GA/25-000538-001/2025|H5N1|USA-GA|2025-01-06|avian|D1.1,D11
425,106,0.0315111725934946,-79.8642855921106,34.2496372105384,-80.0043469721766,35.1119245747858,0.423522848190809,0.392011675597315,2024.98218745754,2025.01369863014,A/Chicken/NC/25-000300-002/2025|H5N1|USA-NC|2025-01-06|avian|D1.1,D11
425,107,0.0315111725934946,-79.8642855921106,34.2496372105384,-79.829202336683,34.813938049269,0.423522848190809,0.392011675597315,2024.98218745754,2025.01369863014,A/Chicken/NC/25-000300-001/2025|H5N1|USA-NC|2025-01-06|avian|D1.1,D11
420,75,0.195539476449314,-119.414520444799,41.5737307023606,-118.323787902977,40.2675008366524,0.50297490298531,0.307435426535996,2024.89761120848,2025.09315068493,A/Nevada/10/2025|H5N1|USA-NV|2025-02-04|human|D1.1,D11
410,51,0.28373629242117,-103.361976672649,42.0892303943789,-104.981540274064,44.5000492696077,0.52215298517704,0.23841669275587,2024.8285924747,2025.11232876712,A/Wyoming/01/2025|H5N1|USA-WY|2025-02-11|human|D1.1,D11
