node1,node2,length,startLon,startLat,endLon,endLat,endNodeL,startNodeL,startYear,endYear,tipLabel
583,478,0.679408683507886,-95.055383594691,36.7643307442481,-93.8552791534348,43.2197247218545,0.679408683507886,0,2021.66305706992,2022.34246575342,EPI_ISL_13052721|A/fox/Iowa/22-014421-001/2022|H5N1|USA-IA|2022-05-06|other_mammal|B3.2
583,584,0.144242377636719,-95.055383594691,36.7643307442481,-102.720453625436,47.8583247494457,0.144242377636719,0,2021.66305706992,2021.80729944755,NA
584,1053,0.00650854668969503,-102.720453625436,47.8583247494457,-100.358355814249,48.8753181508168,0.150750924326414,0.144242377636719,2021.80729944755,2021.81380799424,NA
1053,1054,0.0094470405017959,-100.358355814249,48.8753181508168,-98.5051091772527,46.7130659288552,0.16019796482821,0.150750924326414,2021.81380799424,2021.82325503474,NA
584,585,0.019256136156828,-102.720453625436,47.8583247494457,-102.026035560001,48.9957566312395,0.163498513793547,0.144242377636719,2021.80729944755,2021.82655558371,NA
585,586,0.00167270693757704,-102.026035560001,48.9957566312395,-102.097644619756,48.8367979742002,0.165171220731124,0.163498513793547,2021.82655558371,2021.82822829065,NA
1054,1055,0.0313135149747858,-98.5051091772527,46.7130659288552,-98.5096463364817,46.7351241903152,0.191511479802996,0.16019796482821,2021.82325503474,2021.85456854972,NA
1053,1152,0.0609419442227783,-100.358355814249,48.8753181508168,-99.8142996332188,49.9404051845207,0.211692868549192,0.150750924326414,2021.81380799424,2021.87474993847,NA
1055,1056,0.0233793388201544,-98.5096463364817,46.7351241903152,-95.2460281354949,47.9779582058057,0.21489081862315,0.191511479802996,2021.85456854972,2021.87794788854,NA
1054,1062,0.0635797438657772,-98.5051091772527,46.7130659288552,-97.7986067505798,48.3641174181498,0.223777708693987,0.16019796482821,2021.82325503474,2021.88683477861,NA
1062,1063,0.01934815573191,-97.7986067505798,48.3641174181498,-100.736274784861,49.5862347214245,0.243125864425897,0.223777708693987,2021.88683477861,2021.90618293434,NA
1062,1136,0.0295954747903,-97.7986067505798,48.3641174181498,-99.3403115996114,48.7058626012737,0.253373183484287,0.223777708693987,2021.88683477861,2021.9164302534,NA
1136,1146,0.00842162782202838,-99.3403115996114,48.7058626012737,-99.5299856102773,48.512299747499,0.261794811306316,0.253373183484287,2021.9164302534,2021.92485188122,NA
1146,1147,0.02288202328636,-99.5299856102773,48.512299747499,-100.185455320151,49.433888966267,0.284676834592676,0.261794811306316,2021.92485188122,2021.94773390451,NA
1136,1137,0.0340550613935955,-99.3403115996114,48.7058626012737,-99.6768743348524,49.4150106105838,0.287428244877883,0.253373183484287,2021.9164302534,2021.95048531479,NA
586,587,0.131156132156174,-102.097644619756,48.8367979742002,-104.975939496093,50.3389989366135,0.296327352887298,0.165171220731124,2021.82822829065,2021.9593844228,NA
1137,1138,0.0252261145436958,-99.6768743348524,49.4150106105838,-99.6809199061632,49.3734150298296,0.312654359421578,0.287428244877883,2021.95048531479,2021.97571142934,NA
587,588,0.0238559653701609,-104.975939496093,50.3389989366135,-96.6102597171897,49.7829253849228,0.320183318257459,0.296327352887298,2021.9593844228,2021.98324038817,NA
1138,1139,0.0194711204994822,-99.6809199061632,49.3734150298296,-102.715211786448,52.1712720636616,0.332125479921061,0.312654359421578,2021.97571142934,2021.99518254984,NA
1063,1064,0.0917160269537591,-100.736274784861,49.5862347214245,-93.833347872269,45.0897891072725,0.334841891379656,0.243125864425897,2021.90618293434,2021.9978989613,NA
1139,1140,0.0028090067716513,-102.715211786448,52.1712720636616,-102.590019371048,52.1368938454513,0.334934486692712,0.332125479921061,2021.99518254984,2021.99799155661,NA
1137,1143,0.0589753587880013,-99.6768743348524,49.4150106105838,-99.0288509593764,47.1717767249992,0.346403603665884,0.287428244877883,2021.95048531479,2022.00946067358,NA
1140,1141,0.0160193363369521,-102.590019371048,52.1368938454513,-96.9200079187265,47.452368578967,0.350953823029664,0.334934486692712,2021.99799155661,2022.01401089295,NA
1147,1150,0.0742897263067634,-100.185455320151,49.433888966267,-106.312253860977,49.4754352969793,0.358966560899439,0.284676834592676,2021.94773390451,2022.02202363082,NA
1055,1060,0.177230972576643,-98.5096463364817,46.7351241903152,-116.728546727332,48.4250664479498,0.368742452379638,0.191511479802996,2021.85456854972,2022.0317995223,NA
1056,1058,0.155983856381009,-95.2460281354949,47.9779582058057,-95.2596277974165,47.9771951938715,0.370874675004159,0.21489081862315,2021.87794788854,2022.03393174492,NA
587,590,0.0764176867130568,-104.975939496093,50.3389989366135,-103.362344393096,49.1266719760664,0.372745039600355,0.296327352887298,2021.9593844228,2022.03580210952,NA
1056,1057,0.163913616523289,-95.2460281354949,47.9779582058057,-90.3960076437241,39.7406520200252,0.378804435146439,0.21489081862315,2021.87794788854,2022.04186150506,NA
590,591,0.0106871591380089,-103.362344393096,49.1266719760664,-114.136520022197,49.9066412113056,0.383432198738364,0.372745039600355,2022.03580210952,2022.04648926866,NA
1150,1151,0.0368392569168488,-106.312253860977,49.4754352969793,-97.9229783436462,44.6785409639698,0.395805817816288,0.358966560899439,2022.02202363082,2022.05886288773,NA
1141,1142,0.0453964122101129,-96.9200079187265,47.452368578967,-96.0169932728805,48.1816993777177,0.396350235239777,0.350953823029664,2022.01401089295,2022.05940730516,NA
1152,1153,0.187459806168391,-99.8142996332188,49.9404051845207,-108.175136602181,36.4821873989953,0.399152674717584,0.211692868549192,2021.87474993847,2022.06220974463,NA
1064,1065,0.0654245487267917,-93.833347872269,45.0897891072725,-85.8143394850446,50.1027473436446,0.400266440106448,0.334841891379656,2021.9978989613,2022.06332351002,NA
1058,1059,0.0433944380303717,-95.2596277974165,47.9771951938715,-97.5566863739866,48.9158093445072,0.414269113034531,0.370874675004159,2022.03393174492,2022.07732618295,NA
1153,1154,0.0200263171741311,-108.175136602181,36.4821873989953,-108.492696253284,38.6947004317904,0.419178991891715,0.399152674717584,2022.06220974463,2022.08223606181,NA
591,592,0.0438041924571912,-114.136520022197,49.9066412113056,-115.262534587247,49.426768538008,0.427236391195555,0.383432198738364,2022.04648926866,2022.09029346111,NA
592,593,0.00633248256614483,-115.262534587247,49.426768538008,-115.089944302191,49.551359409249,0.4335688737617,0.427236391195555,2022.09029346111,2022.09662594368,NA
1147,1148,0.149106205602714,-100.185455320151,49.433888966267,-99.1065237440261,56.6192323852402,0.433783040195389,0.284676834592676,2021.94773390451,2022.09684011011,NA
1154,1156,0.0179063997217788,-108.492696253284,38.6947004317904,-106.294064618339,38.6782832463918,0.437085391613493,0.419178991891715,2022.08223606181,2022.10014246153,NA
592,678,0.0209110591882542,-115.262534587247,49.426768538008,-116.104750540189,49.6695387084288,0.448147450383809,0.427236391195555,2022.09029346111,2022.1112045203,NA
588,589,0.131829146502988,-96.6102597171897,49.7829253849228,-95.5905261823242,48.1374400899405,0.452012464760447,0.320183318257459,2021.98324038817,2022.11506953468,NA
590,703,0.087376336384982,-103.362344393096,49.1266719760664,-102.525282469825,48.5068249832061,0.460121375985337,0.372745039600355,2022.03580210952,2022.1231784459,NA
1148,1149,0.0307360514077732,-99.1065237440261,56.6192323852402,-99.3563926289689,53.2079186801104,0.464519091603163,0.433783040195389,2022.09684011011,2022.12757616152,NA
593,594,0.0331430904557806,-115.089944302191,49.551359409249,-116.496456837972,51.5126710389403,0.466711964217481,0.4335688737617,2022.09662594368,2022.12976903413,NA
1060,1061,0.10825300213351,-116.728546727332,48.4250664479498,-108.399079738308,55.8607800900199,0.476995454513149,0.368742452379638,2022.0317995223,2022.14005252443,NA
1065,1066,0.0800199121174177,-85.8143394850446,50.1027473436446,-89.9156759073246,46.236868988715,0.480286352223866,0.400266440106448,2022.06332351002,2022.14334342214,NA
1066,1068,0.000254746503383974,-89.9156759073246,46.236868988715,-91.0688871610352,46.6167272838413,0.48054109872725,0.480286352223866,2022.14334342214,2022.14359816864,NA
703,704,0.0254465205104739,-102.525282469825,48.5068249832061,-98.4896849613702,41.8677191602835,0.485567896495811,0.460121375985337,2022.1231784459,2022.14862496641,NA
594,595,0.0193479524727249,-116.496456837972,51.5126710389403,-121.52414482285,53.2930053188376,0.486059916690206,0.466711964217481,2022.12976903413,2022.14911698661,NA
1068,1069,0.00840386056368647,-91.0688871610352,46.6167272838413,-91.1093804017401,46.8024038509705,0.488944959290936,0.48054109872725,2022.14359816864,2022.15200202921,NA
1069,1070,0.00718162779427622,-91.1093804017401,46.8024038509705,-91.4349930624607,47.08194722416,0.496126587085212,0.488944959290936,2022.15200202921,2022.159183657,NA
595,596,0.0155952164423114,-121.52414482285,53.2930053188376,-124.092397261723,53.3651600626687,0.501655133132517,0.486059916690206,2022.14911698661,2022.16471220305,NA
596,604,0.000132998841833043,-124.092397261723,53.3651600626687,-123.627951751607,53.6887405177033,0.50178813197435,0.501655133132517,2022.16471220305,2022.16484520189,NA
1070,1071,0.00976740571087209,-91.4349930624607,47.08194722416,-90.9129975133064,45.2590616103667,0.505893992796084,0.496126587085212,2022.159183657,2022.16895106271,NA
1071,1072,0.00103568487337435,-90.9129975133064,45.2590616103667,-90.3019948685178,44.3684141811665,0.506929677669459,0.505893992796084,2022.16895106271,2022.16998674759,NA
1143,1144,0.169833515954136,-99.0288509593764,47.1717767249992,-95.1313966033849,43.9773707645677,0.51623711962002,0.346403603665884,2022.00946067358,2022.17929418954,NA
704,705,0.0309733616120207,-98.4896849613702,41.8677191602835,-103.682306665408,44.0356014765773,0.516541258107832,0.485567896495811,2022.14862496641,2022.17959832802,NA
1154,1155,0.100954513705234,-108.492696253284,38.6947004317904,-111.140875687069,40.0879552134313,0.520133505596948,0.419178991891715,2022.08223606181,2022.18319057551,NA
705,706,0.00778837393556575,-103.682306665408,44.0356014765773,-103.774402812836,43.9021360477582,0.524329632043397,0.516541258107832,2022.17959832802,2022.18738670196,NA
706,728,0.00261328877769262,-103.774402812836,43.9021360477582,-103.586295929434,44.2142086192012,0.52694292082109,0.524329632043397,2022.18738670196,2022.18999999074,NA
1069,1074,0.0430414163373141,-91.1093804017401,46.8024038509705,-94.5588130613212,46.4509604122801,0.53198637562825,0.488944959290936,2022.15200202921,2022.19504344555,NA
728,729,0.00782540023983458,-103.586295929434,44.2142086192012,-103.948478114903,43.9725788941626,0.534768321060925,0.52694292082109,2022.18999999074,2022.19782539098,NA
596,597,0.039124326119373,-124.092397261723,53.3651600626687,-123.820450074364,53.4946156859306,0.54077945925189,0.501655133132517,2022.16471220305,2022.20383652917,NA
1142,570,0.154291324980493,-96.0169932728805,48.1816993777177,-95.9575520145893,48.4148757356946,0.55064156022027,0.396350235239777,2022.05940730516,2022.21369863014,SRR24839471|A/haliaeetus_leucocephalus/Minnesota/AH0144539/2022|H5N1|USA-MN|2022-03-20|wild_avian|B3.2
604,605,0.0498253633748007,-123.627951751607,53.6887405177033,-121.127255979573,54.0812678102708,0.551613495349151,0.50178813197435,2022.16484520189,2022.21467056527,NA
1072,1073,0.0451854642513005,-90.3019948685178,44.3684141811665,-90.6613333771912,45.5243088072915,0.552115141920759,0.506929677669459,2022.16998674759,2022.21517221184,NA
1144,577,0.0371441666276073,-95.1313966033849,43.9773707645677,-97.8396841277766,43.5752935077599,0.553381286247627,0.51623711962002,2022.17929418954,2022.21643835616,OQ966412|A/Turkey/South_Dakota/22-008485-001/2022|H5N1|USA-SD|2022-03-21|domestic_avian|B3.2
1151,579,0.160315194458697,-97.9229783436462,44.6785409639698,-97.6170029451617,44.2412187344877,0.556121012274985,0.395805817816288,2022.05886288773,2022.21917808219,EPI_ISL_11971487|A/chicken/South_Dakota/22-008704-002/2022|H5N1|USA-SD|2022-03-22|domestic_avian|B3.2
597,598,0.0164786132319503,-123.820450074364,53.4946156859306,-121.643761094875,53.3512700703288,0.55725807248384,0.54077945925189,2022.20383652917,2022.2203151424,NA
1063,493,0.315734873876445,-100.736274784861,49.5862347214245,-99.0822567438379,47.4301830621267,0.558860738302342,0.243125864425897,2021.90618293434,2022.22191780822,OQ963444|A/Ross_s_goose/North_Dakota/22-009481-019/2022|H5N1|USA-NC|2022-03-23|wild_avian|B3.2
1138,573,0.246206378880764,-99.6809199061632,49.3734150298296,-98.8709129133805,47.4031919019967,0.558860738302342,0.312654359421578,2021.97571142934,2022.22191780822,OQ964276|A/Snow_Goose/North_Dakota/22-009481-003/2022|H5N1|USA-NC|2022-03-23|wild_avian|B3.2
598,599,0.00278311451924029,-121.643761094875,53.3512700703288,-121.556342070831,53.4275109152853,0.560041187003081,0.55725807248384,2022.2203151424,2022.22309825692,NA
598,601,0.0031256327304523,-121.643761094875,53.3512700703288,-119.782347699899,52.3270541491068,0.560383705214293,0.55725807248384,2022.2203151424,2022.22344077513,NA
1074,1119,0.0290065035932625,-94.5588130613212,46.4509604122801,-93.5576683678572,45.882299865021,0.560992879221513,0.53198637562825,2022.19504344555,2022.22404994914,NA
599,600,0.00164051355700723,-121.556342070831,53.4275109152853,-121.76531073599,53.1333526108401,0.561681700560088,0.560041187003081,2022.22309825692,2022.22473877048,NA
729,732,0.031756538241932,-103.948478114903,43.9725788941626,-104.78902393107,44.5696680992842,0.566524859302857,0.534768321060925,2022.19782539098,2022.22958192922,NA
591,695,0.190938547095494,-114.136520022197,49.9066412113056,-116.499905621932,45.6458481734329,0.574370745833858,0.383432198738364,2022.04648926866,2022.23742781575,NA
1119,549,0.0143062152452011,-93.5576683678572,45.882299865021,-93.2018705719954,44.8277602665317,0.575299094466714,0.560992879221513,2022.22404994914,2022.23835616438,OQ957668|A/American_Crow/Minnesota/22-009668-001/2022|H5N1|USA-MN|2022-03-29|wild_avian|B3.2
604,663,0.0743605139677395,-123.627951751607,53.6887405177033,-122.949670104187,54.6135316005899,0.57614864594209,0.50178813197435,2022.16484520189,2022.23920571586,NA
695,696,0.00373344691447564,-116.499905621932,45.6458481734329,-116.706324765834,45.227967133761,0.578104192748333,0.574370745833858,2022.23742781575,2022.24116126267,NA
1073,563,0.0368825826829688,-90.6613333771912,45.5243088072915,-89.4871460101186,45.1769025276025,0.588997724603728,0.552115141920759,2022.21517221184,2022.25205479452,SRR24843021|A/lophodytes_cucullatus/Wisconsin/AH0211463/2022|H5N1|USA-WI|2022-04-03|wild_avian|B3.2
678,679,0.14140092093141,-116.104750540189,49.6695387084288,-127.435110049976,57.0803459073248,0.589548371315219,0.448147450383809,2022.1112045203,2022.25260544123,NA
1066,1067,0.113816999233898,-89.9156759073246,46.236868988715,-89.6816916655782,44.0572881656567,0.594103351457764,0.480286352223866,2022.14334342214,2022.25716042137,NA
679,680,0.00770257809773156,-127.435110049976,57.0803459073248,-126.816458797028,55.8844235159768,0.597250949412951,0.589548371315219,2022.25260544123,2022.26030801933,NA
1061,490,0.125700900227594,-108.399079738308,55.8607800900199,-100.124992972755,51.3214748680571,0.602696354740742,0.476995454513149,2022.14005252443,2022.26575342466,PV317784|A/Snow_Goose/MB/FAV-0227-3-2022/2022|H5N1|Canada-MB|2022-04-08|wild_avian|B3.2
732,733,0.0375507037041718,-104.78902393107,44.5696680992842,-104.369814343619,44.218104616875,0.604075563007028,0.566524859302857,2022.22958192922,2022.26713263292,NA
1156,1157,0.168880788329098,-106.294064618339,38.6782832463918,-111.980352802012,40.6144151301468,0.605966179942591,0.437085391613493,2022.10014246153,2022.26902324986,NA
1152,1162,0.395436841147982,-99.8142996332188,49.9404051845207,-101.442394231786,46.0152165013154,0.607129709697175,0.211692868549192,2021.87474993847,2022.27018677961,NA
601,603,0.0473955442891567,-119.782347699899,52.3270541491068,-124.081096529001,56.6315820365344,0.607779249503449,0.560383705214293,2022.22344077513,2022.27083631942,NA
728,785,0.0819925477643944,-103.586295929434,44.2142086192012,-100.652067613204,42.0908697912477,0.608935468585484,0.52694292082109,2022.18999999074,2022.2719925385,NA
696,697,0.0332184680512122,-116.706324765834,45.227967133761,-117.107994639486,44.8612128247189,0.611322660799546,0.578104192748333,2022.24116126267,2022.27437973072,NA
706,707,0.0872452181617036,-103.774402812836,43.9021360477582,-104.181210338673,44.3597877105288,0.611574850205101,0.524329632043397,2022.18738670196,2022.27463192012,NA
1157,1158,0.00690025920639803,-111.980352802012,40.6144151301468,-112.055613731011,40.4966180598889,0.61286643914899,0.605966179942591,2022.26902324986,2022.27592350907,NA
1144,1145,0.101774591491328,-95.1313966033849,43.9773707645677,-90.9144711955281,42.6940424956543,0.618011711111348,0.51623711962002,2022.17929418954,2022.28106878103,NA
707,714,0.0067753861842279,-104.181210338673,44.3597877105288,-104.158582723228,43.6740000371109,0.618350236389329,0.611574850205101,2022.27463192012,2022.28140730631,NA
589,475,0.167122246144667,-95.5905261823242,48.1374400899405,-95.6071304982483,47.3840810272056,0.619134710905114,0.452012464760447,2022.11506953468,2022.28219178082,SRR24843342|A/anser_rossii/Minnesota/AH0218392/2022|H5N1|USA-MN|2022-04-14|wild_avian|B3.2
1067,503,0.0250313594473504,-89.6816916655782,44.0572881656567,-91.614363655081,45.9407621394933,0.619134710905114,0.594103351457764,2022.25716042137,2022.28219178082,PQ719833|A/Wood_Duck/WI/22-014367-001-original/2022|H5N1|USA-WI|2022-04-14|wild_avian|B3.2
1119,1120,0.0598236049457537,-93.5576683678572,45.882299865021,-94.7984988391499,45.9093918003175,0.620816484167266,0.560992879221513,2022.22404994914,2022.28387355408,NA
1057,8,0.243070001786033,-90.3960076437241,39.7406520200252,-91.4025764685873,41.2581181132712,0.621874436932472,0.378804435146439,2022.04186150506,2022.28493150685,OQ962748|A/Peregrine_Falcon/Iowa/22-012093-001/2022|H5N1|USA-IA|2022-04-15|wild_avian|B3.2
1162,3,0.0229639053175963,-101.442394231786,46.0152165013154,-94.6568918316324,45.367918727689,0.630093615014771,0.607129709697175,2022.27018677961,2022.29315068493,OQ966052|A/Turkey/Minnesota/22-012036-001/2022|H5N1|USA-MN|2022-04-18|domestic_avian|B3.2
697,698,0.0192006138623304,-117.107994639486,44.8612128247189,-117.205636681853,44.8927470142849,0.630523274661876,0.611322660799546,2022.27437973072,2022.29358034458,NA
707,708,0.0201885776734292,-104.181210338673,44.3597877105288,-103.420649634128,44.6930873664492,0.63176342787853,0.611574850205101,2022.27463192012,2022.2948204978,NA
589,476,0.180820876281682,-95.5905261823242,48.1374400899405,-97.2233892133634,46.2712570073727,0.632833341042129,0.452012464760447,2022.11506953468,2022.29589041096,EPI_ISL_16171251|A/turkey/North_Dakota/22-012099-002/2022|H5N1|USA-ND|2022-04-19|domestic_avian|B3.2
605,606,0.0861797138851674,-121.127255979573,54.0812678102708,-117.463818204234,45.1880365747312,0.637793209234318,0.551613495349151,2022.21467056527,2022.30085027915,NA
1156,1161,0.202416712275909,-106.294064618339,38.6782832463918,-106.457221359848,42.3798033666797,0.639502103889402,0.437085391613493,2022.10014246153,2022.30255917381,NA
1139,574,0.30892703920314,-102.715211786448,52.1712720636616,-107.235619411679,50.8407653912844,0.641052519124201,0.332125479921061,2021.99518254984,2022.30410958904,PV304560|A/Black-billed_Magpie/SK/FAV-0802-32-2022/2022|H5N1|Canada-SK|2022-04-22|wild_avian|B3.2
1059,4,0.22678340608967,-97.5566863739866,48.9158093445072,-97.6523094243328,49.0081563546632,0.641052519124201,0.414269113034531,2022.07732618295,2022.30410958904,PV301952|A/American_Crow/MB/FAV-0364-9-2022/2022|H5N1|Canada-MB|2022-04-22|wild_avian|B3.2
1073,562,0.0889373772034414,-90.6613333771912,45.5243088072915,-87.55601114186,45.3838281350715,0.641052519124201,0.552115141920759,2022.21517221184,2022.30410958904,OQ958516|A/Backyard_bird/Michigan/22-012454-001/2022|H5N1|USA-MI|2022-04-22|domestic_avian|B3.2
1161,479,0.00155041523479849,-106.457221359848,42.3798033666797,-104.890784038989,41.2636674222361,0.641052519124201,0.639502103889402,2022.30255917381,2022.30410958904,OQ961660|A/Great_Horned_Owl/Wyoming/22-013016-001/2022|H5N1|USA-WY|2022-04-22|wild_avian|B3.2
696,702,0.0641521973501757,-116.706324765834,45.227967133761,-114.472233020671,43.3577211861141,0.642256390098509,0.578104192748333,2022.24116126267,2022.30531346002,NA
1064,566,0.314429805826844,-93.833347872269,45.0897891072725,-88.7023137208907,38.5707526561512,0.6492716972065,0.334841891379656,2021.9978989613,2022.31232876712,PQ702001|A/American_white_Pelican/IL/22-013436-001-original/2022|H5N1|USA-IL|2022-04-25|wild_avian|B3.2
1161,480,0.00976959331709804,-106.457221359848,42.3798033666797,-106.74896893147,41.9957941386495,0.6492716972065,0.639502103889402,2022.30255917381,2022.31232876712,OQ961668|A/Great_Horned_Owl/Wyoming/22-013016-002/2022|H5N1|USA-WY|2022-04-25|wild_avian|B3.2
1060,491,0.283268970854219,-116.728546727332,48.4250664479498,-76.9122865038358,39.6288639534415,0.652011423233858,0.368742452379638,2022.0317995223,2022.31506849315,OQ960380|A/Black_Vulture/Maryland/22-012990-001/2022|H5N1|USA-MD|2022-04-26|wild_avian|B3.2
1058,5,0.281136748229698,-95.2596277974165,47.9771951938715,-96.1376140915726,41.634452604593,0.652011423233858,0.370874675004159,2022.03393174492,2022.31506849315,SRR24842963|A/gallus_gallus/Nebraska/22-013105-001/2022|H5N1|USA-NE|2022-04-26|domestic_avian|B3.2
1155,487,0.131877917636909,-111.140875687069,40.0879552134313,-111.456914107116,39.8782570933959,0.652011423233858,0.520133505596948,2022.18319057551,2022.31506849315,OQ966732|A/Turkey/Utah/22-012960-001/2022|H5N1|USA-UT|2022-04-26|domestic_avian|B3.2
733,734,0.049351306071673,-104.369814343619,44.218104616875,-104.380153938036,39.7290415668557,0.653426869078702,0.604075563007028,2022.26713263292,2022.316483939,NA
595,474,0.16869123257101,-121.52414482285,53.2930053188376,-113.476966101577,50.7461300600699,0.654751149261215,0.486059916690206,2022.14911698661,2022.31780821918,PV317584|A/Snow_Goose/AB/FAV-0505-21-2022/2022|H5N1|Canada-AB|2022-04-27|wild_avian|B3.2
601,602,0.0953224206826833,-119.782347699899,52.3270541491068,-115.673344800513,53.1372012792383,0.655706125896976,0.560383705214293,2022.22344077513,2022.31876319581,NA
1057,7,0.278686440142361,-90.3960076437241,39.7406520200252,-96.6947813644306,42.0395674699875,0.6574908752888,0.378804435146439,2022.04186150506,2022.32054794521,PQ715265|A/Peregrine_falcon/NE/22-013518-001-original/2022|H5N1|USA-NE|2022-04-28|wild_avian|B3.2
1151,580,0.261685057472512,-97.9229783436462,44.6785409639698,-99.3125661586546,48.7111153756204,0.6574908752888,0.395805817816288,2022.05886288773,2022.32054794521,PQ718233|A/Snow_goose/ND/22-013421-001-original/2022|H5N1|USA-ND|2022-04-28|wild_avian|B3.2
1148,568,0.223707835093411,-99.1065237440261,56.6192323852402,-105.733312247098,53.1348042181103,0.6574908752888,0.433783040195389,2022.09684011011,2022.32054794521,PV303016|A/American_Crow/SK/FAV-0575-14-2022/2022|H5N1|Canada-SK|2022-04-28|wild_avian|B3.2
600,468,0.0985489007560694,-121.76531073599,53.1333526108401,-117.133441486356,58.7335758663885,0.660230601316157,0.561681700560088,2022.22473877048,2022.32328767123,PV317592|A/Snow_Goose/AB/FAV-0505-32-2022/2022|H5N1|Canada-AB|2022-04-29|wild_avian|B3.2
663,473,0.0840819553740677,-122.949670104187,54.6135316005899,-149.519085924289,61.3684465318917,0.660230601316157,0.57614864594209,2022.23920571586,2022.32328767123,SRR24842838|A/anser_sp/Alaska/22-013831-003/2022|H5N1|USA-AK|2022-04-29|wild_avian|B3.2
698,699,0.033525408116851,-117.205636681853,44.8927470142849,-115.455355708134,43.4241084185157,0.664048682778727,0.630523274661876,2022.29358034458,2022.3271057527,NA
1157,1159,0.0586097088855415,-111.980352802012,40.6144151301468,-110.047683139761,39.5191728813993,0.664575888828133,0.605966179942591,2022.26902324986,2022.32763295874,NA
708,709,0.034839348950868,-103.420649634128,44.6930873664492,-104.558587462077,44.6205123948148,0.666602776829398,0.63176342787853,2022.2948204978,2022.32965984675,NA
585,9,0.504951265604682,-102.026035560001,48.9957566312395,-101.736621827042,48.9158760153517,0.668449779398229,0.163498513793547,2021.82655558371,2022.33150684932,PQ711641|A/Great_horned_owl/ND/22-014030-001-original/2022|H5N1|USA-ND|2022-05-02|wild_avian|B3.2
1068,1129,0.190002270544985,-91.0688871610352,46.6167272838413,-96.2979291913602,50.915755414937,0.670543369272235,0.48054109872725,2022.14359816864,2022.33360043919,NA
1067,502,0.0798258799954077,-89.6816916655782,44.0572881656567,-91.67833420129,45.4112287742953,0.673929231453172,0.594103351457764,2022.25716042137,2022.33698630137,EPI_ISL_16240162|A/turkey/Wisconsin/22-014125-001/2022|H5N1|USA-WI|2022-05-04|domestic_avian|B3.2
1120,1121,0.0554663812093765,-94.7984988391499,45.9093918003175,-90.5674576683577,48.2846996643731,0.676282865376643,0.620816484167266,2022.28387355408,2022.33933993529,NA
1143,582,0.330265353814645,-99.0288509593764,47.1717767249992,-99.267352536871,46.8012814039146,0.676668957480529,0.346403603665884,2022.00946067358,2022.3397260274,PQ701529|A/American_crow/ND/22-014532-001-original/2022|H5N1|USA-ND|2022-05-05|wild_avian|B3.2
1153,488,0.277516282762945,-108.175136602181,36.4821873989953,-111.523145555495,43.4846231540865,0.676668957480529,0.399152674717584,2022.06220974463,2022.3397260274,PQ719065|A/Turkey_Vulture/ID/22-014968-007-original/2022|H5N1|USA-ID|2022-05-05|wild_avian|B3.2
1149,569,0.212149865877366,-99.3563926289689,53.2079186801104,-106.906327532863,55.7389818515415,0.676668957480529,0.464519091603163,2022.12757616152,2022.3397260274,PV313464|A/Great_Horned_Owl/SK/FAV-0802-45-2022/2022|H5N1|Canada-SK|2022-05-05|wild_avian|B3.2
1061,489,0.19967350296738,-108.399079738308,55.8607800900199,-111.957314848579,55.4614629320184,0.676668957480529,0.476995454513149,2022.14005252443,2022.3397260274,PV304264|A/Black-Billed_Magpie/AB/FAV-0505-53-2022/2022|H5N1|Canada-AB|2022-05-05|wild_avian|B3.2
1121,1122,0.00206460442509693,-90.5674576683577,48.2846996643731,-90.569270374889,48.2816983189656,0.67834746980174,0.676282865376643,2022.33933993529,2022.34140453972,NA
1059,6,0.265139570473355,-97.5566863739866,48.9158093445072,-97.1888576064058,51.0860383325899,0.679408683507886,0.414269113034531,2022.07732618295,2022.34246575342,PV301984|A/American_Crow/MB/FAV-0469-14-2022/2022|H5N1|Canada-MB|2022-05-06|wild_avian|B3.2
1072,561,0.1806981839205,-90.3019948685178,44.3684141811665,-90.1571076859868,44.2705557796369,0.687627861589958,0.506929677669459,2022.16998674759,2022.35068493151,PQ703545|A/Bald_eagle/WI/22-014416-001-original/2022|H5N1|USA-WI|2022-05-09|wild_avian|B3.2
1155,486,0.16749435599301,-111.140875687069,40.0879552134313,-112.033117794588,41.9273305209048,0.687627861589958,0.520133505596948,2022.18319057551,2022.35068493151,EPI_ISL_16240508|A/guinea_fowl/Utah/22-014481-002/2022|H5N1|USA-UT|2022-05-09|domestic_avian|B3.2
606,607,0.0511062674207814,-117.463818204234,45.1880365747312,-122.337097951591,46.5450291907356,0.6888994766551,0.637793209234318,2022.30085027915,2022.35195654657,NA
734,735,0.036757860823883,-104.380153938036,39.7290415668557,-107.229218055188,40.2675465729465,0.690184729902585,0.653426869078702,2022.316483939,2022.35324179982,NA
602,12,0.0346614617205674,-115.673344800513,53.1372012792383,-119.583819920727,56.1214429304306,0.690367587617543,0.655706125896976,2022.31876319581,2022.35342465753,PV304312|A/Black-Billed_Magpie/AB/FAV-0918-11-2022/2022|H5N1|Canada-AB|2022-05-10|wild_avian|B3.2
695,391,0.118736567811043,-116.499905621932,45.6458481734329,-119.752053232566,46.6969455903693,0.693107313644901,0.574370745833858,2022.23742781575,2022.35616438356,PQ708929|A/Canada_goose/WA/22-015526-002-original/2022|H5N1|USA-WA|2022-05-11|wild_avian|B3.2
697,392,0.081784652845355,-117.107994639486,44.8612128247189,-120.911951229954,46.4196521585956,0.693107313644901,0.611322660799546,2022.27437973072,2022.35616438356,PQ719521|A/Western_screech_owl/WA/22-015526-006-original/2022|H5N1|USA-WA|2022-05-11|wild_avian|B3.2
735,758,0.00331318378328982,-107.229218055188,40.2675465729465,-107.02760615506,40.2294118615782,0.693497913685874,0.690184729902585,2022.35324179982,2022.3565549836,NA
1140,581,0.363652279006903,-102.590019371048,52.1368938454513,-96.7188358682624,46.6315313330572,0.698586765699615,0.334934486692712,2021.99799155661,2022.36164383562,EPI_ISL_16243992|A/chicken/Minnesota/22-015398-002/2022|H5N1|USA-MN|2022-05-13|domestic_avian|B3.2
1070,560,0.202460178614403,-91.4349930624607,47.08194722416,-93.8769194366982,47.7212812042626,0.698586765699615,0.496126587085212,2022.159183657,2022.36164383562,EPI_ISL_15078249|A/fox/Minnesota/22-016487-001/2022|H5N1|USA-MN|2022-05-13|other_mammal|B3.2
1158,485,0.0857203265506259,-112.055613731011,40.4966180598889,-112.086930510404,40.4791146311822,0.698586765699615,0.61286643914899,2022.27592350907,2022.36164383562,EPI_ISL_16243660|A/chicken/Utah/22-015245-001/2022|H5N1|USA-UT|2022-05-13|domestic_avian|B3.2
1145,575,0.0833147806156251,-90.9144711955281,42.6940424956543,-88.9215885229327,42.2621380449439,0.701326491726973,0.618011711111348,2022.28106878103,2022.36438356164,EPI_ISL_16243651|A/chicken/Illinois/22-015233-006/2022|H5N1|USA-IL|2022-05-14|domestic_avian|B3.2
735,736,0.0155657542591858,-107.229218055188,40.2675465729465,-106.830844109143,44.3460123154419,0.70575048416177,0.690184729902585,2022.35324179982,2022.36880755408,NA
1129,1130,0.0352853312849306,-96.2979291913602,50.915755414937,-93.7528034078106,46.8855438629548,0.705828700557166,0.670543369272235,2022.33360043919,2022.36888577047,NA
1122,559,0.0284584739801752,-90.569270374889,48.2816983189656,-84.4476859170514,47.6723763316935,0.706805943781915,0.67834746980174,2022.34140453972,2022.3698630137,PV303360|A/American_White_Pelican/ON/FAV-0803-1-2022/2022|H5N1|Canada-ON|2022-05-16|wild_avian|B3.2
714,716,0.088994380999619,-104.158582723228,43.6740000371109,-110.045244192615,46.7442009032597,0.707344617388948,0.618350236389329,2022.28140730631,2022.37040168731,NA
698,390,0.0790223951473963,-117.205636681853,44.8927470142849,-116.154690267281,43.3643936495458,0.709545669809272,0.630523274661876,2022.29358034458,2022.37260273973,EPI_ISL_16244005|A/chicken/Idaho/22-015408-001/2022|H5N1|USA-ID|2022-05-17|domestic_avian|B3.2
716,721,0.00473340651550025,-110.045244192615,46.7442009032597,-108.679435362121,44.8914277301312,0.712078023904448,0.707344617388948,2022.37040168731,2022.37513509382,NA
1141,571,0.36681102486168,-96.9200079187265,47.452368578967,-102.303761636063,53.4172380196837,0.717764847891345,0.350953823029664,2022.01401089295,2022.38082191781,PV303168|A/American_Crow/SK/FAV-0802-76-2022/2022|H5N1|Canada-SK|2022-05-20|wild_avian|B3.2
1142,578,0.324154338679152,-96.0169932728805,48.1816993777177,-99.2653553220095,51.9002890662236,0.720504573918929,0.396350235239777,2022.05940730516,2022.38356164384,PV302000|A/American_Crow/MB/FAV-0687-5-2022/2022|H5N1|Canada-MB|2022-05-21|wild_avian|B3.2
1130,1131,0.0164198297204874,-93.7528034078106,46.8855438629548,-91.8704978228812,47.466286797905,0.722248530277653,0.705828700557166,2022.36888577047,2022.38530560019,NA
678,14,0.275096849562477,-116.104750540189,49.6695387084288,-161.901090048992,63.1363122722593,0.723244299946287,0.448147450383809,2022.1112045203,2022.38630136986,PQ702593|A/Bald_eagle/AK/22-016934-004-original/2022|H5N1|USA-AK|2022-05-22|wild_avian|B3.2
721,722,0.0198395771630904,-108.679435362121,44.8914277301312,-107.186728121431,45.916140541866,0.731917601067539,0.712078023904448,2022.37513509382,2022.39497467098,NA
603,395,0.129163680579852,-124.081096529001,56.6315820365344,-132.140240471259,56.9371616273037,0.736942930083301,0.607779249503449,2022.27083631942,2022.4,PQ717337|A/Snow_goose/AK/22-017364-001-original/2022|H5N1|USA-AK|2022-05-27|wild_avian|B3.2
603,394,0.129163680579852,-124.081096529001,56.6315820365344,-126.145314385562,53.8812685020099,0.736942930083301,0.607779249503449,2022.27083631942,2022.4,PV303304|A/American_White_Pelican/BC/FAV-0585-3-2022/2022|H5N1|Canada-BC|2022-05-27|wild_avian|B3.2
680,15,0.147911158752422,-126.816458797028,55.8844235159768,-136.241255307444,60.1314113340067,0.745162108165373,0.597250949412951,2022.26030801933,2022.40821917808,PV318784|A/Snow_Goose/YT/FAV-0795-3-2022/2022|H5N1|Canada-YT|2022-05-30|wild_avian|B3.2
699,700,0.0879344382180474,-115.455355708134,43.4241084185157,-117.809720985944,46.2816287636571,0.751983120996774,0.664048682778727,2022.3271057527,2022.41504019091,NA
1074,1075,0.221138830804446,-94.5588130613212,46.4509604122801,-79.1051877759835,48.1125822455323,0.753125206432696,0.53198637562825,2022.19504344555,2022.41618227635,NA
736,36,0.0503705281132598,-106.830844109143,44.3460123154419,-108.37160671049,51.3414759658854,0.75612101227503,0.70575048416177,2022.36880755408,2022.41917808219,PV310840|A/Domestic_bird/SK/FAV-1051-1-2022/2022|H5N1|Canada-SK|2022-06-03|domestic_avian|B3.2
700,701,0.00564940640583789,-117.809720985944,46.2816287636571,-116.157798331152,46.1738388726664,0.757632527402612,0.751983120996774,2022.41504019091,2022.42068959732,NA
702,385,0.116604348203878,-114.472233020671,43.3577211861141,-116.453635583206,43.8008188668435,0.758860738302388,0.642256390098509,2022.30531346002,2022.42191780822,PQ707841|A/Canada_goose/ID/22-018980-001-original/2022|H5N1|USA-ID|2022-06-04|wild_avian|B3.2
1150,492,0.405373629457663,-106.312253860977,49.4754352969793,-102.474317301704,55.4039207163135,0.764340190357102,0.358966560899439,2022.02202363082,2022.42739726027,PV311152|A/Double-Crested_Cormorant/SK/FAV-0912-7-2022/2022|H5N1|Canada-SK|2022-06-06|wild_avian|B3.2
1130,495,0.0585114897999368,-93.7528034078106,46.8855438629548,-93.6949602295329,46.9466513261249,0.764340190357102,0.705828700557166,2022.36888577047,2022.42739726027,PQ709577|A/Common_tern/MN/22-017940-009-original/2022|H5N1|USA-MN|2022-06-06|wild_avian|B3.2
701,388,0.00670766295448999,-116.157798331152,46.1738388726664,-116.766422234503,46.6789355095596,0.764340190357102,0.757632527402612,2022.42068959732,2022.42739726027,EPI_ISL_17260680|A/skunk/Idaho/22-018976-004/2022|H5N1|USA-ID|2022-06-06|other_mammal|B3.2
1122,1123,0.0862701086675499,-90.569270374889,48.2816983189656,-90.7856553753933,41.6185721143962,0.76461757846929,0.67834746980174,2022.34140453972,2022.42767464839,NA
700,389,0.0150967953879126,-117.809720985944,46.2816287636571,-118.150188107219,46.5754905332195,0.767079916384687,0.751983120996774,2022.41504019091,2022.4301369863,EPI_ISL_17260682|A/skunk/Washington/22-019274-004/2022|H5N1|USA-WA|2022-06-07|other_mammal|B3.2
701,387,0.00944738898207476,-116.157798331152,46.1738388726664,-118.004631554563,46.6385510628159,0.767079916384687,0.757632527402612,2022.42068959732,2022.4301369863,EPI_ISL_15078254|A/skunk/Washington/22-019274-001/2022|H5N1|USA-WA|2022-06-07|other_mammal|B3.2
1149,567,0.305300550808882,-99.3563926289689,53.2079186801104,-99.2838045405582,52.9078167856256,0.769819642412044,0.464519091603163,2022.12757616152,2022.43287671233,PV303336|A/American_White_Pelican/MB/FAV-0798-3-2022/2022|H5N1|Canada-MB|2022-06-08|wild_avian|B3.2
1159,481,0.105243753583911,-110.047683139761,39.5191728813993,-112.04577541299,40.7094522658677,0.769819642412044,0.664575888828133,2022.32763295874,2022.43287671233,PQ720145|A/goose/UT/22-018176-003-original/2022|H5N1|USA-UT|2022-06-08|domestic_avian|B3.2
1129,494,0.0992762731398096,-96.2979291913602,50.915755414937,-93.7285570521856,46.1197982688746,0.769819642412044,0.670543369272235,2022.33360043919,2022.43287671233,PQ702057|A/American_white_Pelican/MN/22-018423-001-original/2022|H5N1|USA-MN|2022-06-08|wild_avian|B3.2
1131,496,0.0475711121343916,-91.8704978228812,47.466286797905,-91.9382624008106,50.4907907344301,0.769819642412044,0.722248530277653,2022.38530560019,2022.43287671233,PV303368|A/American_White_Pelican/ON/FAV-0803-2-2022/2022|H5N1|Canada-ON|2022-06-08|wild_avian|B3.2
680,681,0.174692587392574,-126.816458797028,55.8844235159768,-121.981616310431,52.2377272399931,0.771943536805525,0.597250949412951,2022.26030801933,2022.43500060672,NA
1123,1124,0.0104561526101525,-90.7856553753933,41.6185721143962,-91.0785815766776,40.842933823901,0.775073731079442,0.76461757846929,2022.42767464839,2022.438130801,NA
709,712,0.110932204883809,-104.558587462077,44.6205123948148,-117.158958039633,54.515285345363,0.777534981713207,0.666602776829398,2022.32965984675,2022.44059205163,NA
1065,565,0.380512106415026,-85.8143394850446,50.1027473436446,-84.1724936443539,49.9711340754979,0.780778546521474,0.400266440106448,2022.06332351002,2022.44383561644,PV315664|A/Peregrine_Falcon/ON/FAV-0853-3-2022/2022|H5N1|Canada-ON|2022-06-12|wild_avian|B3.2
586,10,0.62382650387265,-102.097644619756,48.8367979742002,-99.8468359358431,50.7684711785218,0.788997724603774,0.165171220731124,2021.82822829065,2022.45205479452,PV309736|A/Domestic_bird/MB/FAV-0716-5-2022/2022|H5N1|Canada-MB|2022-06-15|domestic_avian|B3.2
679,31,0.199449353288554,-127.435110049976,57.0803459073248,-160.614374812295,63.7572832321711,0.788997724603774,0.589548371315219,2022.25260544123,2022.45205479452,EPI_ISL_17260681|A/red_fox/Alaska/22-019272-001/2022|H5N1|USA-AK|2022-06-15|other_mammal|B3.2
1123,1128,0.024501720164777,-90.7856553753933,41.6185721143962,-91.4794298539466,41.187462774079,0.789119298634067,0.76461757846929,2022.42767464839,2022.45217636855,NA
681,691,0.0179757671033709,-121.981616310431,52.2377272399931,-121.356285902819,52.0250304484601,0.789919303908896,0.771943536805525,2022.43500060672,2022.45297637383,NA
597,393,0.250957991379241,-123.820450074364,53.4946156859306,-123.902528665435,53.0615386709246,0.791737450631131,0.54077945925189,2022.20383652917,2022.45479452055,PV309608|A/Domestic_bird/BC/FAV-0772-1-2022/2022|H5N1|Canada-BC|2022-06-16|domestic_avian|B3.2
1124,1125,0.0203589626903611,-91.0785815766776,40.842933823901,-93.2619879217506,41.2678451691621,0.795432693769803,0.775073731079442,2022.438130801,2022.45848976369,NA
681,682,0.0242373995920317,-121.981616310431,52.2377272399931,-123.588739504205,53.9398464232978,0.796180936397557,0.771943536805525,2022.43500060672,2022.45923800631,NA
785,786,0.191070986559015,-100.652067613204,42.0908697912477,-100.64751086848,41.924876746482,0.8000064551445,0.608935468585484,2022.2719925385,2022.46306352506,NA
705,853,0.289440271377226,-103.682306665408,44.0356014765773,-107.1828397044,35.5022083799423,0.805981529485058,0.516541258107832,2022.17959832802,2022.4690385994,NA
786,790,0.00740349198531698,-100.64751086848,41.924876746482,-98.8090191457396,41.015835115696,0.807409947129817,0.8000064551445,2022.46306352506,2022.47046701705,NA
732,87,0.244390673520003,-104.78902393107,44.5696680992842,-111.817713555075,49.9755133324887,0.81091553282286,0.566524859302857,2022.22958192922,2022.47397260274,PV321824|A/Western_Grebe/AB/FAV-0833-72-2022/2022|H5N1|Canada-AB|2022-06-23|wild_avian|B3.2
733,34,0.206839969815832,-104.369814343619,44.218104616875,-115.940807692728,53.6132188292054,0.81091553282286,0.604075563007028,2022.26713263292,2022.47397260274,PV321872|A/Western_Grebe/AB/FAV-0833-78-2022/2022|H5N1|Canada-AB|2022-06-23|wild_avian|B3.2
1075,1076,0.0580385602612496,-79.1051877759835,48.1125822455323,-77.986437823003,45.1330311826149,0.811163766693946,0.753125206432696,2022.41618227635,2022.47422083661,NA
1076,1077,0.000794547823609104,-77.986437823003,45.1330311826149,-78.3288364814259,45.3050040085373,0.811958314517555,0.811163766693946,2022.47422083661,2022.47501538443,NA
853,866,0.0063802460408291,-107.1828397044,35.5022083799423,-107.523211602677,34.1995193131562,0.812361775525887,0.805981529485058,2022.4690385994,2022.47541884544,NA
1077,1078,0.00292782696699589,-78.3288364814259,45.3050040085373,-78.3739546939469,46.1724457918504,0.814886141484551,0.811958314517555,2022.47501538443,2022.4779432114,NA
866,867,0.00606245544136419,-107.523211602677,34.1995193131562,-105.767112429718,34.0518112423779,0.818424230967251,0.812361775525887,2022.47541884544,2022.48148130088,NA
593,32,0.38556583714346,-115.089944302191,49.551359409249,-146.00736269801,69.5510351120168,0.81913471090516,0.4335688737617,2022.09662594368,2022.48219178082,PQ715385|A/Raven/AK/22-020951-001-original/2022|H5N1|USA-AK|2022-06-26|wild_avian|B3.2
691,692,0.03026545018017,-121.356285902819,52.0250304484601,-121.351964727391,52.0109705163967,0.820184754089066,0.789919303908896,2022.45297637383,2022.48324182401,NA
790,791,0.0131106557095251,-98.8090191457396,41.015835115696,-97.1034139364097,40.8975023964584,0.820520602839342,0.807409947129817,2022.47046701705,2022.48357767276,NA
791,796,0.00046533043395236,-97.1034139364097,40.8975023964584,-97.1777104791005,41.1147885113184,0.820985933273294,0.820520602839342,2022.48357767276,2022.48404300319,NA
1158,484,0.209007997783528,-112.055613731011,40.4966180598889,-112.090111360127,40.4952078387118,0.821874436932517,0.61286643914899,2022.27592350907,2022.48493150685,EPI_ISL_19546785|A/chicken/Utah/22-020377-001-original/2022|H5N1|USA-UT|2022-06-27|domestic_avian|B3.2
867,873,0.00734081893090988,-105.767112429718,34.0518112423779,-106.560390676562,34.6748657649145,0.825765049898161,0.818424230967251,2022.48148130088,2022.48882211982,NA
867,868,0.0094889178296631,-105.767112429718,34.0518112423779,-107.074080620633,36.9565477456499,0.827913148796914,0.818424230967251,2022.48148130088,2022.49097021871,NA
791,792,0.0122498778082063,-97.1034139364097,40.8975023964584,-103.295149947883,38.3512217647433,0.832770480647548,0.820520602839342,2022.48357767276,2022.49582755056,NA
607,433,0.143933864387074,-122.337097951591,46.5450291907356,-145.086363866331,63.3608614858415,0.832833341042174,0.6888994766551,2022.35195654657,2022.49589041096,PQ710529|A/Glaucous_Gull/AK/22-024502-001-original/2022|H5N1|USA-AK|2022-07-01|wild_avian|B3.2
1128,552,0.0437140424081073,-91.4794298539466,41.187462774079,-91.3818225011897,39.9251829682672,0.832833341042174,0.789119298634067,2022.45217636855,2022.49589041096,PQ702009|A/American_white_Pelican/IL/22-021276-001-original/2022|H5N1|USA-IL|2022-07-01|wild_avian|B3.2
1128,553,0.0437140424081073,-91.4794298539466,41.187462774079,-90.7298250340637,42.5353699270221,0.832833341042174,0.789119298634067,2022.45217636855,2022.49589041096,PQ701977|A/American_white_Pelican/IA/22-022114-001-original/2022|H5N1|USA-IA|2022-07-01|wild_avian|B3.2
1125,554,0.0374006472723707,-93.2619879217506,41.2678451691621,-93.2505039253554,41.2678852040122,0.832833341042174,0.795432693769803,2022.45848976369,2022.49589041096,PQ701969|A/American_white_Pelican/IA/22-021277-001-original/2022|H5N1|USA-IA|2022-07-01|wild_avian|B3.2
736,737,0.12957271972829,-106.830844109143,44.3460123154419,-101.37407602269,43.9574823254025,0.835323203890061,0.70575048416177,2022.36880755408,2022.49838027381,NA
729,730,0.302992047051038,-103.948478114903,43.9725788941626,-101.591637140842,38.1204347639082,0.837760368111963,0.534768321060925,2022.19782539098,2022.50081743803,NA
796,848,0.0172009308212306,-97.1777104791005,41.1147885113184,-97.5957753248756,40.8692865248541,0.838186864094525,0.820985933273294,2022.48404300319,2022.50124393401,NA
606,609,0.201629672959019,-117.463818204234,45.1880365747312,-126.544158802135,50.8786735679746,0.839422882193337,0.637793209234318,2022.30085027915,2022.50247995211,NA
1146,572,0.579257707817931,-99.5299856102773,48.512299747499,-97.5759091212166,53.6506242612362,0.841052519124246,0.261794811306316,2021.92485188122,2022.50410958904,PV321880|A/Western_Grebe/MB/FAV-0846-2-2022/2022|H5N1|Canada-MB|2022-07-04|wild_avian|B3.2
1121,551,0.164769653747603,-90.5674576683577,48.2846996643731,-99.802821207726,55.9902322623796,0.841052519124246,0.676282865376643,2022.33933993529,2022.50410958904,PV321888|A/Western_Grebe/MB/FAV-0846-3-2022/2022|H5N1|Canada-MB|2022-07-04|wild_avian|B3.2
853,854,0.036127749428164,-107.1828397044,35.5022083799423,-107.427848308026,37.1025222692611,0.842109278913222,0.805981529485058,2022.4690385994,2022.50516634883,NA
796,797,0.021800250281856,-97.1777104791005,41.1147885113184,-97.4816623038106,41.0568893288291,0.84278618355515,0.820985933273294,2022.48404300319,2022.50584325347,NA
609,610,0.00673840598083997,-126.544158802135,50.8786735679746,-123.371368145985,50.7150997402798,0.846161288174177,0.839422882193337,2022.50247995211,2022.50921835809,NA
1145,576,0.228520260067841,-90.9144711955281,42.6940424956543,-86.3089480982507,43.414943226382,0.846531971179188,0.618011711111348,2022.28106878103,2022.5095890411,EPI_ISL_17260684|A/red_fox/Michigan/22-021733-002/2022|H5N1|USA-MI|2022-07-06|other_mammal|B3.2
1075,504,0.0961464907738496,-79.1051877759835,48.1125822455323,-80.421121156699,48.8192240479849,0.849271697206546,0.753125206432696,2022.41618227635,2022.51232876712,PV303384|A/American_White_Pelican/ON/FAV-0867-2-2022/2022|H5N1|Canada-ON|2022-07-07|wild_avian|B3.2
792,793,0.0171134451690627,-103.295149947883,38.3512217647433,-101.272770940257,38.3180762083314,0.849883925816611,0.832770480647548,2022.49582755056,2022.51294099573,NA
682,683,0.0553299491681285,-123.588739504205,53.9398464232978,-119.543972346124,52.1226209991384,0.851510885565685,0.796180936397557,2022.45923800631,2022.51456795548,NA
714,715,0.237872306974381,-104.158582723228,43.6740000371109,-112.951787167287,47.6015352345354,0.85622254336371,0.618350236389329,2022.28140730631,2022.51927961328,NA
848,849,0.0181437906368322,-97.5957753248756,40.8692865248541,-96.1134438640833,42.8530147398767,0.856330654731357,0.838186864094525,2022.50124393401,2022.51938772465,NA
797,798,0.0153432739231838,-97.4816623038106,41.0568893288291,-100.056782630731,43.6869770483209,0.858129457478334,0.84278618355515,2022.50584325347,2022.5211865274,NA
854,855,0.0202047115397352,-107.427848308026,37.1025222692611,-106.733111626749,36.1316125185765,0.862313990452957,0.842109278913222,2022.50516634883,2022.52537106037,NA
798,800,0.00500740248311216,-100.056782630731,43.6869770483209,-98.3186593970762,43.4993228780464,0.863136859961446,0.858129457478334,2022.5211865274,2022.52619392988,NA
692,693,0.044972978702694,-121.351964727391,52.0109705163967,-118.393064050606,50.2133219184239,0.86515773279176,0.820184754089066,2022.48324182401,2022.52821480271,NA
594,667,0.403148805779221,-116.496456837972,51.5126710389403,-127.387965344833,55.7971235417342,0.869860769996702,0.466711964217481,2022.12976903413,2022.53291783991,NA
849,850,0.0139869850286205,-96.1134438640833,42.8530147398767,-100.225402239667,46.2832179623457,0.870317639759977,0.856330654731357,2022.51938772465,2022.53337470968,NA
588,477,0.551006187168173,-96.6102597171897,49.7829253849228,-154.298127903755,69.2957119250387,0.871189505425632,0.320183318257459,2021.98324038817,2022.53424657534,PQ710513|A/Glaucous_Gull/AK/22-023553-001-original/2022|H5N1|USA-AK|2022-07-15|wild_avian|B3.2
605,641,0.319798311584046,-121.127255979573,54.0812678102708,-121.296307208447,54.3206168794577,0.871411806933196,0.551613495349151,2022.21467056527,2022.53446887685,NA
1124,1126,0.097210304695075,-91.0785815766776,40.842933823901,-92.3344020081893,41.4556592747182,0.872284035774517,0.775073731079442,2022.438130801,2022.53534110569,NA
1159,1160,0.210017150407415,-110.047683139761,39.5191728813993,-111.828783145131,41.5756710558031,0.874593039235548,0.664575888828133,2022.32763295874,2022.53765010915,NA
737,749,0.0395620451654053,-101.37407602269,43.9574823254025,-108.367364230208,42.1834639942822,0.874885249055466,0.835323203890061,2022.49838027381,2022.53794231897,NA
866,875,0.0673990449701609,-107.523211602677,34.1995193131562,-107.085904896132,35.36838117948,0.879760820496048,0.812361775525887,2022.47541884544,2022.54281789041,NA
800,801,0.0185899911038874,-98.3186593970762,43.4993228780464,-96.2747325229931,42.1946956708063,0.881726851065333,0.863136859961446,2022.52619392988,2022.54478392098,NA
721,296,0.170070385630841,-108.679435362121,44.8914277301312,-115.766190170918,54.1011828829312,0.882148409535289,0.712078023904448,2022.37513509382,2022.54520547945,PV319064|A/Striped_Skunk/AB/FAV-0897-2-2022/2022|H5N1|Canada-AB|2022-07-19|other_mammal|B3.2
1078,548,0.0672622680507384,-78.3739546939469,46.1724457918504,-92.6537429895301,46.5019761813324,0.882148409535289,0.814886141484551,2022.4779432114,2022.54520547945,PQ702081|A/American_white_Pelican/MN/22-023116-001-original/2022|H5N1|USA-MN|2022-07-19|wild_avian|B3.2
801,840,0.00513835308917754,-96.2747325229931,42.1946956708063,-96.134298014956,42.2887367663427,0.886865204154511,0.881726851065333,2022.54478392098,2022.54992227407,NA
840,841,0.000425146032613455,-96.134298014956,42.2887367663427,-96.236222505453,42.2091897602193,0.887290350187124,0.886865204154511,2022.54992227407,2022.5503474201,NA
855,857,0.0253680908122549,-106.733111626749,36.1316125185765,-96.1174310095621,38.8164214236437,0.887682081265212,0.862313990452957,2022.52537106037,2022.55073915118,NA
857,862,0.00147851917947284,-96.1174310095621,38.8164214236437,-95.6541265253051,38.6257700578986,0.889160600444685,0.887682081265212,2022.55073915118,2022.55221767036,NA
716,717,0.18184443906175,-110.045244192615,46.7442009032597,-109.964173788244,37.5242225008375,0.889189056450698,0.707344617388948,2022.37040168731,2022.55224612637,NA
683,684,0.0388254924842077,-119.543972346124,52.1226209991384,-118.700519114286,51.4356878723985,0.890336378049893,0.851510885565685,2022.51456795548,2022.55339344797,NA
699,386,0.226318904838634,-115.455355708134,43.4241084185157,-116.151274676925,43.2849145064795,0.890367587617361,0.664048682778727,2022.3271057527,2022.55342465753,EPI_ISL_17260689|A/skunk/Idaho/22-023547-001/2022|H5N1|USA-ID|2022-07-22|other_mammal|B3.2
663,664,0.315605422262919,-122.949670104187,54.6135316005899,-133.179331164578,42.7113244758673,0.891754068205009,0.57614864594209,2022.23920571586,2022.55481113812,NA
610,613,0.045860197549513,-123.371368145985,50.7150997402798,-122.496873301075,50.5561049222424,0.89202148572369,0.846161288174177,2022.50921835809,2022.55507855564,NA
1077,1098,0.0802894311029521,-78.3288364814259,45.3050040085373,-79.8750231253214,46.2884655600023,0.892247745620507,0.811958314517555,2022.47501538443,2022.55530481554,NA
841,842,0.00521757801515799,-96.236222505453,42.2091897602193,-95.8287389331996,41.0921874800835,0.892507928202282,0.887290350187124,2022.5503474201,2022.55556499812,NA
868,869,0.0659696862629242,-107.074080620633,36.9565477456499,-110.837994325044,42.3460656519789,0.893882835059839,0.827913148796914,2022.49097021871,2022.55693990498,NA
709,710,0.229603483853826,-104.558587462077,44.6205123948148,-103.166339357477,45.0232569042545,0.896206260683225,0.666602776829398,2022.32965984675,2022.5592633306,NA
862,863,0.00710282734737522,-95.6541265253051,38.6257700578986,-96.0814480008334,38.6585402643957,0.89626342779206,0.889160600444685,2022.55221767036,2022.55932049771,NA
798,799,0.0383832624518039,-100.056782630731,43.6869770483209,-99.0595474643879,39.075168863241,0.896512719930138,0.858129457478334,2022.5211865274,2022.55956978985,NA
610,611,0.0509303847823857,-123.371368145985,50.7150997402798,-119.048246271593,49.4519215541912,0.897091672956563,0.846161288174177,2022.50921835809,2022.56014874287,NA
875,876,0.0211669181466729,-107.085904896132,35.36838117948,-104.742707817539,36.3059350776621,0.900927738642721,0.879760820496048,2022.54281789041,2022.56398480856,NA
801,802,0.0198480693710645,-96.2747325229931,42.1946956708063,-98.7204516698504,44.2417416241614,0.901574920436398,0.881726851065333,2022.54478392098,2022.56463199035,NA
758,759,0.208999173160768,-107.02760615506,40.2294118615782,-108.042856147508,41.7036353417662,0.902497086846642,0.693497913685874,2022.3565549836,2022.56555415676,NA
1078,1079,0.0885250449976618,-78.3739546939469,46.1724457918504,-72.1368010384802,48.6555935803103,0.903411186482213,0.814886141484551,2022.4779432114,2022.5664682564,NA
667,668,0.03422901676627,-127.387965344833,55.7971235417342,-130.008480450881,57.0534861904561,0.904089786762972,0.869860769996702,2022.53291783991,2022.56714685668,NA
786,787,0.105819819483488,-100.64751086848,41.924876746482,-91.9262165508542,40.6351701972263,0.905826274627987,0.8000064551445,2022.46306352506,2022.56888334454,NA
684,685,0.01643858755636,-118.700519114286,51.4356878723985,-121.060759079951,53.1990725513107,0.906774965606253,0.890336378049893,2022.55339344797,2022.56983203552,NA
1079,1080,0.00340415861788124,-72.1368010384802,48.6555935803103,-72.0793455252242,48.5320650918775,0.906815345100094,0.903411186482213,2022.5664682564,2022.56987241502,NA
737,738,0.0743528197320944,-101.37407602269,43.9574823254025,-101.414742848479,43.5071698309998,0.909676023622155,0.835323203890061,2022.49838027381,2022.57273309354,NA
613,614,0.0183527301302111,-122.496873301075,50.5561049222424,-122.496838746825,50.5548762498971,0.910374215853901,0.89202148572369,2022.55507855564,2022.57343128577,NA
863,865,0.0206428907739258,-96.0814480008334,38.6585402643957,-95.6765353685622,38.3793543784134,0.916906318565986,0.89626342779206,2022.55932049771,2022.57996338848,NA
1080,1081,0.0101457710804729,-72.0793455252242,48.5320650918775,-66.0232963254672,47.0572744545195,0.916961116180567,0.906815345100094,2022.56987241502,2022.5800181861,NA
876,877,0.0168453979109584,-104.742707817539,36.3059350776621,-104.557841042299,40.0239040934032,0.917773136553679,0.900927738642721,2022.56398480856,2022.58083020647,NA
730,731,0.0804384316976252,-101.591637140842,38.1204347639082,-101.040048905726,36.3555104839476,0.918198799809588,0.837760368111963,2022.50081743803,2022.58125586973,NA
738,740,0.0105907854477048,-101.414742848479,43.5071698309998,-100.550598271427,45.3505471076861,0.92026680906986,0.909676023622155,2022.57273309354,2022.58332387899,NA
1131,1132,0.204123950948948,-91.8704978228812,47.466286797905,-91.5062557801348,47.4872544244967,0.926372481226601,0.722248530277653,2022.38530560019,2022.58942955114,NA
855,856,0.0642478786631959,-106.733111626749,36.1316125185765,-115.415060191469,38.2166696801105,0.926561869116153,0.862313990452957,2022.52537106037,2022.58961893903,NA
749,750,0.0554933919882532,-108.367364230208,42.1834639942822,-100.733394074925,38.9998939557174,0.930378641043719,0.874885249055466,2022.53794231897,2022.59343571096,NA
802,810,0.0288115503529918,-98.7204516698504,44.2417416241614,-97.1997065828822,44.3898601710128,0.93038647078939,0.901574920436398,2022.56463199035,2022.59344354071,NA
740,741,0.0115552420590861,-100.550598271427,45.3505471076861,-101.767456153522,44.7684265153569,0.931822051128946,0.92026680906986,2022.58332387899,2022.59487912105,NA
759,769,0.030114080973402,-108.042856147508,41.7036353417662,-109.300752383456,42.494038562755,0.932611167820044,0.902497086846642,2022.56555415676,2022.59566823774,NA
810,811,0.00250560388311483,-97.1997065828822,44.3898601710128,-96.6086426839502,44.2820848773932,0.932892074672504,0.93038647078939,2022.59344354071,2022.59594914459,NA
1076,1118,0.121848934578129,-77.986437823003,45.1330311826149,-90.9718336349608,43.6989407521809,0.933012701272074,0.811163766693946,2022.47422083661,2022.59606977119,NA
876,878,0.0321239738776646,-104.742707817539,36.3059350776621,-107.579656670603,29.557712307064,0.933051712520386,0.900927738642721,2022.56398480856,2022.59610878244,NA
842,847,0.0417550049445823,-95.8287389331996,41.0921874800835,-98.5720885304168,42.1202036601168,0.934262933146865,0.892507928202282,2022.55556499812,2022.59732000306,NA
1126,1127,0.0620952055200137,-92.3344020081893,41.4556592747182,-106.005013765311,36.8638476729157,0.934379241294531,0.872284035774517,2022.53534110569,2022.59743631121,NA
717,718,0.0465083107173743,-109.964173788244,37.5242225008375,-111.372462348974,38.2766242030829,0.935697367168073,0.889189056450698,2022.55224612637,2022.59875443708,NA
810,820,0.00801817306728791,-97.1997065828822,44.3898601710128,-97.3842959486781,44.2151050012152,0.938404643856678,0.93038647078939,2022.59344354071,2022.60146171377,NA
811,812,0.00656016371487622,-96.6086426839502,44.2820848773932,-95.8057554307929,45.0227554283046,0.939452238387381,0.932892074672504,2022.59594914459,2022.6025093083,NA
857,858,0.0522509326887288,-96.1174310095621,38.8164214236437,-94.8695873751502,36.2087513866916,0.939933013953941,0.887682081265212,2022.55073915118,2022.60299008387,NA
685,686,0.033528853236243,-121.060759079951,53.1990725513107,-121.258004903847,58.7942171811198,0.940303818842496,0.906774965606253,2022.56983203552,2022.60336088876,NA
1127,556,0.00804314084353042,-106.005013765311,36.8638476729157,-111.588379560047,38.679397710102,0.942422382138061,0.934379241294531,2022.59743631121,2022.60547945205,PQ701857|A/American_green-winged_teal/UT/22-027017-012-original/2022|H5N1|USA-UT|2022-08-10|wild_avian|B3.2
686,687,0.00543655645892649,-121.258004903847,58.7942171811198,-122.255002961928,56.9270076442239,0.945740375301423,0.940303818842496,2022.60336088876,2022.60879744522,NA
722,725,0.214060729949836,-107.186728121431,45.916140541866,-100.381028938347,42.5060030774034,0.945978331017375,0.731917601067539,2022.39497467098,2022.60903540093,NA
741,744,0.0161924278421197,-101.767456153522,44.7684265153569,-99.8395216615463,42.7524213431699,0.948014478971066,0.931822051128946,2022.59487912105,2022.61107154889,NA
802,803,0.0473916295920018,-98.7204516698504,44.2417416241614,-97.218136203039,42.299841139729,0.9489665500284,0.901574920436398,2022.56463199035,2022.61202361995,NA
803,804,0.00147620878302535,-97.218136203039,42.299841139729,-97.8225111249445,42.5742973063343,0.950442758811425,0.9489665500284,2022.61202361995,2022.61349982873,NA
749,751,0.0771458026445857,-108.367364230208,42.1834639942822,-106.578814333264,41.4735293666038,0.952031051700052,0.874885249055466,2022.53794231897,2022.61508812162,NA
873,874,0.129758571607862,-106.560390676562,34.6748657649145,-102.305123140132,39.6266951147467,0.955523621506023,0.825765049898161,2022.48882211982,2022.61858069142,NA
751,752,0.00449373890346738,-106.578814333264,41.4735293666038,-107.71210478036,42.1837431128535,0.956524790603519,0.952031051700052,2022.61508812162,2022.61958186052,NA
708,713,0.324783865354236,-103.420649634128,44.6930873664492,-101.190447307289,35.2993703763143,0.956547293232766,0.63176342787853,2022.2948204978,2022.61960436315,NA
812,813,0.0190864716625092,-95.8057554307929,45.0227554283046,-97.996852523792,44.4771254120908,0.95853871004989,0.939452238387381,2022.6025093083,2022.62159577997,NA
722,723,0.22824394974358,-107.186728121431,45.916140541866,-107.147145814579,45.8839322845158,0.960161550811119,0.731917601067539,2022.39497467098,2022.62321862073,NA
858,859,0.022321639725543,-94.8695873751502,36.2087513866916,-87.7397711203052,38.5264311561263,0.962254653679484,0.939933013953941,2022.60299008387,2022.6253117236,NA
859,860,0.000650843507772336,-87.7397711203052,38.5264311561263,-87.7293967355972,38.5318024479834,0.962905497187256,0.962254653679484,2022.6253117236,2022.6259625671,NA
744,745,0.0162474711416372,-99.8395216615463,42.7524213431699,-92.7943201699608,36.5917335486586,0.964261950112703,0.948014478971066,2022.61107154889,2022.62731902003,NA
869,870,0.0737187748533192,-110.837994325044,42.3460656519789,-105.674634510913,44.3672163959113,0.967601609913158,0.893882835059839,2022.55693990498,2022.63065867983,NA
878,1049,0.0371785966757074,-107.579656670603,29.557712307064,-98.003399198521,40.3005138521636,0.970230309196093,0.933051712520386,2022.59610878244,2022.63328737911,NA
769,770,0.0398487732546462,-109.300752383456,42.494038562755,-112.224197877617,49.0658048320568,0.97245994107469,0.932611167820044,2022.59566823774,2022.63551701099,NA
614,615,0.0629353784979028,-122.496838746825,50.5548762498971,-118.596153200339,51.3861788316039,0.973309594351804,0.910374215853901,2022.57343128577,2022.63636666427,NA
804,805,0.0237030088218493,-97.8225111249445,42.5742973063343,-95.3011050015916,41.8239163507268,0.974145767633274,0.950442758811425,2022.61349982873,2022.63720283755,NA
813,814,0.0190790379381975,-97.996852523792,44.4771254120908,-98.7653496939547,44.370686846037,0.977617747988087,0.95853871004989,2022.62159577997,2022.6406748179,NA
770,774,0.00536224469656688,-112.224197877617,49.0658048320568,-111.861883323565,49.0935262567049,0.977822185771257,0.97245994107469,2022.63551701099,2022.64087925569,NA
804,806,0.0280457010251043,-97.8225111249445,42.5742973063343,-96.9452496002848,41.5358284231702,0.978488459836529,0.950442758811425,2022.61349982873,2022.64154552975,NA
1126,558,0.11123423677436,-92.3344020081893,41.4556592747182,-94.2553436102179,43.6492181208833,0.983518272548877,0.872284035774517,2022.53534110569,2022.64657534247,PQ719721|A/Wood_Duck/MN/22-032745-002-original-repeat/2022|H5N1|USA-MN|2022-08-25|wild_avian|B3.2
774,74,0.00569608677761968,-111.861883323565,49.0935262567049,-111.839341299268,49.0388396741132,0.983518272548877,0.977822185771257,2022.64087925569,2022.64657534247,PV309264|A/Domestic_bird/AB/FAV-0906-1-2022/2022|H5N1|Canada-AB|2022-08-25|domestic_avian|B3.2
820,821,0.0476475910867427,-97.3842959486781,44.2151050012152,-97.3932041311682,44.196292566741,0.98605223494342,0.938404643856678,2022.60146171377,2022.64910930486,NA
842,843,0.0937023676477402,-95.8287389331996,41.0921874800835,-86.4873989030306,41.7995835754768,0.986210295850023,0.892507928202282,2022.55556499812,2022.64926736577,NA
602,11,0.330551872679486,-115.673344800513,53.1372012792383,-112.788838044064,49.5681506964433,0.986257998576462,0.655706125896976,2022.31876319581,2022.64931506849,PV317648|A/Snow_Goose/AB/FAV-0937-5-2022/2022|H5N1|Canada-AB|2022-08-26|wild_avian|B3.2
1098,1099,0.0950198475990147,-79.8750231253214,46.2884655600023,-84.373479923024,42.7732949015837,0.987267593219522,0.892247745620507,2022.55530481554,2022.65032466314,NA
787,788,0.0827149767342341,-91.9262165508542,40.6351701972263,-91.8799795281401,42.4654758521745,0.988541251362221,0.905826274627987,2022.56888334454,2022.65159832128,NA
1098,1101,0.0976884915016827,-79.8750231253214,46.2884655600023,-78.7740642801134,47.2757700341362,0.98993623712219,0.892247745620507,2022.55530481554,2022.65299330704,NA
718,719,0.0549605166764278,-111.372462348974,38.2766242030829,-111.72163512508,41.8305759405156,0.9906578838445,0.935697367168073,2022.59875443708,2022.65371495376,NA
1049,1050,0.0207664432943586,-98.003399198521,40.3005138521636,-98.0018369789038,40.2987191624133,0.990996752490452,0.970230309196093,2022.63328737911,2022.65405382241,NA
814,816,0.0136276836726896,-98.7653496939547,44.370686846037,-97.5038650670606,43.4728267052372,0.991245431660777,0.977617747988087,2022.6406748179,2022.65430250158,NA
745,746,0.0285819244197492,-92.7943201699608,36.5917335486586,-94.2149011571288,38.0005224181889,0.992843874532452,0.964261950112703,2022.62731902003,2022.65590094445,NA
738,739,0.0841202608950962,-101.414742848479,43.5071698309998,-105.434518737492,47.6153077170503,0.993796284517251,0.909676023622155,2022.57273309354,2022.65685335443,NA
816,817,0.00269508076156955,-97.5038650670606,43.4728267052372,-95.5807026212147,43.0973992302347,0.993940512422347,0.991245431660777,2022.65430250158,2022.65699758234,NA
1127,557,0.060097935364003,-106.005013765311,36.8638476729157,-93.7052401457975,47.9995382772591,0.994477176658534,0.934379241294531,2022.59743631121,2022.65753424658,PQ718753|A/Trumpeter_Swan/MN/22-026969-002-original/2022|H5N1|USA-MN|2022-08-29|wild_avian|B3.2
806,807,0.0162258400448665,-96.9452496002848,41.5358284231702,-96.6281806708265,39.8461118646457,0.994714299881396,0.978488459836529,2022.64154552975,2022.6577713698,NA
641,644,0.123453229595413,-121.296307208447,54.3206168794577,-111.58816301057,50.7701547444105,0.99486503652861,0.871411806933196,2022.53446887685,2022.65792210645,NA
1160,483,0.122623863450343,-111.828783145131,41.5756710558031,-113.614636449602,40.9141961618452,0.997216902685891,0.874593039235548,2022.53765010915,2022.6602739726,PQ720177|A/goose/UT/22-027791-006-original/2022|H5N1|USA-UT|2022-08-30|domestic_avian|B3.2
769,775,0.0652717614516733,-109.300752383456,42.494038562755,-107.159782144378,41.8484159120798,0.997882929271718,0.932611167820044,2022.59566823774,2022.66093999919,NA
775,776,0.00000894406697904415,-107.159782144378,41.8484159120798,-107.387209412401,42.3094158881615,0.997891873338697,0.997882929271718,2022.66093999919,2022.66094894326,NA
615,616,0.0256994335747796,-118.596153200339,51.3861788316039,-112.801180223829,48.1771552783714,0.999009027926583,0.973309594351804,2022.63636666427,2022.66206609784,NA
752,754,0.0430868411433387,-107.71210478036,42.1837431128535,-108.331674272694,42.291818610971,0.999611631746858,0.956524790603519,2022.61958186052,2022.66266870166,NA
746,747,0.00894631537896551,-94.2149011571288,38.0005224181889,-92.83720722562,36.5945246815006,1.00179018991142,0.992843874532452,2022.65590094445,2022.66484725983,NA
668,672,0.0977812433352319,-130.008480450881,57.0534861904561,-130.619947049159,55.7637703470275,1.0018710300982,0.904089786762972,2022.56714685668,2022.66492810002,NA
1118,529,0.069683653468759,-90.9718336349608,43.6989407521809,-82.8252273644416,38.872145940777,1.00269635474083,0.933012701272074,2022.59606977119,2022.66575342466,OR136556|A/chicken/OH/OH22-20542-1/2022|H5N1|USA-OH|2022-09-01|domestic_avian|B3.2
1050,1051,0.0159573080345612,-98.0018369789038,40.2987191624133,-98.0983144582361,39.5478997554276,1.00695406052501,0.990996752490452,2022.65405382241,2022.67001113044,NA
687,19,0.065175157521483,-122.255002961928,56.9270076442239,-130.41855646121,55.2553711241185,1.01091553282291,0.945740375301423,2022.60879744522,2022.67397260274,PQ714457|A/Northern_pintail/AK/22-029100-001-original/2022|H5N1|USA-AK|2022-09-04|wild_avian|B3.2
747,748,0.00934941992338523,-92.83720722562,36.5945246815006,-92.111952371608,41.5553057116918,1.0111396098348,1.00179018991142,2022.66484725983,2022.67419667975,NA
710,711,0.117543486133191,-103.166339357477,45.0232569042545,-100.526452705872,44.4359515628933,1.01374974681642,0.896206260683225,2022.5592633306,2022.67680681673,NA
759,760,0.114576923968825,-108.042856147508,41.7036353417662,-107.892467567471,42.1034963130879,1.01707401081547,0.902497086846642,2022.56555415676,2022.68013108073,NA
878,879,0.0844198803379217,-107.579656670603,29.557712307064,-81.6799435795213,1.58486296632107,1.01747159285831,0.933051712520386,2022.59610878244,2022.68052866278,NA
668,669,0.119915941633305,-130.008480450881,57.0534861904561,-131.411530213425,55.2661046626692,1.02400572839628,0.904089786762972,2022.56714685668,2022.68706279831,NA
1125,555,0.231921195217474,-93.2619879217506,41.2678451691621,-85.1475976593464,40.4138207188526,1.02735388898728,0.795432693769803,2022.45848976369,2022.6904109589,PQ701713|A/American_green-winged_teal/IN/22-029725-007-original-repeat/2022|H5N1|USA-IN|2022-09-10|wild_avian|B3.2
713,289,0.0708065957545112,-101.190447307289,35.2993703763143,-98.7736140346807,34.3703229809506,1.02735388898728,0.956547293232766,2022.61960436315,2022.6904109589,PQ706369|A/Blue-winged_teal/OK/22-029332-011-original/2022|H5N1|USA-OK|2022-09-10|wild_avian|B3.2
713,290,0.0708065957545112,-101.190447307289,35.2993703763143,-99.1140148111538,34.4103346581884,1.02735388898728,0.956547293232766,2022.61960436315,2022.6904109589,PQ706345|A/Blue-winged_teal/OK/22-029332-005-original/2022|H5N1|USA-OK|2022-09-10|wild_avian|B3.2
672,676,0.0263457750454497,-130.619947049159,55.7637703470275,-132.039674537829,55.5056880177434,1.02821680514365,1.0018710300982,2022.66492810002,2022.69127387506,NA
820,822,0.0915369573065075,-97.3842959486781,44.2151050012152,-99.5461094795507,39.1382277305306,1.02994160116319,0.938404643856678,2022.60146171377,2022.69299867108,NA
715,292,0.173871071650925,-112.951787167287,47.6015352345354,-106.223875516257,44.4930545835389,1.03009361501463,0.85622254336371,2022.51927961328,2022.69315068493,PQ712073|A/Great_horned_owl/WY/22-029194-001-original/2022|H5N1|USA-WY|2022-09-11|wild_avian|B3.2
843,844,0.0441980609511199,-86.4873989030306,41.7995835754768,-86.162676352478,41.4295841343559,1.03040835680114,0.986210295850023,2022.64926736577,2022.69346542672,NA
644,645,0.0356381465114772,-111.58816301057,50.7701547444105,-111.551988182179,50.6757353873618,1.03050318304009,0.99486503652861,2022.65792210645,2022.69356025296,NA
844,845,0.00105893930513101,-86.162676352478,41.4295841343559,-85.8407391558738,41.5429775508396,1.03146729610627,1.03040835680114,2022.69346542672,2022.69452436602,NA
723,306,0.0754115162584581,-107.147145814579,45.8839322845158,-97.2047387371108,53.0629216275754,1.03557306706958,0.960161550811119,2022.62321862073,2022.69863013699,PV309744|A/Domestic_bird/MB/FAV-0929-1-2022/2022|H5N1|Canada-MB|2022-09-13|domestic_avian|B3.2
712,298,0.260777811383727,-117.158958039633,54.515285345363,-116.385878319577,52.3777730652226,1.03831279309693,0.777534981713207,2022.44059205163,2022.70136986301,PV301481|A/Striped_Skunk/AB/OTH-0136-1-2022/2022|H5N1|Canada-AB|2022-09-14|other_mammal|B3.2
869,270,0.144429958037096,-110.837994325044,42.3460656519789,-109.615154997308,41.7984038308635,1.03831279309693,0.893882835059839,2022.55693990498,2022.70136986301,PQ718785|A/Trumpeter_Swan/WY/22-030049-002-original/2022|H5N1|USA-WY|2022-09-14|wild_avian|B3.2
754,755,0.0397285037774435,-108.331674272694,42.291818610971,-109.716735156541,41.6575090074414,1.0393401355243,0.999611631746858,2022.66266870166,2022.70239720544,NA
1079,1094,0.13988895212257,-72.1368010384802,48.6555935803103,-75.6956796813365,48.8863175471052,1.04330013860478,0.903411186482213,2022.5664682564,2022.70635720852,NA
702,384,0.40153585505314,-114.472233020671,43.3577211861141,-113.136953927675,47.4769371480278,1.04379224515165,0.642256390098509,2022.30531346002,2022.70684931507,PQ718777|A/Trumpeter_Swan/MT/22-030263-001-original/2022|H5N1|USA-MT|2022-09-16|wild_avian|B3.2
850,376,0.173474605391672,-100.225402239667,46.2832179623457,-105.749141479279,54.5026796161692,1.04379224515165,0.870317639759977,2022.53337470968,2022.70684931507,PV309064|A/Coopers_Hawk/SK/FAV-1470-23-2022/2022|H5N1|Canada-SK|2022-09-16|wild_avian|B3.2
875,88,0.166771150682958,-107.085904896132,35.36838117948,-98.615125464579,30.979436965545,1.04653197117901,0.879760820496048,2022.54281789041,2022.7095890411,PQ706441|A/Blue-winged_teal/TX/22-031351-010-original-repeat/2022|H5N1|USA-TX|2022-09-17|wild_avian|B3.2
711,300,0.0327822243625904,-100.526452705872,44.4359515628933,-95.4252537032526,43.9058182933556,1.04653197117901,1.01374974681642,2022.67680681673,2022.7095890411,PQ701745|A/American_green-winged_teal/MN/23-013078-030-original/2022|H5N1|USA-MN|2022-09-17|wild_avian|B3.2
807,808,0.0544060600888585,-96.6281806708265,39.8461118646457,-96.2125533998849,41.8410248925657,1.04912035997025,0.994714299881396,2022.6577713698,2022.71217742989,NA
814,815,0.073690500075045,-98.7653496939547,44.370686846037,-99.1174341438171,44.4314043079839,1.05130824806313,0.977617747988087,2022.6406748179,2022.71436531798,NA
843,365,0.0658011273839261,-86.4873989030306,41.7995835754768,-107.011261112835,39.6599195532984,1.05201142323395,0.986210295850023,2022.64926736577,2022.71506849315,PQ715737|A/Red-tailed_hawk/CO/22-029818-001-original-repeat/2022|H5N1|USA-CO|2022-09-19|wild_avian|B3.2
790,851,0.24576792392635,-98.8090191457396,41.015835115696,-98.7631562724612,40.9106734204828,1.05317787105617,0.807409947129817,2022.47046701705,2022.71623494097,NA
684,688,0.163805655001872,-118.700519114286,51.4356878723985,-109.854773161102,50.2374291293129,1.05414203305177,0.890336378049893,2022.55339344797,2022.71719910297,NA
847,326,0.120488216114441,-98.5720885304168,42.1202036601168,-92.7211778687322,30.3554044194537,1.05475114926131,0.934262933146865,2022.59732000306,2022.71780821918,PQ705761|A/Blue-winged_teal/LA/22-033477-003-original/2022|H5N1|USA-LA|2022-09-20|wild_avian|B3.2
645,646,0.0247314499963984,-111.551988182179,50.6757353873618,-110.834998112388,50.3618133109772,1.05523463303649,1.03050318304009,2022.69356025296,2022.71829170295,NA
741,742,0.124772315761208,-101.767456153522,44.7684265153569,-100.32997195034,44.1646168760191,1.05659436689015,0.931822051128946,2022.59487912105,2022.71965143681,NA
822,823,0.0267629560371208,-99.5461094795507,39.1382277305306,-100.277277609262,35.9011882482558,1.05670455720031,1.02994160116319,2022.69299867108,2022.71976162712,NA
676,677,0.0290109506030691,-132.039674537829,55.5056880177434,-140.94943562378,58.9766558084186,1.05722775574672,1.02821680514365,2022.69127387506,2022.72028482566,NA
646,647,0.0038717643393662,-110.834998112388,50.3618133109772,-110.048219884661,50.647123450895,1.05910639737585,1.05523463303649,2022.71829170295,2022.72216346729,NA
755,756,0.0199879273041286,-109.716735156541,41.6575090074414,-109.956182730735,39.0561450724209,1.05932806282843,1.0393401355243,2022.70239720544,2022.72238513275,NA
664,665,0.168131128293748,-133.179331164578,42.7113244758673,-134.537732847122,42.9368817189739,1.05988519649876,0.891754068205009,2022.55481113812,2022.72294226642,NA
1071,564,0.554336608519936,-90.9129975133064,45.2590616103667,-96.204452984136,31.0725148435115,1.06023060131602,0.505893992796084,2022.16895106271,2022.72328767123,PQ706497|A/Blue-winged_teal/TX/22-033479-004-original/2022|H5N1|USA-TX|2022-09-22|wild_avian|B3.2
710,299,0.164024340632796,-103.166339357477,45.0232569042545,-119.264099441716,55.9948659986843,1.06023060131602,0.896206260683225,2022.5592633306,2022.72328767123,PV320424|A/Turkey/AB/FAV-0962-1-2022/2022|H5N1|Canada-AB|2022-09-22|domestic_avian|B3.2
730,295,0.225209959231415,-101.591637140842,38.1204347639082,-92.7534936488648,31.376264432496,1.06297032734338,0.837760368111963,2022.50081743803,2022.72602739726,EPI_ISL_17690225|A/duck/Louisiana/UGAI22-3889/2022|H5N1|USA-LA|2022-09-23|domestic_avian|B3.2
877,266,0.145197190789699,-104.557841042299,40.0239040934032,-93.8165640125088,39.1909014779748,1.06297032734338,0.917773136553679,2022.58083020647,2022.72602739726,PQ701273|A/American_Blue-winged_teal/MO/22-032511-101-original-repeat/2022|H5N1|USA-MO|2022-09-23|wild_avian|B3.2
874,269,0.107446705837355,-102.305123140132,39.6266951147467,-114.593509202224,38.0368807405002,1.06297032734338,0.955523621506023,2022.61858069142,2022.72602739726,PQ708353|A/Canada_goose/NV/22-033403-003-original-repeat/2022|H5N1|USA-NV|2022-09-23|wild_avian|B3.2
646,652,0.00850331474295896,-110.834998112388,50.3618133109772,-111.97069499355,50.5320603713582,1.06373794777944,1.05523463303649,2022.71829170295,2022.7267950177,NA
1101,1102,0.0753348413632144,-78.7740642801134,47.2757700341362,-74.8493563106728,43.1372172529654,1.0652710784854,0.98993623712219,2022.65299330704,2022.7283281484,NA
856,286,0.13914818425481,-115.415060191469,38.2166696801105,-105.889115942534,46.5715692817806,1.06571005337096,0.926561869116153,2022.58961893903,2022.72876712329,PQ706313|A/Blue-winged_teal/MT/22-031163-004-original-repeat/2022|H5N1|USA-MT|2022-09-24|wild_avian|B3.2
652,653,0.00219644590274859,-111.97069499355,50.5320603713582,-112.173774916004,51.9122851742195,1.06593439368219,1.06373794777944,2022.7267950177,2022.7289914636,NA
756,757,0.00702398014646022,-109.956182730735,39.0561450724209,-111.082573906023,39.2112742944636,1.06635204297489,1.05932806282843,2022.72238513275,2022.72940911289,NA
1102,1103,0.00199151404676856,-74.8493563106728,43.1372172529654,-74.7820853327024,43.182597074727,1.06726259253217,1.0652710784854,2022.7283281484,2022.73031966245,NA
1094,1095,0.0240583707964559,-75.6956796813365,48.8863175471052,-75.4808945522291,50.8376194079181,1.06735850940124,1.04330013860478,2022.70635720852,2022.73041557932,NA
616,621,0.068491581977201,-112.801180223829,48.1771552783714,-113.090620235919,48.184519187927,1.06750060990378,0.999009027926583,2022.66206609784,2022.73055767982,NA
807,809,0.0735521149580007,-96.6281806708265,39.8461118646457,-97.4689628576084,41.3271156592521,1.0682664148394,0.994714299881396,2022.6577713698,2022.73132348476,NA
870,871,0.101870603757816,-105.674634510913,44.3672163959113,-104.178662723747,40.4456314432218,1.06947221367097,0.967601609913158,2022.63065867983,2022.73252928359,NA
1103,1117,0.00308898891015463,-74.7820853327024,43.182597074727,-74.7695785377292,43.1734682476191,1.07035158144233,1.06726259253217,2022.73031966245,2022.73340865136,NA
851,852,0.018255686209494,-98.7631562724612,40.9106734204828,-99.4892271544137,43.2402235472746,1.07143355726566,1.05317787105617,2022.71623494097,2022.73449062718,NA
1080,523,0.167113886352941,-72.0793455252242,48.5320650918775,-68.1256650632989,47.471903922729,1.07392923145304,0.906815345100094,2022.56987241502,2022.73698630137,PV301592|A/American_Black_Duck/NB/FAV-1206-8-2022/2022|H5N1|Canada-NB|2022-09-27|wild_avian|B3.2
756,41,0.0146011686246053,-109.956182730735,39.0561450724209,-111.374305005675,41.8337926607567,1.07392923145304,1.05932806282843,2022.72238513275,2022.73698630137,PQ710001|A/Eared_grebe/UT/22-030915-001-original/2022|H5N1|USA-UT|2022-09-27|wild_avian|B3.2
653,654,0.00819780352062516,-112.173774916004,51.9122851742195,-111.558863719277,51.2066171675277,1.07413219720282,1.06593439368219,2022.7289914636,2022.73718926712,NA
877,265,0.158895820926713,-104.557841042299,40.0239040934032,-104.551714949277,40.6383376499274,1.07666895748039,0.917773136553679,2022.58083020647,2022.7397260274,PQ716913|A/Ring-billed_gull/CO/22-030941-001-original/2022|H5N1|USA-CO|2022-09-28|wild_avian|B3.2
725,305,0.130690626463018,-100.381028938347,42.5060030774034,-107.653294647466,59.6148435737641,1.07666895748039,0.945978331017375,2022.60903540093,2022.7397260274,PV310832|A/Domestic_bird/SK/FAV-0986-2-2022/2022|H5N1|Canada-SK|2022-09-28|domestic_avian|B3.2
739,57,0.0828726729631413,-105.434518737492,47.6153077170503,-101.619332993012,47.6537367339119,1.07666895748039,0.993796284517251,2022.65685335443,2022.7397260274,PQ711673|A/Great_horned_owl/ND/22-032264-001-original/2022|H5N1|USA-ND|2022-09-28|wild_avian|B3.2
644,430,0.0818039209517827,-111.58816301057,50.7701547444105,-103.010362875989,48.6796845333806,1.07666895748039,0.99486503652861,2022.65792210645,2022.7397260274,PQ702113|A/American_white_Pelican/ND/22-032266-001-original-repeat/2022|H5N1|USA-ND|2022-09-28|wild_avian|B3.2
616,617,0.0777698917961391,-112.801180223829,48.1771552783714,-118.182914295891,47.4418122174399,1.07677891972272,0.999009027926583,2022.66206609784,2022.73983598964,NA
654,655,0.00300953780712643,-111.558863719277,51.2066171675277,-111.662704446788,51.1942067942233,1.07714173500994,1.07413219720282,2022.73718926712,2022.74019880493,NA
669,670,0.0536035039737022,-131.411530213425,55.2661046626692,-142.655328770448,59.8505054055135,1.07760923236998,1.02400572839628,2022.68706279831,2022.74066630229,NA
725,726,0.132019571286978,-100.381028938347,42.5060030774034,-100.746003601393,42.8043301757686,1.07799790230435,0.945978331017375,2022.60903540093,2022.74105497222,NA
1132,1133,0.152740847527606,-91.5062557801348,47.4872544244967,-75.9727548464549,45.7931769188179,1.07911332875421,0.926372481226601,2022.58942955114,2022.74217039867,NA
1081,524,0.162447567327411,-66.0232963254672,47.0572744545195,-92.9865279093925,57.8697767789875,1.07940868350798,0.916961116180567,2022.5800181861,2022.74246575342,PV320960|A/Turkey/MB/FAV-0994-2-2022/2022|H5N1|Canada-MB|2022-09-29|domestic_avian|B3.2
1118,528,0.146395982235903,-90.9718336349608,43.6989407521809,-92.7577720792234,43.6426355527318,1.07940868350798,0.933012701272074,2022.59606977119,2022.74246575342,PQ719105|A/Turkey_Vulture/MN/22-031157-002-original/2022|H5N1|USA-MN|2022-09-29|wild_avian|B3.2
757,42,0.0130566405330872,-111.082573906023,39.2112742944636,-113.621302219754,40.2312119039487,1.07940868350798,1.06635204297489,2022.72940911289,2022.74246575342,PQ712361|A/Gull/UT/22-031729-002-original-repeat/2022|H5N1|USA-UT|2022-09-29|wild_avian|B3.2
654,656,0.00683837650234143,-111.558863719277,51.2066171675277,-111.134523600852,50.7471447713268,1.08097057370516,1.07413219720282,2022.73718926712,2022.74402764362,NA
611,466,0.185056736578772,-119.048246271593,49.4519215541912,-160.021699508165,55.7375562230212,1.08214840953533,0.897091672956563,2022.56014874287,2022.74520547945,PQ714633|A/Northern_pintail/AK/23-002693-016-original/2022|H5N1|USA-AK|2022-09-30|wild_avian|B3.2
656,657,0.00179191397468514,-111.134523600852,50.7471447713268,-110.78394199757,50.6954544495286,1.08276248767984,1.08097057370516,2022.74402764362,2022.7458195576,NA
879,880,0.0657350542236541,-81.6799435795213,1.58486296632107,-79.4668067451227,-3.34796556756488,1.08320664708196,1.01747159285831,2022.68052866278,2022.746263717,NA
868,872,0.256245215735905,-107.074080620633,36.9565477456499,-112.114552134921,36.2586621025999,1.08415836453282,0.827913148796914,2022.49097021871,2022.74721543445,NA
621,622,0.0170158954944117,-113.090620235919,48.184519187927,-107.493259274838,41.2821523963919,1.0845165053982,1.06750060990378,2022.73055767982,2022.74757357532,NA
870,273,0.117286525649534,-105.674634510913,44.3672163959113,-114.674448929364,43.4408607219715,1.08488813556269,0.967601609913158,2022.63065867983,2022.74794520548,PQ701705|A/American_green-winged_teal/ID/22-034533-007-original-repeat2/2022|H5N1|USA-ID|2022-10-01|wild_avian|B3.2
748,53,0.0737485257278894,-92.111952371608,41.5553057116918,-102.089259570077,46.0941686660832,1.08488813556269,1.0111396098348,2022.67419667975,2022.74794520548,PQ701793|A/American_green-winged_teal/ND/22-032267-001-original-repeat/2022|H5N1|USA-ND|2022-10-01|wild_avian|B3.2
611,612,0.188968804341805,-119.048246271593,49.4519215541912,-129.231984403096,51.652212832348,1.08606047729837,0.897091672956563,2022.56014874287,2022.74911754722,NA
657,658,0.00406924374774009,-110.78394199757,50.6954544495286,-110.459433340588,50.6576087868874,1.08683173142758,1.08276248767984,2022.7458195576,2022.74988880134,NA
1081,1082,0.170584974264439,-66.0232963254672,47.0572744545195,-64.6636038190584,46.5459831012377,1.08754609044501,0.916961116180567,2022.5800181861,2022.75060316036,NA
879,1048,0.071859746688546,-81.6799435795213,1.58486296632107,-83.8852901803631,14.2876608231096,1.08933133954685,1.01747159285831,2022.68052866278,2022.75238840946,NA
1133,1134,0.0104410266476163,-75.9727548464549,45.7931769188179,-76.2119690840133,45.502004460847,1.08955435540182,1.07911332875421,2022.74217039867,2022.75261142532,NA
770,771,0.117147171809928,-112.224197877617,49.0658048320568,-88.624479803157,39.6686790362499,1.08960711288462,0.97245994107469,2022.63551701099,2022.7526641828,NA
726,727,0.0133721605350368,-100.746003601393,42.8043301757686,-101.238009000765,42.9992448362177,1.09137006283939,1.07799790230435,2022.74105497222,2022.75442713276,NA
880,881,0.00826621695280849,-79.4668067451227,-3.34796556756488,-79.9286367517014,-3.62096771057663,1.09147286403477,1.08320664708196,2022.746263717,2022.75452993395,NA
776,59,0.0952154403060677,-107.387209412401,42.3094158881615,-111.896278173185,40.5188790338304,1.09310731364476,0.997891873338697,2022.66094894326,2022.75616438356,PQ709897|A/Duck/UT/22-031728-004-original-repeat/2022|H5N1|USA-UT|2022-10-04|domestic_avian|B3.2
742,743,0.0377898168548847,-100.32997195034,44.1646168760191,-91.973240070814,35.4365830017856,1.09438418374504,1.05659436689015,2022.71965143681,2022.75744125366,NA
800,322,0.232710179710903,-98.3186593970762,43.4993228780464,-111.651839420342,59.7473255163261,1.09584703967235,0.863136859961446,2022.52619392988,2022.75890410959,PV305560|A/Canada_Goose/AB/FAV-1258-6-2022/2022|H5N1|Canada-AB|2022-10-05|wild_avian|B3.2
799,366,0.199334319742211,-99.0595474643879,39.075168863241,-113.306741997442,50.076081937248,1.09584703967235,0.896512719930138,2022.55956978985,2022.75890410959,PV305552|A/Canada_Goose/AB/FAV-1258-5-2022/2022|H5N1|Canada-AB|2022-10-05|wild_avian|B3.2
751,46,0.143815987972297,-106.578814333264,41.4735293666038,-101.167883094464,49.5644081085557,1.09584703967235,0.952031051700052,2022.61508812162,2022.75890410959,PV324056|A/chicken/MB/FAV-1061-1-2022/2022|H5N1|Canada-MB|2022-10-05|domestic_avian|B3.2
881,882,0.00461180634728953,-79.9286367517014,-3.62096771057663,-77.2862320932148,-10.3390198286291,1.09608467038206,1.09147286403477,2022.75452993395,2022.7591417403,NA
880,990,0.0142676854504025,-79.4668067451227,-3.34796556756488,-79.6032288835734,-2.06755087695978,1.09747433253236,1.08320664708196,2022.746263717,2022.76053140245,NA
849,372,0.242256110968349,-96.1134438640833,42.8530147398767,-93.8473868604049,36.087522942955,1.09858676569971,0.856330654731357,2022.51938772465,2022.76164383562,EPI_ISL_16297378|A/chicken/Arkansas/22-031676-001/2022|H5N1|USA-AR|2022-10-06|domestic_avian|B3.2
621,638,0.0338179156896143,-113.090620235919,48.184519187927,-123.799833761129,50.051458319614,1.1013185255934,1.06750060990378,2022.73055767982,2022.76437559551,NA
860,276,0.138420994539807,-87.7293967355972,38.5318024479834,-86.9022309425039,39.6136628762867,1.10132649172706,0.962905497187256,2022.6259625671,2022.76438356164,PQ715137|A/Peregrine_falcon/IN/22-032710-001-original/2022|H5N1|USA-IN|2022-10-07|wild_avian|B3.2
882,883,0.00670592714329254,-77.2862320932148,-10.3390198286291,-78.11483528204,-8.69622971093374,1.10279059752535,1.09608467038206,2022.7591417403,2022.76584766744,NA
990,992,0.00671798260050149,-79.6032288835734,-2.06755087695978,-80.5347786881667,-2.69297688092335,1.10419231513287,1.09747433253236,2022.76053140245,2022.76724938505,NA
647,648,0.0481024907544221,-110.048219884661,50.647123450895,-109.815017632824,50.6618632389031,1.10720888813027,1.05910639737585,2022.72216346729,2022.77026595805,NA
817,819,0.113474597983957,-95.5807026212147,43.0973992302347,-92.7215961797817,35.9283924088143,1.1074151104063,0.993940512422347,2022.65699758234,2022.77047218032,NA
688,690,0.0540406727264666,-109.854773161102,50.2374291293129,-100.763399631918,48.9454572891421,1.10818270577823,1.05414203305177,2022.71719910297,2022.7712397757,NA
1051,1052,0.101334276100818,-98.0983144582361,39.5478997554276,-98.6442680472354,39.6487901169677,1.10828833662583,1.00695406052501,2022.67001113044,2022.77134540654,NA
863,864,0.212406409303795,-96.0814480008334,38.6585402643957,-108.726773881956,46.9154240376182,1.10866983709586,0.89626342779206,2022.55932049771,2022.77172690701,NA
658,660,0.0224895075331482,-110.459433340588,50.6576087868874,-111.151598233466,50.7204048189315,1.10932123896073,1.08683173142758,2022.74988880134,2022.77237830888,NA
873,267,0.283780619910975,-106.560390676562,34.6748657649145,-108.386528333482,43.414650284293,1.10954566980914,0.825765049898161,2022.48882211982,2022.77260273973,EPI_ISL_16297368|A/chicken/Wyoming/22-032216-001/2022|H5N1|USA-WY|2022-10-10|domestic_avian|B3.2
750,37,0.179167028765417,-100.733394074925,38.9998939557174,-98.7067172198193,34.2172688460411,1.10954566980914,0.930378641043719,2022.59343571096,2022.77260273973,PQ701297|A/American_Blue-winged_teal/OK/22-032994-002-original/2022|H5N1|USA-OK|2022-10-10|wild_avian|B3.2
871,271,0.0400734561381619,-104.178662723747,40.4456314432218,-105.02275925233,40.701630688665,1.10954566980914,1.06947221367097,2022.73252928359,2022.77260273973,EPI_ISL_16297358|A/chicken/Colorado/22-032670-001/2022|H5N1|USA-CO|2022-10-10|domestic_avian|B3.2
871,272,0.0400734561381619,-104.178662723747,40.4456314432218,-104.161132851276,40.7135873477509,1.10954566980914,1.06947221367097,2022.73252928359,2022.77260273973,EPI_ISL_16297365|A/chicken/Colorado/22-032233-001/2022|H5N1|USA-CO|2022-10-10|domestic_avian|B3.2
688,689,0.0556437281130142,-109.854773161102,50.2374291293129,-105.829599900637,47.1195084286866,1.10978576116478,1.05414203305177,2022.71719910297,2022.77284283108,NA
693,27,0.247127663044961,-118.393064050606,50.2133219184239,-126.078812769207,57.5159030157302,1.11228539583672,0.86515773279176,2022.52821480271,2022.77534246575,PV309680|A/Domestic_bird/BC/FAV-1128-2022/2022|H5N1|Canada-BC|2022-10-11|domestic_avian|B3.2
677,399,0.0550576400899985,-140.94943562378,58.9766558084186,-147.874529364777,62.5707318156233,1.11228539583672,1.05722775574672,2022.72028482566,2022.77534246575,PP802398|A/domestic_turkey/USA/22-032677-004/2022|H5N1|USA-AK|2022-10-11|domestic_avian|B3.2
657,426,0.0322626341842334,-110.78394199757,50.6954544495286,-99.9680584855298,50.3065800467467,1.11502512186408,1.08276248767984,2022.7458195576,2022.77808219178,PV303768|A/Bald_Eagle/MB/OTH-0142-1-2022/2022|H5N1|Canada-MB|2022-10-12|wild_avian|B3.2
823,825,0.0590922955533166,-100.277277609262,35.9011882482558,-97.593494805142,34.0899912951622,1.11579685275362,1.05670455720031,2022.71976162712,2022.77885392267,NA
823,824,0.0597157260643906,-100.277277609262,35.9011882482558,-103.640077283181,35.1604903298675,1.1164202832647,1.05670455720031,2022.71976162712,2022.77947735318,NA
693,26,0.252607115099675,-118.393064050606,50.2133219184239,-92.9654401556849,35.1943140990697,1.11776484789144,0.86515773279176,2022.52821480271,2022.78082191781,EPI_ISL_16297360|A/chicken/Arkansas/22-032566-001/2022|H5N1|USA-AR|2022-10-13|domestic_avian|B3.2
825,826,0.00243813593509756,-97.593494805142,34.0899912951622,-98.2493602222506,33.7179748184152,1.11823498868872,1.11579685275362,2022.77885392267,2022.78129205861,NA
664,469,0.228750505713784,-133.179331164578,42.7113244758673,-162.197349955188,55.2278590620589,1.12050457391879,0.891754068205009,2022.55481113812,2022.78356164384,PQ713065|A/Mallard/AK/23-003641-008-original/2022|H5N1|USA-AK|2022-10-14|wild_avian|B3.2
748,54,0.10936496408399,-92.111952371608,41.5553057116918,-92.3308707198758,32.4111269644646,1.12050457391879,1.0111396098348,2022.67419667975,2022.78356164384,EPI_ISL_16297332|A/goose/Louisiana/22-033391-001/2022|H5N1|USA-LA|2022-10-14|domestic_avian|B3.2
845,364,0.0890372778125195,-85.8407391558738,41.5429775508396,-116.099432991264,37.7575616417398,1.12050457391879,1.03146729610627,2022.69452436602,2022.78356164384,EPI_ISL_16297353|A/chicken/Nevada/22-032799-001/2022|H5N1|USA-NV|2022-10-14|domestic_avian|B3.2
806,353,0.144755840109621,-96.9452496002848,41.5358284231702,-76.7251329060336,43.3302950025449,1.12324429994615,0.978488459836529,2022.64154552975,2022.78630136986,PQ701809|A/American_green-winged_teal/NY/22-033592-029-original/2022|H5N1|USA-NY|2022-10-15|wild_avian|B3.2
719,312,0.13258641610165,-111.72163512508,41.8305759405156,-119.35428386582,45.0263831179799,1.12324429994615,0.9906578838445,2022.65371495376,2022.78630136986,PQ702361|A/American_wigeon/OR/22-033876-019-original/2022|H5N1|USA-OR|2022-10-15|wild_avian|B3.2
844,363,0.0928359431450079,-86.162676352478,41.4295841343559,-82.751572525615,40.7290057638263,1.12324429994615,1.03040835680114,2022.69346542672,2022.78630136986,PQ702337|A/American_wigeon/OH/22-034080-032-original/2022|H5N1|USA-OH|2022-10-15|wild_avian|B3.2
851,379,0.0700664288899842,-98.7631562724612,40.9106734204828,-97.7870490608505,40.9476997160852,1.12324429994615,1.05317787105617,2022.71623494097,2022.78630136986,EPI_ISL_16297351|A/pheasant/Nebraska/22-032910-001/2022|H5N1|USA-NE|2022-10-15|domestic_avian|B3.2
872,274,0.0390859354133308,-112.114552134921,36.2586621025999,-113.261862371061,33.6733138259966,1.12324429994615,1.08415836453282,2022.74721543445,2022.78630136986,PQ714969|A/Pelican/AZ/22-038234-003-original/2022|H5N1|USA-AZ|2022-10-15|wild_avian|B3.2
872,275,0.0390859354133308,-112.114552134921,36.2586621025999,-113.93780067034,33.7238974563466,1.12324429994615,1.08415836453282,2022.74721543445,2022.78630136986,PQ714961|A/Pelican/AZ/22-038234-002-original/2022|H5N1|USA-AZ|2022-10-15|wild_avian|B3.2
731,294,0.207785226163919,-101.040048905726,36.3555104839476,-95.8584938631248,43.1024331898922,1.12598402597351,0.918198799809588,2022.58125586973,2022.78904109589,PQ701697|A/American_green-winged_teal/IA/22-034928-001-original-repeat2/2022|H5N1|USA-IA|2022-10-16|wild_avian|B3.2
856,287,0.199422156857354,-115.415060191469,38.2166696801105,-119.513092217002,36.8573842635357,1.12598402597351,0.926561869116153,2022.58961893903,2022.78904109589,EPI_ISL_16297067|A/Muscovy_duck/California/22-034335-001/2022|H5N1|USA-CA|2022-10-16|wild_avian|B3.2
788,789,0.138631269430453,-91.8799795281401,42.4654758521745,-92.360314272921,42.8285928789458,1.12717252079267,0.988541251362221,2022.65159832128,2022.79022959071,NA
771,772,0.0376762864967093,-88.624479803157,39.6686790362499,-89.3096180168916,38.1714852190143,1.12728339938133,1.08960711288462,2022.7526641828,2022.7903404693,NA
734,35,0.475296882922391,-104.380153938036,39.7290415668557,-97.051771246701,37.9229724641211,1.12872375200109,0.653426869078702,2022.316483939,2022.79178082192,PQ715033|A/Pelican/KS/22-036624-001-original-repeat/2022|H5N1|USA-KS|2022-10-17|wild_avian|B3.2
692,28,0.308538997912026,-121.351964727391,52.0109705163967,-96.3985395200174,32.8461396020014,1.12872375200109,0.820184754089066,2022.48324182401,2022.79178082192,EPI_ISL_16297342|A/chicken/Texas/22-033221-001/2022|H5N1|USA-TX|2022-10-17|domestic_avian|B3.2
760,762,0.112439554398404,-107.892467567471,42.1034963130879,-108.632214883951,42.5624873838954,1.12951356521387,1.01707401081547,2022.68013108073,2022.79257063513,NA
719,313,0.140805594183949,-111.72163512508,41.8305759405156,-98.4679459190864,44.7961878843432,1.13146347802845,0.9906578838445,2022.65371495376,2022.79452054795,EPI_ISL_16297337|A/chicken/South_Dakota/22-033350-001/2022|H5N1|USA-SD|2022-10-18|domestic_avian|B3.2
864,284,0.0227936409325946,-108.726773881956,46.9154240376182,-110.276185208924,48.9770957881086,1.13146347802845,1.10866983709586,2022.77172690701,2022.79452054795,EPI_ISL_16297340|A/chicken/Montana/22-033348-001/2022|H5N1|USA-MT|2022-10-18|domestic_avian|B3.2
852,378,0.0627696467901471,-99.4892271544137,43.2402235472746,-100.70447904252,40.4404480942801,1.13420320405581,1.07143355726566,2022.73449062718,2022.79726027397,PQ718537|A/Sparrow/NE/22-033885-001-original/2022|H5N1|USA-NE|2022-10-19|wild_avian|B3.2
1103,1104,0.0680440909249218,-74.7820853327024,43.182597074727,-74.8713001590752,43.5042922630307,1.13530668345709,1.06726259253217,2022.73031966245,2022.79836375337,NA
792,375,0.304172449435617,-103.295149947883,38.3512217647433,-97.4057201334375,35.2084683165217,1.13694293008316,0.832770480647548,2022.49582755056,2022.8,EPI_ISL_16297140|A/chicken/Oklahoma/22-033558-001/2022|H5N1|USA-OK|2022-10-20|domestic_avian|B3.2
805,325,0.16279716244989,-95.3011050015916,41.8239163507268,-81.4356240615587,29.0129132113603,1.13694293008316,0.974145767633274,2022.63720283755,2022.8,EPI_ISL_16297133|A/chicken/Florida/22-033923-001/2022|H5N1|USA-FL|2022-10-20|domestic_avian|B3.2
864,285,0.0282730929873094,-108.726773881956,46.9154240376182,-105.197163471325,46.4882131541995,1.13694293008316,1.10866983709586,2022.77172690701,2022.8,PQ708265|A/Canada_goose/MT/22-033859-002-original/2022|H5N1|USA-MT|2022-10-20|wild_avian|B3.2
622,623,0.0537202682711238,-107.493259274838,41.2821523963919,-106.696753973593,41.3792169686664,1.13823677366932,1.0845165053982,2022.74757357532,2022.80129384359,NA
883,884,0.0374358292153061,-78.11483528204,-8.69622971093374,-81.5495824311775,-5.20383964570374,1.14022642674066,1.10279059752535,2022.76584766744,2022.80328349666,NA
1095,1096,0.074044225778438,-75.4808945522291,50.8376194079181,-75.3105941103903,49.4527100991058,1.14140273517968,1.06735850940124,2022.73041557932,2022.8044598051,NA
731,293,0.224223582328519,-101.040048905726,36.3555104839476,-107.844554724071,52.4657911785392,1.14242238213811,0.918198799809588,2022.58125586973,2022.80547945205,PV310888|A/Domestic_bird/SK/FAV-1259-1-2022/2022|H5N1|Canada-SK|2022-10-22|domestic_avian|B3.2
754,43,0.142810750391249,-108.331674272694,42.291818610971,-107.869407569954,50.5112611687419,1.14242238213811,0.999611631746858,2022.66266870166,2022.80547945205,PV324608|A/chicken/SK/FAV-1261-2-2022/2022|H5N1|Canada-SK|2022-10-22|domestic_avian|B3.2
808,357,0.0933020221678524,-96.2125533998849,41.8410248925657,-93.575861542713,40.9641937682025,1.14242238213811,1.04912035997025,2022.71217742989,2022.80547945205,PQ705697|A/Blue-winged_teal/IA/22-034304-005-original-repeat2/2022|H5N1|USA-IA|2022-10-22|wild_avian|B3.2
762,765,0.0144100473955726,-108.632214883951,42.5624873838954,-107.028126484528,43.1570443139953,1.14392361260944,1.12951356521387,2022.79257063513,2022.80698068253,NA
992,993,0.0397410306676766,-80.5347786881667,-2.69297688092335,-78.2895395291392,-11.2769019893646,1.14393334580054,1.10419231513287,2022.76724938505,2022.80699041572,NA
884,885,0.00402345595837916,-81.5495824311775,-5.20383964570374,-81.5146926801221,-5.14661373808323,1.14424988269904,1.14022642674066,2022.80328349666,2022.80730695262,NA
813,329,0.186623398115574,-97.996852523792,44.4771254120908,-95.9857478254492,45.2279741934323,1.14516210816546,0.95853871004989,2022.62159577997,2022.80821917808,EPI_ISL_16297135|A/turkey/Minnesota/22-033929-001/2022|H5N1|USA-MN|2022-10-23|domestic_avian|B3.2
1104,1105,0.0125414712105405,-74.8713001590752,43.5042922630307,-74.8329868466187,45.5156149184149,1.14784815466763,1.13530668345709,2022.79836375337,2022.81090522458,NA
1096,1097,0.00728923207624321,-75.3105941103903,49.4527100991058,-77.2957316189576,48.2326765586598,1.14869196725592,1.14140273517968,2022.8044598051,2022.81174903717,NA
1082,1083,0.0615898484127908,-64.6636038190584,46.5459831012377,-64.524229319966,46.5690740650558,1.1491359388578,1.08754609044501,2022.75060316036,2022.81219300877,NA
623,624,0.0110166940899279,-106.696753973593,41.3792169686664,-107.380076545007,41.2062970654611,1.14925346775925,1.13823677366932,2022.80129384359,2022.81231053768,NA
607,608,0.460488763824345,-122.337097951591,46.5450291907356,-122.336230502876,45.9701695920925,1.14938824047944,0.6888994766551,2022.35195654657,2022.8124453104,NA
624,626,0.000619348684280485,-107.380076545007,41.2062970654611,-107.839552142688,41.4661873692076,1.14987281644353,1.14925346775925,2022.81231053768,2022.81292988636,NA
600,467,0.588959859660091,-121.76531073599,53.1333526108401,-121.043989442397,54.327246793002,1.15064156022018,0.561681700560088,2022.22473877048,2022.81369863014,PV304800|A/Cackling_Goose/BC/FAV-0014-67-2023/2022|H5N1|Canada-BC|2022-10-25|wild_avian|B3.2
744,48,0.202627081249113,-99.8395216615463,42.7524213431699,-93.8561355123412,44.3279421536152,1.15064156022018,0.948014478971066,2022.61107154889,2022.81369863014,EPI_ISL_16297129|A/turkey/Minnesota/22-034260-001/2022|H5N1|USA-MN|2022-10-25|domestic_avian|B3.2
755,39,0.111301424695878,-109.716735156541,41.6575090074414,-112.188067872893,41.9040601478467,1.15064156022018,1.0393401355243,2022.70239720544,2022.81369863014,PQ711857|A/Great_horned_owl/UT/22-035956-007-original/2022|H5N1|USA-UT|2022-10-25|wild_avian|B3.2
993,1038,0.00749900749117183,-78.2895395291392,-11.2769019893646,-78.461525653685,-11.8845306952907,1.15143235329171,1.14393334580054,2022.80699041572,2022.81448942321,NA
885,887,0.00860526751742796,-81.5146926801221,-5.14661373808323,-80.3886046534279,-5.30225946334452,1.15285515021647,1.14424988269904,2022.80730695262,2022.81591222013,NA
1105,1106,0.00532313440140397,-74.8329868466187,45.5156149184149,-75.8175081618726,47.1261319955023,1.15317128906904,1.14784815466763,2022.81090522458,2022.81622835899,NA
739,58,0.159585001730285,-105.434518737492,47.6153077170503,-113.990889679122,44.3867358764809,1.15338128624754,0.993796284517251,2022.65685335443,2022.81643835616,PQ702289|A/American_wigeon/ID/22-036873-001-original/2022|H5N1|USA-ID|2022-10-26|wild_avian|B3.2
765,766,0.011360164369103,-107.028126484528,43.1570443139953,-107.265060769452,41.8606593455334,1.15528377697855,1.14392361260944,2022.80698068253,2022.8183408469,NA
887,888,0.00289889622669426,-80.3886046534279,-5.30225946334452,-82.1672746765246,-5.94656085798524,1.15575404644316,1.15285515021647,2022.81591222013,2022.81881111636,NA
793,368,0.306237086458283,-101.272770940257,38.3180762083314,-116.893018581085,32.8307154102854,1.15612101227489,0.849883925816611,2022.51294099573,2022.81917808219,PQ701953|A/American_white_Pelican/CA/22-035596-001-original/2022|H5N1|USA-CA|2022-10-27|wild_avian|B3.2
788,380,0.167579760912672,-91.8799795281401,42.4654758521745,-123.873934697254,46.0305240093951,1.15612101227489,0.988541251362221,2022.65159832128,2022.81917808219,PQ702401|A/American_wigeon/OR/22-035736-015-original/2022|H5N1|USA-OR|2022-10-27|wild_avian|B3.2
852,377,0.0846874550092336,-99.4892271544137,43.2402235472746,-98.9042731749909,43.0757112329316,1.15612101227489,1.07143355726566,2022.73449062718,2022.81917808219,EPI_ISL_16297062|A/pheasant/South_Dakota/22-034797-001/2022|H5N1|USA-SD|2022-10-27|domestic_avian|B3.2
797,316,0.316074554747328,-97.4816623038106,41.0568893288291,-87.1774597477595,40.8296580544747,1.15886073830248,0.84278618355515,2022.50584325347,2022.82191780822,PQ713273|A/Mallard/IN/22-034829-007-original-repeat2/2022|H5N1|USA-IN|2022-10-28|wild_avian|B3.2
670,671,0.0820469149748648,-142.655328770448,59.8505054055135,-142.517577654591,59.6886427509318,1.15965614734484,1.07760923236998,2022.74066630229,2022.82271321726,NA
1038,1039,0.00881679877391672,-78.461525653685,-11.8845306952907,-76.7558128838978,-12.7878169791799,1.16024915206563,1.15143235329171,2022.81448942321,2022.82330622198,NA
1048,258,0.0722691247829825,-83.8852901803631,14.2876608231096,-81.9817193048251,27.8791425529964,1.16160046432984,1.08933133954685,2022.75238840946,2022.82465753425,PQ715121|A/Peregrine_falcon/FL/22-035514-001-original/2022|H5N1|USA-FL|2022-10-29|wild_avian|B3.2
826,827,0.0436535621050127,-98.2493602222506,33.7179748184152,-98.4501861109145,33.7512701905563,1.16188855079373,1.11823498868872,2022.78129205861,2022.82494562071,NA
881,894,0.0709204232756,-79.9286367517014,-3.62096771057663,-64.2446211850772,-21.0254671479572,1.16239328731037,1.09147286403477,2022.75452993395,2022.82545035723,NA
825,837,0.0468259268080327,-97.593494805142,34.0899912951622,-97.9836462093607,34.4683309310194,1.16262277956166,1.11579685275362,2022.77885392267,2022.82567984948,NA
723,724,0.202990624002435,-107.147145814579,45.8839322845158,-105.793098312593,37.9458976164291,1.16315217481355,0.960161550811119,2022.62321862073,2022.82620924473,NA
865,283,0.247433871791207,-95.6765353685622,38.3793543784134,-80.4231382755922,34.8761057117139,1.16434019035719,0.916906318565986,2022.57996338848,2022.82739726027,PQ708281|A/Canada_goose/NC/22-036623-001-original-repeat2/2022|H5N1|USA-NC|2022-10-30|wild_avian|B3.2
812,331,0.224887951969813,-95.8057554307929,45.0227554283046,-90.4174260638185,49.4155177302667,1.16434019035719,0.939452238387381,2022.6025093083,2022.82739726027,PV302416|A/American_Crow/ON/FAV-1440-3-2022/2022|H5N1|Canada-ON|2022-10-30|wild_avian|B3.2
774,75,0.186518004585936,-111.861883323565,49.0935262567049,-105.245226464937,41.6961239406433,1.16434019035719,0.977822185771257,2022.64087925569,2022.82739726027,PQ709201|A/Canada_goose/WY/23-000336-002-original/2022|H5N1|USA-WY|2022-10-30|wild_avian|B3.2
691,694,0.374426205210865,-121.356285902819,52.0250304484601,-126.023918076708,53.7272605717669,1.16434550911976,0.789919303908896,2022.45297637383,2022.82740257904,NA
762,763,0.0366047213150509,-108.632214883951,42.5624873838954,-108.295022958998,42.7334260713309,1.16611828652892,1.12951356521387,2022.79257063513,2022.82917535645,NA
758,86,0.473582002698676,-107.02760615506,40.2294118615782,-97.2915646854304,32.6876565883676,1.16707991638455,0.693497913685874,2022.3565549836,2022.8301369863,EPI_ISL_16297117|A/mallard/Texas/22-035744-001/2022|H5N1|USA-TX|2022-10-31|wild_avian|B3.2
787,381,0.261253641756563,-91.9262165508542,40.6351701972263,-88.1818997854289,42.8995276554353,1.16707991638455,0.905826274627987,2022.56888334454,2022.8301369863,EPI_ISL_16297085|A/chicken/Wisconsin/22-034812-002/2022|H5N1|USA-WI|2022-10-31|domestic_avian|B3.2
660,661,0.0585452672299525,-111.151598233466,50.7204048189315,-109.89872861983,40.6908185587578,1.16786650619069,1.10932123896073,2022.77237830888,2022.83092357611,NA
1039,1042,0.00788750427696883,-76.7558128838978,-12.7878169791799,-76.396539613097,-12.8909379393664,1.1681366563426,1.16024915206563,2022.82330622198,2022.83119372626,NA
1039,1040,0.00888365349593512,-76.7558128838978,-12.7878169791799,-76.6921807758046,-12.5646154493739,1.16913280556157,1.16024915206563,2022.82330622198,2022.83218987548,NA
848,373,0.331632778317383,-97.5957753248756,40.8692865248541,-101.366610806188,48.6982189897203,1.16981964241191,0.838186864094525,2022.50124393401,2022.83287671233,EPI_ISL_16297071|A/chicken/North_Dakota/22-035070-001/2022|H5N1|USA-ND|2022-11-01|domestic_avian|B3.2
1160,482,0.29522660317636,-111.828783145131,41.5756710558031,-112.504022018989,34.6266247113716,1.16981964241191,0.874593039235548,2022.53765010915,2022.83287671233,EPI_ISL_16297070|A/chicken/Arizona/22-035006-002/2022|H5N1|USA-AZ|2022-11-01|domestic_avian|B3.2
665,472,0.109934445913151,-134.537732847122,42.9368817189739,-123.218630815766,45.1306587782754,1.16981964241191,1.05988519649876,2022.72294226642,2022.83287671233,EPI_ISL_16297078|A/chicken/Oregon/22-035197-001/2022|H5N1|USA-OR|2022-11-01|domestic_avian|B3.2
827,829,0.0101404580123132,-98.4501861109145,33.7512701905563,-96.4862038407555,32.7976308333516,1.17202900880605,1.16188855079373,2022.82494562071,2022.83508607872,NA
599,13,0.612518181436185,-121.556342070831,53.4275109152853,-78.0133693943247,51.9535381388761,1.17255936843927,0.560041187003081,2022.22309825692,2022.83561643836,PV318152|A/Snow_Goose/QC/FAV-1493-1-2022/2022|H5N1|Canada-QC|2022-11-02|wild_avian|B3.2
622,460,0.0880428630410695,-107.493259274838,41.2821523963919,-122.098071524859,48.0906751815073,1.17255936843927,1.0845165053982,2022.74757357532,2022.83561643836,EPI_ISL_16297118|A/chicken/Washington/22-035749-001/2022|H5N1|USA-WA|2022-11-02|domestic_avian|B3.2
671,406,0.0129032210944215,-142.517577654591,59.6886427509318,-145.222874185274,61.7019471338864,1.17255936843927,1.15965614734484,2022.82271321726,2022.83561643836,PP802622|A/mallard/USA/22-036139-048/2022|H5N1|USA-AK|2022-11-02|wild_avian|B3.2
1083,1084,0.0250563636399908,-64.524229319966,46.5690740650558,-64.9233086344383,46.105999779575,1.17419230249779,1.1491359388578,2022.81219300877,2022.83724937241,NA
837,838,0.0117434670593348,-97.9836462093607,34.4683309310194,-98.2512500173891,34.314505336492,1.17436624662099,1.16262277956166,2022.82567984948,2022.83742331654,NA
859,277,0.213044440787366,-87.7397711203052,38.5264311561263,-104.521584475657,43.5264313736821,1.17529909446685,0.962254653679484,2022.6253117236,2022.83835616438,PQ709153|A/Canada_goose/WY/22-036111-001-original/2022|H5N1|USA-WY|2022-11-03|wild_avian|B3.2
821,321,0.18924685952343,-97.3932041311682,44.196292566741,-104.605335457818,54.5369886310994,1.17529909446685,0.98605223494342,2022.64910930486,2022.83835616438,PV324640|A/chicken/SK/FAV-1385-2-2022/2022|H5N1|Canada-SK|2022-11-03|domestic_avian|B3.2
746,56,0.182455219934398,-94.2149011571288,38.0005224181889,-81.5467051366486,28.5482374141996,1.17529909446685,0.992843874532452,2022.65590094445,2022.83835616438,PQ709697|A/Double-crested_Cormorant/FL/22-036552-001-original/2022|H5N1|USA-FL|2022-11-03|wild_avian|B3.2
1084,1085,0.0019588297738431,-64.9233086344383,46.105999779575,-64.6273940745411,46.8491757223503,1.17615113227163,1.17419230249779,2022.83724937241,2022.83920820219,NA
850,374,0.30772118073423,-100.225402239667,46.2832179623457,-84.594894880457,29.9631985150493,1.17803882049421,0.870317639759977,2022.53337470968,2022.84109589041,PQ719905|A/black_skimmer/FL/22-036966-001-original/2022|H5N1|USA-FL|2022-11-04|wild_avian|B3.2
648,415,0.0708299323639339,-109.815017632824,50.6618632389031,-112.523109394896,43.7091855083373,1.17803882049421,1.10720888813027,2022.77026595805,2022.84109589041,EPI_ISL_16271835|A/striped_skunk/Idaho/22-037165-002/2022|H5N1|USA-ID|2022-11-04|other_mammal|B3.2
1040,1041,0.0107593492232141,-76.6921807758046,-12.5646154493739,-76.3404370938985,-12.0429553703918,1.17989215478478,1.16913280556157,2022.83218987548,2022.8429492247,NA
740,47,0.260511737451705,-100.550598271427,45.3505471076861,-94.1891389861834,29.6427467992814,1.18077854652156,0.92026680906986,2022.58332387899,2022.84383561644,PQ710353|A/Gadwall/TX/22-036753-040-original-repeat/2022|H5N1|USA-TX|2022-11-05|wild_avian|B3.2
655,418,0.10363681151162,-111.662704446788,51.1942067942233,-116.702596412818,40.3019291447205,1.18077854652156,1.07714173500994,2022.74019880493,2022.84383561644,PQ714777|A/Northern_shoveler/NV/22-037517-003-original/2022|H5N1|USA-NV|2022-11-05|wild_avian|B3.2
682,16,0.387337336151365,-123.588739504205,53.9398464232978,-123.804094664521,54.0335771965426,1.18351827254892,0.796180936397557,2022.45923800631,2022.84657534247,PV317736|A/Snow_Goose/BC/FAV-0053-3-2022/2022|H5N1|Canada-BC|2022-11-06|wild_avian|B3.2
1106,1107,0.031310542613793,-75.8175081618726,47.1261319955023,-75.7681579976652,49.9254006049623,1.18448183168283,1.15317128906904,2022.81622835899,2022.8475389016,NA
623,630,0.0483482780592328,-106.696753973593,41.3792169686664,-100.577295924982,41.989539144205,1.18658505172855,1.13823677366932,2022.80129384359,2022.84964212165,NA
626,627,0.0388657967460708,-107.839552142688,41.4661873692076,-107.889190747628,41.5018168485348,1.1887386131896,1.14987281644353,2022.81292988636,2022.85179568311,NA
799,367,0.292485004673727,-99.0595474643879,39.075168863241,-75.1249533743079,10.3862537740047,1.18899772460386,0.896512719930138,2022.55956978985,2022.85205479452,OQ683458|A/chicken/Colombia/Bolivar/3500/2022|H5N1|Colombia-Bolivar|2022-11-08|domestic_avian|B3.2
894,895,0.0283098304032654,-64.2446211850772,-21.0254671479572,-65.4694894204689,-22.5901104083439,1.19070311771364,1.16239328731037,2022.82545035723,2022.85376018763,NA
715,291,0.335514907267512,-112.951787167287,47.6015352345354,-111.021540624583,46.2108371010063,1.19173745063122,0.85622254336371,2022.51927961328,2022.85479452055,PQ716385|A/Red-tailed_hawk/MT/22-036316-001-original/2022|H5N1|USA-MT|2022-11-09|wild_avian|B3.2
819,327,0.0843223402249187,-92.7215961797817,35.9283924088143,-86.4621547082872,35.2819402654531,1.19173745063122,1.1074151104063,2022.77047218032,2022.85479452055,EPI_ISL_16271855|A/domestic_goose/Tennessee/22-036130-001/2022|H5N1|USA-TN|2022-11-09|domestic_avian|B3.2
660,425,0.082416211670489,-111.151598233466,50.7204048189315,-112.593016233712,51.0595128398735,1.19173745063122,1.10932123896073,2022.77237830888,2022.85479452055,PV315832|A/Poultry/AB/FAV-1411-1-2022/2022|H5N1|Canada-AB|2022-11-09|domestic_avian|B3.2
895,978,0.00232149397084624,-65.4694894204689,-22.5901104083439,-66.1990878326729,-22.5441834619057,1.19302461168448,1.19070311771364,2022.85376018763,2022.8560816816,NA
793,794,0.34324192386073,-101.272770940257,38.3180762083314,-81.3147266106919,12.296298003909,1.19312584967734,0.849883925816611,2022.51294099573,2022.85618291959,NA
829,830,0.0212723438530551,-96.4862038407555,32.7976308333516,-97.3781568773976,35.6044023803917,1.1933013526591,1.17202900880605,2022.83508607872,2022.85635842258,NA
888,89,0.0387231302154198,-82.1672746765246,-5.94656085798524,-81.200409,-5.197348,1.19447717665858,1.15575404644316,2022.81881111636,2022.85753424658,OQ547439|A/Pelecanus_thagus/Peru/AIS0538/2022|H5N1|Peru|2022-11-10|wild_avian|B3.2
993,994,0.0506091108745537,-78.2895395291392,-11.2769019893646,-75.0812833466726,-18.1046180719237,1.1945424566751,1.14393334580054,2022.80699041572,2022.85759952659,NA
1097,519,0.0485249354300175,-77.2957316189576,48.2326765586598,-72.7949736524407,47.5327255295512,1.19721690268594,1.14869196725592,2022.81174903717,2022.8602739726,PV317952|A/Snow_Goose/QC/FAV-0018-1-2023/2022|H5N1|Canada-QC|2022-11-11|wild_avian|B3.2
994,995,0.00345195410970245,-75.0812833466726,-18.1046180719237,-76.2067359171543,-17.814868898179,1.1979944107848,1.1945424566751,2022.85759952659,2022.8610514807,NA
766,767,0.0430548923121523,-107.265060769452,41.8606593455334,-103.840718376917,41.8216641007966,1.1983386692907,1.15528377697855,2022.8183408469,2022.86139573921,NA
617,618,0.122201625362973,-118.182914295891,47.4418122174399,-121.27999500915,47.9827149496817,1.1989805450857,1.07677891972272,2022.73983598964,2022.862037615,NA
1106,1108,0.0481008912713765,-75.8175081618726,47.1261319955023,-75.8325077437066,46.8750976445186,1.20127218034042,1.15317128906904,2022.81622835899,2022.86432925026,NA
1132,497,0.276323873514051,-91.5062557801348,47.4872544244967,-95.5842057103012,46.3530056109709,1.20269635474065,0.926372481226601,2022.58942955114,2022.86575342466,EPI_ISL_16271859|A/turkey/Minnesota/22-036547-001/2022|H5N1|USA-MN|2022-11-13|domestic_avian|B3.2
760,761,0.186571827448543,-107.892467567471,42.1034963130879,-107.530751128784,42.4851352658623,1.20364583826401,1.01707401081547,2022.68013108073,2022.86670290818,NA
685,20,0.298661115161983,-121.060759079951,53.1990725513107,-121.676674013448,54.0328431566279,1.20543608076824,0.906774965606253,2022.56983203552,2022.86849315069,PV304792|A/Cackling_Goose/BC/FAV-0014-28-2023/2022|H5N1|Canada-BC|2022-11-14|wild_avian|B3.2
655,427,0.128294345758292,-111.662704446788,51.1942067942233,-120.330947807902,36.6644673020055,1.20543608076824,1.07714173500994,2022.74019880493,2022.86849315069,EPI_ISL_16271861|A/Pekin_duck/California/22-036722-001/2022|H5N1|USA-CA|2022-11-14|domestic_avian|B3.2
992,1047,0.101879540255824,-80.5347786881667,-2.69297688092335,-76.5013309883207,-7.45370809228284,1.20607185538869,1.10419231513287,2022.76724938505,2022.86912892531,NA
687,17,0.262435431494171,-122.255002961928,56.9270076442239,-117.758100258764,54.3408398003092,1.20817580679559,0.945740375301423,2022.60879744522,2022.87123287671,PV314216|A/Layer_chicken/AB/FAV-1445-2-2022/2022|H5N1|Canada-AB|2022-11-15|domestic_avian|B3.2
1084,516,0.0339835042978063,-64.9233086344383,46.105999779575,-63.9707763497658,46.4994644514281,1.20817580679559,1.17419230249779,2022.83724937241,2022.87123287671,PV319320|A/Striped_Skunk/PE/FAV-1642-1-2022/2022|H5N1|Canada-PE|2022-11-15|other_mammal|B3.2
895,896,0.0193013155554662,-65.4694894204689,-22.5901104083439,-64.769138389938,-22.9605379806537,1.2100044332691,1.19070311771364,2022.85376018763,2022.87306150319,NA
887,891,0.0579624966301759,-80.3886046534279,-5.30225946334452,-79.3771148736287,-4.99054171999122,1.21081764684664,1.15285515021647,2022.81591222013,2022.87387471676,NA
661,424,0.0430490266322656,-109.89872861983,40.6908185587578,-106.90461348634,37.9037820725245,1.21091553282295,1.16786650619069,2022.83092357611,2022.87397260274,PQ717545|A/Snow_goose/CO/22-037670-001-original/2022|H5N1|USA-CO|2022-11-16|wild_avian|B3.2
891,893,0.000524739495536775,-79.3771148736287,-4.99054171999122,-79.2072808675723,-4.94313812966926,1.21134238634218,1.21081764684664,2022.87387471676,2022.87439945626,NA
727,302,0.122285196010919,-101.238009000765,42.9992448362177,-93.4215456466585,46.295425124629,1.21365525885031,1.09137006283939,2022.75442713276,2022.87671232877,PQ718761|A/Trumpeter_Swan/MN/22-037438-001-original/2022|H5N1|USA-MN|2022-11-17|wild_avian|B3.2
672,673,0.211825902457108,-130.619947049159,55.7637703470275,-114.56541746365,51.4883051432131,1.21369693255531,1.0018710300982,2022.66492810002,2022.87675400247,NA
995,996,0.0166367590065128,-76.2067359171543,-17.814868898179,-71.7088180132021,-17.7735393399398,1.21463116979131,1.1979944107848,2022.8610514807,2022.87768823971,NA
858,861,0.276084081828528,-94.8695873751502,36.2087513866916,-74.0306220894891,10.6489835673382,1.21601709578247,0.939933013953941,2022.60299008387,2022.8790741657,NA
724,307,0.0532428100641122,-105.793098312593,37.9458976164291,-116.632646990155,43.4689990752738,1.21639498487767,1.16315217481355,2022.82620924473,2022.87945205479,PQ717577|A/Snow_goose/ID/22-038611-002-original/2022|H5N1|USA-ID|2022-11-18|wild_avian|B3.2
1047,200,0.0103231294889765,-76.5013309883207,-7.45370809228284,-79.906572,-6.7172767,1.21639498487767,1.20607185538869,2022.86912892531,2022.87945205479,OQ547343|A/Gallus_gallus/Peru/AIS0539/2022|H5N1|Peru|2022-11-18|domestic_avian|B3.2
861,279,0.000377889095197315,-74.0306220894891,10.6489835673382,-74.1096640427368,10.4835213716663,1.21639498487767,1.21601709578247,2022.8790741657,2022.87945205479,OQ683490|A/chicken/Colombia/Magdalena/3503/2022|H5N1|Colombia-Magdalena|2022-11-18|domestic_avian|B3.2
861,280,0.000377889095197315,-74.0306220894891,10.6489835673382,-74.4533747937042,10.7088430878235,1.21639498487767,1.21601709578247,2022.8790741657,2022.87945205479,EPI_ISL_17353838|A/chicken/Magdalena/ICA-3503/2022|H5N1|Chile-Magdalena|2022-11-18|domestic_avian|B3.2
978,982,0.0250709638311486,-66.1990878326729,-22.5441834619057,-68.0013571969025,-29.9619369135918,1.21809557551563,1.19302461168448,2022.8560816816,2022.88115264543,NA
658,659,0.131950046586864,-110.459433340588,50.6576087868874,-113.735555305329,50.139637805998,1.21878177801445,1.08683173142758,2022.74988880134,2022.88183884793,NA
821,324,0.233082475961603,-97.3932041311682,44.196292566741,-80.1995143808936,36.7811904659617,1.21913471090502,0.98605223494342,2022.64910930486,2022.88219178082,PQ701329|A/American_black_Duck/VA/22-038573-010-original/2022|H5N1|USA-VA|2022-11-19|wild_avian|B3.2
1133,500,0.140021382150816,-75.9727548464549,45.7931769188179,-81.4471860038357,32.1395479800182,1.21913471090502,1.07911332875421,2022.74217039867,2022.88219178082,PQ701681|A/American_green-winged_teal/GA/22-038443-007-original/2022|H5N1|USA-GA|2022-11-19|wild_avian|B3.2
994,1037,0.0251285415814029,-75.0812833466726,-18.1046180719237,-73.1266753935624,-21.2608224887712,1.2196709982565,1.1945424566751,2022.85759952659,2022.88272806817,NA
996,997,0.00552225026442432,-71.7088180132021,-17.7735393399398,-72.0342693227689,-18.651405701658,1.22015342005574,1.21463116979131,2022.87768823971,2022.88321048997,NA
776,777,0.222735155457105,-107.387209412401,42.3094158881615,-116.216516226296,53.6760237981169,1.2206270287958,0.997891873338697,2022.66094894326,2022.88368409871,NA
1105,1110,0.0735829914316337,-74.8329868466187,45.5156149184149,-74.8448552714758,45.792032968059,1.22143114609927,1.14784815466763,2022.81090522458,2022.88448821602,NA
830,831,0.02837690051653,-97.3781568773976,35.6044023803917,-92.3459005298223,34.7532611073943,1.22167825317563,1.1933013526591,2022.85635842258,2022.88473532309,NA
891,892,0.0117561767866032,-79.3771148736287,-4.99054171999122,-81.0708466408166,-6.66264667047924,1.22257382363324,1.21081764684664,2022.87387471676,2022.88563089355,NA
711,301,0.210864416143549,-100.526452705872,44.4359515628933,-97.3706999862311,43.4020160255493,1.22461416295997,1.01374974681642,2022.67680681673,2022.88767123288,EPI_ISL_16271830|A/chicken/South_Dakota/22-037931-001/2022|H5N1|USA-SD|2022-11-21|domestic_avian|B3.2
815,317,0.173305914896833,-99.1174341438171,44.4314043079839,-106.333407115993,51.3519210341467,1.22461416295997,1.05130824806313,2022.71436531798,2022.88767123288,PV324656|A/chicken/SK/FAV-1471-1-2022/2022|H5N1|Canada-SK|2022-11-21|domestic_avian|B3.2
608,432,0.075225922480521,-122.336230502876,45.9701695920925,-123.259601532908,46.0706919570128,1.22461416295997,1.14938824047944,2022.8124453104,2022.88767123288,EPI_ISL_16271840|A/chicken/Oregon/22-037712-001/2022|H5N1|USA-OR|2022-11-21|domestic_avian|B3.2
1042,1043,0.0565512534523744,-76.396539613097,-12.8909379393664,-77.0344212162961,-13.9760192569531,1.22468790979497,1.1681366563426,2022.83119372626,2022.88774497971,NA
831,835,0.00359099291978726,-92.3459005298223,34.7532611073943,-95.0919751378385,37.3669317720253,1.22526924609542,1.22167825317563,2022.88473532309,2022.88832631601,NA
1085,1086,0.0493795130666452,-64.6273940745411,46.8491757223503,-64.9716723299123,46.5392681131235,1.22553064533828,1.17615113227163,2022.83920820219,2022.88858771525,NA
618,619,0.0268407580466419,-121.27999500915,47.9827149496817,-121.300609952256,47.609857072459,1.22582130313234,1.1989805450857,2022.862037615,2022.88887837305,NA
831,832,0.00451531175674624,-92.3459005298223,34.7532611073943,-90.6261602340051,35.0925226224088,1.22619356493238,1.22167825317563,2022.88473532309,2022.88925063485,NA
832,833,0.00104954995397621,-90.6261602340051,35.0925226224088,-91.049021368457,35.3155884624161,1.22724311488635,1.22619356493238,2022.88925063485,2022.8903001848,NA
750,38,0.296975247943604,-100.733394074925,38.9998939557174,-88.8864212660438,43.1786298702079,1.22735388898732,0.930378641043719,2022.59343571096,2022.8904109589,PQ718817|A/Tundra_Swan/WI/22-038828-001-original-repeat/2022|H5N1|USA-WI|2022-11-22|wild_avian|B3.2
789,383,0.100181368194649,-92.360314272921,42.8285928789458,-98.3455531546276,44.35139543814,1.22735388898732,1.12717252079267,2022.79022959071,2022.8904109589,EPI_ISL_16271831|A/turkey/South_Dakota/22-037933-001/2022|H5N1|USA-SD|2022-11-22|domestic_avian|B3.2
884,94,0.0871274622466647,-81.5495824311775,-5.20383964570374,-81.170758,-5.1499528,1.22735388898732,1.14022642674066,2022.80328349666,2022.8904109589,OQ550466|A/Sanderling/Peru/PIU-SER005/2022|H5N1|Peru|2022-11-22|wild_avian|B3.2
1037,256,0.00768289073082418,-73.1266753935624,-21.2608224887712,-77.1415409234702,-12.0357158567122,1.22735388898732,1.2196709982565,2022.88272806817,2022.8904109589,OQ547423|A/Nannopterum_brasilianus/Peru/AISA0446/2022|H5N1|Peru|2022-11-22|wild_avian|B3.2
1043,202,0.0026659791923489,-77.0344212162961,-13.9760192569531,-77.1547269152875,-12.0745284877094,1.22735388898732,1.22468790979497,2022.88774497971,2022.8904109589,OQ547447|A/Pelecanus_thagus/Peru/AISA0464/2022|H5N1|Peru|2022-11-22|wild_avian|B3.2
845,846,0.196333849942909,-85.8407391558738,41.5429775508396,-70.2984721129778,44.5240136804518,1.22780114604918,1.03146729610627,2022.69452436602,2022.89085821597,NA
833,834,0.00250594107519131,-91.049021368457,35.3155884624161,-90.1857370838965,34.6402231446735,1.22974905596154,1.22724311488635,2022.8903001848,2022.89280612588,NA
704,314,0.744525718518869,-98.4896849613702,41.8677191602835,-87.5971701495801,38.1833604814267,1.23009361501468,0.485567896495811,2022.14862496641,2022.89315068493,PQ717633|A/Snow_goose/IN/22-038827-008-original-repeat/2022|H5N1|USA-IN|2022-11-23|wild_avian|B3.2
805,352,0.255947847381406,-95.3011050015916,41.8239163507268,-89.979540516882,33.8502523541672,1.23009361501468,0.974145767633274,2022.63720283755,2022.89315068493,PQ718017|A/Snow_goose/MS/22-038821-010-original/2022|H5N1|USA-MS|2022-11-23|wild_avian|B3.2
819,328,0.122678504608377,-92.7215961797817,35.9283924088143,-93.022545056213,36.6957005136746,1.23009361501468,1.1074151104063,2022.77047218032,2022.89315068493,PQ717897|A/Snow_goose/MO/22-038564-002-original/2022|H5N1|USA-MO|2022-11-23|wild_avian|B3.2
824,334,0.113673331749984,-103.640077283181,35.1604903298675,-101.582970133139,35.5263827382414,1.23009361501468,1.1164202832647,2022.77947735318,2022.89315068493,PQ720105|A/goose/TX/22-038236-001-original/2022|H5N1|USA-TX|2022-11-23|domestic_avian|B3.2
789,382,0.102921094222006,-92.360314272921,42.8285928789458,-87.348511007996,38.3052505850314,1.23009361501468,1.12717252079267,2022.79022959071,2022.89315068493,PQ717601|A/Snow_goose/IN/22-038827-003-original-repeat/2022|H5N1|USA-IN|2022-11-23|wild_avian|B3.2
671,405,0.0704374676698363,-142.517577654591,59.6886427509318,-149.936710537925,62.5536571942996,1.23009361501468,1.15965614734484,2022.82271321726,2022.89315068493,EPI_ISL_16271829|A/chicken/Alaska/22-037940-001/2022|H5N1|USA-AK|2022-11-23|domestic_avian|B3.2
838,347,0.0557273683936903,-98.2512500173891,34.314505336492,-90.2449549510998,33.9292200743537,1.23009361501468,1.17436624662099,2022.83742331654,2022.89315068493,PQ717985|A/Snow_goose/MS/22-038821-004-original/2022|H5N1|USA-MS|2022-11-23|wild_avian|B3.2
827,828,0.0685352717623999,-98.4501861109145,33.7512701905563,-101.163789668359,39.556244046254,1.23042382255613,1.16188855079373,2022.82494562071,2022.89348089247,NA
997,998,0.0106960410298766,-72.0342693227689,-18.651405701658,-72.0503215701695,-18.8476885964536,1.23084946108561,1.22015342005574,2022.88321048997,2022.893906531,NA
673,674,0.0174445193953994,-114.56541746365,51.4883051432131,-113.841505226064,50.5220634125607,1.23114145195071,1.21369693255531,2022.87675400247,2022.89419852187,NA
811,323,0.299941266369533,-96.6086426839502,44.2820848773932,-92.925157799455,37.1925026706392,1.23283334104204,0.932892074672504,2022.59594914459,2022.89589041096,EPI_ISL_16271826|A/turkey/Missouri/22-038012-001/2022|H5N1|USA-MO|2022-11-24|domestic_avian|B3.2
808,356,0.183712981071783,-96.2125533998849,41.8410248925657,-96.8254136120278,42.4692899871868,1.23283334104204,1.04912035997025,2022.71217742989,2022.89589041096,EPI_ISL_16271824|A/chicken/Nebraska/22-038149-001/2022|H5N1|USA-NE|2022-11-24|domestic_avian|B3.2
893,95,0.0214909546998596,-79.2072808675723,-4.94313812966926,-80.896081,-5.5176602,1.23283334104204,1.21134238634218,2022.87439945626,2022.89589041096,OQ550458|A/pelican/Peru/PIU-SER028/2022|H5N1|Peru|2022-11-24|wild_avian|B3.2
998,999,0.00216013427148454,-72.0503215701695,-18.8476885964536,-72.1372685973753,-18.8144726734243,1.2330095953571,1.23084946108561,2022.893906531,2022.89606666527,NA
1085,1088,0.0580911784715008,-64.6273940745411,46.8491757223503,-65.0752930992103,47.6234527731155,1.23424231074313,1.17615113227163,2022.83920820219,2022.89729938066,NA
617,439,0.1587941473469,-118.182914295891,47.4418122174399,-122.166940516039,47.3068870295413,1.23557306706962,1.07677891972272,2022.73983598964,2022.89863013699,PQ714161|A/Mallard/WA/22-039095-002-original/2022|H5N1|USA-WA|2022-11-25|wild_avian|B3.2
743,49,0.141188883324583,-91.973240070814,35.4365830017856,-91.0143218662165,36.0213106300079,1.23557306706962,1.09438418374504,2022.75744125366,2022.89863013699,PQ717353|A/Snow_goose/AR/22-038202-001-original/2022|H5N1|USA-AR|2022-11-25|wild_avian|B3.2
641,642,0.365430176553775,-121.296307208447,54.3206168794577,-107.902052758324,39.7558866363029,1.23684198348697,0.871411806933196,2022.53446887685,2022.8998990534,NA
835,836,0.0123127596922417,-95.0919751378385,37.3669317720253,-95.082498677181,37.3660925023538,1.23758200578766,1.22526924609542,2022.88832631601,2022.9006390757,NA
718,309,0.302615425928907,-111.372462348974,38.2766242030829,-75.0411079853086,8.45468531466262,1.23831279309698,0.935697367168073,2022.59875443708,2022.90136986301,EPI_ISL_17353510|A/chicken/Cordoba/ICA-3499/2022|H5N1|Argentina-Cordoba|2022-11-26|domestic_avian|B3.2
777,778,0.0186045243245094,-116.216516226296,53.6760237981169,-119.293254364397,52.8006648362632,1.23923155312031,1.2206270287958,2022.88368409871,2022.90228862304,NA
765,768,0.0957151351905652,-107.028126484528,43.1570443139953,-101.706512871327,41.113779136622,1.23963874780001,1.14392361260944,2022.80698068253,2022.90269581772,NA
627,628,0.0512024884388662,-107.889190747628,41.5018168485348,-107.476150328254,43.12245975956,1.23994110162847,1.1887386131896,2022.85179568311,2022.90299817155,NA
999,1003,0.00725851430729252,-72.1372685973753,-18.8144726734243,-71.3369791074842,-21.2201564239631,1.24026810966439,1.2330095953571,2022.89606666527,2022.90332517958,NA
1088,1089,0.00626979132021654,-65.0752930992103,47.6234527731155,-67.8293264339555,46.4100956699087,1.24051210206335,1.23424231074313,2022.89729938066,2022.90356917198,NA
767,81,0.0427138498336377,-103.840718376917,41.8216641007966,-101.347882746398,37.7559672649565,1.24105251912434,1.1983386692907,2022.86139573921,2022.90410958904,PQ717705|A/Snow_goose/KS/22-039690-007-original/2022|H5N1|USA-KS|2022-11-27|wild_avian|B3.2
630,631,0.0545863645040874,-100.577295924982,41.989539144205,-100.306135577493,40.4450244556709,1.24117141623264,1.18658505172855,2022.84964212165,2022.90422848615,NA
865,282,0.326885926585708,-95.6765353685622,38.3793543784134,-94.0163074255098,32.3691794107397,1.24379224515169,0.916906318565986,2022.57996338848,2022.90684931507,PQ714705|A/Northern_pintail/LA/22-039392-003-original-repeat/2022|H5N1|USA-LA|2022-11-28|wild_avian|B3.2
726,304,0.165794342847342,-100.746003601393,42.8043301757686,-118.258386399708,36.7253507171748,1.24379224515169,1.07799790230435,2022.74105497222,2022.90684931507,PQ717441|A/Snow_goose/CA/22-041406-001-original/2022|H5N1|USA-CA|2022-11-28|wild_avian|B3.2
1038,208,0.0923598918599806,-78.461525653685,-11.8845306952907,-77.0538496474467,-12.0523522096568,1.24379224515169,1.15143235329171,2022.81448942321,2022.90684931507,OQ547351|A/Gallus_gallus/Peru/AIS0540/2022|H5N1|Peru|2022-11-28|domestic_avian|B3.2
761,76,0.0401464068876836,-107.530751128784,42.4851352658623,-104.4242025222,40.4938394085942,1.24379224515169,1.20364583826401,2022.86670290818,2022.90684931507,PQ707545|A/Canada_goose/CO/22-038655-001-original/2022|H5N1|USA-CO|2022-11-28|wild_avian|B3.2
1047,201,0.0377203897630052,-76.5013309883207,-7.45370809228284,-79.986917,-6.748801,1.24379224515169,1.20607185538869,2022.86912892531,2022.90684931507,EPI_ISL_16249681|A/chicken/Peru/LAM-INS-002/2022|H5N1|Peru-Lambayeque|2022-11-28|domestic_avian|B3.2
619,620,0.0184380617826476,-121.300609952256,47.609857072459,-122.901108128951,48.5754401177412,1.24425936491498,1.22582130313234,2022.88887837305,2022.90731643483,NA
674,675,0.0134634123018027,-113.841505226064,50.5220634125607,-115.084952220883,52.2621455007048,1.24460486425251,1.23114145195071,2022.89419852187,2022.90766193417,NA
794,795,0.0533825998878155,-81.3147266106919,12.296298003909,-87.0044779606495,15.8033983706391,1.24650844956516,1.19312584967734,2022.85618291959,2022.90956551948,NA
1051,260,0.239577910654039,-98.0983144582361,39.5478997554276,-92.7720792232327,33.8674244681754,1.24653197117905,1.00695406052501,2022.67001113044,2022.9095890411,PQ717369|A/Snow_goose/AR/22-039436-012-original/2022|H5N1|USA-AR|2022-11-29|wild_avian|B3.2
689,25,0.136746210014272,-105.829599900637,47.1195084286866,-103.381375092593,48.4492394407893,1.24653197117905,1.10978576116478,2022.77284283108,2022.9095890411,PQ708313|A/Canada_goose/ND/23-002238-004-original/2022|H5N1|USA-ND|2022-11-29|wild_avian|B3.2
835,342,0.0212627250836337,-95.0919751378385,37.3669317720253,-95.5268323305209,38.3703789683446,1.24653197117905,1.22526924609542,2022.88832631601,2022.9095890411,PQ717073|A/Ross_s_goose/KS/22-041130-002-original/2022|H5N1|USA-KS|2022-11-29|wild_avian|B3.2
982,983,0.0291838289100883,-68.0013571969025,-29.9619369135918,-67.3210043698207,-30.8803305166964,1.24727940442572,1.21809557551563,2022.88115264543,2022.91033647434,NA
1003,1004,0.00889610642359528,-71.3369791074842,-21.2201564239631,-71.1066479204022,-22.7539149487657,1.24916421608798,1.24026810966439,2022.90332517958,2022.912221286,NA
847,330,0.315008764059545,-98.5720885304168,42.1202036601168,-98.4308079897038,41.7636047550393,1.24927169720641,0.934262933146865,2022.59732000306,2022.91232876712,PQ711681|A/Great_horned_owl/NE/22-038800-001-original/2022|H5N1|USA-NE|2022-11-30|wild_avian|B3.2
742,51,0.192677330316255,-100.32997195034,44.1646168760191,-85.7699338117389,51.9276598442664,1.24927169720641,1.05659436689015,2022.71965143681,2022.91232876712,PV319672|A/Tundra_Swan/ON/FAV-1653-1-2022/2022|H5N1|Canada-ON|2022-11-30|wild_avian|B3.2
1096,521,0.107868962026733,-75.3105941103903,49.4527100991058,-85.1699735717241,55.0571205845047,1.24927169720641,1.14140273517968,2022.8044598051,2022.91232876712,PV317904|A/Snow_Goose/ON/FAV-1653-4-2022/2022|H5N1|Canada-ON|2022-11-30|wild_avian|B3.2
829,335,0.0772426884003634,-96.4862038407555,32.7976308333516,-93.5879570956272,30.2961572595997,1.24927169720641,1.17202900880605,2022.83508607872,2022.91232876712,PQ717777|A/Snow_goose/LA/22-039688-009-original/2022|H5N1|USA-LA|2022-11-30|wild_avian|B3.2
1120,550,0.631194939066728,-94.7984988391499,45.9093918003175,-79.6108924481111,34.757672949386,1.25201142323399,0.620816484167266,2022.28387355408,2022.91506849315,EPI_ISL_17373074|A/duck/North_Carolina/W22-1114A/2022|H5N1|USA-NC|2022-12-01|domestic_avian|B3.2
837,350,0.089388643672339,-97.9836462093607,34.4683309310194,-95.2670727920015,39.9679552599582,1.25201142323399,1.16262277956166,2022.82567984948,2022.91506849315,PQ718769|A/Trumpeter_Swan/MO/22-040427-001-original/2022|H5N1|USA-MO|2022-12-01|wild_avian|B3.2
1041,210,0.0721192684492142,-76.3404370938985,-12.0429553703918,-78.96318,-8.53379,1.25201142323399,1.17989215478478,2022.8429492247,2022.91506849315,EPI_ISL_18371666|A/Peruvian_booby/Peru/UNMSM-A296/2022|H5N1|Peru|2022-12-01|wild_avian|B3.2
1041,209,0.0721192684492142,-76.3404370938985,-12.0429553703918,-77.0606,-12.1077,1.25201142323399,1.17989215478478,2022.8429492247,2022.91506849315,EPI_ISL_18371664|A/Belcher_gull/Peru/UNMSM-A267/2022|H5N1|Peru|2022-12-01|wild_avian|B3.2
628,629,0.0132827450886785,-107.476150328254,43.12245975956,-105.402216582742,39.8998704129683,1.25322384671714,1.23994110162847,2022.90299817155,2022.91628091663,NA
816,319,0.263505717600574,-97.5038650670606,43.4728267052372,-104.761148882241,47.4780101550479,1.25475114926135,0.991245431660777,2022.65430250158,2022.91780821918,PQ713561|A/Mallard/MT/22-039947-005-original/2022|H5N1|USA-MT|2022-12-02|wild_avian|B3.2
997,252,0.0345977292056161,-72.0342693227689,-18.651405701658,-70.3245328,-18.4136444,1.25475114926135,1.22015342005574,2022.88321048997,2022.91780821918,EPI_ISL_16891400|A/gray_gull/Chile/C61947/2022|H5N1|Chile|2022-12-02|wild_avian|B3.2
833,336,0.027508034374998,-91.049021368457,35.3155884624161,-91.8495527940887,32.5633641407246,1.25475114926135,1.22724311488635,2022.8903001848,2022.91780821918,PQ720081|A/goose/LA/23-000409-006-original/2022|H5N1|USA-LA|2022-12-02|domestic_avian|B3.2
1003,1033,0.0164329844580462,-71.3369791074842,-21.2201564239631,-69.934307157787,-20.5822682007829,1.25670109412244,1.24026810966439,2022.90332517958,2022.91975816404,NA
883,100,0.154700277763357,-78.11483528204,-8.69622971093374,-79.411259,-7.2252421,1.25749087528871,1.10279059752535,2022.76584766744,2022.92054794521,OQ547375|A/Gallus_gallus/Peru/AIS0544/2022|H5N1|Peru|2022-12-03|domestic_avian|B3.2
620,436,0.0132315103737244,-122.901108128951,48.5754401177412,-122.332049082075,48.2593950714514,1.25749087528871,1.24425936491498,2022.90731643483,2022.92054794521,PQ709929|A/Dunlin/WA/22-040394-001-original/2022|H5N1|USA-WA|2022-12-03|wild_avian|B3.2
624,625,0.110564539580862,-107.380076545007,41.2062970654611,-111.175033489687,41.9866131412712,1.25981800734011,1.14925346775925,2022.81231053768,2022.92287507726,NA
724,308,0.0970784265025126,-105.793098312593,37.9458976164291,-98.6452078196918,27.1040376896805,1.26023060131607,1.16315217481355,2022.82620924473,2022.92328767123,PQ701849|A/American_green-winged_teal/TX/23-000110-004-original/2022|H5N1|USA-TX|2022-12-04|wild_avian|B3.2
785,315,0.654034858757939,-100.652067613204,42.0908697912477,-122.717171290021,43.7161936484632,1.26297032734342,0.608935468585484,2022.2719925385,2022.92602739726,PQ701841|A/American_green-winged_teal/OR/22-040176-004-original/2022|H5N1|USA-OR|2022-12-05|wild_avian|B3.2
822,351,0.233028726180239,-99.5461094795507,39.1382277305306,-99.4831367790342,39.5042010587665,1.26297032734342,1.02994160116319,2022.69299867108,2022.92602739726,EPI_ISL_17373141|A/goose/Kansas/W22-1154/2022|H5N1|USA-KS|2022-12-05|domestic_avian|B3.2
1107,534,0.0784884956605918,-75.7681579976652,49.9254006049623,-75.3662494784958,53.6282940432691,1.26297032734342,1.18448183168283,2022.8475389016,2022.92602739726,PV307456|A/Canada_Goose/QC/FAV-0061-1-2022/2022|H5N1|Canada-QC|2022-12-05|wild_avian|B3.2
659,420,0.0441885493289749,-113.735555305329,50.139637805998,-113.67877645541,50.0984995222603,1.26297032734342,1.21878177801445,2022.88183884793,2022.92602739726,PV305088|A/Canada_Goose/AB/FAV-0026-14-2023/2022|H5N1|Canada-AB|2022-12-05|wild_avian|B3.2
1162,1163,0.657470205772358,-101.442394231786,46.0152165013154,-78.5558824201614,41.7485637725992,1.26459991546953,0.607129709697175,2022.27018677961,2022.92765698539,NA
1004,1005,0.015571097565243,-71.1066479204022,-22.7539149487657,-70.8263457976223,-23.3219614579427,1.26473531365323,1.24916421608798,2022.912221286,2022.92779238357,NA
763,764,0.0988279873585705,-108.295022958998,42.7334260713309,-106.735588956546,39.2186976948867,1.26494627388749,1.16611828652892,2022.82917535645,2022.9280033438,NA
840,320,0.37884484921627,-96.134298014956,42.2887367663427,-95.9082534581522,42.4915769876448,1.26571005337078,0.886865204154511,2022.54992227407,2022.92876712329,PQ707753|A/Canada_goose/IA/22-040793-004-original/2022|H5N1|USA-IA|2022-12-06|wild_avian|B3.2
613,463,0.373688567647091,-122.496873301075,50.5561049222424,-123.384117516925,53.6786025991833,1.26571005337078,0.89202148572369,2022.55507855564,2022.92876712329,PV314256|A/Layer_chicken/BC/FAV-1623-1-2022/2022|H5N1|Canada-BC|2022-12-06|domestic_avian|B3.2
1097,520,0.117018086114862,-77.2957316189576,48.2326765586598,-78.2325347807358,48.9638436648256,1.26571005337078,1.14869196725592,2022.81174903717,2022.92876712329,PV316800|A/Red-Tailed_Hawk/QC/FAV-0076-4-2022/2022|H5N1|Canada-QC|2022-12-06|wild_avian|B3.2
642,408,0.02886806988381,-107.902052758324,39.7558866363029,-114.426890301771,39.9083643268304,1.26571005337078,1.23684198348697,2022.8998990534,2022.92876712329,PQ711697|A/Great_horned_owl/NV/22-040618-001-original/2022|H5N1|USA-NV|2022-12-06|wild_avian|B3.2
638,639,0.16534570677222,-123.799833761129,50.051458319614,-128.402656980976,49.4433100418872,1.26666423236562,1.1013185255934,2022.76437559551,2022.92972130228,NA
841,332,0.381159429211241,-96.236222505453,42.2091897602193,-92.0081796814461,43.1783575840867,1.26844977939837,0.887290350187124,2022.5503474201,2022.93150684932,PQ707721|A/Canada_goose/IA/22-040790-001-original/2022|H5N1|USA-IA|2022-12-07|wild_avian|B3.2
830,339,0.0751484267392648,-97.3781568773976,35.6044023803917,-95.6880162181071,44.9173055761147,1.26844977939837,1.1933013526591,2022.85635842258,2022.93150684932,PQ711593|A/Great_horned_owl/MN/22-041884-001-original/2022|H5N1|USA-MN|2022-12-07|wild_avian|B3.2
1088,1090,0.0363606795613602,-65.0752930992103,47.6234527731155,-63.3313251899964,46.3770919610009,1.27060299030449,1.23424231074313,2022.89729938066,2022.93366006022,NA
834,337,0.0414404494641785,-90.1857370838965,34.6402231446735,-89.8503850786825,34.6072152297994,1.27118950542572,1.22974905596154,2022.89280612588,2022.93424657534,PQ712865|A/Lesser_white-fronted_Goose/MS/22-041057-001-original/2022|H5N1|USA-MS|2022-12-08|wild_avian|B3.2
772,773,0.144677855283948,-89.3096180168916,38.1714852190143,-82.3561917780954,34.062416262993,1.27196125466528,1.12728339938133,2022.7903404693,2022.93501832458,NA
896,897,0.0624689495523549,-64.769138389938,-22.9605379806537,-64.3047326402052,-28.5964910922287,1.27247338282146,1.2100044332691,2022.87306150319,2022.93553045274,NA
885,886,0.129047086676521,-81.5146926801221,-5.14661373808323,-81.6304096358304,-10.285168932257,1.27329696937556,1.14424988269904,2022.80730695262,2022.93635403929,NA
1094,518,0.230629092848298,-75.6956796813365,48.8863175471052,-68.5846967428004,47.2780186794231,1.27392923145308,1.04330013860478,2022.70635720852,2022.93698630137,PQ713321|A/Mallard/ME/22-040719-016-original/2022|H5N1|USA-ME|2022-12-09|wild_avian|B3.2
1033,253,0.0172281373306453,-69.934307157787,-20.5822682007829,-70.15,-20.216667,1.27392923145308,1.25670109412244,2022.91975816404,2022.93698630137,EPI_ISL_17885942|A/Pelican/Tarapaca/227436-2/2022|H5N1|Chile-Tarapaca|2022-12-09|wild_avian|B3.2
752,753,0.317685241561719,-107.71210478036,42.1837431128535,-80.4355350028235,28.0845055357576,1.27421003216524,0.956524790603519,2022.61958186052,2022.93726710208,NA
772,73,0.14938555809911,-89.3096180168916,38.1714852190143,-85.9037076002494,34.9457852557256,1.27666895748044,1.12728339938133,2022.7903404693,2022.9397260274,PQ710161|A/Gadwall/AL/22-041762-004-original/2022|H5N1|USA-AL|2022-12-10|wild_avian|B3.2
999,1000,0.045959838412986,-72.1372685973753,-18.8144726734243,-70.6484959930936,-18.3544128910307,1.27896943377008,1.2330095953571,2022.89606666527,2022.94202650369,NA
838,839,0.105486491650457,-98.2512500173891,34.314505336492,-86.4637994193288,37.3477983041909,1.27985273827145,1.17436624662099,2022.83742331654,2022.94290980819,NA
983,984,0.0343325486776882,-67.3210043698207,-30.8803305166964,-62.017259461182,-35.0023595551209,1.28161195310341,1.24727940442572,2022.91033647434,2022.94466902302,NA
809,355,0.213881994695756,-97.4689628576084,41.3271156592521,-139.435006405129,59.5509979914281,1.28214840953515,1.0682664148394,2022.73132348476,2022.94520547945,PQ710113|A/Gadwall/AL/22-040806-001-original/2022|H5N1|USA-AL|2022-12-12|wild_avian|B3.2
882,257,0.186063739153093,-77.2862320932148,-10.3390198286291,-77.014657587094,-12.0800188652401,1.28214840953515,1.09608467038206,2022.7591417403,2022.94520547945,OQ547415|A/Gallus_gallus/Peru/AIS0551/2022|H5N1|Peru|2022-12-12|domestic_avian|B3.2
618,438,0.0831678644494578,-121.27999500915,47.9827149496817,-121.938236655283,48.5253150281829,1.28214840953515,1.1989805450857,2022.862037615,2022.94520547945,PQ703633|A/Barn_owl/WA/22-041081-001-original/2022|H5N1|USA-WA|2022-12-12|wild_avian|B3.2
1110,1116,0.0626621425294043,-74.8448552714758,45.792032968059,-76.3124456199758,43.3005105238133,1.28409328862867,1.22143114609927,2022.88448821602,2022.94715035855,NA
683,21,0.433377249997052,-119.543972346124,52.1226209991384,-123.608232674264,53.6631578215788,1.28488813556274,0.851510885565685,2022.51456795548,2022.94794520548,PV304104|A/Barred_Owl/BC/FAV-0053-23-2022/2022|H5N1|Canada-BC|2022-12-13|wild_avian|B3.2
836,341,0.0473061297750776,-95.082498677181,37.3660925023538,-100.712267091538,37.8661842630653,1.28488813556274,1.23758200578766,2022.9006390757,2022.94794520548,PQ720257|A/great-tailed_grackle/KS/22-041130-006-original/2022|H5N1|USA-KS|2022-12-13|wild_avian|B3.2
896,962,0.0761131574293281,-64.769138389938,-22.9605379806537,-67.5843174993256,-22.9316468956514,1.28611759069843,1.2100044332691,2022.87306150319,2022.94917466062,NA
631,636,0.0455047984314643,-100.306135577493,40.4450244556709,-97.2279478780737,41.763097738726,1.2866762146641,1.24117141623264,2022.90422848615,2022.94973328458,NA
1050,264,0.296631109099643,-98.0018369789038,40.2987191624133,-104.472149119692,42.9410802997405,1.28762786159009,0.990996752490452,2022.65405382241,2022.95068493151,PQ709169|A/Canada_goose/WY/22-041261-001-original/2022|H5N1|USA-WY|2022-12-14|wild_avian|B3.2
652,417,0.22388991381065,-111.97069499355,50.5320603713582,-110.589764607558,50.5056156185918,1.28762786159009,1.06373794777944,2022.7267950177,2022.95068493151,PV309456|A/Domestic_bird/AB/FAV-1654-2022/2022|H5N1|Canada-AB|2022-12-14|domestic_avian|B3.2
1089,511,0.0471157595267471,-67.8293264339555,46.4100956699087,-68.3870628858455,45.2500769545594,1.28762786159009,1.24051210206335,2022.90356917198,2022.95068493151,PQ713329|A/Mallard/ME/22-041145-001-original/2022|H5N1|USA-ME|2022-12-14|wild_avian|B3.2
1110,1111,0.0682825992996761,-74.8448552714758,45.792032968059,-70.7886942290579,42.4873626388337,1.28971374539894,1.22143114609927,2022.88448821602,2022.95277081532,NA
757,40,0.224015544642562,-111.082573906023,39.2112742944636,-120.3355387878,41.0611341308464,1.29036758761745,1.06635204297489,2022.72940911289,2022.95342465753,PQ709961|A/Eared_grebe/CA/23-000276-003-original/2022|H5N1|USA-CA|2022-12-15|wild_avian|B3.2
1037,248,0.0706965893609537,-73.1266753935624,-21.2608224887712,-70.2,-22.096389,1.29036758761745,1.2196709982565,2022.88272806817,2022.95342465753,EPI_ISL_17885931|A/Pelican/Antofagasta/228246-3/2022|H5N1|Chile-Antofagasta|2022-12-15|wild_avian|B3.2
636,449,0.00369137295334809,-97.2279478780737,41.763097738726,-97.1777764383819,41.7287670305475,1.29036758761745,1.2866762146641,2022.94973328458,2022.95342465753,PQ718649|A/Swan/NE/22-041037-001-original/2022|H5N1|USA-NE|2022-12-15|wild_avian|B3.2
636,450,0.00369137295334809,-97.2279478780737,41.763097738726,-96.4872345246243,40.4247732386454,1.29036758761745,1.2866762146641,2022.94973328458,2022.95342465753,PQ718657|A/Swan/NE/22-041037-002-original/2022|H5N1|USA-NE|2022-12-15|wild_avian|B3.2
1048,259,0.203775974097956,-83.8852901803631,14.2876608231096,-80.819402089534,32.9479758238107,1.29310731364481,1.08933133954685,2022.75238840946,2022.95616438356,PQ714225|A/Mottled_Duck/SC/22-042180-002-original/2022|H5N1|USA-SC|2022-12-16|wild_avian|B3.2
995,247,0.0951129028600115,-76.2067359171543,-17.814868898179,-70.4214538718351,-23.6449809112059,1.29310731364481,1.1979944107848,2022.8610514807,2022.95616438356,EPI_ISL_17885944|A/Pelican/Antofagasta/228244-2/2022|H5N1|Chile-Antofagasta|2022-12-16|wild_avian|B3.2
717,720,0.404259023230554,-109.964173788244,37.5242225008375,-111.814332172753,35.1659869808835,1.29344807968125,0.889189056450698,2022.55224612637,2022.9565051496,NA
771,72,0.206239926787549,-88.624479803157,39.6686790362499,-92.1014705927905,31.6339160523462,1.29584703967217,1.08960711288462,2022.7526641828,2022.95890410959,PQ701721|A/American_green-winged_teal/LA/22-041760-007-original/2022|H5N1|USA-LA|2022-12-17|wild_avian|B3.2
1005,1006,0.0322927091272622,-70.8263457976223,-23.3219614579427,-73.2914766387947,-23.1169855112329,1.29702802278049,1.26473531365323,2022.92779238357,2022.9600850927,NA
669,404,0.274581037303475,-131.411530213425,55.2661046626692,-165.497041501652,68.7116279678825,1.29858676569975,1.02400572839628,2022.68706279831,2022.96164383562,PQ715449|A/Raven/AK/22-042128-001-original/2022|H5N1|USA-AK|2022-12-18|wild_avian|B3.2
631,632,0.0593367422727757,-100.306135577493,40.4450244556709,-94.2668196348293,41.8505878905481,1.30050815850542,1.24117141623264,2022.90422848615,2022.96356522842,NA
824,333,0.184906208462413,-103.640077283181,35.1604903298675,-93.5334139240273,46.3149906178814,1.30132649172711,1.1164202832647,2022.77947735318,2022.96438356164,PQ708193|A/Canada_goose/MN/22-041306-001-original/2022|H5N1|USA-MN|2022-12-19|wild_avian|B3.2
1163,2,0.0367265762575766,-78.5558824201614,41.7485637725992,-78.8761105025721,42.2058055638898,1.30132649172711,1.26459991546953,2022.92765698539,2022.96438356164,PQ716513|A/Red-tailed_hawk/NY/22-042014-001-original/2022|H5N1|USA-NY|2022-12-19|wild_avian|B3.2
753,45,0.0271164595618711,-80.4355350028235,28.0845055357576,-80.6930354525587,28.0288376718701,1.30132649172711,1.27421003216524,2022.93726710208,2022.96438356164,PQ701337|A/American_coot/FL/23-002762-015-original/2022|H5N1|USA-FL|2022-12-19|wild_avian|B3.2
897,898,0.0296099013825475,-64.3047326402052,-28.5964910922287,-61.8634413734943,-31.6256989173254,1.302083284204,1.27247338282146,2022.93553045274,2022.96514035412,NA
656,421,0.223095644049307,-111.134523600852,50.7471447713268,-104.542304666562,42.8441227937523,1.30406621775447,1.08097057370516,2022.74402764362,2022.96712328767,PQ712161|A/Great_horned_owl/WY/22-041771-002-original/2022|H5N1|USA-WY|2022-12-20|wild_avian|B3.2
836,340,0.0664842119668068,-95.082498677181,37.3660925023538,-87.8609662146459,33.6409266145212,1.30406621775447,1.23758200578766,2022.9006390757,2022.96712328767,PQ717345|A/Snow_goose/AL/22-041764-001-original/2022|H5N1|USA-AL|2022-12-20|wild_avian|B3.2
773,70,0.0321049630891905,-82.3561917780954,34.062416262993,-82.534520709033,34.1261397418267,1.30406621775447,1.27196125466528,2022.93501832458,2022.96712328767,PQ710297|A/Gadwall/SC/22-042020-005-original/2022|H5N1|USA-SC|2022-12-20|wild_avian|B3.2
1111,1112,0.015816495369656,-70.7886942290579,42.4873626388337,-73.7085658256435,42.9784553623984,1.3055302407686,1.28971374539894,2022.95277081532,2022.96858731069,NA
1102,531,0.24153486529642,-74.8493563106728,43.1372172529654,-75.3869413497317,44.096275230476,1.30680594378182,1.0652710784854,2022.7283281484,2022.9698630137,PQ718353|A/Snow_goose/NY/22-042013-001-original/2022|H5N1|USA-NY|2022-12-21|wild_avian|B3.2
1083,505,0.157670004924027,-64.524229319966,46.5690740650558,-64.1634238034138,46.7367217279865,1.30680594378182,1.1491359388578,2022.81219300877,2022.9698630137,PV307248|A/Canada_Goose/PE/FAV-0008-1-2022/2022|H5N1|Canada-PE|2022-12-21|wild_avian|B3.2
828,344,0.0763821212256914,-101.163789668359,39.556244046254,-90.3485697525671,38.6708597189636,1.30680594378182,1.23042382255613,2022.89348089247,2022.9698630137,PQ716361|A/Red-tailed_hawk/MO/23-001518-001-original/2022|H5N1|USA-MO|2022-12-21|wild_avian|B3.2
630,637,0.120600645803841,-100.577295924982,41.989539144205,-103.758913795713,41.5242183427281,1.30718569753239,1.18658505172855,2022.84964212165,2022.97024276745,NA
1095,522,0.242187160407943,-75.4808945522291,50.8376194079181,-80.2019458743268,49.2339576127173,1.30954566980918,1.06735850940124,2022.73041557932,2022.97260273973,PV317872|A/Snow_Goose/ON/FAV-1652-1-2022/2022|H5N1|Canada-ON|2022-12-22|wild_avian|B3.2
839,349,0.0296929315377343,-86.4637994193288,37.3477983041909,-87.7881943045048,37.7601881947038,1.30954566980918,1.27985273827145,2022.94290980819,2022.97260273973,EPI_ISL_17424631|A/red-tailed_hawk/Kentucky/W23-143/2022|H5N1|USA-KY|2022-12-22|wild_avian|B3.2
898,900,0.00763169258216001,-61.8634413734943,-31.6256989173254,-62.262486243409,-31.9946710238577,1.30971497678616,1.302083284204,2022.96514035412,2022.9727720467,NA
1116,538,0.0281921072078659,-76.3124456199758,43.3005105238133,-79.8854959154765,43.4733479667795,1.31228539583654,1.28409328862867,2022.94715035855,2022.97534246575,PV317880|A/Snow_Goose/ON/FAV-1652-2-2022/2022|H5N1|Canada-ON|2022-12-23|wild_avian|B3.2
900,925,0.00409125734650129,-62.262486243409,-31.9946710238577,-61.8104162154747,-32.1730659959296,1.31380623413267,1.30971497678616,2022.9727720467,2022.97686330405,NA
900,901,0.00669576562386398,-62.262486243409,-31.9946710238577,-62.144949133024,-32.0744642619979,1.31641074241003,1.30971497678616,2022.9727720467,2022.97946781233,NA
1043,203,0.0958166641238645,-77.0344212162961,-13.9760192569531,-70.833333,-27.066667,1.32050457391884,1.22468790979497,2022.88774497971,2022.98356164384,EPI_ISL_17885926|A/Pelican/Atacama/229450-2/2022|H5N1|Chile-Atacama|2022-12-26|wild_avian|B3.2
984,985,0.0409640899520891,-62.017259461182,-35.0023595551209,-61.3289693195431,-32.2995607773448,1.3225760430555,1.28161195310341,2022.94466902302,2022.98563311297,NA
1111,1113,0.0333303054077017,-70.7886942290579,42.4873626388337,-72.3936594907163,42.126009193818,1.32304405080665,1.28971374539894,2022.95277081532,2022.98610112072,NA
675,402,0.0786394356936824,-115.084952220883,52.2621455007048,-108.152821193205,40.2124817553819,1.3232442999462,1.24460486425251,2022.90766193417,2022.98630136986,PQ707593|A/Canada_goose/CO/22-042169-001-original/2022|H5N1|USA-CO|2022-12-27|wild_avian|B3.2
795,371,0.0767358503810391,-87.0044779606495,15.8033983706391,-86.6426124812297,15.7131867134986,1.3232442999462,1.24650844956516,2022.90956551948,2022.98630136986,EPI_ISL_17558875|A/pelican/Honduras/23-000009-001/2022|H5N1|Honduras-Atlantida|2022-12-27|wild_avian|B3.2
612,465,0.239923548675185,-129.231984403096,51.652212832348,-101.333370804138,45.4672252016224,1.32598402597355,1.08606047729837,2022.74911754722,2022.98904109589,PQ712489|A/Hawk/SD/23-000319-001-original/2022|H5N1|USA-SD|2022-12-28|wild_avian|B3.2
608,431,0.176595785494109,-122.336230502876,45.9701695920925,-122.051335720744,43.8027085840046,1.32598402597355,1.14938824047944,2022.8124453104,2022.98904109589,PQ716601|A/Red-tailed_hawk/OR/23-001496-001-original/2022|H5N1|USA-OR|2022-12-28|wild_avian|B3.2
1090,510,0.0553810356690616,-63.3313251899964,46.3770919610009,-63.2849523235623,46.2488829916723,1.32598402597355,1.27060299030449,2022.93366006022,2022.98904109589,PV302464|A/American_Crow/PE/FAV-0019-5-2022/2022|H5N1|Canada-PE|2022-12-28|wild_avian|B3.2
648,649,0.219855255086174,-109.815017632824,50.6618632389031,-110.08479085629,49.6569243913117,1.32706414321645,1.10720888813027,2022.77026595805,2022.99012121313,NA
978,979,0.134285469279529,-66.1990878326729,-22.5441834619057,-66.9314581473552,-20.0013037723845,1.32731008096401,1.19302461168448,2022.8560816816,2022.99036715088,NA
1099,1100,0.340544281423062,-84.373479923024,42.7732949015837,-92.1248805196378,37.0502938386545,1.32781187464258,0.987267593219522,2022.65032466314,2022.99086894456,NA
1033,1034,0.0711700551462098,-69.934307157787,-20.5822682007829,-70.4235851863082,-19.6728441854823,1.32787114926865,1.25670109412244,2022.91975816404,2022.99092821919,NA
998,1035,0.0972003869730762,-72.0503215701695,-18.8476885964536,-72.343270629384,-33.8065184958403,1.32804984805869,1.23084946108561,2022.893906531,2022.99110691798,NA
775,69,0.330840822729193,-107.159782144378,41.8484159120798,-121.525853772189,39.7412140388128,1.32872375200091,0.997882929271718,2022.66093999919,2022.99178082192,PQ718945|A/Turkey_Vulture/CA/23-002030-001-original/2022|H5N1|USA-CA|2022-12-29|wild_avian|B3.2
996,246,0.116832308237184,-71.7088180132021,-17.7735393399398,-70.313228921854,-18.4617096649297,1.3314634780285,1.21463116979131,2022.87768823971,2022.99452054795,EPI_ISL_17885980|A/Sanderling/Arica_y_Parinacota/230758-1/2022|H5N1|Chile-Arica|2022-12-30|wild_avian|B3.2
629,459,0.0782396313113516,-105.402216582742,39.8998704129683,-105.059461941728,40.7511020933761,1.3314634780285,1.25322384671714,2022.91628091663,2022.99452054795,PQ707609|A/Canada_goose/CO/23-000399-001-original/2022|H5N1|USA-CO|2022-12-30|wild_avian|B3.2
753,44,0.0572534458632572,-80.4355350028235,28.0845055357576,-80.8346526304942,28.5319881706787,1.3314634780285,1.27421003216524,2022.93726710208,2022.99452054795,PQ710449|A/Gannet/FL/23-002762-022-original/2022|H5N1|USA-FL|2022-12-30|wild_avian|B3.2
1006,212,0.0344354552480057,-73.2914766387947,-23.1169855112329,-71.0814,-28.510219,1.3314634780285,1.29702802278049,2022.9600850927,2022.99452054795,EPI_ISL_17885924|A/Pelican/Atacama/230158-2/2022|H5N1|Chile-Atacama|2022-12-30|wild_avian|B3.2
649,650,0.00786353413821761,-110.08479085629,49.6569243913117,-106.646921347906,48.333027263669,1.33492767735467,1.32706414321645,2022.99012121313,2022.99798474727,NA
627,456,0.148204316893611,-107.889190747628,41.5018168485348,-105.624459680379,40.8446513133178,1.33694293008321,1.1887386131896,2022.85179568311,2023,PQ715865|A/Red-tailed_hawk/CO/23-000403-001-original/2023|H5N1|USA-CO|2023-01-01|wild_avian|B3.2
962,963,0.0525545122106266,-67.5843174993256,-22.9316468956514,-67.9504633557733,-35.4292900288262,1.33867210290906,1.28611759069843,2022.94917466062,2023.00172917283,NA
686,18,0.402118563295429,-121.258004903847,58.7942171811198,-122.306273956566,52.3780524333025,1.34242238213792,0.940303818842496,2022.60336088876,2023.00547945205,PV322704|A/chicken/BC/FAV-0011-1-2023/2023|H5N1|Canada-BC|2023-01-03|domestic_avian|B3.2
694,30,0.178076873018164,-126.023918076708,53.7272605717669,-125.500627175822,54.0141970256612,1.34242238213792,1.16434550911976,2022.82740257904,2023.00547945205,PV322688|A/chicken/BC/FAV-0010-1-2023/2023|H5N1|Canada-BC|2023-01-03|domestic_avian|B3.2
639,443,0.0757581497723065,-128.402656980976,49.4433100418872,-123.403890284388,45.9907591387503,1.34242238213792,1.26666423236562,2022.92972130228,2023.00547945205,PQ717209|A/Sanderling/OR/23-000771-001-original/2023|H5N1|USA-OR|2023-01-03|wild_avian|B3.2
985,986,0.0217149892358868,-61.3289693195431,-32.2995607773448,-61.4905497503073,-33.055310644354,1.34429103229138,1.3225760430555,2022.98563311297,2023.00734810221,NA
1117,530,0.274810526723182,-74.7695785377292,43.1734682476191,-76.3684919556318,42.5566949282017,1.34516210816551,1.07035158144233,2022.73340865136,2023.00821917808,PQ718369|A/Snow_goose/NY/23-000618-001-original/2023|H5N1|USA-NY|2023-01-04|wild_avian|B3.2
767,82,0.14682343887481,-103.840718376917,41.8216641007966,-116.462822365645,42.0361758140305,1.34516210816551,1.1983386692907,2022.86139573921,2023.00821917808,PQ712905|A/Magpie/ID/23-001085-001-original/2023|H5N1|USA-ID|2023-01-04|wild_avian|B3.2
625,453,0.0853441008254001,-111.175033489687,41.9866131412712,-109.843642405179,40.4905840209384,1.34516210816551,1.25981800734011,2022.92287507726,2023.00821917808,PQ720185|A/goose/UT/23-001040-001-original/2023|H5N1|USA-UT|2023-01-04|domestic_avian|B3.2
1113,1114,0.0226870649391424,-72.3936594907163,42.126009193818,-74.3356620495884,43.0077800836115,1.34573111574579,1.32304405080665,2022.98610112072,2023.00878818566,NA
1099,527,0.360634240973345,-84.373479923024,42.7732949015837,-92.2613854975425,42.3758665496513,1.34790183419287,0.987267593219522,2022.65032466314,2023.01095890411,PQ701393|A/American_crow/IA/23-000627-006-original/2023|H5N1|USA-IA|2023-01-05|wild_avian|B3.2
637,451,0.0407161366604738,-103.758913795713,41.5242183427281,-106.186975945986,44.6929391162749,1.34790183419287,1.30718569753239,2022.97024276745,2023.01095890411,PQ709217|A/Canada_goose/WY/23-000980-001-original/2023|H5N1|USA-WY|2023-01-05|wild_avian|B3.2
642,643,0.112685138206398,-107.902052758324,39.7558866363029,-107.933349945578,39.7745063508035,1.34952712169337,1.23684198348697,2022.8998990534,2023.01258419161,NA
979,980,0.0229142958360673,-66.9314581473552,-20.0013037723845,-64.9494377784231,-19.477784701958,1.35022437680008,1.32731008096401,2022.99036715088,2023.01328144672,NA
809,354,0.282375145380828,-97.4689628576084,41.3271156592521,-90.3548822433787,36.3832979556277,1.35064156022022,1.0682664148394,2022.73132348476,2023.01369863014,PQ717377|A/Snow_goose/AR/23-001513-001-original/2023|H5N1|USA-AR|2023-01-06|wild_avian|B3.2
690,24,0.242458854441992,-100.763399631918,48.9454572891421,-110.575254793288,40.4567154476449,1.35064156022022,1.10818270577823,2022.7712397757,2023.01369863014,PQ720193|A/goose/UT/23-001041-001-original/2023|H5N1|USA-UT|2023-01-06|domestic_avian|B3.2
763,83,0.184523273691302,-108.295022958998,42.7334260713309,-111.08436729517,44.9228534753221,1.35064156022022,1.16611828652892,2022.82917535645,2023.01369863014,PQ720265|A/greater_scaup/MT/23-001334-001-original/2023|H5N1|USA-MT|2023-01-06|wild_avian|B3.2
1086,1087,0.125531244135911,-64.9716723299123,46.5392681131235,-59.1375024919879,44.6133426401546,1.35106188947419,1.22553064533828,2022.88858771525,2023.01411895939,NA
1090,1091,0.0833089986321052,-63.3313251899964,46.3770919610009,-62.1596810629338,45.0423147536892,1.3539119889366,1.27060299030449,2022.93366006022,2023.01696905885,NA
963,964,0.0153883511442907,-67.9504633557733,-35.4292900288262,-69.0192839995827,-40.1661402561268,1.35406045405335,1.33867210290906,2023.00172917283,2023.01711752397,NA
1042,1044,0.18596407602865,-76.396539613097,-12.8909379393664,-74.6583215140224,-31.596875282187,1.35410073237125,1.1681366563426,2022.83119372626,2023.01715780229,NA
632,633,0.0558488504656736,-94.2668196348293,41.8505878905481,-94.5351886466521,41.4966494436104,1.35635700897109,1.30050815850542,2022.96356522842,2023.01941407889,NA
649,651,0.0310206667122483,-110.08479085629,49.6569243913117,-108.735880388298,41.6057975642265,1.3580848099287,1.32706414321645,2022.99012121313,2023.02114187985,NA
720,310,0.0654126586210442,-111.814332172753,35.1659869808835,-111.061642984707,35.4710308680366,1.3588607383023,1.29344807968125,2022.9565051496,2023.02191780822,PQ707097|A/Canada_goose/AZ/23-002260-001-original/2023|H5N1|USA-AZ|2023-01-09|wild_avian|B3.2
826,346,0.243365475641161,-98.2493602222506,33.7179748184152,-114.883448989483,33.2716024016943,1.36160046432988,1.11823498868872,2022.78129205861,2023.02465753425,PQ717521|A/Snow_goose/CA/23-002594-003-original/2023|H5N1|USA-CA|2023-01-10|wild_avian|B3.2
832,343,0.135406899397504,-90.6261602340051,35.0925226224088,-102.393403205924,41.8984200825756,1.36160046432988,1.22619356493238,2022.88925063485,2023.02465753425,PQ708337|A/Canada_goose/NE/23-001495-002-original/2023|H5N1|USA-NE|2023-01-10|wild_avian|B3.2
846,362,0.133799318280698,-70.2984721129778,44.5240136804518,-66.4227452197522,45.4162550713031,1.36160046432988,1.22780114604918,2022.89085821597,2023.02465753425,PV324088|A/chicken/NB/FAV-0013-2023/2023|H5N1|Canada-NB|2023-01-10|domestic_avian|B3.2
628,457,0.121659362701416,-107.476150328254,43.12245975956,-95.9010689499374,41.2924466831011,1.36160046432988,1.23994110162847,2022.90299817155,2023.02465753425,PQ708329|A/Canada_goose/NE/23-001495-001-original/2023|H5N1|USA-NE|2023-01-10|wild_avian|B3.2
1112,545,0.0560702235612807,-73.7085658256435,42.9784553623984,-71.1163308687894,42.2473718982993,1.36160046432988,1.3055302407686,2022.96858731069,2023.02465753425,PQ701465|A/American_crow/MA/23-004612-017-original/2023|H5N1|USA-MA|2023-01-10|wild_avian|B3.2
1000,1001,0.0844110927807344,-70.6484959930936,-18.3544128910307,-70.231298771748,-23.5679194788075,1.36338052655082,1.27896943377008,2022.94202650369,2023.02643759647,NA
659,419,0.14555841234279,-113.735555305329,50.139637805998,-107.694454617476,44.685990171689,1.36434019035724,1.21878177801445,2022.88183884793,2023.02739726027,PQ709241|A/Canada_goose/WY/23-002120-001-original/2023|H5N1|USA-WY|2023-01-11|wild_avian|B3.2
892,97,0.141766366723994,-81.0708466408166,-6.66264667047924,-80.5195928,-0.79805746,1.36434019035724,1.22257382363324,2022.88563089355,2023.02739726027,EPI_ISL_17973443|A/wildbird-Fregata-magnificens/Ecuador/IC03-4587/2023|H5N1|Ecuador-Manabi|2023-01-11|wild_avian|B3.2
1001,1002,0.00195768362496596,-70.231298771748,-23.5679194788075,-70.3074676571716,-23.5874761862364,1.36533821017578,1.36338052655082,2023.02643759647,2023.02839528009,NA
632,448,0.0665717578791805,-94.2668196348293,41.8505878905481,-93.444301462391,42.0248310238944,1.3670799163846,1.30050815850542,2022.96356522842,2023.0301369863,PQ718729|A/Trumpeter_Swan/IA/23-002039-002-original/2023|H5N1|USA-IA|2023-01-12|wild_avian|B3.2
633,635,0.0136490085785983,-94.5351886466521,41.4966494436104,-93.5345415640492,41.7987454468729,1.37000601754969,1.35635700897109,2023.01941407889,2023.03306308747,NA
1006,1007,0.0750411635186317,-73.2914766387947,-23.1169855112329,-73.1199088419601,-21.8724270783677,1.37206918629912,1.29702802278049,2022.9600850927,2023.03512625622,NA
854,288,0.530450089526089,-107.427848308026,37.1025222692611,-91.702087346447,34.5513279869023,1.37255936843931,0.842109278913222,2022.50516634883,2023.03561643836,PQ714729|A/Northern_shoveler/AR/23-002690-001-original/2023|H5N1|USA-AR|2023-01-14|wild_avian|B3.2
964,965,0.0190129164856359,-69.0192839995827,-40.1661402561268,-68.5902403168289,-40.2445739060495,1.37307337053898,1.35406045405335,2023.01711752397,2023.03613044046,NA
965,968,0.0021458774651566,-68.5902403168289,-40.2445739060495,-69.6475999904688,-40.1364104195161,1.37521924800414,1.37307337053898,2023.03613044046,2023.03827631792,NA
1091,1092,0.0227674130286499,-62.1596810629338,45.0423147536892,-64.0464308573712,46.2825532076115,1.37667940196525,1.3539119889366,2023.01696905885,2023.03973647188,NA
1007,1008,0.00477544774773531,-73.1199088419601,-21.8724270783677,-75.06692172061,-25.3808729160185,1.37684463404686,1.37206918629912,2023.03512625622,2023.03990170396,NA
925,953,0.0634989210849222,-61.8104162154747,-32.1730659959296,-69.3127569167249,-30.2238281772891,1.37730515521759,1.31380623413267,2022.97686330405,2023.04036222513,NA
690,22,0.272595840743378,-100.763399631918,48.9454572891421,-102.229060768675,45.4233875431944,1.38077854652161,1.10818270577823,2022.7712397757,2023.04383561644,PQ716689|A/Red-tailed_hawk/SD/23-002914-001-original/2023|H5N1|USA-SD|2023-01-17|wild_avian|B3.2
986,987,0.0379180915044715,-61.4905497503073,-33.055310644354,-60.5264054524146,-33.4807402005454,1.38220912379585,1.34429103229138,2023.00734810221,2023.04526619371,NA
1049,263,0.413287963352875,-98.003399198521,40.3005138521636,-116.500169042231,57.5202049340452,1.38351827254897,0.970230309196093,2022.63328737911,2023.04657534247,PV305176|A/Canada_Goose/AB/FAV-0083-4-2023/2023|H5N1|Canada-AB|2023-01-18|wild_avian|B3.2
815,318,0.332210024485835,-99.1174341438171,44.4314043079839,-96.614888385137,29.7261129382827,1.38351827254897,1.05130824806313,2022.71436531798,2023.04657534247,PQ702481|A/American_wigeon/TX/23-003062-016-original/2023|H5N1|USA-TX|2023-01-18|wild_avian|B3.2
619,435,0.157696969416631,-121.300609952256,47.609857072459,-120.546937609798,47.498938268529,1.38351827254897,1.22582130313234,2022.88887837305,2023.04657534247,PQ712817|A/Hooded_Merganser/WA/23-003784-001-original/2023|H5N1|USA-WA|2023-01-18|wild_avian|B3.2
1034,255,0.0556471232803228,-70.4235851863082,-19.6728441854823,-69.7334955070369,-20.3496737537631,1.38351827254897,1.32787114926865,2022.99092821919,2023.04657534247,EPI_ISL_17885951|A/Gray_gull/Tarapaca/232825-1/2023|H5N1|Chile-Tarapaca|2023-01-18|wild_avian|B3.2
901,904,0.0674975255402486,-62.144949133024,-32.0744642619979,-61.7755402250872,-34.1236776665597,1.38390826795028,1.31641074241003,2022.97946781233,2023.04696533787,NA
1044,1045,0.0318011733256527,-74.6583215140224,-31.596875282187,-72.1917558661687,-33.5189833287952,1.3859019056969,1.35410073237125,2023.01715780229,2023.04895897561,NA
1045,1046,0.000140802880205904,-72.1917558661687,-33.5189833287952,-72.0556108219494,-33.6495634106087,1.38604270857711,1.3859019056969,2023.04895897561,2023.04909977849,NA
1052,261,0.277969661950495,-98.6442680472354,39.6487901169677,-93.7819942294695,30.0894430154478,1.38625799857633,1.10828833662583,2022.77134540654,2023.04931506849,PQ714793|A/Northern_shoveler/TX/23-007477-003-original/2023|H5N1|USA-TX|2023-01-19|wild_avian|B3.2
1113,540,0.0632139477696789,-72.3936594907163,42.126009193818,-71.2069109433157,43.4695160543904,1.38625799857633,1.32304405080665,2022.98610112072,2023.04931506849,EPI_ISL_19490417|A/chicken/New_Hampshire/23-002392-001-original2/2023|H5N1|USA-NH|2023-01-19|domestic_avian|B3.2
897,961,0.114482609879018,-64.3047326402052,-28.5964910922287,-70.6512680775677,-35.5281696898398,1.38695599270047,1.27247338282146,2022.93553045274,2023.05001306262,NA
1092,1093,0.0118677445115924,-64.0464308573712,46.2825532076115,-62.9787550722265,46.2114889862659,1.38854714647684,1.37667940196525,2023.03973647188,2023.05160421639,NA
639,640,0.122157191019138,-128.402656980976,49.4433100418872,-127.644436031667,42.973424821842,1.38882142338476,1.26666423236562,2022.92972130228,2023.0518784933,NA
689,23,0.279211963438903,-105.829599900637,47.1195084286866,-120.169207663512,44.1463407680107,1.38899772460368,1.10978576116478,2022.77284283108,2023.05205479452,PQ716617|A/Red-tailed_hawk/OR/23-003379-001-original/2023|H5N1|USA-OR|2023-01-20|wild_avian|B3.2
990,991,0.291682332573028,-79.6032288835734,-2.06755087695978,-78.1006203225906,-11.2414192577582,1.38915666510539,1.09747433253236,2022.76053140245,2023.05221373502,NA
963,972,0.0507048687289831,-67.9504633557733,-35.4292900288262,-66.5758259349656,-34.3298672341413,1.38937697163804,1.33867210290906,2023.00172917283,2023.05243404155,NA
953,958,0.012111232474898,-69.3127569167249,-30.2238281772891,-70.3053441431404,-31.3325134330812,1.38941638769249,1.37730515521759,2023.04036222513,2023.05247345761,NA
1134,1135,0.300321231291121,-76.2119690840133,45.502004460847,-69.4987955861223,44.129859877796,1.38987558669294,1.08955435540182,2022.75261142532,2023.05293265661,NA
901,902,0.0735992049558596,-62.144949133024,-32.0744642619979,-63.3062880921412,-37.2658088224391,1.39000994736589,1.31641074241003,2022.97946781233,2023.05306701728,NA
925,926,0.0787192958530296,-61.8104162154747,-32.1730659959296,-45.3826597426219,-27.0409093261713,1.39252552998569,1.31380623413267,2022.97686330405,2023.0555825999,NA
972,973,0.00520530535276897,-66.5758259349656,-34.3298672341413,-66.4279395419866,-33.8084275145347,1.39458227699081,1.38937697163804,2023.05243404155,2023.05763934691,NA
926,927,0.00225639235284136,-45.3826597426219,-27.0409093261713,-44.5111618111373,-26.9697597734115,1.39478192233854,1.39252552998569,2023.0555825999,2023.05783899226,NA
973,974,0.0014618444907688,-66.4279395419866,-33.8084275145347,-64.6618738767118,-34.1165602150976,1.39604412148158,1.39458227699081,2023.05763934691,2023.0591011914,NA
1035,1036,0.0690749046984513,-72.343270629384,-33.8065184958403,-73.334464493833,-35.9919502051469,1.39712475275714,1.32804984805869,2022.99110691798,2023.06018182267,NA
1052,262,0.288928566060151,-98.6442680472354,39.6487901169677,-87.3120536957734,38.3546506940148,1.39721690268598,1.10828833662583,2022.77134540654,2023.0602739726,PQ712401|A/Hawk/IN/23-003026-001-original/2023|H5N1|USA-IN|2023-01-23|wild_avian|B3.2
1004,245,0.148052686597998,-71.1066479204022,-22.7539149487657,-71.458889,-32.553611,1.39721690268598,1.24916421608798,2022.912221286,2023.0602739726,EPI_ISL_17885983|A/pelican/Valparaiso/233450-1/2023|H5N1|Chile-Valparaiso|2023-01-23|wild_avian|B3.2
886,99,0.123919933310424,-81.6304096358304,-10.285168932257,-77.045041,-12.1218839,1.39721690268598,1.27329696937556,2022.93635403929,2023.0602739726,OQ550474|A/South_American_Sea_Lion/Peru/LIM-SER036/2023|H5N1|Peru|2023-01-23|other_mammal|B3.2
720,311,0.10376882300473,-111.814332172753,35.1659869808835,-111.501121053291,35.1506158409379,1.39721690268598,1.29344807968125,2022.9565051496,2023.0602739726,PQ707105|A/Canada_goose/AZ/23-005233-001-original/2023|H5N1|USA-AZ|2023-01-23|wild_avian|B3.2
888,889,0.244078862778102,-82.1672746765246,-5.94656085798524,-78.802374333698,-11.1171510726664,1.39983290922126,1.15575404644316,2022.81881111636,2023.06288997914,NA
1046,205,0.0139139201362313,-72.0556108219494,-33.6495634106087,-72.0222469572134,-34.4060493684107,1.39995662871334,1.38604270857711,2023.04909977849,2023.06301369863,EPI_ISL_17885915|A/Pelican/OHiggins/233663-1/2023|H5N1|Chile-OHiggins|2023-01-24|wild_avian|B3.2
958,960,0.0117026705848811,-70.3053441431404,-31.3325134330812,-68.2201204687232,-32.4956020519528,1.40111905827737,1.38941638769249,2023.05247345761,2023.06417612819,NA
1108,1109,0.201382344888403,-75.8325077437066,46.8750976445186,-78.3502782792768,50.9064477914669,1.40265452522882,1.20127218034042,2022.86432925026,2023.06571159515,NA
609,434,0.56327347254736,-126.544158802135,50.8786735679746,-121.554088544424,38.6385453215419,1.4026963547407,0.839422882193337,2022.50247995211,2023.06575342466,PQ715713|A/Red-tailed_hawk/CA/23-004363-001-original/2023|H5N1|USA-CA|2023-01-25|wild_avian|B3.2
675,401,0.158091490488184,-115.084952220883,52.2621455007048,-111.863324067059,53.6601734570365,1.4026963547407,1.24460486425251,2022.90766193417,2023.06575342466,PV304208|A/Black-Billed_Magpie/AB/FAV-0083-6-2023/2023|H5N1|Canada-AB|2023-01-25|wild_avian|B3.2
1046,204,0.0166536461635887,-72.0556108219494,-33.6495634106087,-71.692778,-33.391111,1.4026963547407,1.38604270857711,2023.04909977849,2023.06575342466,EPI_ISL_17885982|A/pelican/Valparaiso/234040/2023|H5N1|Chile-Valparaiso|2023-01-25|wild_avian|B3.2
645,428,0.374932897727967,-111.551988182179,50.6757353873618,-117.165532194325,48.4015917793724,1.40543608076805,1.03050318304009,2022.69356025296,2023.06849315068,PQ717217|A/Sanderling/WA/23-004228-001-original/2023|H5N1|USA-WA|2023-01-26|wild_avian|B3.2
1117,546,0.335084499325727,-74.7695785377292,43.1734682476191,-73.9234690722734,40.5880334153177,1.40543608076805,1.07035158144233,2022.73340865136,2023.06849315068,PQ715305|A/Peregrine_falcon/NY/23-003717-001-original/2023|H5N1|USA-NY|2023-01-26|wild_avian|B3.2
794,369,0.212310231090713,-81.3147266106919,12.296298003909,-83.4145799814678,10.3371811208455,1.40543608076805,1.19312584967734,2022.85618291959,2023.06849315068,EPI_ISL_16958548|A/falcon/Costa_Rica/INC-0001-D0377-23/2023|H5N1|Costa_Rica-Limon|2023-01-26|wild_avian|B3.2
795,370,0.158927631202898,-87.0044779606495,15.8033983706391,-82.7324,9.6477,1.40543608076805,1.24650844956516,2022.90956551948,2023.06849315068,EPI_ISL_17965774|A/pelican/Costa_Rica/INC-0018-D0370-23/2023|H5N1|Costa_Rica-Limon|2023-01-26|wild_avian|B3.2
979,197,0.078125999804044,-66.9314581473552,-20.0013037723845,-66.3166836564163,-16.3152124554379,1.40543608076805,1.32731008096401,2022.99036715088,2023.06849315068,EPI_ISL_19410267|A/chicken/Cochabamba/39356/2023|H5N1|Bolivia-Cochabamba|2023-01-26|domestic_avian|B3.2
650,412,0.0705084034133887,-106.646921347906,48.333027263669,-84.316488822537,43.1227934544249,1.40543608076805,1.33492767735467,2022.99798474727,2023.06849315068,PQ715201|A/Peregrine_falcon/MI/23-003553-001-original/2023|H5N1|USA-MI|2023-01-26|wild_avian|B3.2
1036,250,0.00831132801091483,-73.334464493833,-35.9919502051469,-72.668056,-36.430833,1.40543608076805,1.39712475275714,2023.06018182267,2023.06849315068,EPI_ISL_17885918|A/Pelican/Nuble/233947-2/2023|H5N1|Chile-Nuble|2023-01-26|wild_avian|B3.2
926,929,0.0141884307184079,-45.3826597426219,-27.0409093261713,-45.7305051925733,-26.7644176528724,1.4067139607041,1.39252552998569,2023.0555825999,2023.06977103062,NA
828,345,0.177751984239507,-101.163789668359,39.556244046254,-101.194111806835,39.6056399239106,1.40817580679564,1.23042382255613,2022.89348089247,2023.07123287671,EPI_ISL_17424646|A/striped_skunk/Kansas/W23-094/2023|H5N1|USA-KS|2023-01-27|other_mammal|B3.2
974,976,0.0170863605282245,-64.6618738767118,-34.1165602150976,-63.8803983483371,-36.1109021089694,1.4131304820098,1.39604412148158,2023.0591011914,2023.07618755193,NA
927,928,0.0183573728424635,-44.5111618111373,-26.9697597734115,-46.5558025756341,-30.8972456293514,1.413139295181,1.39478192233854,2023.05783899226,2023.0761963651,NA
661,662,0.245584002988364,-109.89872861983,40.6908185587578,-111.430999428989,39.04837307358,1.41345050917905,1.16786650619069,2022.83092357611,2023.0765075791,NA
764,84,0.151448710990219,-106.735588956546,39.2186976948867,-110.693630562445,46.6184010361646,1.41639498487771,1.26494627388749,2022.9280033438,2023.07945205479,PQ715513|A/Raven/MT/23-003666-002-original/2023|H5N1|USA-MT|2023-01-30|wild_avian|B3.2
898,899,0.114542953253958,-61.8634413734943,-31.6256989173254,-63.1103181933467,-31.9954638508836,1.41662623745796,1.302083284204,2022.96514035412,2023.07968330737,NA
633,634,0.0621166604462413,-94.5351886466521,41.4966494436104,-94.0516346437539,41.9718684177949,1.41847366941733,1.35635700897109,2023.01941407889,2023.08153073933,NA
904,905,0.0351045952259774,-61.7755402250872,-34.1236776665597,-62.2065620983951,-33.5683496219485,1.41901286317625,1.38390826795028,2023.04696533787,2023.08206993309,NA
643,409,0.0696075892116994,-107.933349945578,39.7745063508035,-105.38855458002,40.6354278999398,1.41913471090507,1.34952712169337,2023.01258419161,2023.08219178082,PQ715953|A/Red-tailed_hawk/CO/23-004223-001-original/2023|H5N1|USA-CO|2023-01-31|wild_avian|B3.2
1092,506,0.0424553089398221,-64.0464308573712,46.2825532076115,-63.8723179583747,46.4695426386176,1.41913471090507,1.37667940196525,2023.03973647188,2023.08219178082,PV302536|A/American_Crow/PE/FAV-0068-6-2023/2023|H5N1|Canada-PE|2023-01-31|wild_avian|B3.2
1093,508,0.0305875644282296,-62.9787550722265,46.2114889862659,-64.0430591750626,46.4114990706929,1.41913471090507,1.38854714647684,2023.05160421639,2023.08219178082,PV302528|A/American_Crow/PE/FAV-0068-5-2023/2023|H5N1|Canada-PE|2023-01-31|wild_avian|B3.2
1135,498,0.0292591242121243,-69.4987955861223,44.129859877796,-69.604789097056,45.2046118670666,1.41913471090507,1.38987558669294,2023.05293265661,2023.08219178082,PQ712785|A/Hooded_Merganser/ME/23-004172-006-original/2023|H5N1|USA-ME|2023-01-31|wild_avian|B3.2
703,33,0.961753060947089,-102.525282469825,48.5068249832061,-111.569983237856,49.1037099311493,1.42187443693243,0.460121375985337,2022.1231784459,2023.08493150685,PV318880|A/Striped_Skunk/AB/FAV-0085-1-2023/2023|H5N1|Canada-AB|2023-02-01|other_mammal|B3.2
1108,537,0.220602256592011,-75.8325077437066,46.8750976445186,-72.2646030567694,48.8146566074869,1.42187443693243,1.20127218034042,2022.86432925026,2023.08493150685,PV301315|A/Duck/QC/FAV-0051-1-2023/2023|H5N1|Canada-QC|2023-02-01|domestic_avian|B3.2
1116,539,0.137781148303753,-76.3124456199758,43.3005105238133,-73.9753026799789,40.7411388677858,1.42187443693243,1.28409328862867,2022.94715035855,2023.08493150685,OR858836|A/Canada_goose/New_York/NYCVH-23-453/2023|H5N1|USA-NY|2023-02-01|wild_avian|B3.2
973,977,0.0275092139635706,-66.4279395419866,-33.8084275145347,-67.1646538879804,-33.1478713789473,1.42209149095438,1.39458227699081,2023.05763934691,2023.08514856087,NA
987,988,0.0423217358719432,-60.5264054524146,-33.4807402005454,-57.8766032803708,-34.0424705235981,1.4245308596678,1.38220912379585,2023.04526619371,2023.08758792958,NA
1135,499,0.0347385762670664,-69.4987955861223,44.129859877796,-69.5485187037064,44.3421195019985,1.42461416296001,1.38987558669294,2023.05293265661,2023.08767123288,PQ712769|A/Hooded_Merganser/ME/23-004172-002-original/2023|H5N1|USA-ME|2023-02-02|wild_avian|B3.2
1008,1009,0.0488510494529115,-75.06692172061,-25.3808729160185,-65.2924913553283,-24.3250705576486,1.42569568349977,1.37684463404686,2023.03990170396,2023.08875275342,NA
889,890,0.0279845403969761,-78.802374333698,-11.1171510726664,-78.4460302440408,-9.41207086799915,1.42781744961824,1.39983290922126,2023.06288997914,2023.09087451953,NA
817,818,0.434652564865961,-95.5807026212147,43.0973992302347,-120.867005167226,43.7496841997801,1.42859307728831,0.993940512422347,2022.65699758234,2023.09165014721,NA
1035,249,0.102043766956037,-72.343270629384,-33.8065184958403,-68.7116238486121,-26.8936480380404,1.43009361501473,1.32804984805869,2022.99110691798,2023.09315068493,EPI_ISL_18760074|A/chicken/Atacama/235254-2/2023|H5N1|Chile-Atacama|2023-02-04|domestic_avian|B3.2
640,442,0.0412721916299694,-127.644436031667,42.973424821842,-122.276557800207,44.1005013095898,1.43009361501473,1.38882142338476,2023.0518784933,2023.09315068493,EPI_ISL_17964904|A/sanderling/Oregon/23-008234-001/2023|H5N1|USA-OR|2023-02-04|wild_avian|B3.2
1002,243,0.0674951308663001,-70.3074676571716,-23.5874761862364,-70.621944,-26.344444,1.43283334104208,1.36533821017578,2023.02839528009,2023.09589041096,EPI_ISL_19151400|A/guanay_cormorant/Atacama/235520-1/2023|H5N1|Chile-Atacama|2023-02-05|wild_avian|B3.2
965,966,0.0607963709140606,-68.5902403168289,-40.2445739060495,-68.894473067527,-40.1365347424143,1.43386974145304,1.37307337053898,2023.03613044046,2023.09692681137,NA
1134,501,0.346018711667617,-76.2119690840133,45.502004460847,-72.1213997455363,41.632021822417,1.43557306706944,1.08955435540182,2022.75261142532,2023.09863013699,EPI_ISL_19490418|A/mallard/Connecticut/23-004773-001-original2/2023|H5N1|USA-CT|2023-02-06|wild_avian|B3.2
777,60,0.214946038273639,-116.216516226296,53.6760237981169,-122.853943197272,58.1290331353521,1.43557306706944,1.2206270287958,2022.88368409871,2023.09863013699,EPI_ISL_18665510|A/Dunlin/BC/AIVPHL-940/2023|H5N1|Canada-BC|2023-02-06|wild_avian|B3.2
929,931,0.0294520790163766,-45.7305051925733,-26.7644176528724,-45.6102001642403,-25.1981300526131,1.43616603972048,1.4067139607041,2023.06977103062,2023.09922310964,NA
905,906,0.0188012096502357,-62.2065620983951,-33.5683496219485,-57.064632945061,-37.9866670949396,1.43781407282649,1.41901286317625,2023.08206993309,2023.10087114274,NA
980,981,0.0877548384108748,-64.9494377784231,-19.477784701958,-64.5358285678164,-18.4231267153281,1.43797921521095,1.35022437680008,2023.01328144672,2023.10103628513,NA
1040,211,0.269179987535232,-76.6921807758046,-12.5646154493739,-76.507071,-12.91786123,1.4383127930968,1.16913280556157,2022.83218987548,2023.10136986301,OQ925725|A/south_american_sea_lion/Peru/AQP-SER00K/2023|H5N1|Peru|2023-02-07|other_mammal|B3.2
981,196,0.000333577885845315,-64.5358285678164,-18.4231267153281,-64.4122039825053,-18.4844391651551,1.4383127930968,1.43797921521095,2023.10103628513,2023.10136986301,EPI_ISL_19410269|A/chicken/Cochabamba/39425/2023|H5N1|Bolivia-Cochabamba|2023-02-07|domestic_avian|B3.2
974,975,0.0443423918093422,-64.6618738767118,-34.1165602150976,-67.286689655499,-29.2237727321472,1.44038651329092,1.39604412148158,2023.0591011914,2023.10344358321,NA
893,98,0.229710132782205,-79.2072808675723,-4.94313812966926,-75.1961831,-12.0621201,1.44105251912438,1.21134238634218,2022.87439945626,2023.10410958904,OQ547431|A/Panthera_leo/Peru/AIS0554/2023|H5N1|Peru|2023-02-08|feline|B3.2
968,969,0.0672176057843634,-69.6475999904688,-40.1364104195161,-71.390154192137,-37.4979427219763,1.4424368537885,1.37521924800414,2023.03827631792,2023.10549392371,NA
968,971,0.06946089798977,-69.6475999904688,-40.1364104195161,-72.6930521510519,-37.3730285009081,1.44468014599391,1.37521924800414,2023.03827631792,2023.10773721591,NA
665,666,0.388683585462042,-134.537732847122,42.9368817189739,-122.213383225639,37.302739273317,1.4485687819608,1.05988519649876,2022.72294226642,2023.11162585188,NA
894,101,0.286878409896085,-64.2446211850772,-21.0254671479572,-65.9707,-22.4027,1.44927169720645,1.16239328731037,2022.82545035723,2023.11232876712,EPI_ISL_18698459|A/Goose/Argentina/389-1/2023|H5N1|Argentina-Jujuy|2023-02-11|domestic_avian|B3.2
953,954,0.0724236241979557,-69.3127569167249,-30.2238281772891,-56.0572869685837,-29.4532406814801,1.44972877941554,1.37730515521759,2023.04036222513,2023.11278584933,NA
984,989,0.169310120834997,-62.017259461182,-35.0023595551209,-52.1368722692761,-36.5724942762306,1.4509220739384,1.28161195310341,2022.94466902302,2023.11397914386,NA
846,361,0.226950003212214,-70.2984721129778,44.5240136804518,-71.4676671022995,41.7673387367946,1.4547511492614,1.22780114604918,2022.89085821597,2023.11780821918,PQ714409|A/Mute_Swan/RI/23-007092-001-original/2023|H5N1|USA-RI|2023-02-13|wild_avian|B3.2
1045,206,0.0688492435644945,-72.1917558661687,-33.5189833287952,-72.95,-36.616667,1.4547511492614,1.3859019056969,2023.04895897561,2023.11780821918,EPI_ISL_18760061|A/pelican/Bio_Bio/236574/2023|H5N1|Chile-Biobio|2023-02-13|wild_avian|B3.2
676,397,0.429274070145101,-132.039674537829,55.5056880177434,-122.579920817855,38.4047853382499,1.45749087528875,1.02821680514365,2022.69127387506,2023.12054794521,EPI_ISL_17964878|A/red-tailed_hawk/California/23-006644-003/2023|H5N1|USA-CA|2023-02-14|wild_avian|B3.2
727,303,0.366120812449365,-101.238009000765,42.9992448362177,-113.618441649584,58.0322660065608,1.45749087528875,1.09137006283939,2022.75442713276,2023.12054794521,PV318888|A/Striped_Skunk/AB/FAV-0085-2-2023/2023|H5N1|Canada-AB|2023-02-14|other_mammal|B3.2
626,455,0.307618058845226,-107.839552142688,41.4661873692076,-105.291052773707,37.8173657077218,1.45749087528875,1.14987281644353,2022.81292988636,2023.12054794521,EPI_ISL_17964858|A/Cooper_s_s_hawk/Colorado/23-005617-001/2023|H5N1|USA-CO|2023-02-14|wild_avian|B3.2
666,470,0.00892209332795479,-122.213383225639,37.302739273317,-122.425841240295,37.7333921596654,1.45749087528875,1.4485687819608,2023.11162585188,2023.12054794521,EPI_ISL_17964856|A/sanderling/California/23-005401-001/2023|H5N1|USA-CA|2023-02-14|wild_avian|B3.2
969,970,0.0153365720194705,-71.390154192137,-37.4979427219763,-71.5501831047812,-39.0659748486552,1.45777342580797,1.4424368537885,2023.10549392371,2023.12083049572,NA
778,779,0.220501185838988,-119.293254364397,52.8006648362632,-118.680301478503,49.3157811433392,1.4597327389593,1.23923155312031,2022.90228862304,2023.12278980888,NA
1005,244,0.195495287662884,-70.8263457976223,-23.3219614579427,-71.6193798808792,-37.6095533081484,1.46023060131611,1.26473531365323,2022.92779238357,2023.12328767123,EPI_ISL_19410300|A/gull/Biobio/237012/2023|H5N1|Chile-Biobio|2023-02-15|wild_avian|B3.2
954,955,0.013131430048305,-56.0572869685837,-29.4532406814801,-59.3363560285732,-28.9227852792728,1.46286020946385,1.44972877941554,2023.11278584933,2023.12591727938,NA
778,68,0.223738774223158,-119.293254364397,52.8006648362632,-119.301179097619,52.8403995029708,1.46297032734347,1.23923155312031,2022.90228862304,2023.12602739726,PV319152|A/Striped_Skunk/BC/FAV-0091-1-2023/2023|H5N1|Canada-BC|2023-02-16|other_mammal|B3.2
1009,1010,0.0394836428143126,-65.2924913553283,-24.3250705576486,-68.2793001254972,-21.7049619779931,1.46517932631408,1.42569568349977,2023.08875275342,2023.12823639623,NA
1086,515,0.240179408032551,-64.9716723299123,46.5392681131235,-64.2829016039867,46.7733533251866,1.46571005337083,1.22553064533828,2022.88858771525,2023.12876712329,PV302560|A/American_Crow/PE/FAV-0086-1-2023/2023|H5N1|Canada-PE|2023-02-17|wild_avian|B3.2
902,903,0.0771532998828914,-63.3062880921412,-37.2658088224391,-63.0228822201142,-35.7625453424683,1.46716324724878,1.39000994736589,2023.05306701728,2023.13022031717,NA
958,959,0.0779083319403311,-70.3053441431404,-31.3325134330812,-73.0544172866333,-31.90912823675,1.46732471963282,1.38941638769249,2023.05247345761,2023.13038178955,NA
764,85,0.203503505510691,-106.735588956546,39.2186976948867,-107.515365305874,39.2539687458868,1.46844977939818,1.26494627388749,2022.9280033438,2023.13150684931,EPI_ISL_17964882|A/red-tailed_hawk/Colorado/23-006671-001/2023|H5N1|USA-CO|2023-02-18|wild_avian|B3.2
1114,541,0.122718663652395,-74.3356620495884,43.0077800836115,-71.7727958841291,42.0483969999675,1.46844977939818,1.34573111574579,2023.00878818566,2023.13150684931,EPI_ISL_19736845|A/canada_goose/Massachusetts/015884-006/2023|H5N1|USA-MA|2023-02-18|wild_avian|B3.2
964,192,0.114389325344837,-69.0192839995827,-40.1661402561268,-63.7935806638057,-32.0777502376668,1.46844977939818,1.35406045405335,2023.01711752397,2023.13150684931,EPI_ISL_18698462|A/Chicken/Argentina/477-5/2023|H5N1|Argentina-Cordoba|2023-02-18|domestic_avian|B3.2
987,108,0.0862406556023299,-60.5264054524146,-33.4807402005454,-54.568,-34.798,1.46844977939818,1.38220912379585,2023.04526619371,2023.13150684931,OR381588|A/Black-necked_swan/Uruguay/014-M3/2023|H5N1|Uruguay-Rocha|2023-02-18|wild_avian|B3.2
955,956,0.00588398174827409,-59.3363560285732,-28.9227852792728,-61.0235935305993,-28.6677688058824,1.46874419121212,1.46286020946385,2023.12591727938,2023.13180126113,NA
931,932,0.0338577653301355,-45.6102001642403,-25.1981300526131,-44.4586071988044,-21.7824368657093,1.47002380505061,1.43616603972048,2023.09922310964,2023.13308087497,NA
1087,514,0.120127615951582,-59.1375024919879,44.6133426401546,-65.1348322782063,44.0721966948546,1.47118950542577,1.35106188947419,2023.01411895939,2023.13424657534,PV306320|A/Canada_Goose/NS/FAV-0088-4-2023/2023|H5N1|Canada-NS|2023-02-19|wild_avian|B3.2
966,967,0.0396664366735004,-68.894473067527,-40.1365347424143,-71.7881301602129,-38.9751614841254,1.47353617812654,1.43386974145304,2023.09692681137,2023.13659324804,NA
902,152,0.0839192840872385,-63.3062880921412,-37.2658088224391,-60.5518314263291,-36.6815517720419,1.47392923145313,1.39000994736589,2023.05306701728,2023.13698630137,EPI_ISL_18698469|A/Chicken/Argentina/491-2/2023|H5N1|Argentina-Buenos_Aires|2023-02-20|domestic_avian|B3.2
899,111,0.0573029939951644,-63.1103181933467,-31.9954638508836,-63.19509047,-32.09246308,1.47392923145313,1.41662623745796,2023.07968330737,2023.13698630137,EPI_ISL_18698471|A/Chicken/Argentina/501-1/2023|H5N1|Argentina-Cordoba|2023-02-20|domestic_avian|B3.2
985,107,0.154092914424988,-61.3289693195431,-32.2995607773448,-61.46188,-32.28761,1.47666895748048,1.3225760430555,2022.98563311297,2023.1397260274,EPI_ISL_18698476|A/Chicken/Argentina/509-2/2023|H5N1|Argentina-Santa_Fe|2023-02-21|domestic_avian|B3.2
1001,241,0.116028156957024,-70.231298771748,-23.5679194788075,-70.3837427909843,-23.651615385783,1.47940868350784,1.36338052655082,2023.02643759647,2023.14246575342,EPI_ISL_19131156|A/Inca_tern/Antofagasta/238083/2023|H5N1|Chile-Antofagasta|2023-02-22|wild_avian|B3.2
977,185,0.0573171925534619,-67.1646538879804,-33.1478713789473,-66.88304,-33.24245,1.47940868350784,1.42209149095438,2023.08514856087,2023.14246575342,EPI_ISL_18698480|A/Chicken/Argentina/559-8/2023|H5N1|Argentina-San_Luis|2023-02-22|domestic_avian|B3.2
1112,544,0.176618168766598,-73.7085658256435,42.9784553623984,-72.4400027313427,42.3580565072593,1.4821484095352,1.3055302407686,2022.96858731069,2023.14520547945,EPI_ISL_19736766|A/canada_goose/Massachusetts/015884-009/2023|H5N1|USA-MA|2023-02-23|wild_avian|B3.2
1036,251,0.0850236567780587,-73.334464493833,-35.9919502051469,-72.5570741577128,-35.8044643425867,1.4821484095352,1.39712475275714,2023.06018182267,2023.14520547945,EPI_ISL_17885973|A/South_American_tern/Maule/238507/2023|H5N1|Chile-Maule|2023-02-23|wild_avian|B3.2
988,109,0.057617549867401,-57.8766032803708,-34.0424705235981,-65.64608,-39.39435,1.4821484095352,1.4245308596678,2023.08758792958,2023.14520547945,EPI_ISL_18698482|A/Chicken/Argentina/578-2/2023|H5N1|Argentina-Rio_Negro|2023-02-23|domestic_avian|B3.2
906,176,0.0443343367087086,-57.064632945061,-37.9866670949396,-60.5378126139643,-36.6882927039701,1.4821484095352,1.43781407282649,2023.10087114274,2023.14520547945,EPI_ISL_18698478|A/Chicken/Argentina/556-6/2023|H5N1|Argentina-Buenos_Aires|2023-02-23|domestic_avian|B3.2
1114,1115,0.138860240120711,-74.3356620495884,43.0077800836115,-70.6565240869382,42.2899221517663,1.4845913558665,1.34573111574579,2023.00878818566,2023.14764842578,NA
1034,254,0.157016986293911,-70.4235851863082,-19.6728441854823,-71.53328,-32.78174,1.48488813556256,1.32787114926865,2022.99092821919,2023.14794520548,EPI_ISL_19131163|A/Peruvean_booby/Valparaiso/238535/2023|H5N1|Chile-Valparaiso|2023-02-24|wild_avian|B3.2
906,907,0.047183284165603,-57.064632945061,-37.9866670949396,-64.9139340552498,-36.5980725276667,1.48499735699209,1.43781407282649,2023.10087114274,2023.14805442691,NA
932,933,0.0204791544834331,-44.4586071988044,-21.7824368657093,-44.0634509596146,-22.937140935974,1.49050295953405,1.47002380505061,2023.13308087497,2023.15356002945,NA
1089,512,0.252595211581507,-67.8293264339555,46.4100956699087,-63.9380307534954,46.5924953588327,1.49310731364486,1.24051210206335,2022.90356917198,2023.15616438356,PV307384|A/Canada_Goose/PE/FAV-0096-3-2023/2023|H5N1|Canada-PE|2023-02-27|wild_avian|B3.2
969,177,0.0506704598563523,-71.390154192137,-37.4979427219763,-72.2881,-36.6761,1.49310731364486,1.4424368537885,2023.10549392371,2023.15616438356,EPI_ISL_17885878|A/chicken/Nuble/239136/2023|H5N1|Chile-Nuble|2023-02-27|domestic_avian|B3.2
933,934,0.0049296197042783,-44.0634509596146,-22.937140935974,-40.4243206277512,-21.164461435623,1.49543257923833,1.49050295953405,2023.15356002945,2023.15848964916,NA
933,952,0.00526427693591458,-44.0634509596146,-22.937140935974,-43.1080831639375,-24.2666874044046,1.49576723646996,1.49050295953405,2023.15356002945,2023.15882430639,NA
961,113,0.108891046971738,-70.6512680775677,-35.5281696898398,-72.9758,-38.7934,1.49584703967221,1.38695599270047,2023.05001306262,2023.15890410959,EPI_ISL_17885958|A/chicken/Araucania/239189-2/2023|H5N1|Chile-Araucania|2023-02-28|domestic_avian|B3.2
956,957,0.0277128373336337,-61.0235935305993,-28.6677688058824,-57.4413286625568,-28.3797369262852,1.49645702854576,1.46874419121212,2023.13180126113,2023.15951409846,NA
1000,240,0.219617331929487,-70.6484959930936,-18.3544128910307,-71.343333,-29.953056,1.49858676569957,1.27896943377008,2022.94202650369,2023.16164383562,EPI_ISL_19131162|A/Inca_tern/Coquimbo/239619/2023|H5N1|Chile-Coquimbo|2023-03-01|wild_avian|B3.2
1109,536,0.0959322404707512,-78.3502782792768,50.9064477914669,-66.2544295857446,51.6223442642733,1.49858676569957,1.40265452522882,2023.06571159515,2023.16164383562,PV301712|A/American_Black_Duck/QC/FAV-0115-3-2023/2023|H5N1|Canada-QC|2023-03-01|wild_avian|B3.2
634,445,0.0828528223098242,-94.0516346437539,41.9718684177949,-93.5872847600102,42.1469117767484,1.50132649172715,1.41847366941733,2023.08153073933,2023.16438356164,EPI_ISL_17964890|A/American_crow/Iowa/23-007468-001/2023|H5N1|USA-IA|2023-03-02|wild_avian|B3.2
980,194,0.153841840954434,-64.9494377784231,-19.477784701958,-65.0849720611963,-16.2346074637619,1.50406621775451,1.35022437680008,2023.01328144672,2023.16712328767,EPI_ISL_19418487|A/chicken/Cochabamba/39539/2023|H5N1|Bolivia-Cochabamba|2023-03-03|domestic_avian|B3.2
651,414,0.145981407825816,-108.735880388298,41.6057975642265,-108.207852058263,40.7441841544626,1.50406621775451,1.3580848099287,2023.02114187985,2023.16712328767,EPI_ISL_17964907|A/great_horned_owl/Colorado/23-007822-001/2023|H5N1|USA-CO|2023-03-03|wild_avian|B3.2
1007,239,0.131997031455391,-73.1199088419601,-21.8724270783677,-70.3010487314224,-18.4631239017513,1.50406621775451,1.37206918629912,2023.03512625622,2023.16712328767,EPI_ISL_17885978|A/Sanderling/Arica_y_Parinacota/240265/2023|H5N1|Chile-Arica|2023-03-03|wild_avian|B3.2
976,188,0.0909357357447105,-63.8803983483371,-36.1109021089694,-55.8419,-32.3924,1.50406621775451,1.4131304820098,2023.07618755193,2023.16712328767,OR381596|A/Backyard_chicken/Uruguay/040-M5/2023|H5N1|Uruguay-Tacuarembo|2023-03-03|domestic_avian|B3.2
928,124,0.0909269225735123,-46.5558025756341,-30.8972456293514,-57.8241,-38.04594,1.50406621775451,1.413139295181,2023.0761963651,2023.16712328767,EPI_ISL_18698494|A/Chicken/Argentina/736-1/2023|H5N1|Argentina-Buenos_Aires|2023-03-03|domestic_avian|B3.2
662,422,0.0906157085754624,-111.430999428989,39.04837307358,-111.692758153209,41.2890190211967,1.50406621775451,1.41345050917905,2023.0765075791,2023.16712328767,EPI_ISL_17964896|A/American_crow/Utah/23-007867-006/2023|H5N1|USA-UT|2023-03-03|wild_avian|B3.2
1010,1032,0.0398190479633129,-68.2793001254972,-21.7049619779931,-70.6234889075256,-18.1666584785847,1.50499837427739,1.46517932631408,2023.12823639623,2023.16805544419,NA
773,71,0.234844689116593,-82.3561917780954,34.062416262993,-80.8181677921763,32.7580294353101,1.50680594378187,1.27196125466528,2022.93501832458,2023.1698630137,EPI_ISL_17964901|A/bald_eagle/South_Carolina/23-008111-001/2023|H5N1|USA-SC|2023-03-04|wild_avian|B3.2
956,122,0.0380617525697473,-61.0235935305993,-28.6677688058824,-61.026789,-31.281576,1.50680594378187,1.46874419121212,2023.13180126113,2023.1698630137,EPI_ISL_18698497|A/Turkey/Argentina/753-1/2023|H5N1|Argentina-Santa_Fe|2023-03-04|domestic_avian|B3.2
1115,543,0.0222145879153697,-70.6565240869382,42.2899221517663,-71.1887697893706,42.5438452006175,1.50680594378187,1.4845913558665,2023.14764842578,2023.1698630137,EPI_ISL_19736913|A/canada_goose/Massachusetts/015884-014/2023|H5N1|USA-MA|2023-03-04|wild_avian|B3.2
635,447,0.139539652259539,-93.5345415640492,41.7987454468729,-93.535391189296,42.0136989324755,1.50954566980923,1.37000601754969,2023.03306308747,2023.17260273973,EPI_ISL_17964893|A/American_crow/Iowa/23-007781-002/2023|H5N1|USA-IA|2023-03-05|wild_avian|B3.2
1044,207,0.158184663465335,-74.6583215140224,-31.596875282187,-71.8714460318654,-36.5143813519381,1.51228539583658,1.35410073237125,2023.01715780229,2023.17534246575,EPI_ISL_17885877|A/chicken/Nuble/240155/2023|H5N1|Chile-Nuble|2023-03-06|domestic_avian|B3.2
1002,242,0.146947185660801,-70.3074676571716,-23.5874761862364,-71.833333,-33.95,1.51228539583658,1.36533821017578,2023.02839528009,2023.17534246575,EPI_ISL_17885967|A/Blackish_oystercatcher/OHiggins/240628/2023|H5N1|Chile-OHiggins|2023-03-06|wild_avian|B3.2
976,189,0.0991549138267826,-63.8803983483371,-36.1109021089694,-72.5733722700888,-35.7857113889504,1.51228539583658,1.4131304820098,2023.07618755193,2023.17534246575,EPI_ISL_17885849|A/Black_Skimmer/Maule/240379/2023|H5N1|Chile-Maule|2023-03-06|wild_avian|B3.2
1032,237,0.0100267475865481,-70.6234889075256,-18.1666584785847,-70.699826,-18.137864,1.51502512186394,1.50499837427739,2023.16805544419,2023.17808219178,EPI_ISL_17777531|A/sea_lion/Peru/TAC-INS-010/2023|H5N1|Peru-Tacna|2023-03-07|other_mammal|B3.2
1032,238,0.0100267475865481,-70.6234889075256,-18.1666584785847,-70.30376039,-17.64664722,1.51502512186394,1.50499837427739,2023.16805544419,2023.17808219178,EPI_ISL_17777532|A/sea_lion/Peru/TAC-INS-011/2023|H5N1|Peru-Tacna|2023-03-07|other_mammal|B3.2
986,105,0.176213541627501,-61.4905497503073,-33.055310644354,-65.096,-32.389,1.52050457391888,1.34429103229138,2023.00734810221,2023.18356164384,EPI_ISL_18698731|A/Chicken/Argentina/895-1/2023|H5N1|Argentina-San_Luis|2023-03-09|domestic_avian|B3.2
960,118,0.119385515641517,-68.2201204687232,-32.4956020519528,-72.0207067051362,-34.3995010462745,1.52050457391888,1.40111905827737,2023.06417612819,2023.18356164384,EPI_ISL_17885965|A/Chiloe_wigeon/OHiggins/240893-2/2023|H5N1|Chile-OHiggins|2023-03-09|wild_avian|B3.2
650,411,0.188316622591576,-106.646921347906,48.333027263669,-84.7020663729237,42.5171044437497,1.52324429994624,1.33492767735467,2022.99798474727,2023.18630136986,EPI_ISL_19490438|A/chicken/Michigan/23-008143-002-original/2023|H5N1|USA-MI|2023-03-10|domestic_avian|B3.2
971,180,0.0785641539523318,-72.6930521510519,-37.3730285009081,-72.09428,-36.689629,1.52324429994624,1.44468014599391,2023.10773721591,2023.18630136986,EPI_ISL_17885873|A/chicken/Nuble/241681-1/2023|H5N1|Chile-Nuble|2023-03-10|domestic_avian|B3.2
1107,533,0.341502194290767,-75.7681579976652,49.9254006049623,-88.8716713237465,52.9867210725952,1.5259840259736,1.18448183168283,2022.8475389016,2023.18904109589,PV302264|A/American_Crow/ON/FAV-0118-1-2023/2023|H5N1|Canada-ON|2023-03-11|wild_avian|B3.2
1010,1011,0.0629389643920264,-68.2793001254972,-21.7049619779931,-70.0924583576451,-27.1269986395817,1.52811829070611,1.46517932631408,2023.12823639623,2023.19117536062,NA
970,178,0.0736900522203401,-71.5501831047812,-39.0659748486552,-70.37928,-38.556134,1.53146347802831,1.45777342580797,2023.12083049572,2023.19452054795,EPI_ISL_18698502|A/Chicken/Argentina/919-3/2023|H5N1|Argentina-Neuquen|2023-03-13|domestic_avian|B3.2
1011,236,0.00334518732220634,-70.0924583576451,-27.1269986395817,-69.93163954,-27.38183161,1.53146347802831,1.52811829070611,2023.19117536062,2023.19452054795,EPI_ISL_19391462|A/sea_lion/Atacama/242444-1/2023|H5N1|Chile-Atacama|2023-03-13|other_mammal|B3.2
1100,526,0.206391329413315,-92.1248805196378,37.0502938386545,-91.7878679518874,38.1963069511548,1.5342032040559,1.32781187464258,2022.99086894456,2023.19726027397,EPI_ISL_19490458|A/chicken/Missouri/23-008296-003-original/2023|H5N1|USA-MO|2023-03-14|domestic_avian|B3.2
874,268,0.581419308577232,-102.305123140132,39.6266951147467,-96.4615683565967,39.690843954748,1.53694293008326,0.955523621506023,2022.61858069142,2023.2,EPI_ISL_17964913|A/red-tailed_hawk/Kansas/23-009211-001/2023|H5N1|USA-KS|2023-03-15|wild_avian|B3.2
834,338,0.307193874121711,-90.1857370838965,34.6402231446735,-88.5163960032038,34.024000114165,1.53694293008326,1.22974905596154,2022.89280612588,2023.2,EPI_ISL_19490462|A/chicken/Mississippi/23-008358-002-original/2023|H5N1|USA-MS|2023-03-15|domestic_avian|B3.2
768,78,0.297304182283246,-101.706512871327,41.113779136622,-103.475416907912,40.7304444551366,1.53694293008326,1.23963874780001,2022.90269581772,2023.2,EPI_ISL_17964906|A/red-tailed_hawk/Colorado/23-008901-001/2023|H5N1|USA-CO|2023-03-15|wild_avian|B3.2
988,106,0.112412070415458,-57.8766032803708,-34.0424705235981,-55.7469,-34.5713,1.53694293008326,1.4245308596678,2023.08758792958,2023.2,OR381676|A/Black-necked_swan/Uruguay/078-M2/2023|H5N1|Uruguay-Canelones|2023-03-15|wild_avian|B3.2
890,92,0.111865206492376,-78.4460302440408,-9.41207086799915,-77.1244568141458,-11.3152678254944,1.53968265611061,1.42781744961824,2023.09087451953,2023.20273972603,EPI_ISL_17777527|A/gull/Peru/LIM-INS-006/2023|H5N1|Peru-Lima|2023-03-16|wild_avian|B3.2
975,187,0.0992961428196937,-67.286689655499,-29.2237727321472,-64.31648,-36.69454,1.53968265611061,1.44038651329092,2023.10344358321,2023.20273972603,EPI_ISL_18698504|A/Chicken/Argentina/1035-1/2023|H5N1|Argentina-La_Pampa|2023-03-16|domestic_avian|B3.2
991,198,0.153265717032578,-78.1006203225906,-11.2414192577582,-77.118870665669,-12.0649849250317,1.54242238213797,1.38915666510539,2023.05221373502,2023.20547945205,EPI_ISL_17777528|A/peruvian_booby/Peru/CAL-INS-007/2023|H5N1|Peru-Callao|2023-03-17|wild_avian|B3.2
889,91,0.142589472916709,-78.802374333698,-11.1171510726664,-77.149763740525,-12.053051302942,1.54242238213797,1.39983290922126,2023.06288997914,2023.20547945205,EPI_ISL_17777530|A/guanay_cormorant/Peru/CAL-INS-009/2023|H5N1|Peru-Callao|2023-03-17|wild_avian|B3.2
1008,213,0.171057200146056,-75.06692172061,-25.3808729160185,-71.4293542,-32.69895,1.54790183419291,1.37684463404686,2023.03990170396,2023.21095890411,EPI_ISL_18760069|A/sea_lion/Valparaiso/SJCEIRR-2431361/2023|H5N1|Chile-Valparaiso|2023-03-19|other_mammal|B3.2
615,461,0.577331965868466,-118.596153200339,51.3861788316039,-122.707659127686,54.1359484653767,1.55064156022027,0.973309594351804,2022.63636666427,2023.21369863014,EPI_ISL_18665556|A/Barred_Owl/BC/AIVPHL-1008/2023|H5N1|Canada-BC|2023-03-20|wild_avian|B3.2
959,115,0.0833168405874534,-73.0544172866333,-31.90912823675,-71.518681718382,-33.9599561266544,1.55064156022027,1.46732471963282,2023.13038178955,2023.21369863014,EPI_ISL_18760060|A/chicken/Metropolitana/243148-1/2023|H5N1|Chile-Metropolitana|2023-03-20|domestic_avian|B3.2
1091,509,0.199469297311031,-62.1596810629338,45.0423147536892,-63.6448490042574,46.326184540345,1.55338128624763,1.3539119889366,2023.01696905885,2023.21643835616,PV319272|A/Striped_Skunk/PE/FAV-0123-1-2023/2023|H5N1|Canada-PE|2023-03-21|other_mammal|B3.2
1093,507,0.164834139770788,-62.9787550722265,46.2114889862659,-63.3211781248207,44.9381159983024,1.55338128624763,1.38854714647684,2023.05160421639,2023.21643835616,PV302152|A/American_Crow/NS/FAV-0122-1-2023/2023|H5N1|Canada-NS|2023-03-21|wild_avian|B3.2
970,179,0.095607860439654,-71.5501831047812,-39.0659748486552,-70.37815,-38.55845,1.55338128624763,1.45777342580797,2023.12083049572,2023.21643835616,EPI_ISL_18698505|A/Chicken/Argentina/1147-2/2023|H5N1|Argentina-Neuquen|2023-03-21|domestic_avian|B3.2
1082,517,0.468574921829979,-64.6636038190584,46.5459831012377,-63.3841769423947,46.2687336859719,1.55612101227498,1.08754609044501,2022.75060316036,2023.21917808219,PV302640|A/American_Crow/PE/FAV-0121-1-2023/2023|H5N1|Canada-PE|2023-03-22|wild_avian|B3.2
677,398,0.50163298255562,-140.94943562378,58.9766558084186,-119.484853510301,46.6374429916823,1.55886073830234,1.05722775574672,2022.72028482566,2023.22191780822,EPI_ISL_17964920|A/Western_screech_owl/Washington/23-010027-001/2023|H5N1|USA-WA|2023-03-23|wild_avian|B3.2
1109,535,0.158945939100881,-78.3502782792768,50.9064477914669,-80.7832143436458,49.2152439523978,1.5616004643297,1.40265452522882,2023.06571159515,2023.22465753425,PV302336|A/American_Crow/ON/FAV-0149-2-2023/2023|H5N1|Canada-ON|2023-03-24|wild_avian|B3.2
1009,214,0.135904780829931,-65.2924913553283,-24.3250705576486,-70.38642,-23.61671,1.5616004643297,1.42569568349977,2023.08875275342,2023.22465753425,PQ295907|A/Antofagasta/25945/2023|H5N1|Chile-Antofagasta|2023-03-24|human|B3.2
967,183,0.0908040122307403,-71.7881301602129,-38.9751614841254,-72.28213908,-38.70947038,1.56434019035728,1.47353617812654,2023.13659324804,2023.22739726027,EPI_ISL_18760073|A/chicken/Araucania/244469/2023|H5N1|Chile-Araucania|2023-03-25|domestic_avian|B3.2
635,446,0.197073898834954,-93.5345415640492,41.7987454468729,-94.0646677824,45.2725469990989,1.56707991638464,1.37000601754969,2023.03306308747,2023.2301369863,EPI_ISL_17964919|A/red-tailed_hawk/Minnesota/23-010018-001/2023|H5N1|USA-MN|2023-03-26|wild_avian|B3.2
667,396,0.699958872415297,-127.387965344833,55.7971235417342,-123.439994041982,59.2066541627958,1.569819642412,0.869860769996702,2022.53291783991,2023.23287671233,PV319168|A/Striped_Skunk/BC/FAV-0173-1-2023/2023|H5N1|Canada-BC|2023-03-27|other_mammal|B3.2
905,175,0.150806779235745,-62.2065620983951,-33.5683496219485,-61.92956,-33.73278,1.569819642412,1.41901286317625,2023.08206993309,2023.23287671233,EPI_ISL_18698506|A/Chicken/Argentina/1200-1/2023|H5N1|Argentina-Santa_Fe|2023-03-27|domestic_avian|B3.2
761,77,0.368913530175345,-107.530751128784,42.4851352658623,-116.048698493068,43.1250286402166,1.57255936843936,1.20364583826401,2022.86670290818,2023.23561643836,EPI_ISL_17964927|A/great_horned_owl/Idaho/23-011169-003/2023|H5N1|USA-ID|2023-03-28|wild_avian|B3.2
768,79,0.338400072694062,-101.706512871327,41.113779136622,-99.3160676963997,40.8971493667668,1.57803882049407,1.23963874780001,2022.90269581772,2023.24109589041,EPI_ISL_17821770|A/cat/Nebraska/23-010184-001/2023|H5N1|USA-NE|2023-03-30|feline|B3.2
666,471,0.129470038533272,-122.213383225639,37.302739273317,-122.449614349886,37.5284571778035,1.57803882049407,1.4485687819608,2023.11162585188,2023.24109589041,EPI_ISL_17964933|A/peregrine_falcon/California/23-011277-001/2023|H5N1|USA-CA|2023-03-30|wild_avian|B3.2
959,116,0.110714100861255,-73.0544172866333,-31.90912823675,-71.5701308307063,-33.0530765830668,1.57803882049407,1.46732471963282,2023.13038178955,2023.24109589041,EPI_ISL_19410286|A/turkey/Valparaiso/245886-5/2023|H5N1|Chile-Valparaiso|2023-03-30|domestic_avian|B3.2
1115,542,0.0934474646275714,-70.6565240869382,42.2899221517663,-71.0518271299568,42.288764515906,1.57803882049407,1.4845913558665,2023.14764842578,2023.24109589041,SRR29740507|A/canada_goose/Massachusetts/23-015884-019/2023||USA-MA|2023-03-30|wild_avian|B3.2
934,951,0.0847174723619619,-40.4243206277512,-21.164461435623,-39.3234244934507,-21.2674174314542,1.58015005160029,1.49543257923833,2023.15848964916,2023.24320712152,NA
614,462,0.670404330667755,-122.496838746825,50.5548762498971,-119.77361216881,41.4058369659308,1.58077854652166,0.910374215853901,2022.57343128577,2023.24383561644,EPI_ISL_17964944|A/red-tailed_hawk/Nevada/23-012114-001/2023|H5N1|USA-NV|2023-03-31|wild_avian|B3.2
983,110,0.333499142095937,-67.3210043698207,-30.8803305166964,-59.03253,-35.08456,1.58077854652166,1.24727940442572,2022.91033647434,2023.24383561644,EPI_ISL_18698507|A/Chicken/Argentina/1340-2/2023|H5N1|Argentina-Buenos_Aires|2023-03-31|domestic_avian|B3.2
975,186,0.140392033230737,-67.286689655499,-29.2237727321472,-58.67021,-27.39907,1.58077854652166,1.44038651329092,2023.10344358321,2023.24383561644,EPI_ISL_18698508|A/Turkey/Argentina/1348-3/2023|H5N1|Argentina-Corrientes|2023-03-31|domestic_avian|B3.2
903,153,0.121834477354949,-63.0228822201142,-35.7625453424683,-64.413895,-38.888405,1.58899772460373,1.46716324724878,2023.13022031717,2023.25205479452,EPI_ISL_18698510|A/Chicken/Argentina/1416-3/2023|H5N1|Argentina|2023-04-03|domestic_avian|B3.2
929,930,0.184778810587892,-45.7305051925733,-26.7644176528724,-56.1149770555836,-34.8018092865722,1.591492771292,1.4067139607041,2023.06977103062,2023.25454984121,NA
712,297,0.814202468917879,-117.158958039633,54.515285345363,-92.2909050404384,42.3997225098681,1.59173745063109,0.777534981713207,2022.44059205163,2023.25479452055,EPI_ISL_17964923|A/American_crow/Iowa/23-010832-002/2023|H5N1|USA-IA|2023-04-04|wild_avian|B3.2
1101,547,0.601801213508896,-78.7740642801134,47.2757700341362,-74.5213703955559,45.7751040130311,1.59173745063109,0.98993623712219,2022.65299330704,2023.25479452055,PV304152|A/Barred_Owl/QC/FAV-0248-1-2023/2023|H5N1|Canada-QC|2023-04-04|wild_avian|B3.2
673,403,0.380780244103132,-114.56541746365,51.4883051432131,-110.090914343289,52.3040584514152,1.59447717665844,1.21369693255531,2022.87675400247,2023.25753424658,PV301473|A/Striped_Skunk/AB/FAV-0188-1-2023/2023|H5N1|Canada-AB|2023-04-05|other_mammal|B3.2
961,114,0.213000636012911,-70.6512680775677,-35.5281696898398,-71.6392945985063,-37.1860976068518,1.59995662871339,1.38695599270047,2023.05001306262,2023.26301369863,EPI_ISL_19418491|A/buff-necked_ibis/Bio_bio/247636-1/2023|H5N1|Chile-Biobio|2023-04-07|wild_avian|B3.2
967,184,0.126420450586841,-71.7881301602129,-38.9751614841254,-72.1581140509439,-35.1325478914434,1.59995662871339,1.47353617812654,2023.13659324804,2023.26301369863,EPI_ISL_19410280|A/chicken/Maule/247588-1/2023|H5N1|Chile-Maule|2023-04-07|domestic_avian|B3.2
629,458,0.354951960078314,-105.402216582742,39.8998704129683,-105.448021529799,40.5101352206849,1.60817580679546,1.25322384671714,2022.91628091663,2023.27123287671,EPI_ISL_17964934|A/turkey_vulture/Colorado/23-011447-001/2023|H5N1|USA-CO|2023-04-10|wild_avian|B3.2
634,444,0.189702137378127,-94.0516346437539,41.9718684177949,-93.9531769136594,41.9897051477212,1.60817580679546,1.41847366941733,2023.08153073933,2023.27123287671,EPI_ISL_17964928|A/hawk/Iowa/23-011213-001/2023|H5N1|USA-IA|2023-04-10|wild_avian|B3.2
743,50,0.516531349078003,-91.973240070814,35.4365830017856,-96.4633784048282,43.6059136377782,1.61091553282304,1.09438418374504,2022.75744125366,2023.27397260274,EPI_ISL_17964942|A/red-tailed_hawk/South_Dakota/23-012031-001/2023|H5N1|USA-SD|2023-04-11|wild_avian|B3.2
674,400,0.382513806899689,-113.841505226064,50.5220634125607,-111.000097004777,45.3691437273332,1.6136552588504,1.23114145195071,2022.89419852187,2023.27671232877,EPI_ISL_17964939|A/great_horned_owl/Montana/23-011850-001/2023|H5N1|USA-MT|2023-04-12|wild_avian|B3.2
886,90,0.340358289474842,-81.6304096358304,-10.285168932257,-77.744885,-10.7953673,1.6136552588504,1.27329696937556,2022.93635403929,2023.27671232877,EPI_ISL_17777533|A/peruvian_booby/Peru/LIM-INS-012/2023|H5N1|Peru-Lima|2023-04-12|wild_avian|B3.2
907,156,0.128657901858307,-64.9139340552498,-36.5980725276667,-65.08174,-42.7996,1.6136552588504,1.48499735699209,2023.14805442691,2023.27671232877,EPI_ISL_18698511|A/Chicken/Argentina/1530-3/2023|H5N1|Argentina-Chubut|2023-04-12|domestic_avian|B3.2
1104,532,0.481088301420662,-74.8713001590752,43.5042922630307,-73.7435065287409,42.3600483535529,1.61639498487776,1.13530668345709,2022.79836375337,2023.27945205479,EPI_ISL_17964945|A/red-shouldered_hawk/New_York/23-012563-001/2023|H5N1|USA-NY|2023-04-13|wild_avian|B3.2
640,441,0.227573561493001,-127.644436031667,42.973424821842,-124.257651990811,43.254966906274,1.61639498487776,1.38882142338476,2023.0518784933,2023.27945205479,EPI_ISL_17964941|A/sanderling/Oregon/23-011964-001/2023|H5N1|USA-OR|2023-04-13|wild_avian|B3.2
651,413,0.266529353031133,-108.735880388298,41.6057975642265,-111.101607739412,47.4063563111337,1.62461416295983,1.3580848099287,2023.02114187985,2023.28767123288,EPI_ISL_17964974|A/Cooper_s_hawk/Montana/23-016105-001/2023|H5N1|USA-MT|2023-04-16|wild_avian|B3.2
957,121,0.128157134414073,-57.4413286625568,-28.3797369262852,-56.6724,-34.5526,1.62461416295983,1.49645702854576,2023.15951409846,2023.28767123288,OR381660|A/Backyard_duck/Uruguay/124-M3/2023|H5N1|Uruguay-San_Jose|2023-04-16|domestic_avian|B3.2
745,52,0.663091938874711,-92.7943201699608,36.5917335486586,-113.241270664316,54.4588189881138,1.62735388898741,0.964261950112703,2022.62731902003,2023.2904109589,PV318928|A/Striped_Skunk/AB/FAV-0188-2-2023/2023|H5N1|Canada-AB|2023-04-17|other_mammal|B3.2
962,193,0.341236298288984,-67.5843174993256,-22.9316468956514,-69.071,-45.326,1.62735388898741,1.28611759069843,2022.94917466062,2023.2904109589,EPI_ISL_19137653|A/Seagull/Sarmiento/1651-4/2023|H5N1|Argentina-Sarmiento|2023-04-17|wild_avian|B3.2
966,182,0.19348414753437,-68.894473067527,-40.1365347424143,-72.18606,-51.51924,1.62735388898741,1.43386974145304,2023.09692681137,2023.2904109589,EPI_ISL_18698513|A/Turkey/Argentina/1710-1/2023|H5N1|Argentina-Santa_Cruz|2023-04-17|domestic_avian|B3.2
930,127,0.0358611176954189,-56.1149770555836,-34.8018092865722,-56.129042927481,-34.7618779763655,1.62735388898741,1.591492771292,2023.25454984121,2023.2904109589,OR381636|A/Backyard_chicken/Uruguay/127-M1/2023|H5N1|Uruguay-Montevideo|2023-04-17|domestic_avian|B3.2
930,128,0.0358611176954189,-56.1149770555836,-34.8018092865722,-56.1117459734274,-34.7613136298374,1.62735388898741,1.591492771292,2023.25454984121,2023.2904109589,OR381644|A/Backyard_chicken/Uruguay/127-M4/2023|H5N1|Uruguay-Montevideo|2023-04-17|domestic_avian|B3.2
643,410,0.280566493321402,-107.933349945578,39.7745063508035,-116.434452025,43.7777545400508,1.63009361501477,1.34952712169337,2023.01258419161,2023.29315068493,EPI_ISL_17964949|A/barn_owl/Idaho/23-013072-001/2023|H5N1|USA-ID|2023-04-18|wild_avian|B3.2
818,358,0.201500537726463,-120.867005167226,43.7496841997801,-115.999686344907,43.5853988606257,1.63009361501477,1.42859307728831,2023.09165014721,2023.29315068493,EPI_ISL_17964950|A/barn_owl/Idaho/23-013072-002/2023|H5N1|USA-ID|2023-04-18|wild_avian|B3.2
766,80,0.477549564063581,-107.265060769452,41.8606593455334,-104.671548196142,41.6538619879753,1.63283334104213,1.15528377697855,2022.8183408469,2023.29589041096,EPI_ISL_17964953|A/turkey_vulture/Wyoming/23-013715-001/2023|H5N1|USA-WY|2023-04-19|wild_avian|B3.2
625,454,0.373015333702019,-111.175033489687,41.9866131412712,-111.800265896506,41.6082913177621,1.63283334104213,1.25981800734011,2022.92287507726,2023.29589041096,EPI_ISL_17964947|A/turkey_vulture/Utah/23-012747-001/2023|H5N1|USA-UT|2023-04-19|wild_avian|B3.2
637,452,0.325647643509735,-103.758913795713,41.5242183427281,-105.93024192753,42.7821966025457,1.63283334104213,1.30718569753239,2022.97024276745,2023.29589041096,EPI_ISL_17964946|A/turkey_vulture/Wyoming/23-012565-001/2023|H5N1|USA-WY|2023-04-19|wild_avian|B3.2
972,191,0.243456369404089,-66.5758259349656,-34.3298672341413,-68.778496,-34.10899,1.63283334104213,1.38937697163804,2023.05243404155,2023.29589041096,EPI_ISL_18698512|A/Chicken/Argentina/1708-1/2023|H5N1|Argentina-Mendoza|2023-04-19|domestic_avian|B3.2
960,117,0.231714282764762,-68.2201204687232,-32.4956020519528,-58.25909,-28.36806,1.63283334104213,1.40111905827737,2023.06417612819,2023.29589041096,EPI_ISL_18698515|A/Duck/Argentina/1712-5/2023|H5N1|Argentina-Corrientes|2023-04-19|domestic_avian|B3.2
991,199,0.246416401964094,-78.1006203225906,-11.2414192577582,-76.99026,-12.211929,1.63557306706949,1.38915666510539,2023.05221373502,2023.29863013699,EPI_ISL_19070288|A/Calidris_alba/Lima/Villa01/2023___this_|H5N1|Peru-Lima|2023-04-20|wild_avian|B3.2
1100,525,0.31050091845426,-92.1248805196378,37.0502938386545,-71.6224342728187,59.3967936311813,1.63831279309684,1.32781187464258,2022.99086894456,2023.30136986301,PV321400|A/Turkey/QC/FAV-0168-3A-2023/2023|H5N1|Canada-QC|2023-04-21|domestic_avian|B3.2
1087,513,0.287250903622657,-59.1375024919879,44.6133426401546,-62.4389048189027,46.2455966734688,1.63831279309684,1.35106188947419,2023.01411895939,2023.30136986301,PV319312|A/Striped_Skunk/PE/FAV-0179-1-2023/2023|H5N1|Canada-PE|2023-04-21|other_mammal|B3.2
904,155,0.254404525146567,-61.7755402250872,-34.1236776665597,-60.5382244221528,-36.6894761012732,1.63831279309684,1.38390826795028,2023.04696533787,2023.30136986301,EPI_ISL_18698516|A/Avian/Argentina/1762-2/2023|H5N1|Argentina-Buenos_Aires|2023-04-21|wild_avian|B3.2
903,154,0.179368723930364,-63.0228822201142,-35.7625453424683,-68.29917,-38.95667,1.64653197117914,1.46716324724878,2023.13022031717,2023.3095890411,EPI_ISL_18698517|A/Avian/Argentina/1790-5/2023|H5N1|Argentina|2023-04-24|wild_avian|B3.2
934,935,0.159555384711093,-40.4243206277512,-21.164461435623,-36.9993054688374,-18.0817499750664,1.65498796394942,1.49543257923833,2023.15848964916,2023.31804503387,NA
862,281,0.768330274844115,-95.6541265253051,38.6257700578986,-111.762243192783,41.8273313613045,1.6574908752888,0.889160600444685,2022.55221767036,2023.32054794521,EPI_ISL_17964960|A/turkey_vulture/Utah/23-014334-001/2023|H5N1|USA-UT|2023-04-28|wild_avian|B3.2
955,123,0.202849843907024,-59.3363560285732,-28.9227852792728,-59.02865,-27.41668,1.66571005337087,1.46286020946385,2023.12591727938,2023.32876712329,EPI_ISL_18698518|A/Chicken/Argentina/1976-2/2023|H5N1|Argentina-Chaco|2023-05-01|domestic_avian|B3.2
860,278,0.705544282210973,-87.7293967355972,38.5318024479834,-90.6567857821911,56.311765923566,1.66844977939823,0.962905497187256,2022.6259625671,2023.33150684932,PV317808|A/Snow_Goose/MB/FAV-0258-2-2023/2023|H5N1|Canada-MB|2023-05-02|wild_avian|B3.2
971,181,0.226509359431677,-72.6930521510519,-37.3730285009081,-58.265809,-25.36837,1.67118950542559,1.44468014599391,2023.10773721591,2023.33424657534,EPI_ISL_18698732|A/Chicken/Argentina/2016-2/2023|H5N1|Argentina-Formosa|2023-05-03|domestic_avian|B3.2
989,103,0.220267431487183,-52.1368722692761,-36.5724942762306,-54.0993,-33.69,1.67118950542559,1.4509220739384,2023.11397914386,2023.33424657534,OR381652|A/Backyard_chicken/Uruguay/144-M3/2023|H5N1|Uruguay-Rocha|2023-05-03|domestic_avian|B3.2
982,102,0.455833655937541,-68.0013571969025,-29.9619369135918,-58.89526,-34.49607,1.67392923145317,1.21809557551563,2022.88115264543,2023.33698630137,EPI_ISL_18698519|A/Chicken/Argentina/1984-4/2023|H5N1|Argentina-Buenos_Aires|2023-05-04|domestic_avian|B3.2
977,190,0.25457746652615,-67.1646538879804,-33.1478713789473,-68.32124,-38.97202,1.67666895748053,1.42209149095438,2023.08514856087,2023.3397260274,EPI_ISL_18698520|A/Chicken/Argentina/2034-5/2023|H5N1|Argentina-Neuquen|2023-05-05|domestic_avian|B3.2
779,780,0.221836421596943,-118.680301478503,49.3157811433392,-122.832400822654,46.3127256042041,1.68156916055624,1.4597327389593,2023.12278980888,2023.34462623047,NA
803,360,0.746880489643858,-97.218136203039,42.299841139729,-118.179477712202,57.6364793651898,1.69584703967226,0.9489665500284,2022.61202361995,2023.35890410959,PV318944|A/Striped_Skunk/AB/FAV-0272-2-2023/2023|H5N1|Canada-AB|2023-05-12|other_mammal|B3.2
662,423,0.282396530493208,-111.430999428989,39.04837307358,-104.989668039861,39.7679103545823,1.69584703967226,1.41345050917905,2023.0765075791,2023.35890410959,EPI_ISL_19490439|A/ferruginous_hawk/Colorado/23-015630-001-original/2023|H5N1|USA-CO|2023-05-12|wild_avian|B3.2
932,129,0.234042412703715,-44.4586071988044,-21.7824368657093,-40.35964,-20.33124,1.70406621775433,1.47002380505061,2023.13308087497,2023.36712328767,OR269887|A/Thalasseus_acuflavidus/EspiritoSanto/1339_N2/2023|H5N1|Brazil-ES|2023-05-15|wild_avian|B3.2
899,112,0.295659158378668,-63.1103181933467,-31.9954638508836,-60.41444,-31.99194,1.71228539583663,1.41662623745796,2023.07968330737,2023.37534246575,EPI_ISL_18698524|A/Chicken/Argentina/2305-1/2023|H5N1|Argentina-Entre_Rios|2023-05-18|domestic_avian|B3.2
780,781,0.0357820878162465,-122.832400822654,46.3127256042041,-123.153524527582,46.783571893819,1.71735124837249,1.68156916055624,2023.34462623047,2023.38040831829,NA
653,416,0.651830454209152,-112.173774916004,51.9122851742195,-111.377351528534,43.1433122598837,1.71776484789134,1.06593439368219,2022.7289914636,2023.38082191781,EPI_ISL_17964981|A/great_horned_owl/Idaho/23-017158-001/2023|H5N1|USA-ID|2023-05-20|wild_avian|B3.2
670,407,0.648374793603665,-142.655328770448,59.8505054055135,-121.515638926523,59.1779017193126,1.72598402597364,1.07760923236998,2022.74066630229,2023.38904109589,EPI_ISL_18665595|A/Cooper_s_Hawk/BC/AIVPHL-1125/2023|H5N1|Canada-BC|2023-05-23|wild_avian|B3.2
951,131,0.154053152455428,-39.3234244934507,-21.2674174314542,-40.2694,-20.1544,1.73420320405572,1.58015005160029,2023.24320712152,2023.39726027397,OR853704|A/Megascops_choliba/Serra/1409-N/2023|H5N1|Brazil-ES|2023-05-26|wild_avian|B3.2
935,936,0.0835444083451893,-36.9993054688374,-18.0817499750664,-46.4280068813248,-26.0601876584577,1.73853237229461,1.65498796394942,2023.31804503387,2023.40158944221,NA
952,132,0.260353775805068,-43.1080831639375,-24.2666874044046,-43.06116,-22.95947,1.75612101227503,1.49576723646996,2023.15882430639,2023.41917808219,OR420092|A/Fregata_magnificens/RJ/1532-N/2023|H5N1|Brazil-RJ|2023-06-03|wild_avian|B3.2
779,67,0.301867725370446,-118.680301478503,49.3157811433392,-118.54002920351,49.3680318509968,1.76160046432974,1.4597327389593,2023.12278980888,2023.42465753425,PV315624|A/Peregrine_Falcon/BC/FAV-0256-2-2023/2023|H5N1|Canada-BC|2023-06-05|wild_avian|B3.2
952,150,0.265833227859782,-43.1080831639375,-24.2666874044046,-45.074222,-23.431739,1.76160046432974,1.49576723646996,2023.15882430639,2023.42465753425,OR853751|A/Thalasseus_maximus/Ubatuba/1546-N/2023|H5N1|Brazil-SP|2023-06-05|wild_avian|B3.2
981,195,0.32636097514615,-64.5358285678164,-18.4231267153281,-66.6588224351461,-19.6822683175101,1.7643401903571,1.43797921521095,2023.10103628513,2023.42739726027,EPI_ISL_19410299|A/chicken/Potosi/39870/2023|H5N1|Bolivia-Potosi|2023-06-06|domestic_avian|B3.2
931,151,0.330913876664208,-45.6102001642403,-25.1981300526131,-40.941583,-20.99954,1.76707991638469,1.43616603972048,2023.09922310964,2023.4301369863,OR889491|A/Buteogallus_urubitinga/Itapemirim/1630-SC/2023|H5N1|Brazil-ES|2023-06-07|wild_avian|B3.2
1011,1012,0.241050471595489,-70.0924583576451,-27.1269986395817,-66.8034299926953,-30.9194334851979,1.7691687623016,1.52811829070611,2023.19117536062,2023.43222583222,NA
927,126,0.388736350210523,-44.5111618111373,-26.9697597734115,-57.947197,-35.089,1.78351827254906,1.39478192233854,2023.05783899226,2023.44657534247,EPI_ISL_18698527|A/Chicken/Argentina/2796-2/2023|H5N1|Argentina-Buenos_Aires|2023-06-13|domestic_avian|B3.2
781,782,0.0681905503827254,-123.153524527582,46.783571893819,-120.75490743899,44.6952258413639,1.78554179875521,1.71735124837249,2023.38040831829,2023.44859886867,NA
