node1,node2,length,startLon,startLat,endLon,endLat,endNodeL,startNodeL,startYear,endYear,tipLabel
583,584,0.090580924932087,-88.1965697233561,53.0571090239511,-91.6921596510268,50.0629050121309,0.090580924932087,0,2021.49722605969,2021.58780698463,NA
583,586,0.310623044113412,-88.1965697233561,53.0571090239511,-94.4828840911041,48.4499134299696,0.310623044113412,0,2021.49722605969,2021.80784910381,NA
586,591,0.00503208758689899,-94.4828840911041,48.4499134299696,-94.7932379854393,48.4395051623834,0.315655131700311,0.310623044113412,2021.80784910381,2021.81288119139,NA
591,592,0.000800502151966143,-94.7932379854393,48.4395051623834,-95.1367147533133,48.5173152057178,0.316455633852277,0.315655131700311,2021.81288119139,2021.81368169355,NA
592,595,0.00608941474543778,-95.1367147533133,48.5173152057178,-95.317766770444,48.2598322027852,0.322545048597715,0.316455633852277,2021.81368169355,2021.81977110829,NA
595,596,0.00280456086784087,-95.317766770444,48.2598322027852,-94.660436452603,47.8464704898083,0.325349609465556,0.322545048597715,2021.81977110829,2021.82257566916,NA
591,1064,0.0289238949156476,-94.7932379854393,48.4395051623834,-101.580830138578,51.271380521816,0.344579026615959,0.315655131700311,2021.81288119139,2021.84180508631,NA
596,1063,0.0240548680973758,-94.660436452603,47.8464704898083,-94.511587226323,47.2514815118699,0.349404477562932,0.325349609465556,2021.82257566916,2021.84663053726,NA
1064,1065,0.0417752259513762,-101.580830138578,51.271380521816,-99.1650764623472,46.099659683577,0.386354252567335,0.344579026615959,2021.84180508631,2021.88358031226,NA
1065,1066,0.00862664237733624,-99.1650764623472,46.099659683577,-99.1766590902681,46.2648891146693,0.394980894944671,0.386354252567335,2021.88358031226,2021.89220695464,NA
1065,1068,0.0156413734291849,-99.1650764623472,46.099659683577,-98.7880190893429,45.793739266374,0.40199562599652,0.386354252567335,2021.88358031226,2021.89922168569,NA
1068,1069,0.0533159086681612,-98.7880190893429,45.793739266374,-91.7647023660958,45.6349580561406,0.455311534664681,0.40199562599652,2021.89922168569,2021.95253759436,NA
1069,1070,0.0108369649515714,-91.7647023660958,45.6349580561406,-91.8377954017654,45.6798340777832,0.466148499616252,0.455311534664681,2021.95253759436,2021.96337455931,NA
1068,1142,0.071080394655223,-98.7880190893429,45.793739266374,-99.9124501878125,47.504843527207,0.473076020651743,0.40199562599652,2021.89922168569,2021.97030208035,NA
586,587,0.163528599120846,-94.4828840911041,48.4499134299696,-95.7932827651351,44.5100919665434,0.474151643234258,0.310623044113412,2021.80784910381,2021.97137770293,NA
1142,1143,0.00364787806851519,-99.9124501878125,47.504843527207,-100.153748087566,48.0827397444713,0.476723898720258,0.473076020651743,2021.97030208035,2021.97394995841,NA
1143,1144,0.0266140977155356,-100.153748087566,48.0827397444713,-94.7149795374171,45.8660546160007,0.503337996435794,0.476723898720258,2021.97394995841,2022.00056405613,NA
1066,1067,0.110055363004243,-99.1766590902681,46.2648891146693,-98.2067920779661,46.4117150799872,0.505036257948914,0.394980894944671,2021.89220695464,2022.00226231764,NA
1144,1149,0.00180902507195624,-94.7149795374171,45.8660546160007,-94.9364240340399,46.0194370741439,0.50514702150775,0.503337996435794,2022.00056405613,2022.0023730812,NA
587,588,0.0404931034455882,-95.7932827651351,44.5100919665434,-97.9410093912358,45.4143590288307,0.514644746679846,0.474151643234258,2021.97137770293,2022.01187080637,NA
1144,1145,0.0181591665566057,-94.7149795374171,45.8660546160007,-94.6134394957091,45.909463130366,0.521497162992399,0.503337996435794,2022.00056405613,2022.01872322269,NA
1145,1148,0.0141771765087642,-94.6134394957091,45.909463130366,-98.1154969954712,40.7906201649553,0.535674339501163,0.521497162992399,2022.01872322269,2022.0329003992,NA
588,589,0.0266817884776449,-97.9410093912358,45.4143590288307,-97.5200755170095,49.8396654055293,0.541326535157491,0.514644746679846,2022.01187080637,2022.03855259485,NA
584,585,0.450857333648147,-91.6921596510268,50.0629050121309,-116.37310338518,55.8397481758239,0.541438258580234,0.090580924932087,2021.58780698463,2022.03866431827,NA
1064,1155,0.199960862652365,-101.580830138578,51.271380521816,-111.151068094531,46.0655018985802,0.544539889268324,0.344579026615959,2021.84180508631,2022.04176594896,NA
587,590,0.0731127534856424,-95.7932827651351,44.5100919665434,-95.5291294051647,43.6990840742277,0.5472643967199,0.474151643234258,2021.97137770293,2022.04449045641,NA
1149,1150,0.0448235486663444,-94.9364240340399,46.0194370741439,-96.6504637973052,48.6703787559879,0.549970570174094,0.50514702150775,2022.0023730812,2022.04719662987,NA
1155,1161,0.00934604508848125,-111.151068094531,46.0655018985802,-107.414946199738,40.6757449526548,0.553885934356805,0.544539889268324,2022.04176594896,2022.05111199405,NA
1155,1156,0.0301258750805884,-111.151068094531,46.0655018985802,-113.3671878226,41.3481655314176,0.574665764348912,0.544539889268324,2022.04176594896,2022.07189182404,NA
596,597,0.25311706632471,-94.660436452603,47.8464704898083,-98.492129541691,47.2376381405811,0.578466675790266,0.325349609465556,2021.82257566916,2022.07569273548,NA
597,598,0.00203565453283572,-98.492129541691,47.2376381405811,-97.9508038635968,46.5577128035307,0.580502330323101,0.578466675790266,2022.07569273548,2022.07772839002,NA
1070,1071,0.124711516763981,-91.8377954017654,45.6798340777832,-91.6076507696048,45.7578855535543,0.590860016380233,0.466148499616252,2021.96337455931,2022.08808607607,NA
1071,1072,0.0125990383680028,-91.6076507696048,45.7578855535543,-91.6781645969754,46.1382094649303,0.603459054748236,0.590860016380233,2022.08808607607,2022.10068511444,NA
1161,1163,0.0537011576360298,-107.414946199738,40.6757449526548,-106.5972455263,40.089882768668,0.607587091992835,0.553885934356805,2022.05111199405,2022.10481315169,NA
598,599,0.0390745441095666,-97.9508038635968,46.5577128035307,-105.467745988978,46.6796227653922,0.619576874432668,0.580502330323101,2022.07772839002,2022.11680293413,NA
598,1062,0.0395412503587691,-97.9508038635968,46.5577128035307,-97.6114813451537,47.1095556434942,0.62004358068187,0.580502330323101,2022.07772839002,2022.11726964038,NA
1072,1074,0.0181937992949912,-91.6781645969754,46.1382094649303,-92.4903577051484,47.3726695438894,0.621652854043227,0.603459054748236,2022.10068511444,2022.11887891374,NA
599,638,0.00578995443526686,-105.467745988978,46.6796227653922,-110.377786876706,49.0663891903566,0.625366828867935,0.619576874432668,2022.11680293413,2022.12259288856,NA
1074,1075,0.00569483993418629,-92.4903577051484,47.3726695438894,-93.2795090292906,47.682715986677,0.627347693977414,0.621652854043227,2022.11887891374,2022.12457375367,NA
638,639,0.00217184267883175,-110.377786876706,49.0663891903566,-110.518432375094,49.3327324518753,0.627538671546767,0.625366828867935,2022.12259288856,2022.12476473124,NA
599,600,0.00969417224989266,-105.467745988978,46.6796227653922,-105.017861979156,46.614042829423,0.629271046682561,0.619576874432668,2022.11680293413,2022.12649710638,NA
1074,1086,0.0114902242816819,-92.4903577051484,47.3726695438894,-91.5640277816471,48.4655397911498,0.633143078324909,0.621652854043227,2022.11887891374,2022.13036913802,NA
1086,1087,0.00114943810553703,-91.5640277816471,48.4655397911498,-91.612957013119,48.3522872607006,0.634292516430446,0.633143078324909,2022.13036913802,2022.13151857612,NA
1145,1146,0.114812041701683,-94.6134394957091,45.909463130366,-94.2598220200988,47.469858370951,0.636309204694082,0.521497162992399,2022.01872322269,2022.13353526439,NA
639,640,0.00889755459866404,-110.518432375094,49.3327324518753,-114.838616507708,51.3898017989603,0.636436226145431,0.627538671546767,2022.12476473124,2022.13366228584,NA
638,1049,0.0111832448409395,-110.377786876706,49.0663891903566,-111.692008530226,49.0757357105957,0.636550073708874,0.625366828867935,2022.12259288856,2022.1337761334,NA
1142,1153,0.170830788378901,-99.9124501878125,47.504843527207,-101.213406069008,53.8329633496881,0.643906809030644,0.473076020651743,2021.97030208035,2022.14113286872,NA
1149,1151,0.143276039376059,-94.9364240340399,46.0194370741439,-95.2273530695138,45.9355905917671,0.648423060883809,0.50514702150775,2022.0023730812,2022.14564912058,NA
1087,1088,0.0279948548598625,-91.612957013119,48.3522872607006,-90.1226045567063,44.8708450030703,0.662287371290309,0.634292516430446,2022.13151857612,2022.15951343098,NA
639,1024,0.035744160139076,-110.518432375094,49.3327324518753,-113.952545195665,47.945542014612,0.663282831685843,0.627538671546767,2022.12476473124,2022.16050889138,NA
1088,1089,0.00801375125450221,-90.1226045567063,44.8708450030703,-89.483572429268,45.6199572258836,0.670301122544811,0.662287371290309,2022.15951343098,2022.16752718224,NA
1146,1147,0.0340631498353492,-94.2598220200988,47.469858370951,-94.4189729758853,46.9499096776632,0.670372354529432,0.636309204694082,2022.13353526439,2022.16759841422,NA
1049,1050,0.03411088874351,-111.692008530226,49.0757357105957,-116.407331331295,54.9871975182529,0.670660962452384,0.636550073708874,2022.1337761334,2022.16788702215,NA
1024,1044,0.0172580834039011,-113.952545195665,47.945542014612,-115.060660645403,46.2966677526045,0.680540915089744,0.663282831685843,2022.16050889138,2022.17776697478,NA
1024,1025,0.0186685868620367,-113.952545195665,47.945542014612,-119.077342147496,55.134466633516,0.681951418547879,0.663282831685843,2022.16050889138,2022.17917747824,NA
640,641,0.0557299593266722,-114.838616507708,51.3898017989603,-118.391555599164,54.9359103325391,0.692166185472103,0.636436226145431,2022.13366228584,2022.18939224517,NA
641,642,0.00527018232738197,-118.391555599164,54.9359103325391,-116.270854664653,54.2031664557812,0.697436367799485,0.692166185472103,2022.18939224517,2022.19466242749,NA
1089,1090,0.0303166598638502,-89.483572429268,45.6199572258836,-89.5945294095418,45.1430488476245,0.700617782408661,0.670301122544811,2022.16752718224,2022.1978438421,NA
1153,1154,0.0567562299243081,-101.213406069008,53.8329633496881,-102.411331981268,54.6204434662819,0.700663038954952,0.643906809030644,2022.14113286872,2022.19788909865,NA
642,643,0.00495755244887164,-116.270854664653,54.2031664557812,-116.288127229864,54.2885551815756,0.702393920248356,0.697436367799485,2022.19466242749,2022.19961997994,NA
1075,1076,0.0761241145116722,-93.2795090292906,47.682715986677,-93.8513927993246,45.3543419274054,0.703471808489086,0.627347693977414,2022.12457375367,2022.20069786818,NA
1025,1026,0.0234779525823998,-119.077342147496,55.134466633516,-119.941919121813,55.6360703074205,0.705429371130279,0.681951418547879,2022.17917747824,2022.20265543082,NA
1147,570,0.0461002159138486,-94.4189729758853,46.9499096776632,-93.3902571927185,48.0700069671869,0.71647257044328,0.670372354529432,2022.16759841422,2022.21369863014,SRR24839471|A/haliaeetus_leucocephalus/Minnesota/AH0144539/2022|H5N1|USA-MN|2022-03-20|wild_avian|B3.2
1151,577,0.0707892355868287,-95.2273530695138,45.9355905917671,-97.906121974878,43.6322282274456,0.719212296470638,0.648423060883809,2022.14564912058,2022.21643835616,OQ966412|A/Turkey/South_Dakota/22-008485-001/2022|H5N1|USA-SD|2022-03-21|domestic_avian|B3.2
640,1016,0.0832435963569491,-114.838616507708,51.3898017989603,-115.38458779413,45.8066636659835,0.71967982250238,0.636436226145431,2022.13366228584,2022.2169058822,NA
1067,579,0.216915764549081,-98.2067920779661,46.4117150799872,-97.3139257208112,44.4680696651715,0.721952022497995,0.505036257948914,2022.00226231764,2022.21917808219,EPI_ISL_11971487|A/chicken/South_Dakota/22-008704-002/2022|H5N1|USA-SD|2022-03-22|domestic_avian|B3.2
1016,1017,0.00362374958941603,-115.38458779413,45.8066636659835,-115.304167721974,45.4449266524454,0.723303572091796,0.71967982250238,2022.2169058822,2022.22052963179,NA
1025,1043,0.0423203703035289,-119.077342147496,55.134466633516,-121.931906424618,53.295735462175,0.724271788851408,0.681951418547879,2022.17917747824,2022.22149784855,NA
1069,493,0.269380213860671,-91.7647023660958,45.6349580561406,-98.7314496946882,47.4437711621311,0.724691748525352,0.455311534664681,2021.95253759436,2022.22191780822,OQ963444|A/Ross_s_goose/North_Dakota/22-009481-019/2022|H5N1|USA-NC|2022-03-23|wild_avian|B3.2
1150,573,0.174721178351258,-96.6504637973052,48.6703787559879,-98.5937578819907,47.3684985980517,0.724691748525352,0.549970570174094,2022.04719662987,2022.22191780822,OQ964276|A/Snow_Goose/North_Dakota/22-009481-003/2022|H5N1|USA-NC|2022-03-23|wild_avian|B3.2
1017,1018,0.00995146070385333,-115.304167721974,45.4449266524454,-119.832632411499,47.4383457989139,0.733255032795649,0.723303572091796,2022.22052963179,2022.23048109249,NA
643,644,0.0365658227212227,-116.288127229864,54.2885551815756,-110.075605021256,49.5613732715269,0.738959742969579,0.702393920248356,2022.19961997994,2022.23618580266,NA
1076,549,0.0376582962006382,-93.8513927993246,45.3543419274054,-93.1524522719497,44.7949146855845,0.741130104689724,0.703471808489086,2022.20069786818,2022.23835616438,OQ957668|A/American_Crow/Minnesota/22-009668-001/2022|H5N1|USA-MN|2022-03-29|wild_avian|B3.2
600,636,0.112933228755519,-105.017861979156,46.614042829423,-123.435941506418,51.1412645636214,0.74220427543808,0.629271046682561,2022.12649710638,2022.23943033513,NA
1018,1019,0.0144446418097637,-119.832632411499,47.4383457989139,-118.689964344354,44.4185374784988,0.747699674605413,0.733255032795649,2022.23048109249,2022.2449257343,NA
636,637,0.00905962011381778,-123.435941506418,51.1412645636214,-123.314154869405,52.0123361949841,0.751263895551897,0.74220427543808,2022.23943033513,2022.24848995525,NA
1076,1077,0.0481469825353291,-93.8513927993246,45.3543419274054,-93.1559144807455,42.7292361293366,0.751618791024415,0.703471808489086,2022.20069786818,2022.24884485072,NA
1090,563,0.0542109524180772,-89.5945294095418,45.1430488476245,-89.6708920934782,45.155281073062,0.754828734826738,0.700617782408661,2022.1978438421,2022.25205479452,SRR24843021|A/lophodytes_cucullatus/Wisconsin/AH0211463/2022|H5N1|USA-WI|2022-04-03|wild_avian|B3.2
1044,1045,0.0744946352055127,-115.060660645403,46.2966677526045,-122.679378573198,48.6714013416856,0.755035550295256,0.680540915089744,2022.17776697478,2022.25226160999,NA
644,645,0.0200691342095314,-110.075605021256,49.5613732715269,-105.145091656782,46.6224212158739,0.75902887717911,0.738959742969579,2022.23618580266,2022.25625493687,NA
645,652,0.00013281940783294,-105.145091656782,46.6224212158739,-105.16372460183,46.6323985697442,0.759161696586943,0.75902887717911,2022.25625493687,2022.25638775628,NA
652,657,0.00259505608155042,-105.16372460183,46.6323985697442,-104.985338582722,44.4373882851446,0.761756752668494,0.759161696586943,2022.25638775628,2022.25898281236,NA
1072,1073,0.158698836832143,-91.6781645969754,46.1382094649303,-91.8501110974006,45.644709563515,0.762157891580379,0.603459054748236,2022.10068511444,2022.25938395127,NA
657,658,0.00151234232441455,-104.985338582722,44.4373882851446,-105.931945047523,44.6772360794476,0.763269094992908,0.761756752668494,2022.25898281236,2022.26049515469,NA
1156,1157,0.19281392057334,-113.3671878226,41.3481655314176,-113.772315170629,41.1029570807445,0.767479684922252,0.574665764348912,2022.07189182404,2022.26470574462,NA
657,912,0.00610011334285776,-104.985338582722,44.4373882851446,-103.085096236277,48.6663072043442,0.767856866011352,0.761756752668494,2022.25898281236,2022.26508292571,NA
592,593,0.451813937471172,-95.1367147533133,48.5173152057178,-80.4558353278143,43.1955709968377,0.76826957132345,0.316455633852277,2021.81368169355,2022.26549563102,NA
585,490,0.227089106383518,-116.37310338518,55.8397481758239,-95.7699922418325,54.8844729968707,0.768527364963753,0.541438258580234,2022.03866431827,2022.26575342466,PV317784|A/Snow_Goose/MB/FAV-0227-3-2022/2022|H5N1|Canada-MB|2022-04-08|wild_avian|B3.2
658,659,0.016091079425157,-105.931945047523,44.6772360794476,-108.134499162962,49.003240517766,0.779360174418065,0.763269094992908,2022.26049515469,2022.27658623411,NA
652,653,0.0204935002641071,-105.16372460183,46.6323985697442,-99.4540898934354,39.2049117411378,0.77965519685105,0.759161696586943,2022.25638775628,2022.27688125654,NA
1026,1027,0.0780603289885664,-119.941919121813,55.6360703074205,-126.414816707193,61.2649109285204,0.783489700118845,0.705429371130279,2022.20265543082,2022.28071575981,NA
1151,1152,0.136147719822313,-95.2273530695138,45.9355905917671,-86.6851362451027,42.3725744561343,0.784570780706122,0.648423060883809,2022.14564912058,2022.2817968404,NA
1062,475,0.164922140446254,-97.6114813451537,47.1095556434942,-96.0413366262583,47.2932469633528,0.784965721128124,0.62004358068187,2022.11726964038,2022.28219178082,SRR24843342|A/anser_rossii/Minnesota/AH0218392/2022|H5N1|USA-MN|2022-04-14|wild_avian|B3.2
1073,503,0.0228078295477454,-91.8501110974006,45.644709563515,-91.8479718791881,45.8731222553644,0.784965721128124,0.762157891580379,2022.25938395127,2022.28219178082,PQ719833|A/Wood_Duck/WI/22-014367-001-original/2022|H5N1|USA-WI|2022-04-14|wild_avian|B3.2
1157,1158,0.0182351809589432,-113.772315170629,41.1029570807445,-113.838328110291,41.1709458474856,0.785714865881195,0.767479684922252,2022.26470574462,2022.28294092558,NA
590,8,0.240441050435582,-95.5291294051647,43.6990840742277,-91.3486839711965,41.1174114380123,0.787705447155482,0.5472643967199,2022.04449045641,2022.28493150685,OQ962748|A/Peregrine_Falcon/Iowa/22-012093-001/2022|H5N1|USA-IA|2022-04-15|wild_avian|B3.2
1161,1162,0.235668504301748,-107.414946199738,40.6757449526548,-107.071115991751,40.2962992899802,0.789554438658553,0.553885934356805,2022.05111199405,2022.28678049835,NA
1027,1028,0.00860366439849392,-126.414816707193,61.2649109285204,-126.596519437791,61.3314418670715,0.792093364517339,0.783489700118845,2022.28071575981,2022.28931942421,NA
593,3,0.0276550539143319,-80.4558353278143,43.1955709968377,-95.105811867063,45.6530389309102,0.795924625237781,0.76826957132345,2022.26549563102,2022.29315068493,OQ966052|A/Turkey/Minnesota/22-012036-001/2022|H5N1|USA-MN|2022-04-18|domestic_avian|B3.2
659,660,0.0168017060021288,-108.134499162962,49.003240517766,-107.752822820175,48.937579023086,0.796161880420194,0.779360174418065,2022.27658623411,2022.29338794011,NA
1062,476,0.178620770583268,-97.6114813451537,47.1095556434942,-96.936871294485,46.5456881856366,0.798664351265139,0.62004358068187,2022.11726964038,2022.29589041096,EPI_ISL_16171251|A/turkey/North_Dakota/22-012099-002/2022|H5N1|USA-ND|2022-04-19|domestic_avian|B3.2
912,913,0.0327945854224674,-103.085096236277,48.6663072043442,-103.728013006506,43.0999598675667,0.800651451433819,0.767856866011352,2022.26508292571,2022.29787751113,NA
589,4,0.26555699418972,-97.5200755170095,49.8396654055293,-96.695608355547,50.5605900638306,0.806883529347211,0.541326535157491,2022.03855259485,2022.30410958904,PV301952|A/American_Crow/MB/FAV-0364-9-2022/2022|H5N1|Canada-MB|2022-04-22|wild_avian|B3.2
1146,574,0.170574324653129,-94.2598220200988,47.469858370951,-102.810207636011,59.009655399845,0.806883529347211,0.636309204694082,2022.13353526439,2022.30410958904,PV304560|A/Black-billed_Magpie/SK/FAV-0802-32-2022/2022|H5N1|Canada-SK|2022-04-22|wild_avian|B3.2
1090,562,0.10626574693855,-89.5945294095418,45.1430488476245,-87.5659529211229,45.7922357862725,0.806883529347211,0.700617782408661,2022.1978438421,2022.30410958904,OQ958516|A/Backyard_bird/Michigan/22-012454-001/2022|H5N1|USA-MI|2022-04-22|domestic_avian|B3.2
1162,479,0.0173290906886576,-107.071115991751,40.2962992899802,-105.332930352544,44.7409902863514,0.806883529347211,0.789554438658553,2022.28678049835,2022.30410958904,OQ961660|A/Great_Horned_Owl/Wyoming/22-013016-001/2022|H5N1|USA-WY|2022-04-22|wild_avian|B3.2
913,915,0.00801703461156222,-103.728013006506,43.0999598675667,-102.605729951793,42.7004451530888,0.808668486045381,0.800651451433819,2022.29787751113,2022.30589454574,NA
1016,1023,0.0911173268896017,-115.38458779413,45.8066636659835,-115.358428313328,46.4494191703461,0.810797149391981,0.71967982250238,2022.2169058822,2022.30802320909,NA
1070,566,0.348954207813258,-91.8377954017654,45.6798340777832,-89.9062385184954,41.955870842724,0.81510270742951,0.466148499616252,2021.96337455931,2022.31232876712,PQ702001|A/American_white_Pelican/IL/22-013436-001-original/2022|H5N1|USA-IL|2022-04-25|wild_avian|B3.2
1162,480,0.0255482687709572,-107.071115991751,40.2962992899802,-107.425305464198,41.2270587735544,0.81510270742951,0.789554438658553,2022.28678049835,2022.31232876712,OQ961668|A/Great_Horned_Owl/Wyoming/22-013016-002/2022|H5N1|USA-WY|2022-04-25|wild_avian|B3.2
584,491,0.727261508524781,-91.6921596510268,50.0629050121309,-76.9100669602564,39.1465452263423,0.817842433456868,0.090580924932087,2021.58780698463,2022.31506849315,OQ960380|A/Black_Vulture/Maryland/22-012990-001/2022|H5N1|USA-MD|2022-04-26|wild_avian|B3.2
588,5,0.303197686777022,-97.9410093912358,45.4143590288307,-96.1336279428936,41.4185519552245,0.817842433456868,0.514644746679846,2022.01187080637,2022.31506849315,SRR24842963|A/gallus_gallus/Nebraska/22-013105-001/2022|H5N1|USA-NE|2022-04-26|domestic_avian|B3.2
1163,487,0.210255341464033,-106.5972455263,40.089882768668,-111.599450327367,40.5493125529199,0.817842433456868,0.607587091992835,2022.10481315169,2022.31506849315,OQ966732|A/Turkey/Utah/22-012960-001/2022|H5N1|USA-UT|2022-04-26|domestic_avian|B3.2
660,661,0.0243022550935348,-107.752822820175,48.937579023086,-107.278918590738,45.7964535560874,0.820464135513729,0.796161880420194,2022.29338794011,2022.31769019521,NA
600,601,0.191296479744242,-105.017861979156,46.614042829423,-127.774294315138,58.9660576196773,0.820567526426802,0.629271046682561,2022.12649710638,2022.31779358612,NA
1043,474,0.0963103706328172,-121.931906424618,53.295735462175,-116.763134847603,52.0257589809125,0.820582159484225,0.724271788851408,2022.22149784855,2022.31780821918,PV317584|A/Snow_Goose/AB/FAV-0505-21-2022/2022|H5N1|Canada-AB|2022-04-27|wild_avian|B3.2
1067,580,0.318285627562896,-98.2067920779661,46.4117150799872,-99.3881972859833,48.8119522709944,0.82332188551181,0.505036257948914,2022.00226231764,2022.32054794521,PQ718233|A/Snow_goose/ND/22-013421-001-original/2022|H5N1|USA-ND|2022-04-28|wild_avian|B3.2
590,7,0.27605748879191,-95.5291294051647,43.6990840742277,-97.3383473363107,41.5871115738029,0.82332188551181,0.5472643967199,2022.04449045641,2022.32054794521,PQ715265|A/Peregrine_falcon/NE/22-013518-001-original/2022|H5N1|USA-NE|2022-04-28|wild_avian|B3.2
1154,568,0.122658846556858,-102.411331981268,54.6204434662819,-102.636239708043,54.8643032705106,0.82332188551181,0.700663038954952,2022.19788909865,2022.32054794521,PV303016|A/American_Crow/SK/FAV-0575-14-2022/2022|H5N1|Canada-SK|2022-04-28|wild_avian|B3.2
643,468,0.123667691290811,-116.288127229864,54.2885551815756,-114.506906455359,54.4996989374278,0.826061611539167,0.702393920248356,2022.19961997994,2022.32328767123,PV317592|A/Snow_Goose/AB/FAV-0505-32-2022/2022|H5N1|Canada-AB|2022-04-29|wild_avian|B3.2
1045,473,0.0710260612439111,-122.679378573198,48.6714013416856,-148.826305099516,61.04603555968,0.826061611539167,0.755035550295256,2022.25226160999,2022.32328767123,SRR24842838|A/anser_sp/Alaska/22-013831-003/2022|H5N1|USA-AK|2022-04-29|wild_avian|B3.2
915,984,0.0245676183562313,-102.605729951793,42.7004451530888,-93.7360639154876,36.5062137174083,0.833236104401613,0.808668486045381,2022.30589454574,2022.3304621641,NA
1063,9,0.484876312058308,-94.511587226323,47.2514815118699,-96.8925415947856,46.9654418910307,0.83428078962124,0.349404477562932,2021.84663053726,2022.33150684932,PQ711641|A/Great_horned_owl/ND/22-014030-001-original/2022|H5N1|USA-ND|2022-05-02|wild_avian|B3.2
1077,1078,0.0839296053893444,-93.1559144807455,42.7292361293366,-93.4510019699177,43.2880012786,0.835548396413759,0.751618791024415,2022.24884485072,2022.33277445611,NA
1073,502,0.0776023500958027,-91.8501110974006,45.644709563515,-91.6998217369385,45.6153617332899,0.839760241676182,0.762157891580379,2022.25938395127,2022.33698630137,EPI_ISL_16240162|A/turkey/Wisconsin/22-014125-001/2022|H5N1|USA-WI|2022-05-04|domestic_avian|B3.2
1148,582,0.306825628202376,-98.1154969954712,40.7906201649553,-98.7397179894393,46.6688539749923,0.842499967703539,0.535674339501163,2022.0329003992,2022.3397260274,PQ701529|A/American_crow/ND/22-014532-001-original/2022|H5N1|USA-ND|2022-05-05|wild_avian|B3.2
585,489,0.301061709123305,-116.37310338518,55.8397481758239,-111.715262999878,53.1029612628308,0.842499967703539,0.541438258580234,2022.03866431827,2022.3397260274,PV304264|A/Black-Billed_Magpie/AB/FAV-0505-53-2022/2022|H5N1|Canada-AB|2022-05-05|wild_avian|B3.2
1156,488,0.267834203354627,-113.3671878226,41.3481655314176,-111.65412759147,43.5659022619806,0.842499967703539,0.574665764348912,2022.07189182404,2022.3397260274,PQ719065|A/Turkey_Vulture/ID/22-014968-007-original/2022|H5N1|USA-ID|2022-05-05|wild_avian|B3.2
1153,569,0.198593158672896,-101.213406069008,53.8329633496881,-105.661298659387,55.1148524767702,0.842499967703539,0.643906809030644,2022.14113286872,2022.3397260274,PV313464|A/Great_Horned_Owl/SK/FAV-0802-45-2022/2022|H5N1|Canada-SK|2022-05-05|wild_avian|B3.2
595,478,0.522694645133182,-95.317766770444,48.2598322027852,-93.5394022111462,42.9158194104303,0.845239693730897,0.322545048597715,2021.81977110829,2022.34246575342,EPI_ISL_13052721|A/fox/Iowa/22-014421-001/2022|H5N1|USA-IA|2022-05-06|other_mammal|B3.2
589,6,0.303913158573406,-97.5200755170095,49.8396654055293,-99.259875503283,49.7804434519465,0.845239693730897,0.541326535157491,2022.03855259485,2022.34246575342,PV301984|A/American_Crow/MB/FAV-0469-14-2022/2022|H5N1|Canada-MB|2022-05-06|wild_avian|B3.2
645,646,0.0905764132568931,-105.145091656782,46.6224212158739,-102.34369112156,47.9692159520389,0.849605290436004,0.75902887717911,2022.25625493687,2022.34683135013,NA
913,914,0.0493873673682717,-103.728013006506,43.0999598675667,-106.457594380891,44.0987524707285,0.850038818802091,0.800651451433819,2022.29787751113,2022.3472648785,NA
915,916,0.0421186480030555,-102.605729951793,42.7004451530888,-105.60461818133,43.157750532447,0.850787134048437,0.808668486045381,2022.30589454574,2022.34801319374,NA
1163,486,0.245871779820134,-106.5972455263,40.089882768668,-112.093597612425,41.9085141635298,0.853458871812969,0.607587091992835,2022.10481315169,2022.35068493151,EPI_ISL_16240508|A/guinea_fowl/Utah/22-014481-002/2022|H5N1|USA-UT|2022-05-09|domestic_avian|B3.2
1089,561,0.183157749268158,-89.483572429268,45.6199572258836,-90.2751494680208,45.2758980170903,0.853458871812969,0.670301122544811,2022.16752718224,2022.35068493151,PQ703545|A/Bald_eagle/WI/22-014416-001-original/2022|H5N1|USA-WI|2022-05-09|wild_avian|B3.2
1028,1029,0.0625430208502262,-126.596519437791,61.3314418670715,-118.6903448361,58.2387676499337,0.854636385367566,0.792093364517339,2022.28931942421,2022.35186244506,NA
661,662,0.0352153851472079,-107.278918590738,45.7964535560874,-107.243703275863,48.698999083171,0.855679520660937,0.820464135513729,2022.31769019521,2022.35290558035,NA
1050,12,0.185537635388169,-116.407331331295,54.9871975182529,-119.921153375655,57.0790797863789,0.856198597840554,0.670660962452384,2022.16788702215,2022.35342465753,PV304312|A/Black-Billed_Magpie/AB/FAV-0918-11-2022/2022|H5N1|Canada-AB|2022-05-10|wild_avian|B3.2
601,602,0.0356765144067328,-127.774294315138,58.9660576196773,-128.193846233223,58.8195234483279,0.856244040833535,0.820567526426802,2022.31779358612,2022.35347010053,NA
1017,392,0.135634751776115,-115.304167721974,45.4449266524454,-120.484776568871,46.3707563788251,0.858938323867911,0.723303572091796,2022.22052963179,2022.35616438356,PQ719521|A/Western_screech_owl/WA/22-015526-006-original/2022|H5N1|USA-WA|2022-05-11|wild_avian|B3.2
1018,391,0.125683291072262,-119.832632411499,47.4383457989139,-119.73915752406,47.6027836602457,0.858938323867911,0.733255032795649,2022.23048109249,2022.35616438356,PQ708929|A/Canada_goose/WA/22-015526-002-original/2022|H5N1|USA-WA|2022-05-11|wild_avian|B3.2
1087,1091,0.228448169958333,-91.612957013119,48.3522872607006,-94.2672972452774,46.7730011010901,0.862740686388779,0.634292516430446,2022.13151857612,2022.35996674608,NA
1086,1098,0.230278860485095,-91.5640277816471,48.4655397911498,-91.2542771213878,48.7376825192205,0.863421938810004,0.633143078324909,2022.13036913802,2022.3606479985,NA
1066,581,0.469436880977955,-99.1766590902681,46.2648891146693,-96.6659360633403,46.971106678581,0.864417775922626,0.394980894944671,2021.89220695464,2022.36164383562,EPI_ISL_16243992|A/chicken/Minnesota/22-015398-002/2022|H5N1|USA-MN|2022-05-13|domestic_avian|B3.2
1075,560,0.237070081945212,-93.2795090292906,47.682715986677,-93.3023566935944,47.7700364642315,0.864417775922626,0.627347693977414,2022.12457375367,2022.36164383562,EPI_ISL_15078249|A/fox/Minnesota/22-016487-001/2022|H5N1|USA-MN|2022-05-13|other_mammal|B3.2
1157,485,0.0969380910003736,-113.772315170629,41.1029570807445,-111.880597064884,40.7593505299826,0.864417775922626,0.767479684922252,2022.26470574462,2022.36164383562,EPI_ISL_16243660|A/chicken/Utah/22-015245-001/2022|H5N1|USA-UT|2022-05-13|domestic_avian|B3.2
1019,1020,0.119272049187917,-118.689964344354,44.4185374784988,-114.806392406687,42.6993814167943,0.86697172379333,0.747699674605413,2022.2449257343,2022.36419778349,NA
1152,575,0.0825867212438616,-86.6851362451027,42.3725744561343,-88.8654266612978,42.3091565912356,0.867157501949983,0.784570780706122,2022.2817968404,2022.36438356164,EPI_ISL_16243651|A/chicken/Illinois/22-015233-006/2022|H5N1|USA-IL|2022-05-14|domestic_avian|B3.2
662,663,0.0135224771027223,-107.243703275863,48.698999083171,-108.014506446833,48.1058665162268,0.869201997763659,0.855679520660937,2022.35290558035,2022.36642805746,NA
1078,559,0.0370885575911659,-93.4510019699177,43.2880012786,-79.7524407772331,45.6878878607864,0.872636954004925,0.835548396413759,2022.33277445611,2022.3698630137,PV303360|A/American_White_Pelican/ON/FAV-0803-1-2022/2022|H5N1|Canada-ON|2022-05-16|wild_avian|B3.2
1158,1159,0.0873391766714491,-113.838328110291,41.1709458474856,-114.519330731861,42.1453906220728,0.873054042552644,0.785714865881195,2022.28294092558,2022.37028010225,NA
1019,390,0.12767700542687,-118.689964344354,44.4185374784988,-116.36412331153,43.4158822146531,0.875376680032283,0.747699674605413,2022.2449257343,2022.37260273973,EPI_ISL_16244005|A/chicken/Idaho/22-015408-001/2022|H5N1|USA-ID|2022-05-17|domestic_avian|B3.2
1029,1039,0.0233128710797477,-118.6903448361,58.2387676499337,-120.312413762235,59.5555137180308,0.877949256447313,0.854636385367566,2022.35186244506,2022.37517531614,NA
663,690,0.00981321787436507,-108.014506446833,48.1058665162268,-105.647885529207,47.0550737454069,0.879015215638024,0.869201997763659,2022.36642805746,2022.37624127533,NA
912,989,0.113866576096233,-103.085096236277,48.6663072043442,-107.927561653847,48.3365534420306,0.881723442107585,0.767856866011352,2022.26508292571,2022.3789495018,NA
1148,571,0.347921518613191,-98.1154969954712,40.7906201649553,-109.645266454578,49.7818387007924,0.883595858114355,0.535674339501163,2022.0329003992,2022.38082191781,PV303168|A/American_Crow/SK/FAV-0802-76-2022/2022|H5N1|Canada-SK|2022-05-20|wild_avian|B3.2
1147,578,0.215963229612508,-94.4189729758853,46.9499096776632,-99.6226712812935,55.0152001081658,0.88633558414194,0.670372354529432,2022.16759841422,2022.38356164384,PV302000|A/American_Crow/MB/FAV-0687-5-2022/2022|H5N1|Canada-MB|2022-05-21|wild_avian|B3.2
1026,14,0.183645939039018,-119.941919121813,55.6360703074205,-139.390641961435,59.612943355452,0.889075310169297,0.705429371130279,2022.20265543082,2022.38630136986,PQ702593|A/Bald_eagle/AK/22-016934-004-original/2022|H5N1|USA-AK|2022-05-22|wild_avian|B3.2
1078,1079,0.0551273038237357,-93.4510019699177,43.2880012786,-97.061564686389,43.1168944705181,0.890675700237495,0.835548396413759,2022.33277445611,2022.38790175993,NA
1029,1030,0.042958597002059,-118.6903448361,58.2387676499337,-121.65776375125,61.0901524400025,0.897594982369625,0.854636385367566,2022.35186244506,2022.39482104206,NA
637,395,0.151510044754414,-123.314154869405,52.0123361949841,-139.5163954842,60.0395119940331,0.902773940306311,0.751263895551897,2022.24848995525,2022.4,PQ717337|A/Snow_goose/AK/22-017364-001-original/2022|H5N1|USA-AK|2022-05-27|wild_avian|B3.2
637,394,0.151510044754414,-123.314154869405,52.0123361949841,-119.127408716253,49.9844663713231,0.902773940306311,0.751263895551897,2022.24848995525,2022.4,PV303304|A/American_White_Pelican/BC/FAV-0585-3-2022/2022|H5N1|Canada-BC|2022-05-27|wild_avian|B3.2
1091,1092,0.0408957630868092,-94.2672972452774,46.7730011010901,-96.6792304766046,47.834273808304,0.903636449475588,0.862740686388779,2022.35996674608,2022.40086250917,NA
601,604,0.0846744196556437,-127.774294315138,58.9660576196773,-121.966647867685,53.2318336061989,0.905241946082446,0.820567526426802,2022.31779358612,2022.40246800578,NA
1028,15,0.118899753871044,-126.596519437791,61.3314418670715,-125.384136447775,60.4968710837765,0.910993118388383,0.792093364517339,2022.28931942421,2022.40821917808,PV318784|A/Snow_Goose/YT/FAV-0795-3-2022/2022|H5N1|Canada-YT|2022-05-30|wild_avian|B3.2
1098,1099,0.050840622536986,-91.2542771213878,48.7376825192205,-92.6661076883809,51.4428611019716,0.91426256134699,0.863421938810004,2022.3606479985,2022.41148862104,NA
1045,1046,0.16035316899298,-122.679378573198,48.6714013416856,-119.909697866799,46.6819547306097,0.915388719288237,0.755035550295256,2022.25226160999,2022.41261477898,NA
1092,1093,0.0134398215480305,-96.6792304766046,47.834273808304,-95.8063924776696,49.4424412736705,0.917076271023619,0.903636449475588,2022.40086250917,2022.41430233072,NA
1020,1021,0.0519115551480924,-114.806392406687,42.6993814167943,-116.983091119605,46.7754830360225,0.918883278941423,0.86697172379333,2022.36419778349,2022.41610933864,NA
653,654,0.139333628799291,-99.4540898934354,39.2049117411378,-98.4749805284488,39.9781722950555,0.918988825650342,0.77965519685105,2022.27688125654,2022.41621488534,NA
658,712,0.158288539357767,-105.931945047523,44.6772360794476,-105.719513863701,37.0685846971668,0.921557634350675,0.763269094992908,2022.26049515469,2022.41878369404,NA
690,36,0.0429368068600162,-105.647885529207,47.0550737454069,-108.387030716556,50.0840365631666,0.92195202249804,0.879015215638024,2022.37624127533,2022.41917808219,PV310840|A/Domestic_bird/SK/FAV-1051-1-2022/2022|H5N1|Canada-SK|2022-06-03|domestic_avian|B3.2
1099,1100,0.0101922872398128,-92.6661076883809,51.4428611019716,-92.2412814749418,51.3148296269192,0.924454848586803,0.91426256134699,2022.41148862104,2022.42168090828,NA
1023,385,0.113894599133416,-115.358428313328,46.4494191703461,-116.428865142418,43.6962898610641,0.924691748525398,0.810797149391981,2022.30802320909,2022.42191780822,PQ707841|A/Canada_goose/ID/22-018980-001-original/2022|H5N1|USA-ID|2022-06-04|wild_avian|B3.2
1100,1121,0.00111662272771706,-92.2412814749418,51.3148296269192,-91.6741639240334,51.7011396273646,0.92557147131452,0.924454848586803,2022.42168090828,2022.42279753101,NA
1079,1080,0.0363369752667633,-97.061564686389,43.1168944705181,-90.62780939297,38.963389685657,0.927012675504258,0.890675700237495,2022.38790175993,2022.4242387352,NA
989,990,0.0461985720171363,-107.927561653847,48.3365534420306,-110.539305944946,37.2074178662512,0.927922014124721,0.881723442107585,2022.3789495018,2022.42514807382,NA
1021,1022,0.00965728049739845,-116.983091119605,46.7754830360225,-117.076852510011,46.7522850180043,0.928540559438821,0.918883278941423,2022.41610933864,2022.42576661913,NA
916,917,0.0778355458367708,-105.60461818133,43.157750532447,-100.743177758593,41.500790442746,0.928622679885208,0.850787134048437,2022.34801319374,2022.42584873958,NA
1150,492,0.380200630406018,-96.6504637973052,48.6703787559879,-102.484221672432,53.272294471282,0.930171200580113,0.549970570174094,2022.04719662987,2022.42739726027,PV311152|A/Double-Crested_Cormorant/SK/FAV-0912-7-2022/2022|H5N1|Canada-SK|2022-06-06|wild_avian|B3.2
1092,495,0.0265347511045242,-96.6792304766046,47.834273808304,-90.5513844551674,47.3095424792467,0.930171200580113,0.903636449475588,2022.40086250917,2022.42739726027,PQ709577|A/Common_tern/MN/22-017940-009-original/2022|H5N1|USA-MN|2022-06-06|wild_avian|B3.2
1022,388,0.00163064114129163,-117.076852510011,46.7522850180043,-116.869908623619,46.769515736397,0.930171200580113,0.928540559438821,2022.42576661913,2022.42739726027,EPI_ISL_17260680|A/skunk/Idaho/22-018976-004/2022|H5N1|USA-ID|2022-06-06|other_mammal|B3.2
1021,387,0.0140276476662748,-116.983091119605,46.7754830360225,-117.560475059424,46.8939482389251,0.932910926607697,0.918883278941423,2022.41610933864,2022.4301369863,EPI_ISL_15078254|A/skunk/Washington/22-019274-001/2022|H5N1|USA-WA|2022-06-07|other_mammal|B3.2
1022,389,0.0043703671688764,-117.076852510011,46.7522850180043,-117.30594891458,46.6296032413149,0.932910926607697,0.928540559438821,2022.42576661913,2022.4301369863,EPI_ISL_17260682|A/skunk/Washington/22-019274-004/2022|H5N1|USA-WA|2022-06-07|other_mammal|B3.2
1154,567,0.234987613680103,-102.411331981268,54.6204434662819,-101.636983596114,54.1982236763688,0.935650652635055,0.700663038954952,2022.19788909865,2022.43287671233,PV303336|A/American_White_Pelican/MB/FAV-0798-3-2022/2022|H5N1|Canada-MB|2022-06-08|wild_avian|B3.2
1091,494,0.0729099662462755,-94.2672972452774,46.7730011010901,-93.8567756292746,46.7103394515712,0.935650652635055,0.862740686388779,2022.35996674608,2022.43287671233,PQ702057|A/American_white_Pelican/MN/22-018423-001-original/2022|H5N1|USA-MN|2022-06-08|wild_avian|B3.2
1159,481,0.0625966100824105,-114.519330731861,42.1453906220728,-111.854029339542,40.5777322329317,0.935650652635055,0.873054042552644,2022.37028010225,2022.43287671233,PQ720145|A/goose/UT/22-018176-003-original/2022|H5N1|USA-UT|2022-06-08|domestic_avian|B3.2
1093,496,0.0185743816114359,-95.8063924776696,49.4424412736705,-95.0844328713472,49.7666388059636,0.935650652635055,0.917076271023619,2022.41430233072,2022.43287671233,PV303368|A/American_White_Pelican/ON/FAV-0803-2-2022/2022|H5N1|Canada-ON|2022-06-08|wild_avian|B3.2
990,991,0.0112565489426433,-110.539305944946,37.2074178662512,-110.095593244301,36.1386653463372,0.939178563067364,0.927922014124721,2022.42514807382,2022.43640462276,NA
712,713,0.0199398395524875,-105.719513863701,37.0685846971668,-103.753861690378,37.6394012757671,0.941497473903163,0.921557634350675,2022.41878369404,2022.4387235336,NA
1071,565,0.355749540364251,-91.6076507696048,45.7578855535543,-94.9194671271028,50.5065118377916,0.946609556744484,0.590860016380233,2022.08808607607,2022.44383561644,PV315664|A/Peregrine_Falcon/ON/FAV-0853-3-2022/2022|H5N1|Canada-ON|2022-06-12|wild_avian|B3.2
1080,1081,0.0212933089425746,-90.62780939297,38.963389685657,-89.1600868654842,41.3675628615142,0.948305984446833,0.927012675504258,2022.4242387352,2022.44553204414,NA
1081,1082,0.000616508227218038,-89.1600868654842,41.3675628615142,-88.5086135719461,41.1014832285094,0.948922492674051,0.948305984446833,2022.44553204414,2022.44614855237,NA
1159,1160,0.077974438590533,-114.519330731861,42.1453906220728,-110.734100665446,39.4600759862929,0.951028481143177,0.873054042552644,2022.37028010225,2022.44825454084,NA
1063,10,0.605424257263852,-94.511587226323,47.2514815118699,-98.0320144985215,49.9803412604861,0.954828734826784,0.349404477562932,2021.84663053726,2022.45205479452,PV309736|A/Domestic_bird/MB/FAV-0716-5-2022/2022|H5N1|Canada-MB|2022-06-15|domestic_avian|B3.2
1027,31,0.171339034707938,-126.414816707193,61.2649109285204,-164.608742377676,65.2340560121628,0.954828734826784,0.783489700118845,2022.28071575981,2022.45205479452,EPI_ISL_17260681|A/red_fox/Alaska/22-019272-001/2022|H5N1|USA-AK|2022-06-15|other_mammal|B3.2
636,393,0.215364185416062,-123.435941506418,51.1412645636214,-125.598732317335,57.4097723194199,0.957568460854141,0.74220427543808,2022.23943033513,2022.45479452055,PV309608|A/Domestic_bird/BC/FAV-0772-1-2022/2022|H5N1|Canada-BC|2022-06-16|domestic_avian|B3.2
984,985,0.127128264421828,-93.7360639154876,36.5062137174083,-107.765575008763,49.8115847562415,0.960364368823441,0.833236104401613,2022.3304621641,2022.45759042852,NA
712,900,0.0434895953644481,-105.719513863701,37.0685846971668,-105.773671166775,37.0817069381608,0.965047229715123,0.921557634350675,2022.41878369404,2022.46227328941,NA
690,691,0.088918935764319,-105.647885529207,47.0550737454069,-104.112519717404,41.5504345479389,0.967934151402343,0.879015215638024,2022.37624127533,2022.4651602111,NA
604,605,0.064518223728828,-121.966647867685,53.2318336061989,-123.137512853875,52.1878608528098,0.969760169811274,0.905241946082446,2022.40246800578,2022.4669862295,NA
641,994,0.27991240459725,-118.391555599164,54.9359103325391,-121.643539097781,44.7726286039962,0.972078590069353,0.692166185472103,2022.18939224517,2022.46930464976,NA
1080,1085,0.0460769053684054,-90.62780939297,38.963389685657,-90.1459519518221,39.9035458785467,0.973089580872664,0.927012675504258,2022.4242387352,2022.47031564057,NA
659,87,0.197386368627805,-108.134499162962,49.003240517766,-116.563602650479,57.6448658111237,0.97674654304587,0.779360174418065,2022.27658623411,2022.47397260274,PV321824|A/Western_Grebe/AB/FAV-0833-72-2022/2022|H5N1|Canada-AB|2022-06-23|wild_avian|B3.2
660,34,0.180584662625676,-107.752822820175,48.937579023086,-111.231524439495,49.3748435066493,0.97674654304587,0.796161880420194,2022.29338794011,2022.47397260274,PV321872|A/Western_Grebe/AB/FAV-0833-78-2022/2022|H5N1|Canada-AB|2022-06-23|wild_avian|B3.2
1121,1122,0.0525439422641694,-91.6741639240334,51.7011396273646,-91.6048023309365,50.1701047869799,0.978115413578689,0.92557147131452,2022.42279753101,2022.47534147327,NA
917,921,0.0529004314742778,-100.743177758593,41.500790442746,-97.6632726775842,42.8514842154973,0.981523111359485,0.928622679885208,2022.42584873958,2022.47874917105,NA
1043,32,0.260693932276762,-121.931906424618,53.295735462175,-150.387139729,69.3271552717876,0.98496572112817,0.724271788851408,2022.22149784855,2022.48219178082,PQ715385|A/Raven/AK/22-020951-001-original/2022|H5N1|USA-AK|2022-06-26|wild_avian|B3.2
691,692,0.0181244459577026,-104.112519717404,41.5504345479389,-102.585428998749,38.1758228309547,0.986058597360046,0.967934151402343,2022.4651602111,2022.48328465705,NA
1158,484,0.201990581274332,-113.838328110291,41.1709458474856,-111.872304601544,40.5724788377188,0.987705447155527,0.785714865881195,2022.28294092558,2022.48493150685,EPI_ISL_19546785|A/chicken/Utah/22-020377-001-original/2022|H5N1|USA-UT|2022-06-27|domestic_avian|B3.2
900,901,0.0251254856892467,-105.773671166775,37.0817069381608,-107.280615050794,40.5352958258131,0.99017271540437,0.965047229715123,2022.46227328941,2022.4873987751,NA
602,433,0.142420310431649,-128.193846233223,58.8195234483279,-141.197614497847,67.155828909309,0.998664351265184,0.856244040833535,2022.35347010053,2022.49589041096,PQ710529|A/Glaucous_Gull/AK/22-024502-001-original/2022|H5N1|USA-AK|2022-07-01|wild_avian|B3.2
1081,554,0.0503583668183514,-89.1600868654842,41.3675628615142,-91.9463643574067,43.4942648089477,0.998664351265184,0.948305984446833,2022.44553204414,2022.49589041096,PQ701969|A/American_white_Pelican/IA/22-021277-001-original/2022|H5N1|USA-IA|2022-07-01|wild_avian|B3.2
1085,552,0.0255747703925207,-90.1459519518221,39.9035458785467,-90.1895796813011,39.7892700114338,0.998664351265184,0.973089580872664,2022.47031564057,2022.49589041096,PQ702009|A/American_white_Pelican/IL/22-021276-001-original/2022|H5N1|USA-IL|2022-07-01|wild_avian|B3.2
1085,553,0.0255747703925207,-90.1459519518221,39.9035458785467,-93.3621899096777,43.2531317385576,0.998664351265184,0.973089580872664,2022.47031564057,2022.49589041096,PQ701977|A/American_white_Pelican/IA/22-022114-001-original/2022|H5N1|USA-IA|2022-07-01|wild_avian|B3.2
713,714,0.0629042168386271,-103.753861690378,37.6394012757671,-95.3531927013582,24.65809662345,1.00440169074179,0.941497473903163,2022.4387235336,2022.50162775044,NA
1143,572,0.530159630626998,-100.153748087566,48.0827397444713,-97.8003027210757,50.0699251498768,1.00688352934726,0.476723898720258,2021.97394995841,2022.50410958904,PV321880|A/Western_Grebe/MB/FAV-0846-2-2022/2022|H5N1|Canada-MB|2022-07-04|wild_avian|B3.2
1079,551,0.116207829109761,-97.061564686389,43.1168944705181,-98.9564873170303,57.3186549448761,1.00688352934726,0.890675700237495,2022.38790175993,2022.50410958904,PV321888|A/Western_Grebe/MB/FAV-0846-3-2022/2022|H5N1|Canada-MB|2022-07-04|wild_avian|B3.2
901,903,0.0192035008743368,-107.280615050794,40.5352958258131,-108.184451857505,38.6345541969673,1.00937621627871,0.99017271540437,2022.4873987751,2022.50660227597,NA
1152,576,0.227792200696077,-86.6851362451027,42.3725744561343,-86.2823343419277,43.2137548035788,1.0123629814022,0.784570780706122,2022.2817968404,2022.5095890411,EPI_ISL_17260684|A/red_fox/Michigan/22-021733-002/2022|H5N1|USA-MI|2022-07-06|other_mammal|B3.2
1098,504,0.151680768619552,-91.2542771213878,48.7376825192205,-87.5867027231807,50.4599795448112,1.01510270742956,0.863421938810004,2022.3606479985,2022.51232876712,PV303384|A/American_White_Pelican/ON/FAV-0867-2-2022/2022|H5N1|Canada-ON|2022-07-07|wild_avian|B3.2
691,701,0.0475674935741268,-104.112519717404,41.5504345479389,-101.548671583363,38.5713597321911,1.01550164497647,0.967934151402343,2022.4651602111,2022.51272770467,NA
1093,1094,0.101044758111803,-95.8063924776696,49.4424412736705,-86.6005532298837,46.2857439872659,1.01812102913542,0.917076271023619,2022.41430233072,2022.51534708883,NA
921,922,0.0418880144194378,-97.6632726775842,42.8514842154973,-95.6135729743667,36.3840509624319,1.02341112577892,0.981523111359485,2022.47874917105,2022.52063718547,NA
903,904,0.0190327213600612,-108.184451857505,38.6345541969673,-102.866202711675,32.1939205938232,1.02840893763877,1.00937621627871,2022.50660227597,2022.52563499733,NA
701,703,0.0139868866267472,-101.548671583363,38.5713597321911,-100.328361427013,36.5129941921868,1.02948853160322,1.01550164497647,2022.51272770467,2022.5267145913,NA
1082,1083,0.0852350316940984,-88.5086135719461,41.1014832285094,-96.9114186098247,42.6246177548141,1.03415752436815,0.948922492674051,2022.44614855237,2022.53138358406,NA
692,693,0.0488756927096445,-102.585428998749,38.1758228309547,-101.362103052933,35.0720597532059,1.03493429006969,0.986058597360046,2022.48328465705,2022.53216034976,NA
701,702,0.0201457548856556,-101.548671583363,38.5713597321911,-102.565383937324,38.380125703178,1.03564739986213,1.01550164497647,2022.51272770467,2022.53287345956,NA
597,477,0.458553839858377,-98.492129541691,47.2376381405811,-132.263297827139,56.6227676926487,1.03702051564864,0.578466675790266,2022.07569273548,2022.53424657534,PQ710513|A/Glaucous_Gull/AK/22-023553-001-original/2022|H5N1|USA-AK|2022-07-15|wild_avian|B3.2
989,296,0.166255977650715,-107.927561653847,48.3365534420306,-114.760964384002,58.1221629327191,1.0479794197583,0.881723442107585,2022.3789495018,2022.54520547945,PV319064|A/Striped_Skunk/AB/FAV-0897-2-2022/2022|H5N1|Canada-AB|2022-07-19|other_mammal|B3.2
1121,548,0.122407948443779,-91.6741639240334,51.7011396273646,-92.5445864790711,47.654059432814,1.0479794197583,0.92557147131452,2022.42279753101,2022.54520547945,PQ702081|A/American_white_Pelican/MN/22-023116-001-original/2022|H5N1|USA-MN|2022-07-19|wild_avian|B3.2
703,704,0.0210213267789765,-100.328361427013,36.5129941921868,-93.1885871902859,33.8797277839097,1.05050985838219,1.02948853160322,2022.5267145913,2022.54773591808,NA
1020,386,0.189226874047042,-114.806392406687,42.6993814167943,-116.181544471243,43.6466808023435,1.05619859784037,0.86697172379333,2022.36419778349,2022.55342465753,EPI_ISL_17260689|A/skunk/Idaho/22-023547-001/2022|H5N1|USA-ID|2022-07-22|other_mammal|B3.2
663,664,0.188583615455132,-108.014506446833,48.1058665162268,-106.796726541521,45.7998608427029,1.05778561321879,0.869201997763659,2022.36642805746,2022.55501167291,NA
605,608,0.0882940484118109,-123.137512853875,52.1878608528098,-124.976007514036,50.7149040132109,1.05805421822308,0.969760169811274,2022.4669862295,2022.55528027792,NA
605,606,0.0888299556617245,-123.137512853875,52.1878608528098,-141.31867699942,71.4109048219286,1.058590125473,0.969760169811274,2022.4669862295,2022.55581618517,NA
917,918,0.130653407261571,-100.743177758593,41.500790442746,-104.006682080722,43.6267957635261,1.05927608714678,0.928622679885208,2022.42584873958,2022.55650214684,NA
1099,1123,0.146619095579461,-92.6661076883809,51.4428611019716,-82.6349982190563,52.2586449172044,1.06088165692645,0.91426256134699,2022.41148862104,2022.55810771662,NA
1030,1031,0.165530019014204,-121.65776375125,61.0901524400025,-122.3985830529,49.684985706682,1.06312500138383,0.897594982369625,2022.39482104206,2022.56035106108,NA
713,892,0.121864122726672,-103.753861690378,37.6394012757671,-108.146783575467,42.0628655807697,1.06336159662983,0.941497473903163,2022.4387235336,2022.56058765632,NA
714,715,0.0611068841181037,-95.3531927013582,24.65809662345,-95.3335871012268,23.9618177848141,1.06550857485989,1.00440169074179,2022.50162775044,2022.56273463455,NA
653,656,0.286341526808723,-99.4540898934354,39.2049117411378,-98.660263355732,33.6424674853197,1.06599672365977,0.77965519685105,2022.27688125654,2022.56322278335,NA
922,974,0.043213320581545,-95.6135729743667,36.3840509624319,-96.68182922018,36.8116063842828,1.06662444636047,1.02341112577892,2022.52063718547,2022.56385050605,NA
892,893,0.00443419722212246,-108.146783575467,42.0628655807697,-106.729332075167,40.1844520889501,1.06779579385196,1.06336159662983,2022.56058765632,2022.56502185355,NA
922,923,0.0447134409897583,-95.6135729743667,36.3840509624319,-95.368653709468,38.5698177630569,1.06812456676868,1.02341112577892,2022.52063718547,2022.56535062646,NA
715,716,0.00320359685113702,-95.3335871012268,23.9618177848141,-96.5353681999535,23.9028593763876,1.06871217171103,1.06550857485989,2022.56273463455,2022.5659382314,NA
1031,1035,0.00711389074122071,-122.3985830529,49.684985706682,-122.426686294135,49.2320866461522,1.07023889212505,1.06312500138383,2022.56035106108,2022.56746495182,NA
923,924,0.00212302777684892,-95.368653709468,38.5698177630569,-94.7828167651182,38.5630033347308,1.07024759454553,1.06812456676868,2022.56535062646,2022.56747365424,NA
904,905,0.0438069843258524,-102.866202711675,32.1939205938232,-103.35439125266,42.5020708938318,1.07221592196462,1.02840893763877,2022.52563499733,2022.56944198166,NA
1039,1040,0.196648130451905,-120.312413762235,59.5555137180308,-122.649121904626,50.5460054498068,1.07459738689922,0.877949256447313,2022.37517531614,2022.57182344659,NA
974,975,0.00805103382051664,-96.68182922018,36.8116063842828,-94.6991832521018,35.7372732178331,1.07467548018098,1.06662444636047,2022.56385050605,2022.57190153987,NA
1049,1051,0.4407629185199,-111.692008530226,49.0757357105957,-120.449652298964,58.2957806988483,1.07731299222877,0.636550073708874,2022.1337761334,2022.57453905192,NA
924,925,0.00722775804502218,-94.7828167651182,38.5630033347308,-93.4467704469337,37.6996190803606,1.07747535259055,1.07024759454553,2022.56747365424,2022.57470141228,NA
1123,1125,0.0166476989441628,-82.6349982190563,52.2586449172044,-77.9541003955203,51.7842724240259,1.07752935587061,1.06088165692645,2022.55810771662,2022.57475541556,NA
1123,1124,0.0169650658760272,-82.6349982190563,52.2586449172044,-83.2076110293209,52.566264425395,1.07784672280248,1.06088165692645,2022.55810771662,2022.5750727825,NA
893,895,0.0109219089528541,-106.729332075167,40.1844520889501,-106.710397139371,40.5887007122653,1.07871770280481,1.06779579385196,2022.56502185355,2022.5759437625,NA
664,674,0.0211343302936831,-106.796726541521,45.7998608427029,-107.749166840097,47.4490542018305,1.07891994351247,1.05778561321879,2022.55501167291,2022.57614600321,NA
654,655,0.163730457305621,-98.4749805284488,39.9781722950555,-96.745841902903,43.1166798783259,1.08271928295596,0.918988825650342,2022.41621488534,2022.57994534265,NA
892,898,0.0199513481778029,-108.146783575467,42.0628655807697,-108.002468863408,42.0466194878433,1.08331294480764,1.06336159662983,2022.56058765632,2022.5805390045,NA
704,708,0.0329602160344833,-93.1885871902859,33.8797277839097,-90.4038314488115,34.6467782228425,1.08347007441668,1.05050985838219,2022.54773591808,2022.58069613411,NA
1040,1041,0.0122695810860276,-122.649121904626,50.5460054498068,-119.811697180343,51.3749148827451,1.08686696798525,1.07459738689922,2022.57182344659,2022.58409302768,NA
1051,1052,0.0110050166221796,-120.449652298964,58.2957806988483,-119.627504389246,58.2746807035755,1.08831800885095,1.07731299222877,2022.57453905192,2022.58554406854,NA
692,694,0.106587709879609,-102.585428998749,38.1758228309547,-101.507220013963,37.8831873078814,1.09264630723965,0.986058597360046,2022.48328465705,2022.58987236693,NA
918,919,0.03452507283877,-104.006682080722,43.6267957635261,-101.180358821509,41.9411980052467,1.09380115998555,1.05927608714678,2022.55650214684,2022.59102721968,NA
1031,1032,0.0328929791085759,-122.3985830529,49.684985706682,-122.115905773786,51.2982065170375,1.0960179804924,1.06312500138383,2022.56035106108,2022.59324404019,NA
1100,1101,0.172174220912776,-92.2412814749418,51.3148296269192,-87.6430403237294,38.956091623898,1.09662906949958,0.924454848586803,2022.42168090828,2022.59385512919,NA
975,976,0.0220698979549727,-94.6991832521018,35.7372732178331,-95.372896743378,35.1057255736429,1.09674537813596,1.07467548018098,2022.57190153987,2022.59397143783,NA
994,997,0.127003354087547,-121.643539097781,44.7726286039962,-108.573737937076,42.4140031217427,1.0990819441569,0.972078590069353,2022.46930464976,2022.59630800385,NA
1032,1033,0.00636546637700519,-122.115905773786,51.2982065170375,-122.21350170152,53.5687684125004,1.10238344686941,1.0960179804924,2022.59324404019,2022.59960950656,NA
1083,1084,0.0701183323994745,-96.9114186098247,42.6246177548141,-98.137117348147,42.0337546099172,1.10427585676762,1.03415752436815,2022.53138358406,2022.60150191646,NA
925,926,0.0295798361752051,-93.4467704469337,37.6996190803606,-96.9792528795688,39.7127728611617,1.10705518876576,1.07747535259055,2022.57470141228,2022.60428124846,NA
716,887,0.0387144326760778,-96.5353681999535,23.9028593763876,-99.8394649990747,31.2257587214788,1.10742660438711,1.06871217171103,2022.5659382314,2022.60465266408,NA
704,705,0.0575899094459396,-93.1885871902859,33.8797277839097,-96.0556907920259,37.9648607501819,1.10809976782813,1.05050985838219,2022.54773591808,2022.60532582752,NA
1084,556,0.00397753559344771,-98.137117348147,42.0337546099172,-110.246797047196,40.4304738729804,1.10825339236107,1.10427585676762,2022.60150191646,2022.60547945205,PQ701857|A/American_green-winged_teal/UT/22-027017-012-original/2022|H5N1|USA-UT|2022-08-10|wild_avian|B3.2
895,896,0.0322492262478979,-106.710397139371,40.5887007122653,-109.649535813955,44.4828643550353,1.11096692905271,1.07871770280481,2022.5759437625,2022.60819298875,NA
708,709,0.0278107783752573,-90.4038314488115,34.6467782228425,-88.353047585524,31.9571196067319,1.11128085279193,1.08347007441668,2022.58069613411,2022.60850691249,NA
924,973,0.0427886330177052,-94.7828167651182,38.5630033347308,-96.0606945738606,38.3191834083164,1.11303622756324,1.07024759454553,2022.56747365424,2022.61026228726,NA
674,675,0.0341222554934166,-107.749166840097,47.4490542018305,-107.734152212631,47.4922166492737,1.11304219900589,1.07891994351247,2022.57614600321,2022.6102682587,NA
926,971,0.00765776181556754,-96.9792528795688,39.7127728611617,-96.400877712156,38.9701201353165,1.11471295058133,1.10705518876576,2022.60428124846,2022.61193901028,NA
926,927,0.00798208040571957,-96.9792528795688,39.7127728611617,-96.1648198675962,39.9452970044084,1.11503726917148,1.10705518876576,2022.60428124846,2022.61226332887,NA
893,894,0.0478711654853861,-106.729332075167,40.1844520889501,-109.374008696625,46.9297306566803,1.11566695933734,1.06779579385196,2022.56502185355,2022.61289301903,NA
901,902,0.127571045330336,-107.280615050794,40.5352958258131,-112.023616138347,37.1239622779733,1.11774376073471,0.99017271540437,2022.4873987751,2022.61496982043,NA
1033,1034,0.0166272671160739,-122.21350170152,53.5687684125004,-122.162347488285,53.5765222081135,1.11901071398548,1.10238344686941,2022.59960950656,2022.61623677368,NA
716,717,0.0559275971732012,-96.5353681999535,23.9028593763876,-93.3360544830971,16.9962608963498,1.12463976888423,1.06871217171103,2022.5659382314,2022.62186582858,NA
905,906,0.0550510346600173,-103.35439125266,42.5020708938318,-96.7650145525987,38.8270032403696,1.12726695662464,1.07221592196462,2022.56944198166,2022.62449301632,NA
927,934,0.0131495051880748,-96.1648198675962,39.9452970044084,-91.3837004448959,38.8992152319953,1.12818677435955,1.11503726917148,2022.61226332887,2022.62541283405,NA
694,695,0.0356082288909692,-101.507220013963,37.8831873078814,-105.745197470738,40.4479580320949,1.12825453613062,1.09264630723965,2022.58987236693,2022.62548059582,NA
674,680,0.0494586033134037,-107.749166840097,47.4490542018305,-114.560134430665,44.3764669230768,1.12837854682588,1.07891994351247,2022.57614600321,2022.62560460652,NA
934,944,0.000976250844006543,-91.3837004448959,38.8992152319953,-91.3703984310625,37.6392040932979,1.12916302520356,1.12818677435955,2022.62541283405,2022.6263890849,NA
944,945,0.000262979259592733,-91.3703984310625,37.6392040932979,-91.665416828816,37.6877839226611,1.12942600446315,1.12916302520356,2022.6263890849,2022.62665206416,NA
945,946,0.000448460755222424,-91.665416828816,37.6877839226611,-92.440785158741,37.9922891146186,1.12987446521837,1.12942600446315,2022.62665206416,2022.62710052491,NA
997,998,0.0336386683933534,-108.573737937076,42.4140031217427,-109.827035201029,42.1671805732016,1.13272061255025,1.0990819441569,2022.59630800385,2022.62994667224,NA
934,935,0.00734018567839545,-91.3837004448959,38.8992152319953,-92.8896003908494,40.3475253742263,1.13552696003795,1.12818677435955,2022.62541283405,2022.63275301973,NA
675,679,0.0232109155120588,-107.734152212631,47.4922166492737,-109.190842968813,49.5252341102484,1.13625311451795,1.11304219900589,2022.6102682587,2022.63347917421,NA
646,647,0.288483171820183,-102.34369112156,47.9692159520389,-100.327044894749,54.8434268524522,1.13808846225619,0.849605290436004,2022.34683135013,2022.63531452195,NA
998,999,0.00708977457608517,-109.827035201029,42.1671805732016,-109.365270310623,42.7114476840033,1.13981038712634,1.13272061255025,2022.62994667224,2022.63703644682,NA
985,986,0.179947783777494,-107.765575008763,49.8115847562415,-109.728545048738,53.3230349458336,1.14031215260094,0.960364368823441,2022.45759042852,2022.63753821229,NA
998,1005,0.0102282235670024,-109.827035201029,42.1671805732016,-107.404053197703,39.4374868158137,1.14294883611726,1.13272061255025,2022.62994667224,2022.64017489581,NA
935,936,0.0102242679670406,-92.8896003908494,40.3475253742263,-92.7046560122933,40.7108743392608,1.14575122800499,1.13552696003795,2022.63275301973,2022.6429772877,NA
1005,1006,0.00341745982771169,-107.404053197703,39.4374868158137,-106.838970451669,39.3214674740337,1.14636629594497,1.14294883611726,2022.64017489581,2022.64359235564,NA
976,977,0.051378149232328,-95.372896743378,35.1057255736429,-94.4486220180948,33.6488481641776,1.14812352736829,1.09674537813596,2022.59397143783,2022.64534958706,NA
695,699,0.0200941873695424,-105.745197470738,40.4479580320949,-104.732533847372,40.8771661011696,1.14834872350017,1.12825453613062,2022.62548059582,2022.64557478319,NA
1083,558,0.115191758403738,-96.9114186098247,42.6246177548141,-92.8811701261136,46.5998126533578,1.14934928277189,1.03415752436815,2022.53138358406,2022.64657534247,PQ719721|A/Wood_Duck/MN/22-032745-002-original-repeat/2022|H5N1|USA-MN|2022-08-25|wild_avian|B3.2
679,74,0.0130961682539379,-109.190842968813,49.5252341102484,-114.084051203491,56.5077916878746,1.14934928277189,1.13625311451795,2022.63347917421,2022.64657534247,PV309264|A/Domestic_bird/AB/FAV-0906-1-2022/2022|H5N1|Canada-AB|2022-08-25|domestic_avian|B3.2
927,928,0.035051192090354,-96.1648198675962,39.9452970044084,-95.3891596163135,41.788614054393,1.15008846126183,1.11503726917148,2022.61226332887,2022.64731452096,NA
977,978,0.00313013697698628,-94.4486220180948,33.6488481641776,-94.256066070982,32.752054697469,1.15125366434527,1.14812352736829,2022.64534958706,2022.64847972404,NA
1050,11,0.481428046347088,-116.407331331295,54.9871975182529,-117.544392671717,53.5738872987424,1.15208900879947,0.670660962452384,2022.16788702215,2022.64931506849,PV317648|A/Snow_Goose/AB/FAV-0937-5-2022/2022|H5N1|Canada-AB|2022-08-26|wild_avian|B3.2
945,967,0.0230148867604507,-91.665416828816,37.6877839226611,-93.892356752975,35.3454734836707,1.1524408912236,1.12942600446315,2022.62665206416,2022.64966695092,NA
935,943,0.0172186515604511,-92.8896003908494,40.3475253742263,-91.5722514943018,40.7786135841596,1.1527456115984,1.13552696003795,2022.63275301973,2022.64997167129,NA
936,937,0.00752523843482233,-92.7046560122933,40.7108743392608,-100.20401264614,38.9405228359069,1.15327646643981,1.14575122800499,2022.6429772877,2022.65050252613,NA
1051,1056,0.0762977788743422,-120.449652298964,58.2957806988483,-112.726304568317,51.5126966044206,1.15361077110312,1.07731299222877,2022.57453905192,2022.6508368308,NA
937,938,0.00142229736462873,-100.20401264614,38.9405228359069,-99.8529579925424,38.7611360225404,1.15469876380444,1.15327646643981,2022.65050252613,2022.6519248235,NA
646,649,0.306709970511906,-102.34369112156,47.9692159520389,-104.135414037707,50.1376008556199,1.15631526094791,0.849605290436004,2022.34683135013,2022.65354132064,NA
680,681,0.0290107836334306,-114.560134430665,44.3764669230768,-115.142270315532,43.822612612831,1.15738933045931,1.12837854682588,2022.62560460652,2022.65461539015,NA
608,609,0.100400012926697,-124.976007514036,50.7149040132109,-119.128594413145,41.4770382191913,1.15845423114978,1.05805421822308,2022.55528027792,2022.65568029084,NA
1052,1053,0.0710346466471088,-119.627504389246,58.2746807035755,-127.105440192124,56.2969403692009,1.15935265549806,1.08831800885095,2022.58554406854,2022.65657871519,NA
1005,1014,0.0169977249456927,-107.404053197703,39.4374868158137,-109.198440979456,39.0152705645457,1.15994656106295,1.14294883611726,2022.64017489581,2022.65717262076,NA
1084,557,0.0560323301139203,-98.137117348147,42.0337546099172,-96.2270670152698,46.0720886216153,1.16030818688154,1.10427585676762,2022.60150191646,2022.65753424658,PQ718753|A/Trumpeter_Swan/MN/22-026969-002-original/2022|H5N1|USA-MN|2022-08-29|wild_avian|B3.2
1160,483,0.212019431765724,-110.734100665446,39.4600759862929,-111.182747242052,38.0861990226158,1.1630479129089,0.951028481143177,2022.44825454084,2022.6602739726,PQ720177|A/goose/UT/22-027791-006-original/2022|H5N1|USA-UT|2022-08-30|domestic_avian|B3.2
709,710,0.0521321300308339,-88.353047585524,31.9571196067319,-91.3412787049086,34.4971162930103,1.16341298282277,1.11128085279193,2022.60850691249,2022.66063904252,NA
978,979,0.0123375111439525,-94.256066070982,32.752054697469,-94.2492783063817,31.1642949304074,1.16359117548922,1.15125366434527,2022.64847972404,2022.66081723518,NA
919,920,0.0746126824643785,-101.180358821509,41.9411980052467,-100.760662671575,44.7501166450799,1.16841384244993,1.09380115998555,2022.59102721968,2022.66563990214,NA
1122,529,0.190411951385154,-91.6048023309365,50.1701047869799,-83.9049394507435,41.458217979997,1.16852736496384,0.978115413578689,2022.47534147327,2022.66575342466,OR136556|A/chicken/OH/OH22-20542-1/2022|H5N1|USA-OH|2022-09-01|domestic_avian|B3.2
946,947,0.0404757630087929,-92.440785158741,37.9922891146186,-93.1021971086057,41.2245019404867,1.17035022822717,1.12987446521837,2022.62710052491,2022.66757628792,NA
695,696,0.0426702670720407,-105.745197470738,40.4479580320949,-108.375546623676,40.4755306545751,1.17092480320266,1.12825453613062,2022.62548059582,2022.6681508629,NA
606,607,0.113551769016942,-141.31867699942,71.4109048219286,-130.511711004465,51.0554685130262,1.17214189448994,1.058590125473,2022.55581618517,2022.66936795418,NA
928,929,0.0220977616736007,-95.3891596163135,41.788614054393,-95.5242037087827,43.919328508852,1.17218622293543,1.15008846126183,2022.64731452096,2022.66941228263,NA
609,610,0.0146252339356283,-119.128594413145,41.4770382191913,-119.12726870601,41.4185400265092,1.17307946508541,1.15845423114978,2022.65568029084,2022.67030552478,NA
906,907,0.048206453903012,-96.7650145525987,38.8270032403696,-97.344513077554,38.8211535393529,1.17547341052765,1.12726695662464,2022.62449301632,2022.67269947022,NA
1033,19,0.0743630961765058,-122.21350170152,53.5687684125004,-142.09226312266,61.6937728547172,1.17674654304592,1.10238344686941,2022.59960950656,2022.67397260274,PQ714457|A/Northern_pintail/AK/22-029100-001-original/2022|H5N1|USA-AK|2022-09-04|wild_avian|B3.2
928,933,0.0271459800181644,-95.3891596163135,41.788614054393,-96.3813145131208,43.556901179161,1.17723444128,1.15008846126183,2022.64731452096,2022.67446050097,NA
985,987,0.217421035722975,-107.765575008763,49.8115847562415,-98.114492043509,45.7972780759823,1.17778540454642,0.960364368823441,2022.45759042852,2022.67501146424,NA
907,908,0.00663334575277252,-97.344513077554,38.8211535393529,-96.3814612790936,38.1270627743216,1.18210675628042,1.17547341052765,2022.67269947022,2022.67933281597,NA
1056,1060,0.0313264523808559,-112.726304568317,51.5126966044206,-111.254282281099,48.3210108268408,1.18493722348397,1.15361077110312,2022.6508368308,2022.68216328318,NA
610,611,0.0122854446951122,-119.12726870601,41.4185400265092,-119.614759827238,41.455723368239,1.18536490978052,1.17307946508541,2022.67030552478,2022.68259096947,NA
991,992,0.252805732189468,-110.095593244301,36.1386653463372,-111.027635713411,36.9155057895245,1.19198429525683,0.939178563067364,2022.43640462276,2022.68921035495,NA
929,930,0.020070305247216,-95.5242037087827,43.919328508852,-96.4457568036511,42.0715101359998,1.19225652818265,1.17218622293543,2022.66941228263,2022.68948258788,NA
908,909,0.0101761125381676,-96.3814612790936,38.1270627743216,-96.3827559050117,38.1234353414273,1.19228286881859,1.18210675628042,2022.67933281597,2022.68950892851,NA
1082,555,0.244262406536237,-88.5086135719461,41.1014832285094,-86.320240833197,39.6451472740409,1.19318489921029,0.948922492674051,2022.44614855237,2022.6904109589,PQ701713|A/American_green-winged_teal/IN/22-029725-007-original-repeat/2022|H5N1|USA-IN|2022-09-10|wild_avian|B3.2
656,289,0.127188175550514,-98.660263355732,33.6424674853197,-98.7065338534694,34.3395334438418,1.19318489921029,1.06599672365977,2022.56322278335,2022.6904109589,PQ706369|A/Blue-winged_teal/OK/22-029332-011-original/2022|H5N1|USA-OK|2022-09-10|wild_avian|B3.2
656,290,0.127188175550514,-98.660263355732,33.6424674853197,-98.811769812072,34.1674430792337,1.19318489921029,1.06599672365977,2022.56322278335,2022.6904109589,PQ706345|A/Blue-winged_teal/OK/22-029332-005-original/2022|H5N1|USA-OK|2022-09-10|wild_avian|B3.2
987,988,0.0166794312613874,-98.114492043509,45.7972780759823,-95.415553549313,45.0875086096792,1.1944648358078,1.17778540454642,2022.67501146424,2022.6916908955,NA
710,711,0.0315968308219028,-91.3412787049086,34.4971162930103,-88.6623284056549,32.8328814620508,1.19500981364467,1.16341298282277,2022.66063904252,2022.69223587334,NA
717,718,0.0704012444325648,-93.3360544830971,16.9962608963498,-81.8000776507762,-1.29534623217755,1.1950410133168,1.12463976888423,2022.62186582858,2022.69226707301,NA
696,697,0.024438538908786,-108.375546623676,40.4755306545751,-111.134102734994,41.1009640176821,1.19536334211145,1.17092480320266,2022.6681508629,2022.69258940181,NA
914,292,0.345885806435554,-106.457594380891,44.0987524707285,-106.802565436718,44.5189021720901,1.19592462523764,0.850038818802091,2022.3472648785,2022.69315068493,PQ712073|A/Great_horned_owl/WY/22-029194-001-original/2022|H5N1|USA-WY|2022-09-11|wild_avian|B3.2
649,650,0.0412272484545286,-104.135414037707,50.1376008556199,-102.189244344052,49.1221613591694,1.19754250940244,1.15631526094791,2022.65354132064,2022.6947685691,NA
947,948,0.0281374543773834,-93.1021971086057,41.2245019404867,-94.1011507721386,38.1631095538826,1.19848768260455,1.17035022822717,2022.66757628792,2022.6957137423,NA
921,982,0.219167072703731,-97.6632726775842,42.8514842154973,-99.7339944514494,42.8230219496313,1.20069018406322,0.981523111359485,2022.47874917105,2022.69791624376,NA
647,306,0.0633156150364007,-100.327044894749,54.8434268524522,-94.5358396155239,53.2887586642083,1.20140407729259,1.13808846225619,2022.63531452195,2022.69863013699,PV309744|A/Domestic_bird/MB/FAV-0929-1-2022/2022|H5N1|Canada-MB|2022-09-13|domestic_avian|B3.2
611,616,0.0163782940617159,-119.614759827238,41.455723368239,-118.800397531513,41.8126641517112,1.20174320384224,1.18536490978052,2022.68259096947,2022.69896926354,NA
937,939,0.0489468142209537,-100.20401264614,38.9405228359069,-97.1147619910242,36.0830234407413,1.20222328066076,1.15327646643981,2022.65050252613,2022.69944934035,NA
895,270,0.125426100515133,-106.710397139371,40.5887007122653,-105.293097757611,43.5075857919312,1.20414380331994,1.07871770280481,2022.5759437625,2022.70136986301,PQ718785|A/Trumpeter_Swan/WY/22-030049-002-original/2022|H5N1|USA-WY|2022-09-14|wild_avian|B3.2
986,298,0.0638316507190093,-109.728545048738,53.3230349458336,-110.258084589216,52.0021625779974,1.20414380331994,1.14031215260094,2022.63753821229,2022.70136986301,PV301481|A/Striped_Skunk/AB/OTH-0136-1-2022/2022|H5N1|Canada-AB|2022-09-14|other_mammal|B3.2
982,983,0.00349818053252582,-99.7339944514494,42.8230219496313,-99.3539886505769,42.4363403231553,1.20418836459574,1.20069018406322,2022.69791624376,2022.70141442429,NA
971,972,0.0911619292914287,-96.400877712156,38.9701201353165,-96.7949527409803,39.2124673365448,1.20587487987275,1.11471295058133,2022.61193901028,2022.70310093957,NA
616,617,0.00432229879262014,-118.800397531513,41.8126641517112,-118.696978479485,42.530035583287,1.20606550263486,1.20174320384224,2022.69896926354,2022.70329156233,NA
717,886,0.0821637759015696,-93.3360544830971,16.9962608963498,-93.2174424653094,16.9435864428214,1.2068035447858,1.12463976888423,2022.62186582858,2022.70402960448,NA
967,968,0.056404386896201,-93.892356752975,35.3454734836707,-93.8540154784678,36.2580216466175,1.2088452781198,1.1524408912236,2022.64966695092,2022.70607133781,NA
1023,384,0.398826105982678,-115.358428313328,46.4494191703461,-112.009063521579,47.6379791068212,1.20962325537466,0.810797149391981,2022.30802320909,2022.70684931507,PQ718777|A/Trumpeter_Swan/MT/22-030263-001-original/2022|H5N1|USA-MT|2022-09-16|wild_avian|B3.2
978,376,0.0583695910293875,-94.256066070982,32.752054697469,-106.998696880856,53.9821133019262,1.20962325537466,1.15125366434527,2022.64847972404,2022.70684931507,PV309064|A/Coopers_Hawk/SK/FAV-1470-23-2022/2022|H5N1|Canada-SK|2022-09-16|wild_avian|B3.2
1006,1007,0.0652388168420113,-106.838970451669,39.3214674740337,-103.208068980589,43.6628203699992,1.21160511278698,1.14636629594497,2022.64359235564,2022.70883117248,NA
1125,1126,0.134347136276447,-77.9541003955203,51.7842724240259,-79.4585298895719,48.7243374794416,1.21187649214706,1.07752935587061,2022.57475541556,2022.70910255184,NA
714,88,0.207961290660227,-95.3531927013582,24.65809662345,-99.8679639057714,28.3440750835147,1.21236298140202,1.00440169074179,2022.50162775044,2022.7095890411,PQ706441|A/Blue-winged_teal/TX/22-031351-010-original-repeat/2022|H5N1|USA-TX|2022-09-17|wild_avian|B3.2
988,300,0.0178981455942133,-95.415553549313,45.0875086096792,-95.1223483396669,45.4134457626551,1.21236298140202,1.1944648358078,2022.6916908955,2022.7095890411,PQ701745|A/American_green-winged_teal/MN/23-013078-030-original/2022|H5N1|USA-MN|2022-09-17|wild_avian|B3.2
999,1001,0.0729828151705618,-109.365270310623,42.7114476840033,-113.535514846894,44.0231452252481,1.2127932022969,1.13981038712634,2022.63703644682,2022.71001926199,NA
617,633,0.00697858052189915,-118.696978479485,42.530035583287,-118.895878646515,42.6860071129766,1.21304408315676,1.20606550263486,2022.70329156233,2022.71027014285,NA
1007,1009,0.00416318277585326,-103.208068980589,43.6628203699992,-103.419902831232,42.8903147602393,1.21576829556283,1.21160511278698,2022.70883117248,2022.71299435526,NA
898,899,0.132689489729578,-108.002468863408,42.0466194878433,-111.53211648143,36.3319346231239,1.21600243453722,1.08331294480764,2022.5805390045,2022.71322849423,NA
967,365,0.0654015422333569,-93.892356752975,35.3454734836707,-103.678299608452,38.7133073095436,1.21784243345696,1.1524408912236,2022.64966695092,2022.71506849315,PQ715737|A/Red-tailed_hawk/CO/22-029818-001-original-repeat/2022|H5N1|USA-CO|2022-09-19|wild_avian|B3.2
946,966,0.0884144018348412,-92.440785158741,37.9922891146186,-95.3116335914134,38.7864319733218,1.21828886705321,1.12987446521837,2022.62710052491,2022.71551492675,NA
944,326,0.0914191342807578,-91.3703984310625,37.6392040932979,-92.7419691622609,30.1784795507141,1.22058215948432,1.12916302520356,2022.6263890849,2022.71780821918,PQ705761|A/Blue-winged_teal/LA/22-033477-003-original/2022|H5N1|USA-LA|2022-09-20|wild_avian|B3.2
1101,1102,0.125391994349648,-87.6430403237294,38.956091623898,-88.1795516615051,39.2417038000469,1.22202106384923,1.09662906949958,2022.59385512919,2022.71924712354,NA
1009,1012,0.00796579744080894,-103.419902831232,42.8903147602393,-103.371992064963,42.5418467455889,1.22373409300364,1.21576829556283,2022.71299435526,2022.7209601527,NA
896,897,0.11278288008568,-109.649535813955,44.4828643550353,-104.010155021413,39.7812209472972,1.22374980913839,1.11096692905271,2022.60819298875,2022.72097586883,NA
939,940,0.0216098825750963,-97.1147619910242,36.0830234407413,-96.483770891585,37.1526621669924,1.22383316323586,1.20222328066076,2022.69944934035,2022.72105922293,NA
705,706,0.117891075572173,-96.0556907920259,37.9648607501819,-95.9772899014998,37.9537338213316,1.22599084340031,1.10809976782813,2022.60532582752,2022.72321690309,NA
1088,564,0.563774240248722,-90.1226045567063,44.8708450030703,-98.8971467405647,33.5359874800302,1.22606161153903,0.662287371290309,2022.15951343098,2022.72328767123,PQ706497|A/Blue-winged_teal/TX/22-033479-004-original/2022|H5N1|USA-TX|2022-09-22|wild_avian|B3.2
987,299,0.048276206992615,-98.114492043509,45.7972780759823,-114.65755662494,57.2345669104272,1.22606161153903,1.17778540454642,2022.67501146424,2022.72328767123,PV320424|A/Turkey/AB/FAV-0962-1-2022/2022|H5N1|Canada-AB|2022-09-22|domestic_avian|B3.2
654,295,0.309812511916047,-98.4749805284488,39.9781722950555,-91.9117166882308,30.1257886971822,1.22880133756639,0.918988825650342,2022.41621488534,2022.72602739726,EPI_ISL_17690225|A/duck/Louisiana/UGAI22-3889/2022|H5N1|USA-LA|2022-09-23|domestic_avian|B3.2
715,266,0.163292762706495,-95.3335871012268,23.9618177848141,-90.8155811219648,36.5177436926698,1.22880133756639,1.06550857485989,2022.56273463455,2022.72602739726,PQ701273|A/American_Blue-winged_teal/MO/22-032511-101-original-repeat/2022|H5N1|USA-MO|2022-09-23|wild_avian|B3.2
894,269,0.113134378229045,-109.374008696625,46.9297306566803,-114.993405991461,39.4909786328447,1.22880133756639,1.11566695933734,2022.61289301903,2022.72602739726,PQ708353|A/Canada_goose/NV/22-033403-003-original-repeat/2022|H5N1|USA-NV|2022-09-23|wild_avian|B3.2
1060,1061,0.0452439705102958,-111.254282281099,48.3210108268408,-123.041623042884,48.6253851376588,1.23018119399427,1.18493722348397,2022.68216328318,2022.72740725369,NA
902,286,0.113797302859267,-112.023616138347,37.1239622779733,-114.371477660601,48.9963319444389,1.23154106359397,1.11774376073471,2022.61496982043,2022.72876712329,PQ706313|A/Blue-winged_teal/MT/22-031163-004-original-repeat/2022|H5N1|USA-MT|2022-09-24|wild_avian|B3.2
940,941,0.00892547351916795,-96.483770891585,37.1526621669924,-98.5243027585265,42.8173619802843,1.23275863675503,1.22383316323586,2022.72105922293,2022.72998469645,NA
1125,1130,0.157074186086284,-77.9541003955203,51.7842724240259,-77.6307445659642,50.9402942745706,1.2346035419569,1.07752935587061,2022.57475541556,2022.73182960165,NA
948,949,0.0367502561468709,-94.1011507721386,38.1631095538826,-97.2211894137217,39.2110636384874,1.23523793875142,1.19848768260455,2022.6957137423,2022.73246399845,NA
1007,1008,0.0258945643642403,-103.208068980589,43.6628203699992,-106.63899324307,45.3006346048446,1.23749967715122,1.21160511278698,2022.70883117248,2022.73472573684,NA
1053,1054,0.0787557246282908,-127.105440192124,56.2969403692009,-140.95538429799,59.149583447348,1.23810838012635,1.15935265549806,2022.65657871519,2022.73533443982,NA
697,698,0.0438415601493398,-111.134102734994,41.1009640176821,-113.780295507486,40.0094965878314,1.23920490226079,1.19536334211145,2022.69258940181,2022.73643096195,NA
1124,523,0.161913518873567,-83.2076110293209,52.566264425395,-66.7570249700937,47.9334765413195,1.23976024167605,1.07784672280248,2022.5750727825,2022.73698630137,PV301592|A/American_Black_Duck/NB/FAV-1206-8-2022/2022|H5N1|Canada-NB|2022-09-27|wild_avian|B3.2
697,41,0.0443968995645947,-111.134102734994,41.1009640176821,-112.310545129045,38.7478031194938,1.23976024167605,1.19536334211145,2022.69258940181,2022.73698630137,PQ710001|A/Eared_grebe/UT/22-030915-001-original/2022|H5N1|USA-UT|2022-09-27|wild_avian|B3.2
1126,1127,0.0279317351127761,-79.4585298895719,48.7243374794416,-77.0106499860218,48.2377476455394,1.23980822725984,1.21187649214706,2022.70910255184,2022.73703428695,NA
718,828,0.0457565597458354,-81.8000776507762,-1.29534623217755,-80.6396452830456,-7.0743596372518,1.24079757306263,1.1950410133168,2022.69226707301,2022.73802363276,NA
702,57,0.206852567841277,-102.565383937324,38.380125703178,-96.9323406865073,46.2626113618085,1.2424999677034,1.03564739986213,2022.53287345956,2022.7397260274,PQ711673|A/Great_horned_owl/ND/22-032264-001-original/2022|H5N1|USA-ND|2022-09-28|wild_avian|B3.2
997,430,0.143418023546503,-108.573737937076,42.4140031217427,-103.844013766576,48.2192713413922,1.2424999677034,1.0990819441569,2022.59630800385,2022.7397260274,PQ702113|A/American_white_Pelican/ND/22-032266-001-original-repeat/2022|H5N1|USA-ND|2022-09-28|wild_avian|B3.2
887,265,0.135073363316295,-99.8394649990747,31.2257587214788,-104.557453867039,39.4074063714847,1.2424999677034,1.10742660438711,2022.60465266408,2022.7397260274,PQ716913|A/Ring-billed_gull/CO/22-030941-001-original/2022|H5N1|USA-CO|2022-09-28|wild_avian|B3.2
649,305,0.0861847067554931,-104.135414037707,50.1376008556199,-104.442955408897,50.2696468883689,1.2424999677034,1.15631526094791,2022.65354132064,2022.7397260274,PV310832|A/Domestic_bird/SK/FAV-0986-2-2022/2022|H5N1|Canada-SK|2022-09-28|domestic_avian|B3.2
828,830,0.00313884261154351,-80.6396452830456,-7.0743596372518,-77.5808782956251,-8.31403559191037,1.24393641567418,1.24079757306263,2022.73802363276,2022.74116247537,NA
1122,528,0.267124280152298,-91.6048023309365,50.1701047869799,-95.1476642473605,44.5909700491588,1.24523969373099,0.978115413578689,2022.47534147327,2022.74246575342,PQ719105|A/Turkey_Vulture/MN/22-031157-002-original/2022|H5N1|USA-MN|2022-09-29|wild_avian|B3.2
1124,524,0.167392970928509,-83.2076110293209,52.566264425395,-93.0948700326266,56.8441094680038,1.24523969373099,1.07784672280248,2022.5750727825,2022.74246575342,PV320960|A/Turkey/MB/FAV-0994-2-2022/2022|H5N1|Canada-MB|2022-09-29|domestic_avian|B3.2
698,42,0.00603479147019703,-113.780295507486,40.0094965878314,-113.658309266347,40.4544232204942,1.24523969373099,1.23920490226079,2022.73643096195,2022.74246575342,PQ712361|A/Gull/UT/22-031729-002-original-repeat/2022|H5N1|USA-UT|2022-09-29|wild_avian|B3.2
999,1000,0.108133205821945,-109.365270310623,42.7114476840033,-114.403330980698,42.6538091814752,1.24794359294828,1.13981038712634,2022.63703644682,2022.74516965264,NA
606,466,0.189389294285347,-141.31867699942,71.4109048219286,-162.155980091141,55.6474253209267,1.24797941975834,1.058590125473,2022.55581618517,2022.74520547945,PQ714633|A/Northern_pintail/AK/23-002693-016-original/2022|H5N1|USA-AK|2022-09-30|wild_avian|B3.2
896,273,0.139752216732993,-109.649535813955,44.4828643550353,-112.089312033791,42.6443746207234,1.2507191457857,1.11096692905271,2022.60819298875,2022.74794520548,PQ701705|A/American_green-winged_teal/ID/22-034533-007-original-repeat2/2022|H5N1|USA-ID|2022-10-01|wild_avian|B3.2
711,53,0.0557093321410314,-88.6623284056549,32.8328814620508,-101.88906169989,47.7407205724697,1.2507191457857,1.19500981364467,2022.69223587334,2022.74794520548,PQ701793|A/American_green-winged_teal/ND/22-032267-001-original-repeat/2022|H5N1|USA-ND|2022-10-01|wild_avian|B3.2
903,911,0.245907151322363,-108.184451857505,38.6345541969673,-106.757044659365,45.5208629311193,1.25528336760107,1.00937621627871,2022.50660227597,2022.7525094273,NA
968,969,0.0473695921373904,-93.8540154784678,36.2580216466175,-84.153797582202,37.4902152344629,1.25621487025719,1.2088452781198,2022.70607133781,2022.75344092995,NA
1101,1104,0.159807123008215,-87.6430403237294,38.956091623898,-78.0580115267551,48.5870665707513,1.25643619250779,1.09662906949958,2022.59385512919,2022.7536622522,NA
1046,1047,0.341235033096312,-119.909697866799,46.6819547306097,-119.047444130406,41.9543573381233,1.25662375238455,0.915388719288237,2022.41261477898,2022.75384981208,NA
718,719,0.0632414150360212,-81.8000776507762,-1.29534623217755,-82.0852841022624,-1.49461890925796,1.25828242835282,1.1950410133168,2022.69226707301,2022.75550848805,NA
680,59,0.130559777041897,-114.560134430665,44.3764669230768,-112.106279068334,40.833515116786,1.25893832386777,1.12837854682588,2022.62560460652,2022.75616438356,PQ709897|A/Duck/UT/22-031728-004-original-repeat/2022|H5N1|USA-UT|2022-10-04|domestic_avian|B3.2
664,665,0.20163764186166,-106.796726541521,45.7998608427029,-105.829262563279,44.7506000514403,1.25942325508045,1.05778561321879,2022.55501167291,2022.75664931477,NA
647,648,0.123503919972572,-100.327044894749,54.8434268524522,-108.057272866872,46.5303230368654,1.26159238222876,1.13808846225619,2022.63531452195,2022.75881844192,NA
973,366,0.148641822332124,-96.0606945738606,38.3191834083164,-111.156622201535,51.3751929189562,1.26167804989536,1.11303622756324,2022.61026228726,2022.75890410959,PV305552|A/Canada_Goose/AB/FAV-1258-5-2022/2022|H5N1|Canada-AB|2022-10-05|wild_avian|B3.2
699,46,0.113329326395193,-104.732533847372,40.8771661011696,-99.9106012754113,53.2495685144707,1.26167804989536,1.14834872350017,2022.64557478319,2022.75890410959,PV324056|A/chicken/MB/FAV-1061-1-2022/2022|H5N1|Canada-MB|2022-10-05|domestic_avian|B3.2
972,322,0.0558031700226054,-96.7949527409803,39.2124673365448,-118.866150454347,55.352631218405,1.26167804989536,1.20587487987275,2022.70310093957,2022.75890410959,PV305560|A/Canada_Goose/AB/FAV-1258-6-2022/2022|H5N1|Canada-AB|2022-10-05|wild_avian|B3.2
1014,1015,0.101981493153243,-109.198440979456,39.0152705645457,-114.734240472609,46.118584439684,1.26192805421619,1.15994656106295,2022.65717262076,2022.75915411391,NA
979,372,0.100826600433492,-94.2492783063817,31.1642949304074,-93.770316548009,36.2124275210993,1.26441777592272,1.16359117548922,2022.66081723518,2022.76164383562,EPI_ISL_16297378|A/chicken/Arkansas/22-031676-001/2022|H5N1|USA-AR|2022-10-06|domestic_avian|B3.2
909,276,0.0748746331314845,-96.3827559050117,38.1234353414273,-86.5966174374663,41.4899609518203,1.26715750195007,1.19228286881859,2022.68950892851,2022.76438356164,PQ715137|A/Peregrine_falcon/IN/22-032710-001-original/2022|H5N1|USA-IN|2022-10-07|wild_avian|B3.2
719,720,0.0144403761252061,-82.0852841022624,-1.49461890925796,-78.0876681932491,-6.06012357245074,1.27272280447802,1.25828242835282,2022.75550848805,2022.76994886417,NA
611,612,0.0881301442738267,-119.614759827238,41.455723368239,-121.814859404695,46.3380754901464,1.27349505405435,1.18536490978052,2022.68259096947,2022.77072111375,NA
693,37,0.240442389962456,-101.362103052933,35.0720597532059,-98.9596057981665,34.5285132552117,1.27537668003215,1.03493429006969,2022.53216034976,2022.77260273973,PQ701297|A/American_Blue-winged_teal/OK/22-032994-002-original/2022|H5N1|USA-OK|2022-10-10|wild_avian|B3.2
898,267,0.192063735224508,-108.002468863408,42.0466194878433,-109.045169730509,42.5646787218353,1.27537668003215,1.08331294480764,2022.5805390045,2022.77260273973,EPI_ISL_16297368|A/chicken/Wyoming/22-032216-001/2022|H5N1|USA-WY|2022-10-10|domestic_avian|B3.2
897,271,0.0516268708937564,-104.010155021413,39.7812209472972,-105.694501525428,40.813219781267,1.27537668003215,1.22374980913839,2022.72097586883,2022.77260273973,EPI_ISL_16297358|A/chicken/Colorado/22-032670-001/2022|H5N1|USA-CO|2022-10-10|domestic_avian|B3.2
897,272,0.0516268708937564,-104.010155021413,39.7812209472972,-104.937230660747,40.3795373270314,1.27537668003215,1.22374980913839,2022.72097586883,2022.77260273973,EPI_ISL_16297365|A/chicken/Colorado/22-032233-001/2022|H5N1|USA-CO|2022-10-10|domestic_avian|B3.2
1041,27,0.191249438074485,-119.811697180343,51.3749148827451,-125.169468958165,53.5229059375317,1.27811640605973,1.08686696798525,2022.58409302768,2022.77534246575,PV309680|A/Domestic_bird/BC/FAV-1128-2022/2022|H5N1|Canada-BC|2022-10-11|domestic_avian|B3.2
1061,399,0.0479352120654633,-123.041623042884,48.6253851376588,-148.365624927317,63.2597167204947,1.27811640605973,1.23018119399427,2022.72740725369,2022.77534246575,PP802398|A/domestic_turkey/USA/22-032677-004/2022|H5N1|USA-AK|2022-10-11|domestic_avian|B3.2
602,603,0.422879756949277,-128.193846233223,58.8195234483279,-123.268483532425,46.0383930896905,1.27912379778281,0.856244040833535,2022.35347010053,2022.77634985748,NA
706,707,0.0544599888702595,-95.9772899014998,37.9537338213316,-95.8765985041349,38.8400728354273,1.28045083227057,1.22599084340031,2022.72321690309,2022.77767689196,NA
949,950,0.0453055313058459,-97.2211894137217,39.2110636384874,-103.416891523365,39.5783886052413,1.28054347005727,1.23523793875142,2022.73246399845,2022.77776952975,NA
1012,426,0.0571220390834473,-103.371992064963,42.5418467455889,-99.497948743776,51.6146282239386,1.28085613208709,1.22373409300364,2022.7209601527,2022.77808219178,PV303768|A/Bald_Eagle/MB/OTH-0142-1-2022/2022|H5N1|Canada-MB|2022-10-12|wild_avian|B3.2
1041,26,0.1967288901292,-119.811697180343,51.3749148827451,-92.9287413337079,35.4567103269727,1.28359585811445,1.08686696798525,2022.58409302768,2022.78082191781,EPI_ISL_16297360|A/chicken/Arkansas/22-032566-001/2022|H5N1|USA-AR|2022-10-13|domestic_avian|B3.2
720,817,0.0113976731966403,-78.0876681932491,-6.06012357245074,-79.4896358130278,-6.34414466111243,1.28412047767466,1.27272280447802,2022.76994886417,2022.78134653737,NA
675,676,0.172899150679926,-107.734152212631,47.4922166492737,-106.15779076798,44.005350111508,1.28594134968582,1.11304219900589,2022.6102682587,2022.78316740938,NA
1046,469,0.370946864853567,-119.909697866799,46.6819547306097,-162.241625829543,55.336625174257,1.2863355841418,0.915388719288237,2022.41261477898,2022.78356164384,PQ713065|A/Mallard/AK/23-003641-008-original/2022|H5N1|USA-AK|2022-10-14|wild_avian|B3.2
711,54,0.0913257704971322,-88.6623284056549,32.8328814620508,-92.0941711396615,32.5372526089023,1.2863355841418,1.19500981364467,2022.69223587334,2022.78356164384,EPI_ISL_16297332|A/goose/Louisiana/22-033391-001/2022|H5N1|USA-LA|2022-10-14|domestic_avian|B3.2
968,364,0.0774903060220002,-93.8540154784678,36.2580216466175,-115.71650457302,38.2225767011183,1.2863355841418,1.2088452781198,2022.70607133781,2022.78356164384,EPI_ISL_16297353|A/chicken/Nevada/22-032799-001/2022|H5N1|USA-NV|2022-10-14|domestic_avian|B3.2
992,312,0.0970910149123285,-111.027635713411,36.9155057895245,-119.83253312994,45.5623421318181,1.28907531016916,1.19198429525683,2022.68921035495,2022.78630136986,PQ702361|A/American_wigeon/OR/22-033876-019-original/2022|H5N1|USA-OR|2022-10-15|wild_avian|B3.2
939,353,0.0868520295083965,-97.1147619910242,36.0830234407413,-78.1129022688356,42.6394359779564,1.28907531016916,1.20222328066076,2022.69944934035,2022.78630136986,PQ701809|A/American_green-winged_teal/NY/22-033592-029-original/2022|H5N1|USA-NY|2022-10-15|wild_avian|B3.2
983,379,0.0848869455734187,-99.3539886505769,42.4363403231553,-97.5729323328596,40.8672890386764,1.28907531016916,1.20418836459574,2022.70141442429,2022.78630136986,EPI_ISL_16297351|A/pheasant/Nebraska/22-032910-001/2022|H5N1|USA-NE|2022-10-15|domestic_avian|B3.2
899,274,0.073072875631945,-111.53211648143,36.3319346231239,-113.066375036045,33.3725534880618,1.28907531016916,1.21600243453722,2022.71322849423,2022.78630136986,PQ714969|A/Pelican/AZ/22-038234-003-original/2022|H5N1|USA-AZ|2022-10-15|wild_avian|B3.2
899,275,0.073072875631945,-111.53211648143,36.3319346231239,-112.392781817066,32.0718466381119,1.28907531016916,1.21600243453722,2022.71322849423,2022.78630136986,PQ714961|A/Pelican/AZ/22-038234-002-original/2022|H5N1|USA-AZ|2022-10-15|wild_avian|B3.2
969,363,0.0328604399119672,-84.153797582202,37.4902152344629,-82.7706637940352,38.8911444914535,1.28907531016916,1.25621487025719,2022.75344092995,2022.78630136986,PQ702337|A/American_wigeon/OH/22-034080-032-original/2022|H5N1|USA-OH|2022-10-15|wild_avian|B3.2
1104,1105,0.0341527467398839,-78.0580115267551,48.5870665707513,-73.1600003811624,44.2702606992181,1.29058893924768,1.25643619250779,2022.7536622522,2022.78781499894,NA
887,888,0.183405123801741,-99.8394649990747,31.2257587214788,-105.63443391875,41.934659540706,1.29083172818885,1.10742660438711,2022.60465266408,2022.78805778788,NA
949,951,0.0556150822216006,-97.2211894137217,39.2110636384874,-97.0025671140208,37.803349284632,1.29085302097302,1.23523793875142,2022.73246399845,2022.78807908067,NA
655,294,0.209095753240555,-96.745841902903,43.1166798783259,-94.9488957343055,41.5151171975608,1.29181503619652,1.08271928295596,2022.57994534265,2022.78904109589,PQ701697|A/American_green-winged_teal/IA/22-034928-001-original-repeat2/2022|H5N1|USA-IA|2022-10-16|wild_avian|B3.2
902,287,0.174071275461812,-112.023616138347,37.1239622779733,-118.919432889623,37.0297582548306,1.29181503619652,1.11774376073471,2022.61496982043,2022.78904109589,EPI_ISL_16297067|A/Muscovy_duck/California/22-034335-001/2022|H5N1|USA-CA|2022-10-16|wild_avian|B3.2
661,35,0.474090626710374,-107.278918590738,45.7964535560874,-97.9938955281602,39.8370617089837,1.2945547622241,0.820464135513729,2022.31769019521,2022.79178082192,PQ715033|A/Pelican/KS/22-036624-001-original-repeat/2022|H5N1|USA-KS|2022-10-17|wild_avian|B3.2
1040,28,0.219957375324884,-122.649121904626,50.5460054498068,-96.3151624823375,32.8377910928287,1.2945547622241,1.07459738689922,2022.57182344659,2022.79178082192,EPI_ISL_16297342|A/chicken/Texas/22-033221-001/2022|H5N1|USA-TX|2022-10-17|domestic_avian|B3.2
1094,1095,0.276464391446539,-86.6005532298837,46.2857439872659,-68.6452707659907,41.2251276000739,1.29458542058196,1.01812102913542,2022.51534708883,2022.79181148028,NA
992,313,0.105310192994628,-111.027635713411,36.9155057895245,-98.5487935816391,44.923995208732,1.29729448825146,1.19198429525683,2022.68921035495,2022.79452054795,EPI_ISL_16297337|A/chicken/South_Dakota/22-033350-001/2022|H5N1|USA-SD|2022-10-18|domestic_avian|B3.2
911,284,0.0420111206503901,-106.757044659365,45.5208629311193,-110.336761829709,48.8164319679031,1.29729448825146,1.25528336760107,2022.7525094273,2022.79452054795,EPI_ISL_16297340|A/chicken/Montana/22-033348-001/2022|H5N1|USA-MT|2022-10-18|domestic_avian|B3.2
983,378,0.0958458496830756,-99.3539886505769,42.4363403231553,-100.594543067582,41.9759680617886,1.30003421427882,1.20418836459574,2022.70141442429,2022.79726027397,PQ718537|A/Sparrow/NE/22-033885-001-original/2022|H5N1|USA-NE|2022-10-19|wild_avian|B3.2
951,955,0.00939938048314248,-97.0025671140208,37.803349284632,-95.651560371437,36.3031552585174,1.30025240145616,1.29085302097302,2022.78807908067,2022.79747846115,NA
938,325,0.148075176501736,-99.8529579925424,38.7611360225404,-81.8471102805285,28.5875964036319,1.30277394030617,1.15469876380444,2022.6519248235,2022.8,EPI_ISL_16297133|A/chicken/Florida/22-033923-001/2022|H5N1|USA-FL|2022-10-20|domestic_avian|B3.2
979,375,0.139182764816951,-94.2492783063817,31.1642949304074,-97.2218668601308,35.3000506875217,1.30277394030617,1.16359117548922,2022.66081723518,2022.8,EPI_ISL_16297140|A/chicken/Oklahoma/22-033558-001/2022|H5N1|USA-OK|2022-10-20|domestic_avian|B3.2
911,285,0.0474905727051049,-106.757044659365,45.5208629311193,-106.763564708159,45.5059841281769,1.30277394030617,1.25528336760107,2022.7525094273,2022.8,PQ708265|A/Canada_goose/MT/22-033859-002-original/2022|H5N1|USA-MT|2022-10-20|wild_avian|B3.2
1095,1096,0.00823416758896212,-68.6452707659907,41.2251276000739,-71.376267777253,41.8439055677387,1.30281958817092,1.29458542058196,2022.79181148028,2022.80004564786,NA
1130,1131,0.070953382498999,-77.6307445659642,50.9402942745706,-63.7387833518053,49.3580370533291,1.3055569244559,1.2346035419569,2022.73182960165,2022.80278298415,NA
1102,1103,0.086203606122095,-88.1795516615051,39.2417038000469,-91.633472639816,39.4328910911656,1.30822466997132,1.22202106384923,2022.71924712354,2022.80545072967,NA
655,293,0.225534109405154,-96.745841902903,43.1166798783259,-107.951149446437,49.0547160938915,1.30825339236112,1.08271928295596,2022.57994534265,2022.80547945205,PV310888|A/Domestic_bird/SK/FAV-1259-1-2022/2022|H5N1|Canada-SK|2022-10-22|domestic_avian|B3.2
694,43,0.215607085121462,-101.507220013963,37.8831873078814,-106.879389542289,57.5176248434076,1.30825339236112,1.09264630723965,2022.58987236693,2022.80547945205,PV324608|A/chicken/SK/FAV-1261-2-2022/2022|H5N1|Canada-SK|2022-10-22|domestic_avian|B3.2
941,357,0.0754947556060888,-98.5243027585265,42.8173619802843,-94.5115231024676,41.9666316375303,1.30825339236112,1.23275863675503,2022.72998469645,2022.80547945205,PQ705697|A/Blue-winged_teal/IA/22-034304-005-original-repeat2/2022|H5N1|USA-IA|2022-10-22|wild_avian|B3.2
1105,1106,0.0197646474610282,-73.1600003811624,44.2702606992181,-73.6858799876366,44.0898884601878,1.31035358670871,1.29058893924768,2022.78781499894,2022.8075796464,NA
1106,1107,0.000126288702115396,-73.6858799876366,44.0898884601878,-73.6024906530765,44.2716247380833,1.31047987541082,1.31035358670871,2022.8075796464,2022.8077059351,NA
830,831,0.0665745382904044,-77.5808782956251,-8.31403559191037,-75.7092898590926,-11.6270584060977,1.31051095396458,1.24393641567418,2022.74116247537,2022.80773701366,NA
1035,1036,0.240522301839792,-122.426686294135,49.2320866461522,-117.039019586482,49.2381766493519,1.31076119396484,1.07023889212505,2022.56746495182,2022.80798725366,NA
933,329,0.133758677108479,-96.3813145131208,43.556901179161,-95.7158053256338,45.2141482079403,1.31099311838847,1.17723444128,2022.67446050097,2022.80821917808,EPI_ISL_16297135|A/turkey/Minnesota/22-033929-001/2022|H5N1|USA-MN|2022-10-23|domestic_avian|B3.2
831,832,0.00152702243945058,-75.7092898590926,-11.6270584060977,-77.0892106729851,-13.0083330037268,1.31203797640403,1.31051095396458,2022.80773701366,2022.8092640361,NA
832,833,0.00002008231285755,-77.0892106729851,-13.0083330037268,-77.2933483894791,-12.9777714153708,1.31205805871689,1.31203797640403,2022.8092640361,2022.80928411841,NA
831,881,0.00219164411680239,-75.7092898590926,-11.6270584060977,-75.149115477713,-11.9032537605407,1.31270259808138,1.31051095396458,2022.80773701366,2022.80992865778,NA
642,467,0.619036202643704,-116.270854664653,54.2031664557812,-119.911021019744,52.0325621781437,1.31647257044319,0.697436367799485,2022.19466242749,2022.81369863014,PV304800|A/Cackling_Goose/BC/FAV-0014-67-2023/2022|H5N1|Canada-BC|2022-10-25|wild_avian|B3.2
708,48,0.233002496026512,-90.4038314488115,34.6467782228425,-93.6011340252226,44.5450256840444,1.31647257044319,1.08347007441668,2022.58069613411,2022.81369863014,EPI_ISL_16297129|A/turkey/Minnesota/22-034260-001/2022|H5N1|USA-MN|2022-10-25|domestic_avian|B3.2
696,39,0.145547767240525,-108.375546623676,40.4755306545751,-113.128153169366,41.2397013474963,1.31647257044319,1.17092480320266,2022.6681508629,2022.81369863014,PQ711857|A/Great_horned_owl/UT/22-035956-007-original/2022|H5N1|USA-UT|2022-10-25|wild_avian|B3.2
888,891,0.0271539917959189,-105.63443391875,41.934659540706,-106.72961233855,44.1168735507879,1.31798571998477,1.29083172818885,2022.78805778788,2022.81521177968,NA
955,956,0.0184830906334255,-95.651560371437,36.3031552585174,-95.7575945229767,37.7923122825278,1.31873549208959,1.30025240145616,2022.79747846115,2022.81596155178,NA
650,651,0.121615076096514,-102.189244344052,49.1221613591694,-96.8745451366248,46.2496625010324,1.31915758549895,1.19754250940244,2022.6947685691,2022.81638364519,NA
702,58,0.283564896608421,-102.565383937324,38.380125703178,-114.803432957096,43.4155717955327,1.31921229647055,1.03564739986213,2022.53287345956,2022.81643835616,PQ702289|A/American_wigeon/ID/22-036873-001-original/2022|H5N1|USA-ID|2022-10-26|wild_avian|B3.2
951,952,0.029111592096736,-97.0025671140208,37.803349284632,-88.2522670230324,32.7558404089649,1.31996461306976,1.29085302097302,2022.78807908067,2022.81719067276,NA
919,380,0.228150862512355,-101.180358821509,41.9411980052467,-123.844688916706,45.8236329599391,1.3219520224979,1.09380115998555,2022.59102721968,2022.81917808219,PQ702401|A/American_wigeon/OR/22-035736-015-original/2022|H5N1|USA-OR|2022-10-27|wild_avian|B3.2
977,368,0.173828495129619,-94.4486220180948,33.6488481641776,-116.537630074759,32.7848008881695,1.3219520224979,1.14812352736829,2022.64534958706,2022.81917808219,PQ701953|A/American_white_Pelican/CA/22-035596-001-original/2022|H5N1|USA-CA|2022-10-27|wild_avian|B3.2
982,377,0.121261838434688,-99.7339944514494,42.8230219496313,-99.4995949283263,43.2137107231953,1.3219520224979,1.20069018406322,2022.69791624376,2022.81917808219,EPI_ISL_16297062|A/pheasant/South_Dakota/22-034797-001/2022|H5N1|USA-SD|2022-10-27|domestic_avian|B3.2
1131,1132,0.0167399359165668,-63.7387833518053,49.3580370533291,-63.3194679605786,48.8692990188393,1.32229686037246,1.3055569244559,2022.80278298415,2022.81952292007,NA
817,818,0.0385454531643967,-79.4896358130278,-6.34414466111243,-80.6945395277121,-8.3688436369442,1.32266593083906,1.28412047767466,2022.78134653737,2022.81989199053,NA
940,942,0.0994712610575124,-96.483770891585,37.1526621669924,-101.294818389233,34.9707494696357,1.32330442429337,1.22383316323586,2022.72105922293,2022.82053048399,NA
1127,1128,0.0838382252447101,-77.0106499860218,48.2377476455394,-78.8093499052545,48.9138349847254,1.32364645250455,1.23980822725984,2022.73703428695,2022.8208725122,NA
923,316,0.256567181756807,-95.368653709468,38.5698177630569,-87.041552060983,41.2482011430161,1.32469174852549,1.06812456676868,2022.56535062646,2022.82191780822,PQ713273|A/Mallard/IN/22-034829-007-original-repeat2/2022|H5N1|USA-IN|2022-10-28|wild_avian|B3.2
1054,1055,0.0870102095684122,-140.95538429799,59.149583447348,-146.141707190817,61.908666252763,1.32511858969477,1.23810838012635,2022.73533443982,2022.82234464939,NA
886,258,0.120627929767045,-93.2174424653094,16.9435864428214,-81.8347223593279,28.1960351580726,1.32743147455285,1.2068035447858,2022.70402960448,2022.82465753425,PQ715121|A/Peregrine_falcon/FL/22-035514-001-original/2022|H5N1|USA-FL|2022-10-29|wild_avian|B3.2
1105,1108,0.0369220283057117,-73.1600003811624,44.2702606992181,-72.5409605267031,42.6357256526788,1.32751096755339,1.29058893924768,2022.78781499894,2022.82473702725,NA
1012,1013,0.104195446410636,-103.371992064963,42.5418467455889,-116.590177940386,50.7111533768002,1.32792953941428,1.22373409300364,2022.7209601527,2022.82515559911,NA
1132,1133,0.00685278112605303,-63.3194679605786,48.8692990188393,-61.8807265616107,46.8526386395519,1.32914964149852,1.32229686037246,2022.81952292007,2022.82637570119,NA
969,970,0.0730246706142963,-84.153797582202,37.4902152344629,-70.6541767685765,38.3245311516218,1.32923954087149,1.25621487025719,2022.75344092995,2022.82646560057,NA
888,889,0.038646711427031,-105.63443391875,41.934659540706,-102.522524351118,39.8624848606941,1.32947843961588,1.29083172818885,2022.78805778788,2022.82670449931,NA
906,283,0.202904243955566,-96.7650145525987,38.8270032403696,-77.1367179819968,35.6251088816773,1.3301712005802,1.12726695662464,2022.62449301632,2022.82739726027,PQ708281|A/Canada_goose/NC/22-036623-001-original-repeat2/2022|H5N1|USA-NC|2022-10-30|wild_avian|B3.2
679,75,0.193918086062254,-109.190842968813,49.5252341102484,-104.771036001991,42.1498994108729,1.3301712005802,1.13625311451795,2022.63347917421,2022.82739726027,PQ709201|A/Canada_goose/WY/23-000336-002-original/2022|H5N1|USA-WY|2022-10-30|wild_avian|B3.2
930,331,0.137914672397556,-96.4457568036511,42.0715101359998,-92.5578344900956,51.8061935121915,1.3301712005802,1.19225652818265,2022.68948258788,2022.82739726027,PV302416|A/American_Crow/ON/FAV-1440-3-2022/2022|H5N1|Canada-ON|2022-10-30|wild_avian|B3.2
665,666,0.0708367578400235,-105.829262563279,44.7506000514403,-105.375237674653,44.2539834039159,1.33026001292047,1.25942325508045,2022.75664931477,2022.82748607261,NA
956,957,0.0132601271184396,-95.7575945229767,37.7923122825278,-94.9257749520788,36.4542007238339,1.33199561920803,1.31873549208959,2022.81596155178,2022.8292216789,NA
665,667,0.0733756256640317,-105.829262563279,44.7506000514403,-106.994719750368,42.730550053317,1.33279888074448,1.25942325508045,2022.75664931477,2022.83002494044,NA
662,86,0.477231405946624,-107.243703275863,48.698999083171,-97.2090305475648,32.8961011097537,1.33291092660756,0.855679520660937,2022.35290558035,2022.8301369863,EPI_ISL_16297117|A/mallard/Texas/22-035744-001/2022|H5N1|USA-TX|2022-10-31|wild_avian|B3.2
918,381,0.273634839460782,-104.006682080722,43.6267957635261,-88.4948952533142,43.0782738427768,1.33291092660756,1.05927608714678,2022.55650214684,2022.8301369863,EPI_ISL_16297085|A/chicken/Wisconsin/22-034812-002/2022|H5N1|USA-WI|2022-10-31|domestic_avian|B3.2
930,931,0.142662542133442,-96.4457568036511,42.0715101359998,-112.812207845392,44.4226692058798,1.33491907031609,1.19225652818265,2022.68948258788,2022.83214513001,NA
1160,482,0.384622171491741,-110.734100665446,39.4600759862929,-113.085052296566,34.583254858707,1.33565065263492,0.951028481143177,2022.44825454084,2022.83287671233,EPI_ISL_16297070|A/chicken/Arizona/22-035006-002/2022|H5N1|USA-AZ|2022-11-01|domestic_avian|B3.2
975,373,0.260975172453934,-94.6991832521018,35.7372732178331,-101.16240300295,48.6816600049016,1.33565065263492,1.07467548018098,2022.57190153987,2022.83287671233,EPI_ISL_16297071|A/chicken/North_Dakota/22-035070-001/2022|H5N1|USA-ND|2022-11-01|domestic_avian|B3.2
1047,472,0.0790269002503696,-119.047444130406,41.9543573381233,-123.055650567658,45.1393357008993,1.33565065263492,1.25662375238455,2022.75384981208,2022.83287671233,EPI_ISL_16297078|A/chicken/Oregon/22-035197-001/2022|H5N1|USA-OR|2022-11-01|domestic_avian|B3.2
818,820,0.014201701065319,-80.6945395277121,-8.3688436369442,-80.6885588604773,-8.39359563589241,1.33686763190438,1.32266593083906,2022.81989199053,2022.8340936916,NA
1128,1129,0.0143052893410873,-78.8093499052545,48.9138349847254,-78.2234035835252,50.0289675092547,1.33795174184563,1.32364645250455,2022.8208725122,2022.83517780154,NA
1044,13,0.657849463572532,-115.060660645403,46.2966677526045,-70.5487692957221,50.5500201462666,1.33839037866228,0.680540915089744,2022.17776697478,2022.83561643836,PV318152|A/Snow_Goose/QC/FAV-1493-1-2022/2022|H5N1|Canada-QC|2022-11-02|wild_avian|B3.2
616,460,0.136647174820038,-118.800397531513,41.8126641517112,-122.129205132375,47.8315661088171,1.33839037866228,1.20174320384224,2022.69896926354,2022.83561643836,EPI_ISL_16297118|A/chicken/Washington/22-035749-001/2022|H5N1|USA-WA|2022-11-02|domestic_avian|B3.2
1055,406,0.0132717889675105,-146.141707190817,61.908666252763,-147.731799671283,60.9807328739207,1.33839037866228,1.32511858969477,2022.82234464939,2022.83561643836,PP802622|A/mallard/USA/22-036139-048/2022|H5N1|USA-AK|2022-11-02|wild_avian|B3.2
881,882,0.0266175171827068,-75.149115477713,-11.9032537605407,-76.5663197217664,-13.040094421743,1.33932011526409,1.31270259808138,2022.80992865778,2022.83654617496,NA
1009,1010,0.123753350069487,-103.419902831232,42.8903147602393,-106.21161929219,39.0077211888369,1.33952164563232,1.21576829556283,2022.71299435526,2022.83674770533,NA
709,56,0.229849251897926,-88.353047585524,31.9571196067319,-80.979265883012,28.4860736117481,1.34113010468986,1.11128085279193,2022.60850691249,2022.83835616438,PQ709697|A/Double-crested_Cormorant/FL/22-036552-001-original/2022|H5N1|USA-FL|2022-11-03|wild_avian|B3.2
943,321,0.188384493091462,-91.5722514943018,40.7786135841596,-107.272778947708,50.1807716270008,1.34113010468986,1.1527456115984,2022.64997167129,2022.83835616438,PV324640|A/chicken/SK/FAV-1385-2-2022/2022|H5N1|Canada-SK|2022-11-03|domestic_avian|B3.2
908,277,0.159023348409439,-96.3814612790936,38.1270627743216,-107.367314915442,42.8014988463864,1.34113010468986,1.18210675628042,2022.67933281597,2022.83835616438,PQ709153|A/Canada_goose/WY/22-036111-001-original/2022|H5N1|USA-WY|2022-11-03|wild_avian|B3.2
976,374,0.24712445258126,-95.372896743378,35.1057255736429,-86.2000403919873,30.774597427708,1.34386983071722,1.09674537813596,2022.59397143783,2022.84109589041,PQ719905|A/black_skimmer/FL/22-036966-001-original/2022|H5N1|USA-FL|2022-11-04|wild_avian|B3.2
1001,415,0.131076628420317,-113.535514846894,44.0231452252481,-112.230309487159,43.898519145773,1.34386983071722,1.2127932022969,2022.71001926199,2022.84109589041,EPI_ISL_16271835|A/striped_skunk/Idaho/22-037165-002/2022|H5N1|USA-ID|2022-11-04|other_mammal|B3.2
703,47,0.317121025141358,-100.328361427013,36.5129941921868,-93.9267829816482,29.7692749755577,1.34660955674458,1.02948853160322,2022.5267145913,2022.84383561644,PQ710353|A/Gadwall/TX/22-036753-040-original-repeat/2022|H5N1|USA-TX|2022-11-05|wild_avian|B3.2
1015,418,0.0846815025283831,-114.734240472609,46.118584439684,-117.058869275798,38.6644733297731,1.34660955674458,1.26192805421619,2022.75915411391,2022.84383561644,PQ714777|A/Northern_shoveler/NV/22-037517-003-original/2022|H5N1|USA-NV|2022-11-05|wild_avian|B3.2
952,953,0.0271165749406803,-88.2522670230324,32.7558404089649,-89.2831293741101,33.1502727364834,1.34708118801044,1.31996461306976,2022.81719067276,2022.8443072477,NA
1036,1037,0.0363633846184102,-117.039019586482,49.2381766493519,-110.035717908771,41.0066431089288,1.34712457858325,1.31076119396484,2022.80798725366,2022.84435063828,NA
820,823,0.0110336981660457,-80.6885588604773,-8.39359563589241,-79.4530249748413,-7.71609112688313,1.34790133007043,1.33686763190438,2022.8340936916,2022.84512738976,NA
617,618,0.143075536906692,-118.696978479485,42.530035583287,-107.085350909673,42.9466583545559,1.34914103954155,1.20606550263486,2022.70329156233,2022.84636709924,NA
720,721,0.0765160223398742,-78.0876681932491,-6.06012357245074,-67.3545733928203,-15.0932896087311,1.3492388268179,1.27272280447802,2022.76994886417,2022.84646488651,NA
1030,16,0.451754300402308,-121.65776375125,61.0901524400025,-124.668788573339,58.9465935552296,1.34934928277193,0.897594982369625,2022.39482104206,2022.84657534247,PV317736|A/Snow_Goose/BC/FAV-0053-3-2022/2022|H5N1|Canada-BC|2022-11-06|wild_avian|B3.2
1108,1109,0.0218723898297437,-72.5409605267031,42.6357256526788,-73.316770696715,42.4528739027321,1.34938335738313,1.32751096755339,2022.82473702725,2022.84660941708,NA
1039,1042,0.472357556976134,-120.312413762235,59.5555137180308,-120.077817843888,58.588061762068,1.35030681342345,0.877949256447313,2022.37517531614,2022.84753287312,NA
881,884,0.0379863194524925,-75.149115477713,-11.9032537605407,-76.416427616882,-12.0436300330367,1.35068891753387,1.31270259808138,2022.80992865778,2022.84791497723,NA
676,677,0.0651597050912369,-106.15779076798,44.005350111508,-84.2527949518682,35.0861299281044,1.35110105477705,1.28594134968582,2022.78316740938,2022.84832711447,NA
823,824,0.00425108532810725,-79.4530249748413,-7.71609112688313,-79.4037019817364,-7.82203492427973,1.35215241539853,1.34790133007043,2022.84512738976,2022.84937847509,NA
973,367,0.241792507263639,-96.0606945738606,38.3191834083164,-75.2596440198671,10.0824343981464,1.35482873482687,1.11303622756324,2022.61026228726,2022.85205479452,OQ683458|A/chicken/Colombia/Bolivar/3500/2022|H5N1|Colombia-Bolivar|2022-11-08|domestic_avian|B3.2
667,670,0.022492473567624,-106.994719750368,42.730550053317,-105.872319163906,42.625426566012,1.35529135431211,1.33279888074448,2022.83002494044,2022.85251741401,NA
670,671,0.000324364081103035,-105.872319163906,42.625426566012,-105.876532786388,42.6271887558281,1.35561571839321,1.35529135431211,2022.85251741401,2022.85284177809,NA
957,958,0.0240357111294318,-94.9257749520788,36.4542007238339,-94.8660119179004,36.3457596611285,1.35603133033746,1.33199561920803,2022.8292216789,2022.85325739003,NA
958,959,0.000128281272027131,-94.8660119179004,36.3457596611285,-94.7596695855912,36.2596852027359,1.35615961160949,1.35603133033746,2022.85325739003,2022.8533856713,NA
914,291,0.507529642052142,-106.457594380891,44.0987524707285,-110.343116110145,46.1156034023014,1.35756846085423,0.850038818802091,2022.3472648785,2022.85479452055,PQ716385|A/Red-tailed_hawk/MT/22-036316-001-original/2022|H5N1|USA-MT|2022-11-09|wild_avian|B3.2
966,327,0.139279593801017,-95.3116335914134,38.7864319733218,-86.7895218087085,35.2062663876366,1.35756846085423,1.21828886705321,2022.71551492675,2022.85479452055,EPI_ISL_16271855|A/domestic_goose/Tennessee/22-036130-001/2022|H5N1|USA-TN|2022-11-09|domestic_avian|B3.2
1008,425,0.120068783703013,-106.63899324307,45.3006346048446,-116.821167124225,58.1726251080057,1.35756846085423,1.23749967715122,2022.73472573684,2022.85479452055,PV315832|A/Poultry/AB/FAV-1411-1-2022/2022|H5N1|Canada-AB|2022-11-09|domestic_avian|B3.2
618,625,0.0111208991399638,-107.085350909673,42.9466583545559,-108.047193652934,44.2114569358474,1.36026193868151,1.34914103954155,2022.84636709924,2022.85748799838,NA
824,89,0.00815577148305691,-79.4037019817364,-7.82203492427973,-81.200409,-5.197348,1.36030818688159,1.35215241539853,2022.84937847509,2022.85753424658,OQ547439|A/Pelecanus_thagus/Peru/AIS0538/2022|H5N1|Peru|2022-11-10|wild_avian|B3.2
1109,1110,0.0122912029094966,-73.316770696715,42.4528739027321,-71.2267452878581,41.5270384541676,1.36167456029263,1.34938335738313,2022.84660941708,2022.85890061999,NA
1133,1136,0.033056087131496,-61.8807265616107,46.8526386395519,-63.238838923722,45.050625201735,1.36220572863001,1.32914964149852,2022.82637570119,2022.85943178832,NA
1128,519,0.0394014604043997,-78.8093499052545,48.9138349847254,-76.4860209351442,49.5596039108899,1.36304791290895,1.32364645250455,2022.8208725122,2022.8602739726,PV317952|A/Snow_Goose/QC/FAV-0018-1-2023/2022|H5N1|Canada-QC|2022-11-11|wild_avian|B3.2
824,825,0.0129246664706568,-79.4037019817364,-7.82203492427973,-79.7621853965108,-6.83110899846957,1.36507708186919,1.35215241539853,2022.84937847509,2022.86230314156,NA
825,826,0.0000741780277353499,-79.7621853965108,-6.83110899846957,-79.711937000565,-6.82157369041165,1.36515125989692,1.36507708186919,2022.86230314156,2022.86237731959,NA
670,673,0.0117364942579976,-105.872319163906,42.625426566012,-105.438553649894,42.5011209962513,1.3670278485701,1.35529135431211,2022.85251741401,2022.86425390826,NA
833,834,0.0549893140586324,-77.2933483894791,-12.9777714153708,-72.0967605593347,-21.2527280502085,1.36704737277552,1.31205805871689,2022.80928411841,2022.86427343247,NA
834,835,0.000387828682724134,-72.0967605593347,-21.2527280502085,-72.1481808207826,-21.1912960473788,1.36743520145824,1.36704737277552,2022.86427343247,2022.86466126115,NA
882,883,0.0283535226072935,-76.5663197217664,-13.040094421743,-82.5350768954001,-9.71712620648195,1.36767363787138,1.33932011526409,2022.83654617496,2022.86489969757,NA
958,963,0.0118899587601207,-94.8660119179004,36.3457596611285,-89.1282334820169,31.9643427297926,1.36792128909758,1.35603133033746,2022.85325739003,2022.86514734879,NA
721,722,0.0188945445253439,-67.3545733928203,-15.0932896087311,-63.6588219475755,-17.482051439692,1.36813337134324,1.3492388268179,2022.84646488651,2022.86535943104,NA
1094,497,0.35040633582824,-86.6005532298837,46.2857439872659,-95.5652526530634,46.378189162297,1.36852736496366,1.01812102913542,2022.51534708883,2022.86575342466,EPI_ISL_16271859|A/turkey/Minnesota/22-036547-001/2022|H5N1|USA-MN|2022-11-13|domestic_avian|B3.2
1056,1057,0.216011686627283,-112.726304568317,51.5126966044206,-109.545573322091,47.0478927768668,1.3696224577304,1.15361077110312,2022.6508368308,2022.86684851742,NA
618,619,0.0213005042245817,-107.085350909673,42.9466583545559,-108.269553055505,43.6421377718972,1.37044154376613,1.34914103954155,2022.84636709924,2022.86766760346,NA
834,875,0.00352063898226707,-72.0967605593347,-21.2527280502085,-72.1779946946631,-21.2938445667227,1.37056801175779,1.36704737277552,2022.86427343247,2022.86779407145,NA
1032,20,0.275249110498842,-122.115905773786,51.2982065170375,-123.179580192632,50.9880576876289,1.37126709099125,1.0960179804924,2022.59324404019,2022.86849315069,PV304792|A/Cackling_Goose/BC/FAV-0014-28-2023/2022|H5N1|Canada-BC|2022-11-14|wild_avian|B3.2
1014,427,0.211320529928298,-109.198440979456,39.0152705645457,-120.662075142583,36.3078900085745,1.37126709099125,1.15994656106295,2022.65717262076,2022.86849315069,EPI_ISL_16271861|A/Pekin_duck/California/22-036722-001/2022|H5N1|USA-CA|2022-11-14|domestic_avian|B3.2
889,890,0.0428759654844737,-102.522524351118,39.8624848606941,-104.886444994485,40.4531045126734,1.37235440510035,1.32947843961588,2022.82670449931,2022.86958046479,NA
1136,1137,0.010260066567445,-63.238838923722,45.050625201735,-66.3152023017644,43.267292286765,1.37246579519746,1.36220572863001,2022.85943178832,2022.86969185489,NA
1034,17,0.25499610303312,-122.162347488285,53.5765222081135,-115.897000596989,56.5930816604931,1.3740068170186,1.11901071398548,2022.61623677368,2022.87123287671,PV314216|A/Layer_chicken/AB/FAV-1445-2-2022/2022|H5N1|Canada-AB|2022-11-15|domestic_avian|B3.2
1132,516,0.0517099566461403,-63.3194679605786,48.8692990188393,-63.4021294559986,46.4370014040332,1.3740068170186,1.32229686037246,2022.81952292007,2022.87123287671,PV319320|A/Striped_Skunk/PE/FAV-1642-1-2022/2022|H5N1|Canada-PE|2022-11-15|other_mammal|B3.2
974,980,0.30958601078913,-96.68182922018,36.8116063842828,-79.5429095157476,12.2411282169173,1.3762104571496,1.06662444636047,2022.56385050605,2022.87343651684,NA
828,829,0.135494674832347,-80.6396452830456,-7.0743596372518,-80.0722023598126,-6.87961390199898,1.37629224789498,1.24079757306263,2022.73802363276,2022.87351830759,NA
835,871,0.00904973232907214,-72.1481808207826,-21.1912960473788,-71.247612314574,-21.9067763931419,1.37648493378732,1.36743520145824,2022.86466126115,2022.87371099348,NA
625,626,0.016338026190938,-108.047193652934,44.2114569358474,-98.8299323412174,41.9433223721795,1.37659996487245,1.36026193868151,2022.85748799838,2022.87382602457,NA
909,910,0.184406318045734,-96.3827559050117,38.1234353414273,-74.3656734226096,10.4429741716586,1.37668918686432,1.19228286881859,2022.68950892851,2022.87391524656,NA
1010,424,0.0372248974136427,-106.21161929219,39.0077211888369,-107.93770046701,38.0570489120064,1.37674654304596,1.33952164563232,2022.83674770533,2022.87397260274,PQ717545|A/Snow_goose/CO/22-037670-001-original/2022|H5N1|USA-CO|2022-11-16|wild_avian|B3.2
619,623,0.0072213843308262,-108.269553055505,43.6421377718972,-106.023604282104,40.4950207214033,1.37766292809696,1.37044154376613,2022.86766760346,2022.87488898779,NA
959,960,0.0225197580443726,-94.7596695855912,36.2596852027359,-96.4933375772195,38.6495540263249,1.37867936965386,1.35615961160949,2022.8533856713,2022.87590542935,NA
963,964,0.010830944361004,-89.1282334820169,31.9643427297926,-90.9798298713592,31.4492441039598,1.37875223345859,1.36792128909758,2022.86514734879,2022.87597829315,NA
651,302,0.0603286835743666,-96.8745451366248,46.2496625010324,-94.5773973543834,44.3476073898792,1.37948626907332,1.31915758549895,2022.81638364519,2022.87671232877,PQ718761|A/Trumpeter_Swan/MN/22-037438-001-original/2022|H5N1|USA-MN|2022-11-17|wild_avian|B3.2
722,723,0.0125789011606194,-63.6588219475755,-17.482051439692,-65.1585993082291,-18.3150959179428,1.38071227250386,1.36813337134324,2022.86535943104,2022.8779383322,NA
960,961,0.00336514395975263,-96.4933375772195,38.6495540263249,-97.498481285036,39.1539855564096,1.38204451361361,1.37867936965386,2022.87590542935,2022.87927057331,NA
648,307,0.120633612871918,-108.057272866872,46.5303230368654,-116.537203670596,43.7686420063159,1.38222599510068,1.26159238222876,2022.75881844192,2022.87945205479,PQ717577|A/Snow_goose/ID/22-038611-002-original/2022|H5N1|USA-ID|2022-11-18|wild_avian|B3.2
829,200,0.0059337472056975,-80.0722023598126,-6.87961390199898,-79.906572,-6.7172767,1.38222599510068,1.37629224789498,2022.87351830759,2022.87945205479,OQ547343|A/Gallus_gallus/Peru/AIS0539/2022|H5N1|Peru|2022-11-18|domestic_avian|B3.2
910,279,0.00553680823635272,-74.3656734226096,10.4429741716586,-74.3674272389091,10.4474954554028,1.38222599510068,1.37668918686432,2022.87391524656,2022.87945205479,OQ683490|A/chicken/Colombia/Magdalena/3503/2022|H5N1|Colombia-Magdalena|2022-11-18|domestic_avian|B3.2
910,280,0.00553680823635272,-74.3656734226096,10.4429741716586,-74.0612254715586,10.6252123968277,1.38222599510068,1.37668918686432,2022.87391524656,2022.87945205479,EPI_ISL_17353838|A/chicken/Magdalena/ICA-3503/2022|H5N1|Chile-Magdalena|2022-11-18|domestic_avian|B3.2
1057,1058,0.0139905846227508,-109.545573322091,47.0478927768668,-112.501889112425,50.8214941423718,1.38361304235315,1.3696224577304,2022.86684851742,2022.88083910205,NA
956,965,0.0655842394188939,-95.7575945229767,37.7923122825278,-101.388721309833,39.8719394209036,1.38431973150848,1.31873549208959,2022.81596155178,2022.8815457912,NA
619,620,0.0142676973558507,-108.269553055505,43.6421377718972,-107.203103340055,41.2717448390119,1.38470924112198,1.37044154376613,2022.86766760346,2022.88193530082,NA
835,836,0.0173404033446154,-72.1481808207826,-21.1912960473788,-70.9430809875265,-21.3416641739073,1.38477560480286,1.36743520145824,2022.86466126115,2022.8820016645,NA
943,324,0.232220109529635,-91.5722514943018,40.7786135841596,-79.0092325247654,37.3754168381135,1.38496572112803,1.1527456115984,2022.64997167129,2022.88219178082,PQ701329|A/American_black_Duck/VA/22-038573-010-original/2022|H5N1|USA-VA|2022-11-19|wild_avian|B3.2
1096,500,0.08214613295711,-71.376267777253,41.8439055677387,-84.4700646235084,33.9523774641697,1.38496572112803,1.30281958817092,2022.80004564786,2022.88219178082,PQ701681|A/American_green-winged_teal/GA/22-038443-007-original/2022|H5N1|USA-GA|2022-11-19|wild_avian|B3.2
836,837,0.00111583516828651,-70.9430809875265,-21.3416641739073,-71.0447605266366,-21.7828390045241,1.38589143997115,1.38477560480286,2022.8820016645,2022.88311749966,NA
826,827,0.0211448466718829,-79.711937000565,-6.82157369041165,-79.5284334867314,-6.5780775779289,1.38629610656881,1.36515125989692,2022.86237731959,2022.88352216626,NA
1110,1111,0.0261065544311867,-71.2267452878581,41.5270384541676,-71.4706514270812,40.9856711499957,1.38778111472382,1.36167456029263,2022.85890061999,2022.88500717442,NA
612,613,0.114549786971269,-121.814859404695,46.3380754901464,-121.597962558324,48.2448612550189,1.38804484102562,1.27349505405435,2022.77072111375,2022.88527090072,NA
613,614,0.00215229500649183,-121.597962558324,48.2448612550189,-121.925005212229,48.2887882804143,1.39019713603211,1.38804484102562,2022.88527090072,2022.88742319573,NA
938,317,0.235746409378537,-99.8529579925424,38.7611360225404,-107.00590972503,51.4238170884992,1.39044517318298,1.15469876380444,2022.6519248235,2022.88767123288,PV324656|A/chicken/SK/FAV-1471-1-2022/2022|H5N1|Canada-SK|2022-11-21|domestic_avian|B3.2
988,301,0.195980337375172,-95.415553549313,45.0875086096792,-97.0871965020282,43.1292043269313,1.39044517318298,1.1944648358078,2022.6916908955,2022.88767123288,EPI_ISL_16271830|A/chicken/South_Dakota/22-037931-001/2022|H5N1|USA-SD|2022-11-21|domestic_avian|B3.2
603,432,0.111321375400164,-123.268483532425,46.0383930896905,-123.155283717865,45.9497601244572,1.39044517318298,1.27912379778281,2022.77634985748,2022.88767123288,EPI_ISL_16271840|A/chicken/Oregon/22-037712-001/2022|H5N1|USA-OR|2022-11-21|domestic_avian|B3.2
836,838,0.00585179221279564,-70.9430809875265,-21.3416641739073,-69.460566480204,-22.6411241941507,1.39062739701566,1.38477560480286,2022.8820016645,2022.88785345671,NA
614,615,0.00155018868743939,-121.925005212229,48.2887882804143,-121.505991339533,48.3990652603436,1.39174732471955,1.39019713603211,2022.88742319573,2022.88897338441,NA
1136,1138,0.0306005618088894,-63.238838923722,45.050625201735,-62.9563080176092,46.9931350803436,1.3928062904389,1.36220572863001,2022.85943178832,2022.89003235013,NA
693,38,0.358250609140643,-101.362103052933,35.0720597532059,-89.3433984302536,45.6812008280343,1.39318489921033,1.03493429006969,2022.53216034976,2022.8904109589,PQ718817|A/Tundra_Swan/WI/22-038828-001-original-repeat/2022|H5N1|USA-WI|2022-11-22|wild_avian|B3.2
920,383,0.224771056760406,-100.760662671575,44.7501166450799,-98.2008127766676,44.5062996678307,1.39318489921033,1.16841384244993,2022.66563990214,2022.8904109589,EPI_ISL_16271831|A/turkey/South_Dakota/22-037933-001/2022|H5N1|USA-SD|2022-11-22|domestic_avian|B3.2
823,94,0.0452835691399076,-79.4530249748413,-7.71609112688313,-81.170758,-5.1499528,1.39318489921033,1.34790133007043,2022.84512738976,2022.8904109589,OQ550466|A/Sanderling/Peru/PIU-SER005/2022|H5N1|Peru|2022-11-22|wild_avian|B3.2
884,202,0.0424959816764585,-76.416427616882,-12.0436300330367,-77.1547269152875,-12.0745284877094,1.39318489921033,1.35068891753387,2022.84791497723,2022.8904109589,OQ547447|A/Pelecanus_thagus/Peru/AISA0464/2022|H5N1|Peru|2022-11-22|wild_avian|B3.2
875,256,0.0226168874525459,-72.1779946946631,-21.2938445667227,-77.1415409234702,-12.0357158567122,1.39318489921033,1.37056801175779,2022.86779407145,2022.8904109589,OQ547423|A/Nannopterum_brasilianus/Peru/AISA0446/2022|H5N1|Peru|2022-11-22|wild_avian|B3.2
1058,1059,0.0102786255560874,-112.501889112425,50.8214941423718,-114.278740769895,50.2297889704593,1.39389166790924,1.38361304235315,2022.88083910205,2022.8911177276,NA
961,962,0.0118950822816313,-97.498481285036,39.1539855564096,-98.9595401962286,39.4350592027621,1.39393959589524,1.38204451361361,2022.87927057331,2022.89116565559,NA
984,314,0.562688520836078,-93.7360639154876,36.5062137174083,-87.4973305250862,38.1968613002929,1.39592462523769,0.833236104401613,2022.3304621641,2022.89315068493,PQ717633|A/Snow_goose/IN/22-038827-008-original-repeat/2022|H5N1|USA-IN|2022-11-23|wild_avian|B3.2
971,352,0.281211674656365,-96.400877712156,38.9701201353165,-90.2066206242815,34.0505520161394,1.39592462523769,1.11471295058133,2022.61193901028,2022.89315068493,PQ718017|A/Snow_goose/MS/22-038821-010-original/2022|H5N1|USA-MS|2022-11-23|wild_avian|B3.2
920,382,0.227510782787763,-100.760662671575,44.7501166450799,-87.7413361553746,38.2524860721432,1.39592462523769,1.16841384244993,2022.66563990214,2022.89315068493,PQ717601|A/Snow_goose/IN/22-038827-003-original-repeat/2022|H5N1|USA-IN|2022-11-23|wild_avian|B3.2
966,328,0.177635758184476,-95.3116335914134,38.7864319733218,-92.2207843026463,38.4334485611004,1.39592462523769,1.21828886705321,2022.71551492675,2022.89315068493,PQ717897|A/Snow_goose/MO/22-038564-002-original/2022|H5N1|USA-MO|2022-11-23|wild_avian|B3.2
950,334,0.115381155180424,-103.416891523365,39.5783886052413,-101.333653948781,35.2296990795486,1.39592462523769,1.28054347005727,2022.77776952975,2022.89315068493,PQ720105|A/goose/TX/22-038236-001-original/2022|H5N1|USA-TX|2022-11-23|domestic_avian|B3.2
1055,405,0.0708060355429252,-146.141707190817,61.908666252763,-147.635889692422,62.5333200598348,1.39592462523769,1.32511858969477,2022.82234464939,2022.89315068493,EPI_ISL_16271829|A/chicken/Alaska/22-037940-001/2022|H5N1|USA-AK|2022-11-23|domestic_avian|B3.2
953,347,0.0488434372272528,-89.2831293741101,33.1502727364834,-90.1409966210015,34.0187672844587,1.39592462523769,1.34708118801044,2022.8443072477,2022.89315068493,PQ717985|A/Snow_goose/MS/22-038821-004-original/2022|H5N1|USA-MS|2022-11-23|wild_avian|B3.2
681,682,0.23898837826025,-115.142270315532,43.822612612831,-127.521388601279,53.7831917539016,1.39637770871956,1.15738933045931,2022.65461539015,2022.89360376841,NA
667,668,0.063761828715799,-106.994719750368,42.730550053317,-111.289998904291,45.7974955505614,1.39656070946028,1.33279888074448,2022.83002494044,2022.89378676915,NA
936,323,0.25291312326006,-92.7046560122933,40.7108743392608,-92.7731089652609,37.2434898668951,1.39866435126505,1.14575122800499,2022.6429772877,2022.89589041096,EPI_ISL_16271826|A/turkey/Missouri/22-038012-001/2022|H5N1|USA-MO|2022-11-24|domestic_avian|B3.2
941,356,0.16590571451002,-98.5243027585265,42.8173619802843,-96.8428941080721,42.5038810154241,1.39866435126505,1.23275863675503,2022.72998469645,2022.89589041096,EPI_ISL_16271824|A/chicken/Nebraska/22-038149-001/2022|H5N1|USA-NE|2022-11-24|domestic_avian|B3.2
827,95,0.0123682446962401,-79.5284334867314,-6.5780775779289,-80.896081,-5.5176602,1.39866435126505,1.38629610656881,2022.88352216626,2022.89589041096,OQ550458|A/pelican/Peru/PIU-SER028/2022|H5N1|Peru|2022-11-24|wild_avian|B3.2
875,876,0.0296918978401703,-72.1779946946631,-21.2938445667227,-71.9906434223985,-21.400118875713,1.40025990959796,1.37056801175779,2022.86779407145,2022.89748596929,NA
722,735,0.0323973445107879,-63.6588219475755,-17.482051439692,-59.4516263021464,-33.4025299315636,1.40053071585403,1.36813337134324,2022.86535943104,2022.89775677555,NA
994,995,0.428804856441377,-121.643539097781,44.7726286039962,-114.833986093932,41.0955516556479,1.40088344651073,0.972078590069353,2022.46930464976,2022.8981095062,NA
706,49,0.175413233892326,-95.9772899014998,37.9537338213316,-91.0065869737601,36.0773955661482,1.40140407729263,1.22599084340031,2022.72321690309,2022.89863013699,PQ717353|A/Snow_goose/AR/22-038202-001-original/2022|H5N1|USA-AR|2022-11-25|wild_avian|B3.2
612,439,0.127909023238284,-121.814859404695,46.3380754901464,-122.090251492142,47.2843608435879,1.40140407729263,1.27349505405435,2022.77072111375,2022.89863013699,PQ714161|A/Mallard/WA/22-039095-002-original/2022|H5N1|USA-WA|2022-11-25|wild_avian|B3.2
682,683,0.00670034780884698,-127.521388601279,53.7831917539016,-127.60076212385,53.9125798140296,1.40307805652841,1.39637770871956,2022.89360376841,2022.90030411622,NA
991,309,0.464965240252626,-110.095593244301,36.1386653463372,-76.2791177262574,8.11776548958471,1.40414380331999,0.939178563067364,2022.43640462276,2022.90136986301,EPI_ISL_17353510|A/chicken/Cordoba/ICA-3499/2022|H5N1|Argentina-Cordoba|2022-11-26|domestic_avian|B3.2
1037,1038,0.0576495739673617,-110.035717908771,41.0066431089288,-113.644668507706,40.359529031017,1.40477415255061,1.34712457858325,2022.84435063828,2022.90200021224,NA
871,872,0.0297483004568591,-71.247612314574,-21.9067763931419,-71.5603181327514,-21.8606274981688,1.40623323424418,1.37648493378732,2022.87371099348,2022.90345929394,NA
673,81,0.0398556807772437,-105.438553649894,42.5011209962513,-101.481233496446,37.9737922403655,1.40688352934735,1.3670278485701,2022.86425390826,2022.90410958904,PQ717705|A/Snow_goose/KS/22-039690-007-original/2022|H5N1|USA-KS|2022-11-27|wild_avian|B3.2
1110,1113,0.0471613820616361,-71.2267452878581,41.5270384541676,-81.9725760802265,46.8524953221938,1.40883594235427,1.36167456029263,2022.85890061999,2022.90606200205,NA
1109,1114,0.0598710498628425,-73.316770696715,42.4528739027321,-72.4851789071742,41.7612712743935,1.40925440724598,1.34938335738313,2022.84660941708,2022.90648046694,NA
904,282,0.381214317735937,-102.866202711675,32.1939205938232,-89.6959203381495,29.4720625818151,1.4096232553747,1.02840893763877,2022.52563499733,2022.90684931507,PQ714705|A/Northern_pintail/LA/22-039392-003-original-repeat/2022|H5N1|USA-LA|2022-11-28|wild_avian|B3.2
650,304,0.212080745972266,-102.189244344052,49.1221613591694,-118.075251279234,37.1004052723087,1.4096232553747,1.19754250940244,2022.6947685691,2022.90684931507,PQ717441|A/Snow_goose/CA/22-041406-001-original/2022|H5N1|USA-CA|2022-11-28|wild_avian|B3.2
833,208,0.097565196657817,-77.2933483894791,-12.9777714153708,-77.0538496474467,-12.0523522096568,1.4096232553747,1.31205805871689,2022.80928411841,2022.90684931507,OQ547351|A/Gallus_gallus/Peru/AIS0540/2022|H5N1|Peru|2022-11-28|domestic_avian|B3.2
666,76,0.0793632424542308,-105.375237674653,44.2539834039159,-104.855471973478,40.0688351826658,1.4096232553747,1.33026001292047,2022.82748607261,2022.90684931507,PQ707545|A/Canada_goose/CO/22-038655-001-original/2022|H5N1|USA-CO|2022-11-28|wild_avian|B3.2
829,201,0.0333310074797262,-80.0722023598126,-6.87961390199898,-79.986917,-6.748801,1.4096232553747,1.37629224789498,2022.87351830759,2022.90684931507,EPI_ISL_16249681|A/chicken/Peru/LAM-INS-002/2022|H5N1|Peru-Lambayeque|2022-11-28|domestic_avian|B3.2
1036,25,0.10160178743722,-117.039019586482,49.2381766493519,-102.979990692376,48.2834121385428,1.41236298140206,1.31076119396484,2022.80798725366,2022.9095890411,PQ708313|A/Canada_goose/ND/23-002238-004-original/2022|H5N1|USA-ND|2022-11-29|wild_avian|B3.2
889,260,0.0828845417861817,-102.522524351118,39.8624848606941,-92.9364643703997,36.3078507479862,1.41236298140206,1.32947843961588,2022.82670449931,2022.9095890411,PQ717369|A/Snow_goose/AR/22-039436-012-original/2022|H5N1|USA-AR|2022-11-29|wild_avian|B3.2
962,342,0.0184233855068179,-98.9595401962286,39.4350592027621,-98.3171856145022,38.7085673411625,1.41236298140206,1.39393959589524,2022.89116565559,2022.9095890411,PQ717073|A/Ross_s_goose/KS/22-041130-002-original/2022|H5N1|USA-KS|2022-11-29|wild_avian|B3.2
972,330,0.209227827556666,-96.7949527409803,39.2124673365448,-99.8121205522848,40.5194089972706,1.41510270742942,1.20587487987275,2022.70310093957,2022.91232876712,PQ711681|A/Great_horned_owl/NE/22-038800-001-original/2022|H5N1|USA-NE|2022-11-30|wild_avian|B3.2
707,51,0.134651875158854,-95.8765985041349,38.8400728354273,-94.5819953000508,49.8096852401248,1.41510270742942,1.28045083227057,2022.77767689196,2022.91232876712,PV319672|A/Tundra_Swan/ON/FAV-1653-1-2022/2022|H5N1|Canada-ON|2022-11-30|wild_avian|B3.2
957,335,0.0831070882213907,-94.9257749520788,36.4542007238339,-93.7273642447478,30.3116534886781,1.41510270742942,1.33199561920803,2022.8292216789,2022.91232876712,PQ717777|A/Snow_goose/LA/22-039688-009-original/2022|H5N1|USA-LA|2022-11-30|wild_avian|B3.2
1129,521,0.077150965583785,-78.2234035835252,50.0289675092547,-80.9150706894504,45.9046026932111,1.41510270742942,1.33795174184563,2022.83517780154,2022.91232876712,PV317904|A/Snow_Goose/ON/FAV-1653-4-2022/2022|H5N1|Canada-ON|2022-11-30|wild_avian|B3.2
620,621,0.0307204708687667,-107.203103340055,41.2717448390119,-102.603440364405,40.78730076341,1.41542971199075,1.38470924112198,2022.88193530082,2022.91265577168,NA
1077,550,0.666223642432589,-93.1559144807455,42.7292361293366,-79.5068828040127,34.8654262648617,1.417842433457,0.751618791024415,2022.24884485072,2022.91506849315,EPI_ISL_17373074|A/duck/North_Carolina/W22-1114A/2022|H5N1|USA-NC|2022-12-01|domestic_avian|B3.2
952,350,0.097877820387247,-88.2522670230324,32.7558404089649,-95.1010982698557,40.0034967635598,1.417842433457,1.31996461306976,2022.81719067276,2022.91506849315,PQ718769|A/Trumpeter_Swan/MO/22-040427-001-original/2022|H5N1|USA-MO|2022-12-01|wild_avian|B3.2
883,209,0.050168795585622,-82.5350768954001,-9.71712620648195,-77.0606,-12.1077,1.417842433457,1.36767363787138,2022.86489969757,2022.91506849315,EPI_ISL_18371664|A/Belcher_gull/Peru/UNMSM-A267/2022|H5N1|Peru|2022-12-01|wild_avian|B3.2
883,210,0.050168795585622,-82.5350768954001,-9.71712620648195,-78.96318,-8.53379,1.417842433457,1.36767363787138,2022.86489969757,2022.91506849315,EPI_ISL_18371666|A/Peruvian_booby/Peru/UNMSM-A296/2022|H5N1|Peru|2022-12-01|wild_avian|B3.2
735,801,0.0185590358479346,-59.4516263021464,-33.4025299315636,-57.9200866435788,-35.9727058925085,1.41908975170196,1.40053071585403,2022.89775677555,2022.9163158114,NA
925,319,0.343106806893809,-93.4467704469337,37.6996190803606,-110.128217249755,45.0155644271358,1.42058215948436,1.07747535259055,2022.57470141228,2022.91780821918,PQ713561|A/Mallard/MT/22-039947-005-original/2022|H5N1|USA-MT|2022-12-02|wild_avian|B3.2
964,336,0.0418299260257764,-90.9798298713592,31.4492441039598,-91.6434808920279,32.7956544820338,1.42058215948436,1.37875223345859,2022.87597829315,2022.91780821918,PQ720081|A/goose/LA/23-000409-006-original/2022|H5N1|USA-LA|2022-12-02|domestic_avian|B3.2
837,252,0.0346907195132156,-71.0447605266366,-21.7828390045241,-70.3245328,-18.4136444,1.42058215948436,1.38589143997115,2022.88311749966,2022.91780821918,EPI_ISL_16891400|A/gray_gull/Chile/C61947/2022|H5N1|Chile|2022-12-02|wild_avian|B3.2
838,839,0.0311083791453011,-69.460566480204,-22.6411241941507,-68.898337814038,-26.5030523219069,1.42173577616096,1.39062739701566,2022.88785345671,2022.91896183585,NA
839,840,0.00105449510391997,-68.898337814038,-26.5030523219069,-68.9133348832269,-24.6654389712294,1.42279027126488,1.42173577616096,2022.91896183585,2022.92001633096,NA
817,100,0.139201407837055,-79.4896358130278,-6.34414466111243,-79.411259,-7.2252421,1.42332188551172,1.28412047767466,2022.78134653737,2022.92054794521,OQ547375|A/Gallus_gallus/Peru/AIS0544/2022|H5N1|Peru|2022-12-03|domestic_avian|B3.2
615,436,0.0315745607921696,-121.505991339533,48.3990652603436,-121.485206587024,48.2532007359824,1.42332188551172,1.39174732471955,2022.88897338441,2022.92054794521,PQ709929|A/Dunlin/WA/22-040394-001-original/2022|H5N1|USA-WA|2022-12-03|wild_avian|B3.2
980,981,0.0471692853022629,-79.5429095157476,12.2411282169173,-88.5825779445308,16.1785336896263,1.42337974245186,1.3762104571496,2022.87343651684,2022.92060580215,NA
648,308,0.164469229310318,-108.057272866872,46.5303230368654,-100.969015124362,35.2391526927473,1.42606161153908,1.26159238222876,2022.75881844192,2022.92328767123,PQ701849|A/American_green-winged_teal/TX/23-000110-004-original/2022|H5N1|USA-TX|2022-12-04|wild_avian|B3.2
633,634,0.213793520777526,-118.895878646515,42.6860071129766,-119.089127928307,42.689103896712,1.42683760393428,1.21304408315676,2022.71027014285,2022.92406366363,NA
839,841,0.00698546359909002,-68.898337814038,-26.5030523219069,-68.6577422823334,-26.6725026364575,1.42872123976005,1.42173577616096,2022.91896183585,2022.92594729945,NA
818,819,0.106075796865051,-80.6945395277121,-8.3688436369442,-76.2570324423059,-2.35764747494268,1.42874172770411,1.32266593083906,2022.81989199053,2022.9259677874,NA
916,315,0.578014203517997,-105.60461818133,43.157750532447,-123.399490152862,44.1334430723341,1.42880133756643,0.850787134048437,2022.34801319374,2022.92602739726,PQ701841|A/American_green-winged_teal/OR/22-040176-004-original/2022|H5N1|USA-OR|2022-12-05|wild_avian|B3.2
948,351,0.230313654961884,-94.1011507721386,38.1631095538826,-99.1852469948356,39.478796134454,1.42880133756643,1.19848768260455,2022.6957137423,2022.92602739726,EPI_ISL_17373141|A/goose/Kansas/W22-1154/2022|H5N1|USA-KS|2022-12-05|domestic_avian|B3.2
1013,420,0.100871798152157,-116.590177940386,50.7111533768002,-118.631284765931,53.2797042711484,1.42880133756643,1.32792953941428,2022.82515559911,2022.92602739726,PV305088|A/Canada_Goose/AB/FAV-0026-14-2023/2022|H5N1|Canada-AB|2022-12-05|wild_avian|B3.2
1113,534,0.0199653952121683,-81.9725760802265,46.8524953221938,-77.9230656315457,48.3124299352325,1.42880133756643,1.40883594235427,2022.90606200205,2022.92602739726,PV307456|A/Canada_Goose/QC/FAV-0061-1-2022/2022|H5N1|Canada-QC|2022-12-05|wild_avian|B3.2
801,802,0.0106070997664158,-57.9200866435788,-35.9727058925085,-59.274588265165,-33.1295460234246,1.42969685146838,1.41908975170196,2022.9163158114,2022.92692291116,NA
608,463,0.373486845370707,-124.976007514036,50.7149040132109,-123.607769629321,50.2748231477344,1.43154106359379,1.05805421822308,2022.55528027792,2022.92876712329,PV314256|A/Layer_chicken/BC/FAV-1623-1-2022/2022|H5N1|Canada-BC|2022-12-06|domestic_avian|B3.2
929,320,0.259354840658359,-95.5242037087827,43.919328508852,-95.9779179976959,42.3054823075745,1.43154106359379,1.17218622293543,2022.66941228263,2022.92876712329,PQ707753|A/Canada_goose/IA/22-040793-004-original/2022|H5N1|USA-IA|2022-12-06|wild_avian|B3.2
1129,520,0.0935893217481567,-78.2234035835252,50.0289675092547,-78.0984362293033,50.0355344924396,1.43154106359379,1.33795174184563,2022.83517780154,2022.92876712329,PV316800|A/Red-Tailed_Hawk/QC/FAV-0076-4-2022/2022|H5N1|Canada-QC|2022-12-06|wild_avian|B3.2
995,408,0.0306576170830617,-114.833986093932,41.0955516556479,-115.86237689852,40.6123266631272,1.43154106359379,1.40088344651073,2022.8981095062,2022.92876712329,PQ711697|A/Great_horned_owl/NV/22-040618-001-original/2022|H5N1|USA-NV|2022-12-06|wild_avian|B3.2
947,332,0.26393056139421,-93.1021971086057,41.2245019404867,-93.6704882461453,40.9952412935707,1.43428078962138,1.17035022822717,2022.66757628792,2022.93150684932,PQ707721|A/Canada_goose/IA/22-040790-001-original/2022|H5N1|USA-IA|2022-12-07|wild_avian|B3.2
959,339,0.0781211780118882,-94.7596695855912,36.2596852027359,-95.0720909457091,45.293863190916,1.43428078962138,1.35615961160949,2022.8533856713,2022.93150684932,PQ711593|A/Great_horned_owl/MN/22-041884-001-original/2022|H5N1|USA-MN|2022-12-07|wild_avian|B3.2
1001,1002,0.222781907122126,-113.535514846894,44.0231452252481,-110.071135971686,46.8448851209354,1.43557510941903,1.2127932022969,2022.71001926199,2022.93280116911,NA
677,678,0.0854912699621622,-84.2527949518682,35.0861299281044,-82.3007263140082,33.1521348721194,1.43659232473922,1.35110105477705,2022.84832711447,2022.93381838443,NA
963,337,0.0690992265511521,-89.1282334820169,31.9643427297926,-89.6167869410222,32.5855509192536,1.43702051564873,1.36792128909758,2022.86514734879,2022.93424657534,PQ712865|A/Lesser_white-fronted_Goose/MS/22-041057-001-original/2022|H5N1|USA-MS|2022-12-08|wild_avian|B3.2
1126,518,0.22788374952903,-79.4585298895719,48.7243374794416,-69.2918997377554,45.2572811911701,1.43976024167609,1.21187649214706,2022.70910255184,2022.93698630137,PQ713321|A/Mallard/ME/22-040719-016-original/2022|H5N1|USA-ME|2022-12-09|wild_avian|B3.2
876,253,0.0395003320781333,-71.9906434223985,-21.400118875713,-70.15,-20.216667,1.43976024167609,1.40025990959796,2022.89748596929,2022.93698630137,EPI_ISL_17885942|A/Pelican/Tarapaca/227436-2/2022|H5N1|Chile-Tarapaca|2022-12-09|wild_avian|B3.2
723,727,0.0612588560875587,-65.1585993082291,-18.3150959179428,-63.4046962402957,-30.3578968307574,1.44197112859142,1.38071227250386,2022.8779383322,2022.93919718829,NA
677,73,0.0913989129263944,-84.2527949518682,35.0861299281044,-87.2260610615255,34.4748766229191,1.44249996770345,1.35110105477705,2022.84832711447,2022.9397260274,PQ710161|A/Gadwall/AL/22-041762-004-original/2022|H5N1|USA-AL|2022-12-10|wild_avian|B3.2
593,594,0.675260484914625,-80.4558353278143,43.1955709968377,-77.8087772725588,43.0103349198869,1.44353005623807,0.76826957132345,2022.26549563102,2022.94075611593,NA
802,811,0.014547506022133,-59.274588265165,-33.1295460234246,-59.080776841994,-33.3339696779766,1.44424435749051,1.42969685146838,2022.92692291116,2022.94147041718,NA
719,257,0.189696991405345,-82.0852841022624,-1.49461890925796,-77.014657587094,-12.0800188652401,1.44797941975816,1.25828242835282,2022.75550848805,2022.94520547945,OQ547415|A/Gallus_gallus/Peru/AIS0551/2022|H5N1|Peru|2022-12-12|domestic_avian|B3.2
942,355,0.12467499546479,-101.294818389233,34.9707494696357,-141.335453661873,67.7439574465369,1.44797941975816,1.32330442429337,2022.82053048399,2022.94520547945,PQ710113|A/Gadwall/AL/22-040806-001-original/2022|H5N1|USA-AL|2022-12-12|wild_avian|B3.2
613,438,0.0599345787325447,-121.597962558324,48.2448612550189,-122.309248090532,48.3174127591943,1.44797941975816,1.38804484102562,2022.88527090072,2022.94520547945,PQ703633|A/Barn_owl/WA/22-041081-001-original/2022|H5N1|USA-WA|2022-12-12|wild_avian|B3.2
625,632,0.0883245385289584,-108.047193652934,44.2114569358474,-109.410095877839,43.4538097055871,1.44858647721047,1.36026193868151,2022.85748799838,2022.9458125369,NA
1035,21,0.380480253660698,-122.426686294135,49.2320866461522,-123.822592615211,52.2117254125472,1.45071914578575,1.07023889212505,2022.56746495182,2022.94794520548,PV304104|A/Barred_Owl/BC/FAV-0053-23-2022/2022|H5N1|Canada-BC|2022-12-13|wild_avian|B3.2
961,341,0.0686746321721348,-97.498481285036,39.1539855564096,-100.828667611981,38.0486267022948,1.45071914578575,1.38204451361361,2022.87927057331,2022.94794520548,PQ720257|A/great-tailed_grackle/KS/22-041130-006-original/2022|H5N1|USA-KS|2022-12-13|wild_avian|B3.2
626,631,0.0743680090755312,-98.8299323412174,41.9433223721795,-99.0081463094526,42.0653070804536,1.45096797394798,1.37659996487245,2022.87382602457,2022.94819403364,NA
1114,1115,0.0440412824671745,-72.4851789071742,41.7612712743935,-72.4801931188128,41.8597520751417,1.45329568971315,1.40925440724598,2022.90648046694,2022.95052174941,NA
1015,417,0.191530817596913,-114.734240472609,46.118584439684,-115.611720035073,52.3688884889362,1.45345887181311,1.26192805421619,2022.75915411391,2022.95068493151,PV309456|A/Domestic_bird/AB/FAV-1654-2022/2022|H5N1|Canada-AB|2022-12-14|domestic_avian|B3.2
891,264,0.135473151828337,-106.72961233855,44.1168735507879,-109.158442805225,44.5315289693122,1.45345887181311,1.31798571998477,2022.81521177968,2022.95068493151,PQ709169|A/Canada_goose/WY/22-041261-001-original/2022|H5N1|USA-WY|2022-12-14|wild_avian|B3.2
1137,511,0.0809930766156475,-66.3152023017644,43.267292286765,-68.4026955609826,45.2803454429143,1.45345887181311,1.37246579519746,2022.86969185489,2022.95068493151,PQ713329|A/Mallard/ME/22-041145-001-original/2022|H5N1|USA-ME|2022-12-14|wild_avian|B3.2
1114,1120,0.0444947231625163,-72.4851789071742,41.7612712743935,-73.3310184647474,41.6378336077387,1.45374913040849,1.40925440724598,2022.90648046694,2022.9509751901,NA
698,40,0.216993695579672,-113.780295507486,40.0094965878314,-120.238808988034,40.694697269509,1.45619859784046,1.23920490226079,2022.73643096195,2022.95342465753,PQ709961|A/Eared_grebe/CA/23-000276-003-original/2022|H5N1|USA-CA|2022-12-15|wild_avian|B3.2
837,248,0.0703071578693164,-71.0447605266366,-21.7828390045241,-70.2,-22.096389,1.45619859784046,1.38589143997115,2022.88311749966,2022.95342465753,EPI_ISL_17885931|A/Pelican/Antofagasta/228246-3/2022|H5N1|Chile-Antofagasta|2022-12-15|wild_avian|B3.2
631,449,0.00523062389247952,-99.0081463094526,42.0653070804536,-96.9283520845211,41.5401920272491,1.45619859784046,1.45096797394798,2022.94819403364,2022.95342465753,PQ718649|A/Swan/NE/22-041037-001-original/2022|H5N1|USA-NE|2022-12-15|wild_avian|B3.2
631,450,0.00523062389247952,-99.0081463094526,42.0653070804536,-98.8837945375278,41.9947823243735,1.45619859784046,1.45096797394798,2022.94819403364,2022.95342465753,PQ718657|A/Swan/NE/22-041037-002-original/2022|H5N1|USA-NE|2022-12-15|wild_avian|B3.2
886,259,0.252134779082019,-93.2174424653094,16.9435864428214,-80.530054137233,32.8247724460769,1.45893832386782,1.2068035447858,2022.70402960448,2022.95616438356,PQ714225|A/Mottled_Duck/SC/22-042180-002-original/2022|H5N1|USA-SC|2022-12-16|wild_avian|B3.2
840,247,0.0361480526029436,-68.9133348832269,-24.6654389712294,-70.4214538718351,-23.6449809112059,1.45893832386782,1.42279027126488,2022.92001633096,2022.95616438356,EPI_ISL_17885944|A/Pelican/Antofagasta/228244-2/2022|H5N1|Chile-Antofagasta|2022-12-16|wild_avian|B3.2
621,622,0.0438137168116217,-102.603440364405,40.78730076341,-105.752678819899,40.7698465695494,1.45924342880237,1.41542971199075,2022.91265577168,2022.9564694885,NA
872,873,0.0536391248871495,-71.5603181327514,-21.8606274981688,-71.9560582271743,-35.0199639492854,1.45987235913132,1.40623323424418,2022.90345929394,2022.95709841883,NA
676,72,0.17573670020936,-106.15779076798,44.005350111508,-92.3066780954894,31.8929732053804,1.46167804989518,1.28594134968582,2022.78316740938,2022.95890410959,PQ701721|A/American_green-winged_teal/LA/22-041760-007-original/2022|H5N1|USA-LA|2022-12-17|wild_avian|B3.2
953,954,0.116429282610411,-89.2831293741101,33.1502727364834,-87.7433426741811,36.8825541081487,1.46351047062085,1.34708118801044,2022.8443072477,2022.96073653031,NA
1053,404,0.3050651204247,-127.105440192124,56.2969403692009,-130.236465367794,56.0402878710642,1.46441777592276,1.15935265549806,2022.65657871519,2022.96164383562,PQ715449|A/Raven/AK/22-042128-001-original/2022|H5N1|USA-AK|2022-12-18|wild_avian|B3.2
1096,1097,0.161686004103716,-71.376267777253,41.8439055677387,-69.2902867236341,43.5805210948249,1.46450559227464,1.30281958817092,2022.80004564786,2022.96173165197,NA
699,700,0.317717965464221,-104.732533847372,40.8771661011696,-80.9146954528246,28.0348651526854,1.46606668896439,1.14834872350017,2022.64557478319,2022.96329274866,NA
668,669,0.0699957702129073,-111.289998904291,45.7974955505614,-112.295983291664,45.9068618420338,1.46655647967319,1.39656070946028,2022.89378676915,2022.96378253937,NA
723,724,0.0859099335474895,-65.1585993082291,-18.3150959179428,-65.9547424801977,-18.3076570238935,1.46662220605135,1.38071227250386,2022.8779383322,2022.96384826575,NA
950,333,0.186614031892853,-103.416891523365,39.5783886052413,-93.1958077999452,44.4072818204546,1.46715750195012,1.28054347005727,2022.77776952975,2022.96438356164,PQ708193|A/Canada_goose/MN/22-041306-001-original/2022|H5N1|USA-MN|2022-12-19|wild_avian|B3.2
594,2,0.0236274457120453,-77.8087772725588,43.0103349198869,-77.8254025798339,42.6669770452031,1.46715750195012,1.44353005623807,2022.94075611593,2022.96438356164,PQ716513|A/Red-tailed_hawk/NY/22-042014-001-original/2022|H5N1|USA-NY|2022-12-19|wild_avian|B3.2
700,45,0.00109081298573255,-80.9146954528246,28.0348651526854,-80.8023789664786,28.0626475495486,1.46715750195012,1.46606668896439,2022.96329274866,2022.96438356164,PQ701337|A/American_coot/FL/23-002762-015-original/2022|H5N1|USA-FL|2022-12-19|wild_avian|B3.2
1002,1003,0.0334728953011121,-110.071135971686,46.8448851209354,-100.39050162895,45.7158645744561,1.46904800472014,1.43557510941903,2022.93280116911,2022.96627406441,NA
1008,421,0.232397550826258,-106.63899324307,45.3006346048446,-106.334015457195,43.3279296001779,1.46989722797748,1.23749967715122,2022.73472573684,2022.96712328767,PQ712161|A/Great_horned_owl/WY/22-041771-002-original/2022|H5N1|USA-WY|2022-12-20|wild_avian|B3.2
962,340,0.0759576320822326,-98.9595401962286,39.4350592027621,-88.1753067628017,30.936369254795,1.46989722797748,1.39393959589524,2022.89116565559,2022.96712328767,PQ717345|A/Snow_goose/AL/22-041764-001-original/2022|H5N1|USA-AL|2022-12-20|wild_avian|B3.2
678,70,0.0333049032382609,-82.3007263140082,33.1521348721194,-81.9445688021881,34.0592964500123,1.46989722797748,1.43659232473922,2022.93381838443,2022.96712328767,PQ710297|A/Gadwall/SC/22-042020-005-original/2022|H5N1|USA-SC|2022-12-20|wild_avian|B3.2
832,878,0.158986669237259,-77.0892106729851,-13.0083330037268,-75.200686297422,-47.5144915751954,1.47102464564129,1.31203797640403,2022.8092640361,2022.96825070534,NA
1131,505,0.167080029548937,-63.7387833518053,49.3580370533291,-63.1317647641512,46.3744022659387,1.47263695400483,1.3055569244559,2022.80278298415,2022.9698630137,PV307248|A/Canada_Goose/PE/FAV-0008-1-2022/2022|H5N1|Canada-PE|2022-12-21|wild_avian|B3.2
1106,531,0.162283367296129,-73.6858799876366,44.0898884601878,-76.5993274314598,42.2405194249635,1.47263695400483,1.31035358670871,2022.8075796464,2022.9698630137,PQ718353|A/Snow_goose/NY/22-042013-001-original/2022|H5N1|USA-NY|2022-12-21|wild_avian|B3.2
965,344,0.0883172224963511,-101.388721309833,39.8719394209036,-90.3049399873991,38.4765440511445,1.47263695400483,1.38431973150848,2022.8815457912,2022.9698630137,PQ716361|A/Red-tailed_hawk/MO/23-001518-001-original/2022|H5N1|USA-MO|2022-12-21|wild_avian|B3.2
1115,1119,0.0202224194049472,-72.4801931188128,41.8597520751417,-71.5384593030801,42.1502605513297,1.4735181091181,1.45329568971315,2022.95052174941,2022.97074416881,NA
830,885,0.230406063212147,-77.5808782956251,-8.31403559191037,-76.9935053292755,-12.0401162986101,1.47434247888632,1.24393641567418,2022.74116247537,2022.97156853858,NA
1127,522,0.235568452772354,-77.0106499860218,48.2377476455394,-86.7902817533377,53.2682663213271,1.47537668003219,1.23980822725984,2022.73703428695,2022.97260273973,PV317872|A/Snow_Goose/ON/FAV-1652-1-2022/2022|H5N1|Canada-ON|2022-12-22|wild_avian|B3.2
954,349,0.0118662094113429,-87.7433426741811,36.8825541081487,-87.7376181113652,37.7637106798712,1.47537668003219,1.46351047062085,2022.96073653031,2022.97260273973,EPI_ISL_17424631|A/red-tailed_hawk/Kentucky/W23-143/2022|H5N1|USA-KY|2022-12-22|wild_avian|B3.2
735,736,0.0771978153398343,-59.4516263021464,-33.4025299315636,-59.5815813589378,-33.2639123220296,1.47772853119386,1.40053071585403,2022.89775677555,2022.97495459089,NA
1120,538,0.0243672756510573,-73.3310184647474,41.6378336077387,-82.4903812266047,50.1973994121238,1.47811640605955,1.45374913040849,2022.9509751901,2022.97534246575,PV317880|A/Snow_Goose/ON/FAV-1652-2-2022/2022|H5N1|Canada-ON|2022-12-23|wild_avian|B3.2
990,993,0.555754125197303,-110.539305944946,37.2074178662512,-112.898136984987,37.522184562137,1.48367613932202,0.927922014124721,2022.42514807382,2022.98090219902,NA
724,725,0.0188471949507942,-65.9547424801977,-18.3076570238935,-66.616240862039,-17.6200078363025,1.48546940100214,1.46662220605135,2022.96384826575,2022.9826954607,NA
884,203,0.135646666607974,-76.416427616882,-12.0436300330367,-70.833333,-27.066667,1.48633558414185,1.35068891753387,2022.84791497723,2022.98356164384,EPI_ISL_17885926|A/Pelican/Atacama/229450-2/2022|H5N1|Chile-Atacama|2022-12-26|wild_avian|B3.2
736,800,0.009025076308252,-59.5815813589378,-33.2639123220296,-60.5560911705128,-31.9845277402897,1.48675360750212,1.47772853119386,2022.97495459089,2022.9839796672,NA
1115,1116,0.0343427100641258,-72.4801931188128,41.8597520751417,-70.5386317539894,41.7722977060446,1.48763839977728,1.45329568971315,2022.95052174941,2022.98486445947,NA
1059,402,0.0951836422599688,-114.278740769895,50.2297889704593,-108.050886329619,39.4416618367979,1.48907531016921,1.39389166790924,2022.8911177276,2022.98630136986,PQ707593|A/Canada_goose/CO/22-042169-001-original/2022|H5N1|USA-CO|2022-12-27|wild_avian|B3.2
981,371,0.0656955677173445,-88.5825779445308,16.1785336896263,-87.6268786550875,15.7268330092181,1.48907531016921,1.42337974245186,2022.92060580215,2022.98630136986,EPI_ISL_17558875|A/pelican/Honduras/23-000009-001/2022|H5N1|Honduras-Atlantida|2022-12-27|wild_avian|B3.2
623,624,0.112471573711946,-106.023604282104,40.4950207214033,-113.622095519587,42.186298487199,1.4901345018089,1.37766292809696,2022.87488898779,2022.9873605615,NA
876,877,0.0908329343395975,-71.9906434223985,-21.400118875713,-66.0552866640418,-28.607973018602,1.49109284393756,1.40025990959796,2022.89748596929,2022.98831890363,NA
607,465,0.319673141706623,-130.511711004465,51.0554685130262,-97.5398874401564,44.730822913345,1.49181503619656,1.17214189448994,2022.66936795418,2022.98904109589,PQ712489|A/Hawk/SD/23-000319-001-original/2022|H5N1|USA-SD|2022-12-28|wild_avian|B3.2
603,431,0.212691238413752,-123.268483532425,46.0383930896905,-122.480377402493,43.9897446510773,1.49181503619656,1.27912379778281,2022.77634985748,2022.98904109589,PQ716601|A/Red-tailed_hawk/OR/23-001496-001-original/2022|H5N1|USA-OR|2022-12-28|wild_avian|B3.2
1138,510,0.0990087457576614,-62.9563080176092,46.9931350803436,-63.5495131558084,46.3278312620427,1.49181503619656,1.3928062904389,2022.89003235013,2022.98904109589,PV302464|A/American_Crow/PE/FAV-0019-5-2022/2022|H5N1|Canada-PE|2022-12-28|wild_avian|B3.2
802,803,0.063861398247365,-59.274588265165,-33.1295460234246,-63.6619079314525,-31.403720573702,1.49355824971575,1.42969685146838,2022.92692291116,2022.99078430941,NA
681,69,0.337165431764613,-115.142270315532,43.822612612831,-121.74895762895,39.7867809599688,1.49455476222392,1.15738933045931,2022.65461539015,2022.99178082192,PQ718945|A/Turkey_Vulture/CA/23-002030-001-original/2022|H5N1|USA-CA|2022-12-29|wild_avian|B3.2
736,737,0.0178284543209433,-59.5815813589378,-33.2639123220296,-60.9890118204794,-33.0575003451668,1.49555698551481,1.47772853119386,2022.97495459089,2022.99278304521,NA
1116,1117,0.00803592496700567,-70.5386317539894,41.7722977060446,-71.7979660617208,42.3760310007509,1.49567432474428,1.48763839977728,2022.98486445947,2022.99290038444,NA
737,796,0.000699777524734824,-60.9890118204794,-33.0575003451668,-60.9108225158013,-33.0452546317401,1.49625676303954,1.49555698551481,2022.99278304521,2022.99348282273,NA
872,246,0.0910612540073301,-71.5603181327514,-21.8606274981688,-70.313228921854,-18.4617096649297,1.49729448825151,1.40623323424418,2022.90345929394,2022.99452054795,EPI_ISL_17885980|A/Sanderling/Arica_y_Parinacota/230758-1/2022|H5N1|Chile-Arica|2022-12-30|wild_avian|B3.2
841,212,0.0685732484914592,-68.6577422823334,-26.6725026364575,-71.0814,-28.510219,1.49729448825151,1.42872123976005,2022.92594729945,2022.99452054795,EPI_ISL_17885924|A/Pelican/Atacama/230158-2/2022|H5N1|Chile-Atacama|2022-12-30|wild_avian|B3.2
622,459,0.0380510594491348,-105.752678819899,40.7698465695494,-105.96063049656,40.9119456829533,1.49729448825151,1.45924342880237,2022.9564694885,2022.99452054795,PQ707609|A/Canada_goose/CO/23-000399-001-original/2022|H5N1|USA-CO|2022-12-30|wild_avian|B3.2
700,44,0.0312277992871186,-80.9146954528246,28.0348651526854,-80.4867258423637,27.3108601286691,1.49729448825151,1.46606668896439,2022.96329274866,2022.99452054795,PQ710449|A/Gannet/FL/23-002762-022-original/2022|H5N1|USA-FL|2022-12-30|wild_avian|B3.2
727,728,0.056245392071895,-63.4046962402957,-30.3578968307574,-62.0915590967372,-28.8142823516976,1.49821652066331,1.44197112859142,2022.93919718829,2022.99544258036,NA
623,456,0.125111012209262,-106.023604282104,40.4950207214033,-105.618375713063,40.531488013415,1.50277394030622,1.37766292809696,2022.87488898779,2023,PQ715865|A/Red-tailed_hawk/CO/23-000403-001-original/2023|H5N1|USA-CO|2023-01-01|wild_avian|B3.2
626,627,0.127594159230401,-98.8299323412174,41.9433223721795,-97.3616164790151,39.953127046229,1.50419412410285,1.37659996487245,2022.87382602457,2023.0014201838,NA
841,842,0.0766903390977234,-68.6577422823334,-26.6725026364575,-67.7015780859877,-26.6276209206884,1.50541157885777,1.42872123976005,2022.92594729945,2023.00263763855,NA
1034,18,0.389242678375451,-122.162347488285,53.5765222081135,-127.320812042481,57.2311974502648,1.50825339236094,1.11901071398548,2022.61623677368,2023.00547945205,PV322704|A/chicken/BC/FAV-0011-1-2023/2023|H5N1|Canada-BC|2023-01-03|domestic_avian|B3.2
1042,30,0.157946578937488,-120.077817843888,58.588061762068,-120.677905739603,57.3960091518358,1.50825339236094,1.35030681342345,2022.84753287312,2023.00547945205,PV322688|A/chicken/BC/FAV-0010-1-2023/2023|H5N1|Canada-BC|2023-01-03|domestic_avian|B3.2
634,443,0.0814157884266518,-119.089127928307,42.689103896712,-123.583548131467,45.9274381700851,1.50825339236094,1.42683760393428,2022.92406366363,2023.00547945205,PQ717209|A/Sanderling/OR/23-000771-001-original/2023|H5N1|USA-OR|2023-01-03|wild_avian|B3.2
811,812,0.0659632872820097,-59.080776841994,-33.3339696779766,-61.0693832888485,-32.8041562496649,1.51020764477252,1.44424435749051,2022.94147041718,2023.00743370447,NA
1107,530,0.200513242977699,-73.6024906530765,44.2716247380833,-76.2941930847226,42.5354203677481,1.51099311838852,1.31047987541082,2022.8077059351,2023.00821917808,PQ718369|A/Snow_goose/NY/23-000618-001-original/2023|H5N1|USA-NY|2023-01-04|wild_avian|B3.2
673,82,0.143965269818416,-105.438553649894,42.5011209962513,-112.345635392178,44.1141894367307,1.51099311838852,1.3670278485701,2022.86425390826,2023.00821917808,PQ712905|A/Magpie/ID/23-001085-001-original/2023|H5N1|USA-ID|2023-01-04|wild_avian|B3.2
624,453,0.0208586165796159,-113.622095519587,42.186298487199,-112.738394136786,41.0279009394527,1.51099311838852,1.4901345018089,2022.9873605615,2023.00821917808,PQ720185|A/goose/UT/23-001040-001-original/2023|H5N1|USA-UT|2023-01-04|domestic_avian|B3.2
1010,1011,0.174208624687667,-106.21161929219,39.0077211888369,-105.937247522715,37.534638306394,1.51373027031999,1.33952164563232,2022.83674770533,2023.01095633001,NA
1102,527,0.29171178056665,-88.1795516615051,39.2417038000469,-92.4220548167407,42.4503881379737,1.51373284441588,1.22202106384923,2022.71924712354,2023.01095890411,PQ701393|A/American_crow/IA/23-000627-006-original/2023|H5N1|USA-IA|2023-01-05|wild_avian|B3.2
632,451,0.0651463672054051,-109.410095877839,43.4538097055871,-109.452993834267,43.373424037554,1.51373284441588,1.44858647721047,2022.9458125369,2023.01095890411,PQ709217|A/Canada_goose/WY/23-000980-001-original/2023|H5N1|USA-WY|2023-01-05|wild_avian|B3.2
1138,1139,0.122130237023446,-62.9563080176092,46.9931350803436,-61.412984261094,45.5665176178451,1.51493652746235,1.3928062904389,2022.89003235013,2023.01216258716,NA
942,354,0.193168146149862,-101.294818389233,34.9707494696357,-93.1730404777561,35.9297003137116,1.51647257044323,1.32330442429337,2022.82053048399,2023.01369863014,PQ717377|A/Snow_goose/AR/23-001513-001-original/2023|H5N1|USA-AR|2023-01-06|wild_avian|B3.2
668,83,0.119911860982953,-111.289998904291,45.7974955505614,-111.029482430565,46.0399641256729,1.51647257044323,1.39656070946028,2022.89378676915,2023.01369863014,PQ720265|A/greater_scaup/MT/23-001334-001-original/2023|H5N1|USA-MT|2023-01-06|wild_avian|B3.2
1038,24,0.111698417892621,-113.644668507706,40.359529031017,-113.411968909317,41.147404342759,1.51647257044323,1.40477415255061,2022.90200021224,2023.01369863014,PQ720193|A/goose/UT/23-001041-001-original/2023|H5N1|USA-UT|2023-01-06|domestic_avian|B3.2
671,672,0.161310184639663,-105.876532786388,42.6271887558281,-103.41744284069,42.7618136850775,1.51692590303287,1.35561571839321,2022.85284177809,2023.01415196273,NA
1139,1140,0.00336988505826419,-61.412984261094,45.5665176178451,-60.7851986644067,45.7008034935564,1.51830641252061,1.51493652746235,2023.01216258716,2023.01553247221,NA
737,738,0.0240073023835476,-60.9890118204794,-33.0575003451668,-60.6774732060532,-34.6710796007577,1.51956428789835,1.49555698551481,2022.99278304521,2023.01679034759,NA
878,879,0.0521161069798541,-75.200686297422,-47.5144915751954,-71.8329530116898,-32.4407760140525,1.52314075262114,1.47102464564129,2022.96825070534,2023.02036681231,NA
995,996,0.122490958500755,-114.833986093932,41.0955516556479,-112.481866831197,42.1256488744855,1.52337440501148,1.40088344651073,2022.8981095062,2023.02060046471,NA
738,760,0.00381639067956874,-60.6774732060532,-34.6710796007577,-61.2537827198353,-34.0715212575588,1.52338067857792,1.51956428789835,2023.01679034759,2023.02060673827,NA
993,310,0.0410156092032827,-112.898136984987,37.522184562137,-112.7052780951,36.0323427786286,1.52469174852531,1.48367613932202,2022.98090219902,2023.02191780822,PQ707097|A/Canada_goose/AZ/23-002260-001-original/2023|H5N1|USA-AZ|2023-01-09|wild_avian|B3.2
955,346,0.227179073096728,-95.651560371437,36.3031552585174,-115.943439653789,34.0553636821068,1.52743147455289,1.30025240145616,2022.79747846115,2023.02465753425,PQ717521|A/Snow_goose/CA/23-002594-003-original/2023|H5N1|USA-CA|2023-01-10|wild_avian|B3.2
970,362,0.198191933681402,-70.6541767685765,38.3245311516218,-68.0765266656031,47.2993945424911,1.52743147455289,1.32923954087149,2022.82646560057,2023.02465753425,PV324088|A/chicken/NB/FAV-0013-2023/2023|H5N1|Canada-NB|2023-01-10|domestic_avian|B3.2
960,343,0.148752104899031,-96.4933375772195,38.6495540263249,-103.117399645747,42.42337246518,1.52743147455289,1.37867936965386,2022.87590542935,2023.02465753425,PQ708337|A/Canada_goose/NE/23-001495-002-original/2023|H5N1|USA-NE|2023-01-10|wild_avian|B3.2
621,457,0.112001762562143,-102.603440364405,40.78730076341,-102.734243232853,41.8416846673895,1.52743147455289,1.41542971199075,2022.91265577168,2023.02465753425,PQ708329|A/Canada_goose/NE/23-001495-001-original/2023|H5N1|USA-NE|2023-01-10|wild_avian|B3.2
1119,545,0.0539133654347945,-71.5384593030801,42.1502605513297,-71.4158680729435,42.1115770126025,1.52743147455289,1.4735181091181,2022.97074416881,2023.02465753425,PQ701465|A/American_crow/MA/23-004612-017-original/2023|H5N1|USA-MA|2023-01-10|wild_avian|B3.2
873,874,0.0680095663117912,-71.9560582271743,-35.0199639492854,-72.3630560035379,-35.893334496071,1.52788192544312,1.45987235913132,2022.95709841883,2023.02510798514,NA
812,814,0.0188955980991521,-61.0693832888485,-32.8041562496649,-64.2843425491095,-30.9623825479103,1.52910324287167,1.51020764477252,2023.00743370447,2023.02632930257,NA
842,843,0.0246694463698165,-67.7015780859877,-26.6276209206884,-68.0334285066321,-16.7019118880481,1.53008102522759,1.50541157885777,2023.00263763855,2023.02730708492,NA
1013,419,0.202241661165972,-116.590177940386,50.7111533768002,-109.010302640018,42.1296436794105,1.53017120058025,1.32792953941428,2022.82515559911,2023.02739726027,PQ709241|A/Canada_goose/WY/23-002120-001-original/2023|H5N1|USA-WY|2023-01-11|wild_avian|B3.2
826,97,0.165019940683324,-79.711937000565,-6.82157369041165,-80.5195928,-0.79805746,1.53017120058025,1.36515125989692,2022.86237731959,2023.02739726027,EPI_ISL_17973443|A/wildbird-Fregata-magnificens/Ecuador/IC03-4587/2023|H5N1|Ecuador-Manabi|2023-01-11|wild_avian|B3.2
803,804,0.0370024318253033,-63.6619079314525,-31.403720573702,-72.5954278787962,-36.8711648894314,1.53056068154105,1.49355824971575,2022.99078430941,2023.02778674123,NA
1139,1141,0.0161765809742485,-61.412984261094,45.5665176178451,-60.5313264383746,46.3544563541863,1.5311131084366,1.51493652746235,2023.01216258716,2023.02833916813,NA
627,448,0.0287168025047535,-97.3616164790151,39.953127046229,-93.5235731283627,41.9480275638081,1.53291092660761,1.50419412410285,2023.0014201838,2023.0301369863,PQ718729|A/Trumpeter_Swan/IA/23-002039-002-original/2023|H5N1|USA-IA|2023-01-12|wild_avian|B3.2
838,868,0.142729339213551,-69.460566480204,-22.6411241941507,-69.5550902103523,-27.579490785998,1.53335673622921,1.39062739701566,2022.88785345671,2023.03058279592,NA
820,821,0.198052091897873,-80.6885588604773,-8.39359563589241,-76.8580684144118,-12.0384558995882,1.53491972380225,1.33686763190438,2022.8340936916,2023.0321457835,NA
804,807,0.00480229617780914,-72.5954278787962,-36.8711648894314,-72.3467260116054,-37.1216271110762,1.53536297771886,1.53056068154105,2023.02778674123,2023.03258903741,NA
900,288,0.573343148947198,-105.773671166775,37.0817069381608,-91.9263824067449,34.7237853013108,1.53839037866232,0.965047229715123,2022.46227328941,2023.03561643836,PQ714729|A/Northern_shoveler/AR/23-002690-001-original/2023|H5N1|USA-AR|2023-01-14|wild_avian|B3.2
1133,1134,0.210295003311834,-61.8807265616107,46.8526386395519,-63.4221239572232,47.3237162831701,1.53944464481035,1.32914964149852,2022.82637570119,2023.0366707045,NA
760,761,0.0188726632218135,-61.2537827198353,-34.0715212575588,-62.0584917252414,-33.342771087595,1.54225334179974,1.52338067857792,2023.02060673827,2023.03947940149,NA
728,729,0.0448035612311175,-62.0915590967372,-28.8142823516976,-59.2107493451282,-33.9639570881821,1.54302008189443,1.49821652066331,2022.99544258036,2023.04024614159,NA
761,762,0.00235035322365773,-62.0584917252414,-33.342771087595,-61.9133839078036,-33.3164803626862,1.54460369502339,1.54225334179974,2023.03947940149,2023.04182975472,NA
804,805,0.0142980840300746,-72.5954278787962,-36.8711648894314,-72.5898250327785,-36.7528684056932,1.54485876557112,1.53056068154105,2023.02778674123,2023.04208482526,NA
1002,1004,0.111025646291669,-110.071135971686,46.8448851209354,-109.577562475782,46.759679821848,1.5466007557107,1.43557510941903,2022.93280116911,2023.0438268154,NA
1038,22,0.141835404194007,-113.644668507706,40.359529031017,-99.5429085336714,43.8979090852258,1.54660955674462,1.40477415255061,2022.90200021224,2023.04383561644,PQ716689|A/Red-tailed_hawk/SD/23-002914-001-original/2023|H5N1|USA-SD|2023-01-17|wild_avian|B3.2
933,318,0.372114841491983,-96.3813145131208,43.556901179161,-96.7360780744666,29.618555634141,1.54934928277198,1.17723444128,2022.67446050097,2023.04657534247,PQ702481|A/American_wigeon/TX/23-003062-016-original/2023|H5N1|USA-TX|2023-01-18|wild_avian|B3.2
891,263,0.23136356278721,-106.72961233855,44.1168735507879,-110.240869630034,50.8265729436261,1.54934928277198,1.31798571998477,2022.81521177968,2023.04657534247,PV305176|A/Canada_Goose/AB/FAV-0083-4-2023/2023|H5N1|Canada-AB|2023-01-18|wild_avian|B3.2
614,435,0.159152146739868,-121.925005212229,48.2887882804143,-117.368253908844,47.4287527722167,1.54934928277198,1.39019713603211,2022.88742319573,2023.04657534247,PQ712817|A/Hooded_Merganser/WA/23-003784-001-original/2023|H5N1|USA-WA|2023-01-18|wild_avian|B3.2
877,255,0.0582564388344231,-66.0552866640418,-28.607973018602,-69.5082156777023,-20.07640290609,1.54934928277198,1.49109284393756,2022.98831890363,2023.04657534247,EPI_ISL_17885951|A/Gray_gull/Tarapaca/232825-1/2023|H5N1|Chile-Tarapaca|2023-01-18|wild_avian|B3.2
729,731,0.00812633042305988,-59.2107493451282,-33.9639570881821,-58.8036330812339,-33.4274780364925,1.55114641231749,1.54302008189443,2023.04024614159,2023.04837247201,NA
868,869,0.0186667678562977,-69.5550902103523,-27.579490785998,-69.5576483808845,-27.5772177308634,1.5520235040855,1.53335673622921,2023.03058279592,2023.04924956378,NA
890,261,0.179734603698981,-104.886444994485,40.4531045126734,-94.01980974478,30.0895353673823,1.55208900879934,1.37235440510035,2022.86958046479,2023.04931506849,PQ714793|A/Northern_shoveler/TX/23-007477-003-original/2023|H5N1|USA-TX|2023-01-19|wild_avian|B3.2
1116,540,0.0644506090220598,-70.5386317539894,41.7722977060446,-71.2814954656121,43.520842292686,1.55208900879934,1.48763839977728,2022.98486445947,2023.04931506849,EPI_ISL_19490417|A/chicken/New_Hampshire/23-002392-001-original2/2023|H5N1|USA-NH|2023-01-19|domestic_avian|B3.2
869,870,0.000864982813549631,-69.5576483808845,-27.5772177308634,-69.5476904390831,-27.4069871055449,1.55288848689905,1.5520235040855,2023.04924956378,2023.05011454659,NA
1037,23,0.207704156243441,-110.035717908771,41.0066431089288,-120.068822912987,44.1727825779496,1.55482873482669,1.34712457858325,2022.84435063828,2023.05205479452,PQ716617|A/Red-tailed_hawk/OR/23-003379-001-original/2023|H5N1|USA-OR|2023-01-20|wild_avian|B3.2
879,880,0.0330010731474233,-71.8329530116898,-32.4407760140525,-71.1918924787789,-34.0748132393498,1.55614182576857,1.52314075262114,2023.02036681231,2023.05336788546,NA
805,806,0.0114566201534827,-72.5898250327785,-36.7528684056932,-74.378285670463,-35.265551563222,1.55631538572461,1.54485876557112,2023.04208482526,2023.05354144542,NA
1134,1135,0.0205949367368632,-63.4221239572232,47.3237162831701,-64.2147858883763,45.0595063861546,1.56003958154721,1.53944464481035,2023.0366707045,2023.05726564124,NA
731,732,0.00965753711859918,-58.8036330812339,-33.4274780364925,-57.6176598532684,-34.4092726819498,1.56080394943609,1.55114641231749,2023.04837247201,2023.05803000913,NA
890,262,0.190693507808638,-104.886444994485,40.4531045126734,-86.7928237766784,40.9679170256051,1.56304791290899,1.37235440510035,2022.86958046479,2023.0602739726,PQ712401|A/Hawk/IN/23-003026-001-original/2023|H5N1|USA-IN|2023-01-23|wild_avian|B3.2
840,245,0.140257641644116,-68.9133348832269,-24.6654389712294,-71.458889,-32.553611,1.56304791290899,1.42279027126488,2022.92001633096,2023.0602739726,EPI_ISL_17885983|A/pelican/Valparaiso/233450-1/2023|H5N1|Chile-Valparaiso|2023-01-23|wild_avian|B3.2
819,99,0.13430618520488,-76.2570324423059,-2.35764747494268,-77.045041,-12.1218839,1.56304791290899,1.42874172770411,2022.9259677874,2023.0602739726,OQ550474|A/South_American_Sea_Lion/Peru/LIM-SER036/2023|H5N1|Peru|2023-01-23|other_mammal|B3.2
993,311,0.0793717735869683,-112.898136984987,37.522184562137,-109.368946952241,34.8151079262876,1.56304791290899,1.48367613932202,2022.98090219902,2023.0602739726,PQ707105|A/Canada_goose/AZ/23-005233-001-original/2023|H5N1|USA-AZ|2023-01-23|wild_avian|B3.2
880,205,0.00964581316778324,-71.1918924787789,-34.0748132393498,-72.0222469572134,-34.4060493684107,1.56578763893635,1.55614182576857,2023.05336788546,2023.06301369863,EPI_ISL_17885915|A/Pelican/OHiggins/233663-1/2023|H5N1|Chile-OHiggins|2023-01-24|wild_avian|B3.2
627,628,0.062982115824926,-97.3616164790151,39.953127046229,-93.4932782221041,42.7103433387673,1.56717623992778,1.50419412410285,2023.0014201838,2023.06440229962,NA
604,434,0.663285418881261,-121.966647867685,53.2318336061989,-121.61210105842,38.1230386396286,1.56852736496371,0.905241946082446,2022.40246800578,2023.06575342466,PQ715713|A/Red-tailed_hawk/CA/23-004363-001-original/2023|H5N1|USA-CA|2023-01-25|wild_avian|B3.2
1059,401,0.17463569705447,-114.278740769895,50.2297889704593,-111.72738918753,50.7131602721411,1.56852736496371,1.39389166790924,2022.8911177276,2023.06575342466,PV304208|A/Black-Billed_Magpie/AB/FAV-0083-6-2023/2023|H5N1|Canada-AB|2023-01-25|wild_avian|B3.2
879,204,0.0453866123425639,-71.8329530116898,-32.4407760140525,-71.692778,-33.391111,1.56852736496371,1.52314075262114,2023.02036681231,2023.06575342466,EPI_ISL_17885982|A/pelican/Valparaiso/234040/2023|H5N1|Chile-Valparaiso|2023-01-25|wild_avian|B3.2
738,739,0.0497171745318567,-60.6774732060532,-34.6710796007577,-59.738423801326,-37.232671915951,1.56928146243021,1.51956428789835,2023.01679034759,2023.06650752212,NA
634,635,0.144110624620431,-119.089127928307,42.689103896712,-125.626516169869,43.7100588185256,1.57094822855471,1.42683760393428,2022.92406366363,2023.06817428825,NA
1000,428,0.323323498042781,-114.403330980698,42.6538091814752,-117.91049650569,46.3713954366467,1.57126709099106,1.24794359294828,2022.74516965264,2023.06849315068,PQ717217|A/Sanderling/WA/23-004228-001-original/2023|H5N1|USA-WA|2023-01-26|wild_avian|B3.2
1107,546,0.260787215580244,-73.6024906530765,44.2716247380833,-73.909680355223,40.6904937809383,1.57126709099106,1.31047987541082,2022.8077059351,2023.06849315068,PQ715305|A/Peregrine_falcon/NY/23-003717-001-original/2023|H5N1|USA-NY|2023-01-26|wild_avian|B3.2
980,369,0.195056633841466,-79.5429095157476,12.2411282169173,-83.6945786768047,10.5566108402987,1.57126709099106,1.3762104571496,2022.87343651684,2023.06849315068,EPI_ISL_16958548|A/falcon/Costa_Rica/INC-0001-D0377-23/2023|H5N1|Costa_Rica-Limon|2023-01-26|wild_avian|B3.2
981,370,0.147887348539203,-88.5825779445308,16.1785336896263,-82.7324,9.6477,1.57126709099106,1.42337974245186,2022.92060580215,2023.06849315068,EPI_ISL_17965774|A/pelican/Costa_Rica/INC-0018-D0370-23/2023|H5N1|Costa_Rica-Limon|2023-01-26|wild_avian|B3.2
724,197,0.104644884939714,-65.9547424801977,-18.3076570238935,-65.6761407032438,-17.0439022306528,1.57126709099106,1.46662220605135,2022.96384826575,2023.06849315068,EPI_ISL_19410267|A/chicken/Cochabamba/39356/2023|H5N1|Bolivia-Cochabamba|2023-01-26|domestic_avian|B3.2
1003,412,0.102219086270926,-100.39050162895,45.7158645744561,-87.4669768213343,46.4203644430405,1.57126709099106,1.46904800472014,2022.96627406441,2023.06849315068,PQ715201|A/Peregrine_falcon/MI/23-003553-001-original/2023|H5N1|USA-MI|2023-01-26|wild_avian|B3.2
874,250,0.0433851655479485,-72.3630560035379,-35.893334496071,-72.668056,-36.430833,1.57126709099106,1.52788192544312,2023.02510798514,2023.06849315068,EPI_ISL_17885918|A/Pelican/Nuble/233947-2/2023|H5N1|Chile-Nuble|2023-01-26|wild_avian|B3.2
732,733,0.0128649989459984,-57.6176598532684,-34.4092726819498,-58.5643345414988,-33.9173476358971,1.57366894838209,1.56080394943609,2023.05803000913,2023.07089500808,NA
965,345,0.189687085510166,-101.388721309833,39.8719394209036,-101.275196399346,39.8798894066105,1.57400681701865,1.38431973150848,2022.8815457912,2023.07123287671,EPI_ISL_17424646|A/striped_skunk/Kansas/W23-094/2023|H5N1|USA-KS|2023-01-27|other_mammal|B3.2
733,734,0.00115684199204624,-58.5643345414988,-33.9173476358971,-61.1236251452546,-32.1962391853955,1.57482579037414,1.57366894838209,2023.07089500808,2023.07205185007,NA
796,797,0.0792898851500912,-60.9108225158013,-33.0452546317401,-63.3241563204696,-38.876108542406,1.57554664818963,1.49625676303954,2022.99348282273,2023.07277270788,NA
761,766,0.0345557369720866,-62.0584917252414,-33.342771087595,-68.9537090602757,-34.0450362458712,1.57680907877182,1.54225334179974,2023.03947940149,2023.07403513847,NA
725,726,0.091614646810029,-66.616240862039,-17.6200078363025,-66.3372357800462,-18.8513264095815,1.57708404781217,1.48546940100214,2022.9826954607,2023.07431010751,NA
628,629,0.0123469784775359,-93.4932782221041,42.7103433387673,-94.3196581251256,44.8219271064041,1.57952321840531,1.56717623992778,2023.06440229962,2023.0767492781,NA
669,84,0.115669515427533,-112.295983291664,45.9068618420338,-112.206964158452,46.6361976629456,1.58222599510072,1.46655647967319,2022.96378253937,2023.07945205479,PQ715513|A/Raven/MT/23-003666-002-original/2023|H5N1|USA-MT|2023-01-30|wild_avian|B3.2
1047,1048,0.326382564150562,-119.047444130406,41.9543573381233,-122.456343911534,37.705532246429,1.58300631653511,1.25662375238455,2022.75384981208,2023.08023237623,NA
814,815,0.0546469920680264,-64.2843425491095,-30.9623825479103,-61.9906781276995,-33.8959557835276,1.5837502349397,1.52910324287167,2023.02632930257,2023.08097629463,NA
1097,498,0.12046012885344,-69.2902867236341,43.5805210948249,-70.4184085969707,44.6055461219903,1.58496572112808,1.46450559227464,2022.96173165197,2023.08219178082,PQ712785|A/Hooded_Merganser/ME/23-004172-006-original/2023|H5N1|USA-ME|2023-01-31|wild_avian|B3.2
1140,506,0.0666593086074667,-60.7851986644067,45.7008034935564,-64.0763889190264,46.8265289832751,1.58496572112808,1.51830641252061,2023.01553247221,2023.08219178082,PV302536|A/American_Crow/PE/FAV-0068-6-2023/2023|H5N1|Canada-PE|2023-01-31|wild_avian|B3.2
996,409,0.0615913161165946,-112.481866831197,42.1256488744855,-105.780898214762,40.9259026832535,1.58496572112808,1.52337440501148,2023.02060046471,2023.08219178082,PQ715953|A/Red-tailed_hawk/CO/23-004223-001-original/2023|H5N1|USA-CO|2023-01-31|wild_avian|B3.2
1141,508,0.0538526126914824,-60.5313264383746,46.3544563541863,-62.4857690211197,46.4023453314118,1.58496572112808,1.5311131084366,2023.02833916813,2023.08219178082,PV302528|A/American_Crow/PE/FAV-0068-5-2023/2023|H5N1|Canada-PE|2023-01-31|wild_avian|B3.2
762,763,0.0420033211629249,-61.9133839078036,-33.3164803626862,-64.5945048398258,-28.7118442200159,1.58660701618632,1.54460369502339,2023.04182975472,2023.08383307588,NA
644,33,0.848745704185857,-110.075605021256,49.5613732715269,-112.295867827039,59.7348452735432,1.58770544715544,0.738959742969579,2022.23618580266,2023.08493150685,PV318880|A/Striped_Skunk/AB/FAV-0085-1-2023/2023|H5N1|Canada-AB|2023-02-01|other_mammal|B3.2
1111,537,0.19992433243162,-71.4706514270812,40.9856711499957,-76.241916156257,47.9403222203554,1.58770544715544,1.38778111472382,2022.88500717442,2023.08493150685,PV301315|A/Duck/QC/FAV-0051-1-2023/2023|H5N1|Canada-QC|2023-02-01|domestic_avian|B3.2
1120,539,0.133956316746945,-73.3310184647474,41.6378336077387,-73.9877201911855,40.7382776694415,1.58770544715544,1.45374913040849,2022.9509751901,2023.08493150685,OR858836|A/Canada_goose/New_York/NYCVH-23-453/2023|H5N1|USA-NY|2023-02-01|wild_avian|B3.2
683,684,0.185504353312022,-127.60076212385,53.9125798140296,-124.636626850798,54.3056674602019,1.58858240984043,1.40307805652841,2022.90030411622,2023.08580846953,NA
766,767,0.0127246311521758,-68.9537090602757,-34.0450362458712,-69.0402483280031,-32.2147229486523,1.589533709924,1.57680907877182,2023.07403513847,2023.08675976962,NA
796,799,0.0934675470592565,-60.9108225158013,-33.0452546317401,-76.0976673764746,-34.7302873267096,1.5897243100988,1.49625676303954,2022.99348282273,2023.08695036979,NA
1097,499,0.125939580908382,-69.2902867236341,43.5805210948249,-70.0277176494341,44.2252001875072,1.59044517318302,1.46450559227464,2022.96173165197,2023.08767123288,PQ712769|A/Hooded_Merganser/ME/23-004172-002-original/2023|H5N1|USA-ME|2023-02-02|wild_avian|B3.2
843,844,0.0642084486847079,-68.0334285066321,-16.7019118880481,-68.2735337706714,-16.7485185423219,1.59428947391229,1.53008102522759,2023.02730708492,2023.09151553361,NA
766,768,0.0188492671465572,-68.9537090602757,-34.0450362458712,-70.3113630425974,-33.158254787862,1.59565834591838,1.57680907877182,2023.07403513847,2023.09288440561,NA
873,249,0.136052266106411,-71.9560582271743,-35.0199639492854,-69.5710887009591,-27.1224969839104,1.59592462523774,1.45987235913132,2022.95709841883,2023.09315068493,EPI_ISL_18760074|A/chicken/Atacama/235254-2/2023|H5N1|Chile-Atacama|2023-02-04|domestic_avian|B3.2
635,442,0.0249763966830217,-125.626516169869,43.7100588185256,-122.413011224125,43.5335192991689,1.59592462523774,1.57094822855471,2023.06817428825,2023.09315068493,EPI_ISL_17964904|A/sanderling/Oregon/23-008234-001/2023|H5N1|USA-OR|2023-02-04|wild_avian|B3.2
870,243,0.04577586436604,-69.5476904390831,-27.4069871055449,-70.621944,-26.344444,1.59866435126509,1.55288848689905,2023.05011454659,2023.09589041096,EPI_ISL_19151400|A/guanay_cormorant/Atacama/235520-1/2023|H5N1|Chile-Atacama|2023-02-05|wild_avian|B3.2
1095,501,0.306818656710489,-68.6452707659907,41.2251276000739,-72.024719613266,41.4709975370559,1.60140407729245,1.29458542058196,2022.79181148028,2023.09863013699,EPI_ISL_19490418|A/mallard/Connecticut/23-004773-001-original2/2023|H5N1|USA-CT|2023-02-06|wild_avian|B3.2
683,60,0.198326020764045,-127.60076212385,53.9125798140296,-125.449778517619,55.6985285920409,1.60140407729245,1.40307805652841,2022.90030411622,2023.09863013699,EPI_ISL_18665510|A/Dunlin/BC/AIVPHL-940/2023|H5N1|Canada-BC|2023-02-06|wild_avian|B3.2
763,764,0.0160248657386521,-64.5945048398258,-28.7118442200159,-53.6799558078823,-35.0304020581497,1.60263188192497,1.58660701618632,2023.08383307588,2023.09985794162,NA
882,211,0.264823688055719,-76.5663197217664,-13.040094421743,-76.507071,-12.91786123,1.60414380331981,1.33932011526409,2022.83654617496,2023.10136986301,OQ925725|A/south_american_sea_lion/Peru/AQP-SER00K/2023|H5N1|Peru|2023-02-07|other_mammal|B3.2
726,196,0.0270597555076342,-66.3372357800462,-18.8513264095815,-66.5875634106096,-17.8851900346459,1.60414380331981,1.57708404781217,2023.07431010751,2023.10136986301,EPI_ISL_19410269|A/chicken/Cochabamba/39425/2023|H5N1|Bolivia-Cochabamba|2023-02-07|domestic_avian|B3.2
807,808,0.0696815733724132,-72.3467260116054,-37.1216271110762,-72.1858223551186,-36.7981434506487,1.60504455109127,1.53536297771886,2023.03258903741,2023.10227061079,NA
825,98,0.241806447478203,-79.7621853965108,-6.83110899846957,-75.1961831,-12.0621201,1.60688352934739,1.36507708186919,2022.86230314156,2023.10410958904,OQ547431|A/Panthera_leo/Peru/AIS0554/2023|H5N1|Peru|2023-02-08|feline|B3.2
797,798,0.0323823203856204,-63.3241563204696,-38.876108542406,-63.3756805750041,-38.928022727449,1.60792896857525,1.57554664818963,2023.07277270788,2023.10515502827,NA
1111,1112,0.221063551417772,-71.4706514270812,40.9856711499957,-76.2759529477821,46.4953313937184,1.60884466614159,1.38778111472382,2022.88500717442,2023.10607072584,NA
807,809,0.0743885242991618,-72.3467260116054,-37.1216271110762,-71.9759719368323,-35.2620221230111,1.60975150201802,1.53536297771886,2023.03258903741,2023.10697756171,NA
739,740,0.0407558729047461,-59.738423801326,-37.232671915951,-60.3069266522425,-36.1611329096863,1.61003733533496,1.56928146243021,2023.06650752212,2023.10726339503,NA
815,816,0.0268462461752232,-61.9906781276995,-33.8959557835276,-64.7935736232322,-33.8194177225217,1.61059648111492,1.5837502349397,2023.08097629463,2023.10782254081,NA
764,765,0.0113398554966353,-53.6799558078823,-35.0304020581497,-57.8291643098791,-30.9093320534674,1.61397173742161,1.60263188192497,2023.09985794162,2023.11119779712,NA
812,813,0.103937841030907,-61.0693832888485,-32.8041562496649,-62.7490035970639,-31.4427123493175,1.61414548580343,1.51020764477252,2023.00743370447,2023.1113715455,NA
721,101,0.265863880611567,-67.3545733928203,-15.0932896087311,-65.9707,-22.4027,1.61510270742947,1.3492388268179,2022.84646488651,2023.11232876712,EPI_ISL_18698459|A/Goose/Argentina/389-1/2023|H5N1|Argentina-Jujuy|2023-02-11|domestic_avian|B3.2
740,741,0.00570160887810633,-60.3069266522425,-36.1611329096863,-60.308802818286,-36.491389540407,1.61573894421306,1.61003733533496,2023.10726339503,2023.11296500391,NA
729,730,0.0760919217585774,-59.2107493451282,-33.9639570881821,-53.5303025952188,-35.0999733254244,1.61911200365301,1.54302008189443,2023.04024614159,2023.11633806335,NA
844,845,0.0254263345256827,-68.2735337706714,-16.7485185423219,-67.5791829546984,-15.9590329249092,1.61971580843798,1.59428947391229,2023.09151553361,2023.11694186813,NA
970,361,0.291342618612918,-70.6541767685765,38.3245311516218,-71.7919113112874,41.9688256569291,1.62058215948441,1.32923954087149,2022.82646560057,2023.11780821918,PQ714409|A/Mute_Swan/RI/23-007092-001-original/2023|H5N1|USA-RI|2023-02-13|wild_avian|B3.2
880,206,0.0644403337158406,-71.1918924787789,-34.0748132393498,-72.95,-36.616667,1.62058215948441,1.55614182576857,2023.05336788546,2023.11780821918,EPI_ISL_18760061|A/pelican/Bio_Bio/236574/2023|H5N1|Chile-Biobio|2023-02-13|wild_avian|B3.2
1060,397,0.438384662027793,-111.254282281099,48.3210108268408,-122.410895348336,38.2519802396461,1.62332188551176,1.18493722348397,2022.68216328318,2023.12054794521,EPI_ISL_17964878|A/red-tailed_hawk/California/23-006644-003/2023|H5N1|USA-CA|2023-02-14|wild_avian|B3.2
651,303,0.304164300012812,-96.8745451366248,46.2496625010324,-110.266475549924,54.7321247190982,1.62332188551176,1.31915758549895,2022.81638364519,2023.12054794521,PV318888|A/Striped_Skunk/AB/FAV-0085-2-2023/2023|H5N1|Canada-AB|2023-02-14|other_mammal|B3.2
620,455,0.238612644389782,-107.203103340055,41.2717448390119,-106.298537524913,40.9365931304289,1.62332188551176,1.38470924112198,2022.88193530082,2023.12054794521,EPI_ISL_17964858|A/Cooper_s_s_hawk/Colorado/23-005617-001/2023|H5N1|USA-CO|2023-02-14|wild_avian|B3.2
1048,470,0.0403155689766543,-122.456343911534,37.705532246429,-122.46716496516,37.7794815710628,1.62332188551176,1.58300631653511,2023.08023237623,2023.12054794521,EPI_ISL_17964856|A/sanderling/California/23-005401-001/2023|H5N1|USA-CA|2023-02-14|wild_avian|B3.2
809,810,0.0154431466983649,-71.9759719368323,-35.2620221230111,-72.051800930936,-36.6921962272124,1.62519464871638,1.60975150201802,2023.10697756171,2023.12242070841,NA
871,244,0.249576677751806,-71.247612314574,-21.9067763931419,-73.4827140604625,-37.3293484353759,1.62606161153912,1.37648493378732,2022.87371099348,2023.12328767123,EPI_ISL_19410300|A/gull/Biobio/237012/2023|H5N1|Chile-Biobio|2023-02-15|wild_avian|B3.2
682,68,0.232423628846921,-127.521388601279,53.7831917539016,-130.786885773627,56.6516412938891,1.62880133756648,1.39637770871956,2022.89360376841,2023.12602739726,PV319152|A/Striped_Skunk/BC/FAV-0091-1-2023/2023|H5N1|Canada-BC|2023-02-16|other_mammal|B3.2
760,769,0.107938544903463,-61.2537827198353,-34.0715212575588,-51.0964411298649,-34.6300343976583,1.63131922348139,1.52338067857792,2023.02060673827,2023.12854528318,NA
1134,515,0.0920964187834863,-63.4221239572232,47.3237162831701,-64.0024853355039,46.5787507431978,1.63154106359384,1.53944464481035,2023.0366707045,2023.12876712329,PV302560|A/American_Crow/PE/FAV-0086-1-2023/2023|H5N1|Canada-PE|2023-02-17|wild_avian|B3.2
769,770,0.00088460296749604,-51.0964411298649,-34.6300343976583,-51.1161360847706,-34.726073477051,1.63220382644888,1.63131922348139,2023.12854528318,2023.12942988614,NA
669,85,0.167724309948006,-112.295983291664,45.9068618420338,-108.300056145277,39.0167505880934,1.63428078962119,1.46655647967319,2022.96378253937,2023.13150684931,EPI_ISL_17964882|A/red-tailed_hawk/Colorado/23-006671-001/2023|H5N1|USA-CO|2023-02-18|wild_avian|B3.2
803,192,0.140722539905449,-63.6619079314525,-31.403720573702,-63.7935806638057,-32.0777502376668,1.63428078962119,1.49355824971575,2022.99078430941,2023.13150684931,EPI_ISL_18698462|A/Chicken/Argentina/477-5/2023|H5N1|Argentina-Cordoba|2023-02-18|domestic_avian|B3.2
1117,541,0.138606464876913,-71.7979660617208,42.3760310007509,-72.1082137237545,42.44734375949,1.63428078962119,1.49567432474428,2022.99290038444,2023.13150684931,EPI_ISL_19736845|A/canada_goose/Massachusetts/015884-006/2023|H5N1|USA-MA|2023-02-18|wild_avian|B3.2
733,108,0.0606118412391043,-58.5643345414988,-33.9173476358971,-54.568,-34.798,1.63428078962119,1.57366894838209,2023.07089500808,2023.13150684931,OR381588|A/Black-necked_swan/Uruguay/014-M3/2023|H5N1|Uruguay-Rocha|2023-02-18|wild_avian|B3.2
1135,514,0.0769809341015653,-64.2147858883763,45.0595063861546,-64.5035023739997,45.4174741466735,1.63702051564878,1.56003958154721,2023.05726564124,2023.13424657534,PV306320|A/Canada_Goose/NS/FAV-0088-4-2023/2023|H5N1|Canada-NS|2023-02-19|wild_avian|B3.2
800,111,0.15300663417402,-60.5560911705128,-31.9845277402897,-63.19509047,-32.09246308,1.63976024167614,1.48675360750212,2022.9839796672,2023.13698630137,EPI_ISL_18698471|A/Chicken/Argentina/501-1/2023|H5N1|Argentina-Cordoba|2023-02-20|domestic_avian|B3.2
797,152,0.0642135934865031,-63.3241563204696,-38.876108542406,-60.5518314263291,-36.6815517720419,1.63976024167614,1.57554664818963,2023.07277270788,2023.13698630137,EPI_ISL_18698469|A/Chicken/Argentina/491-2/2023|H5N1|Argentina-Buenos_Aires|2023-02-20|domestic_avian|B3.2
731,107,0.0913535553860014,-58.8036330812339,-33.4274780364925,-61.46188,-32.28761,1.64249996770349,1.55114641231749,2023.04837247201,2023.1397260274,EPI_ISL_18698476|A/Chicken/Argentina/509-2/2023|H5N1|Argentina-Santa_Fe|2023-02-21|domestic_avian|B3.2
811,185,0.200995336240338,-59.080776841994,-33.3339696779766,-66.88304,-33.24245,1.64523969373085,1.44424435749051,2022.94147041718,2023.14246575342,EPI_ISL_18698480|A/Chicken/Argentina/559-8/2023|H5N1|Argentina-San_Luis|2023-02-22|domestic_avian|B3.2
870,241,0.0923512068317978,-69.5476904390831,-27.4069871055449,-70.3837427909843,-23.651615385783,1.64523969373085,1.55288848689905,2023.05011454659,2023.14246575342,EPI_ISL_19131156|A/Inca_tern/Antofagasta/238083/2023|H5N1|Chile-Antofagasta|2023-02-22|wild_avian|B3.2
629,630,0.0659462990165585,-94.3196581251256,44.8219271064041,-93.9654930442316,41.8833122979865,1.64546951742187,1.57952321840531,2023.0767492781,2023.14269557712,NA
1119,544,0.174461310640111,-71.5384593030801,42.1502605513297,-72.396702614319,42.3572543580893,1.64797941975821,1.4735181091181,2022.97074416881,2023.14520547945,EPI_ISL_19736766|A/canada_goose/Massachusetts/015884-009/2023|H5N1|USA-MA|2023-02-23|wild_avian|B3.2
874,251,0.120097494315092,-72.3630560035379,-35.893334496071,-72.5570741577128,-35.8044643425867,1.64797941975821,1.52788192544312,2023.02510798514,2023.14520547945,EPI_ISL_17885973|A/South_American_tern/Maule/238507/2023|H5N1|Chile-Maule|2023-02-23|wild_avian|B3.2
732,109,0.087175470322117,-57.6176598532684,-34.4092726819498,-65.64608,-39.39435,1.64797941975821,1.56080394943609,2023.05803000913,2023.14520547945,EPI_ISL_18698482|A/Chicken/Argentina/578-2/2023|H5N1|Argentina-Rio_Negro|2023-02-23|domestic_avian|B3.2
741,176,0.0322404755451444,-60.308802818286,-36.491389540407,-60.5378126139643,-36.6882927039701,1.64797941975821,1.61573894421306,2023.11296500391,2023.14520547945,EPI_ISL_18698478|A/Chicken/Argentina/556-6/2023|H5N1|Argentina-Buenos_Aires|2023-02-23|domestic_avian|B3.2
740,742,0.0397259199363797,-60.3069266522425,-36.1611329096863,-63.1354186136464,-39.9813981819698,1.64976325527134,1.61003733533496,2023.10726339503,2023.14698931497,NA
877,254,0.159626301848011,-66.0552866640418,-28.607973018602,-71.53328,-32.78174,1.65071914578557,1.49109284393756,2022.98831890363,2023.14794520548,EPI_ISL_19131163|A/Peruvean_booby/Valparaiso/238535/2023|H5N1|Chile-Valparaiso|2023-02-24|wild_avian|B3.2
821,822,0.117717370822875,-76.8580684144118,-12.0384558995882,-76.9311156718094,-10.6288887683891,1.65263709462513,1.53491972380225,2023.0321457835,2023.14986315432,NA
770,795,0.0206062644115237,-51.1161360847706,-34.726073477051,-56.9351773452984,-37.5133208096946,1.65281009086041,1.63220382644888,2023.12942988614,2023.15003615055,NA
845,847,0.0380398135581257,-67.5791829546984,-15.9590329249092,-67.1095683852882,-26.8894333624019,1.6577556219961,1.61971580843798,2023.11694186813,2023.15498168169,NA
1137,512,0.286472528670408,-66.3152023017644,43.267292286765,-63.6505777205973,46.378237973789,1.65893832386787,1.37246579519746,2022.86969185489,2023.15616438356,PV307384|A/Canada_Goose/PE/FAV-0096-3-2023/2023|H5N1|Canada-PE|2023-02-27|wild_avian|B3.2
810,177,0.0337436751514812,-72.051800930936,-36.6921962272124,-72.2881,-36.6761,1.65893832386787,1.62519464871638,2023.12242070841,2023.15616438356,EPI_ISL_17885878|A/chicken/Nuble/239136/2023|H5N1|Chile-Nuble|2023-02-27|domestic_avian|B3.2
799,113,0.0719537397964243,-76.0976673764746,-34.7302873267096,-72.9758,-38.7934,1.66167804989522,1.5897243100988,2023.08695036979,2023.15890410959,EPI_ISL_17885958|A/chicken/Araucania/239189-2/2023|H5N1|Chile-Araucania|2023-02-28|domestic_avian|B3.2
1117,1118,0.166476097034546,-71.7979660617208,42.3760310007509,-71.024818832984,42.3530368730773,1.66215042177883,1.49567432474428,2022.99290038444,2023.15937648147,NA
845,846,0.0435973291461007,-67.5791829546984,-15.9590329249092,-70.1643312230988,-17.7450949158831,1.66331313758408,1.61971580843798,2023.11694186813,2023.16053919728,NA
868,240,0.131061039693374,-69.5550902103523,-27.579490785998,-71.343333,-29.953056,1.66441777592258,1.53335673622921,2023.03058279592,2023.16164383562,EPI_ISL_19131162|A/Inca_tern/Coquimbo/239619/2023|H5N1|Chile-Coquimbo|2023-03-01|wild_avian|B3.2
1112,536,0.0555731097809922,-76.2759529477821,46.4953313937184,-77.6307547983278,47.2026528444035,1.66441777592258,1.60884466614159,2023.10607072584,2023.16164383562,PV301712|A/American_Black_Duck/QC/FAV-0115-3-2023/2023|H5N1|Canada-QC|2023-03-01|wild_avian|B3.2
770,771,0.0331027080326773,-51.1161360847706,-34.726073477051,-49.9132295692735,-33.2635449594257,1.66530653448156,1.63220382644888,2023.12942988614,2023.16253259418,NA
630,445,0.0216879845282918,-93.9654930442316,41.8833122979865,-93.4815426816452,42.0669481856646,1.66715750195016,1.64546951742187,2023.14269557712,2023.16438356164,EPI_ISL_17964890|A/American_crow/Iowa/23-007468-001/2023|H5N1|USA-IA|2023-03-02|wild_avian|B3.2
725,194,0.184427826975377,-66.616240862039,-17.6200078363025,-66.1196836513559,-16.8591636007475,1.66989722797752,1.48546940100214,2022.9826954607,2023.16712328767,EPI_ISL_19418487|A/chicken/Cochabamba/39539/2023|H5N1|Bolivia-Cochabamba|2023-03-03|domestic_avian|B3.2
1011,422,0.156166957657537,-105.937247522715,37.534638306394,-111.580411069267,41.3434390643092,1.66989722797752,1.51373027031999,2023.01095633001,2023.16712328767,EPI_ISL_17964896|A/American_crow/Utah/23-007867-006/2023|H5N1|USA-UT|2023-03-03|wild_avian|B3.2
814,188,0.140793985105848,-64.2843425491095,-30.9623825479103,-55.8419,-32.3924,1.66989722797752,1.52910324287167,2023.02632930257,2023.16712328767,OR381596|A/Backyard_chicken/Uruguay/040-M5/2023|H5N1|Uruguay-Tacuarembo|2023-03-03|domestic_avian|B3.2
843,239,0.139816202749936,-68.0334285066321,-16.7019118880481,-70.3010487314224,-18.4631239017513,1.66989722797752,1.53008102522759,2023.02730708492,2023.16712328767,EPI_ISL_17885978|A/Sanderling/Arica_y_Parinacota/240265/2023|H5N1|Chile-Arica|2023-03-03|wild_avian|B3.2
1004,414,0.123296472266827,-109.577562475782,46.759679821848,-107.984059550309,40.8863932435178,1.66989722797752,1.5466007557107,2023.0438268154,2023.16712328767,EPI_ISL_17964907|A/great_horned_owl/Colorado/23-007822-001/2023|H5N1|USA-CO|2023-03-03|wild_avian|B3.2
795,124,0.0170871371171164,-56.9351773452984,-37.5133208096946,-57.8241,-38.04594,1.66989722797752,1.65281009086041,2023.15003615055,2023.16712328767,EPI_ISL_18698494|A/Chicken/Argentina/736-1/2023|H5N1|Argentina-Buenos_Aires|2023-03-03|domestic_avian|B3.2
678,71,0.236044629265664,-82.3007263140082,33.1521348721194,-80.7800927579074,33.0770196138574,1.67263695400488,1.43659232473922,2022.93381838443,2023.1698630137,EPI_ISL_17964901|A/bald_eagle/South_Carolina/23-008111-001/2023|H5N1|USA-SC|2023-03-04|wild_avian|B3.2
763,122,0.08602993781856,-64.5945048398258,-28.7118442200159,-61.026789,-31.281576,1.67263695400488,1.58660701618632,2023.08383307588,2023.1698630137,EPI_ISL_18698497|A/Turkey/Argentina/753-1/2023|H5N1|Argentina-Santa_Fe|2023-03-04|domestic_avian|B3.2
1118,543,0.0104865322260519,-71.024818832984,42.3530368730773,-71.1993356446616,42.5546666545436,1.67263695400488,1.66215042177883,2023.15937648147,2023.1698630137,EPI_ISL_19736913|A/canada_goose/Massachusetts/015884-014/2023|H5N1|USA-MA|2023-03-04|wild_avian|B3.2
629,447,0.0958534616269224,-94.3196581251256,44.8219271064041,-93.5483039421623,42.0476894503261,1.67537668003224,1.57952321840531,2023.0767492781,2023.17260273973,EPI_ISL_17964893|A/American_crow/Iowa/23-007781-002/2023|H5N1|USA-IA|2023-03-05|wild_avian|B3.2
878,207,0.207091760418305,-75.200686297422,-47.5144915751954,-71.5881052596594,-36.495832413903,1.67811640605959,1.47102464564129,2022.96825070534,2023.17534246575,EPI_ISL_17885877|A/chicken/Nuble/240155/2023|H5N1|Chile-Nuble|2023-03-06|domestic_avian|B3.2
869,242,0.126092901974091,-69.5576483808845,-27.5772177308634,-71.833333,-33.95,1.67811640605959,1.5520235040855,2023.04924956378,2023.17534246575,EPI_ISL_17885967|A/Blackish_oystercatcher/OHiggins/240628/2023|H5N1|Chile-OHiggins|2023-03-06|wild_avian|B3.2
815,189,0.0943661711198933,-61.9906781276995,-33.8959557835276,-72.5733722700888,-35.7857113889504,1.67811640605959,1.5837502349397,2023.08097629463,2023.17534246575,EPI_ISL_17885849|A/Black_Skimmer/Maule/240379/2023|H5N1|Chile-Maule|2023-03-06|wild_avian|B3.2
847,848,0.0212686347779252,-67.1095683852882,-26.8894333624019,-67.0546587838143,-26.9660559181099,1.67902425677403,1.6577556219961,2023.15498168169,2023.17625031647,NA
846,237,0.0175429945028744,-70.1643312230988,-17.7450949158831,-70.699826,-18.137864,1.68085613208695,1.66331313758408,2023.16053919728,2023.17808219178,EPI_ISL_17777531|A/sea_lion/Peru/TAC-INS-010/2023|H5N1|Peru-Tacna|2023-03-07|other_mammal|B3.2
846,238,0.0175429945028744,-70.1643312230988,-17.7450949158831,-70.30376039,-17.64664722,1.68085613208695,1.66331313758408,2023.16053919728,2023.17808219178,EPI_ISL_17777532|A/sea_lion/Peru/TAC-INS-011/2023|H5N1|Peru-Tacna|2023-03-07|other_mammal|B3.2
734,105,0.111509793767758,-61.1236251452546,-32.1962391853955,-65.096,-32.389,1.68633558414189,1.57482579037414,2023.07205185007,2023.18356164384,EPI_ISL_18698731|A/Chicken/Argentina/895-1/2023|H5N1|Argentina-San_Luis|2023-03-09|domestic_avian|B3.2
767,118,0.0968018742178947,-69.0402483280031,-32.2147229486523,-72.0207067051362,-34.3995010462745,1.68633558414189,1.589533709924,2023.08675976962,2023.18356164384,EPI_ISL_17885965|A/Chiloe_wigeon/OHiggins/240893-2/2023|H5N1|Chile-OHiggins|2023-03-09|wild_avian|B3.2
931,932,0.353354938403182,-112.812207845392,44.4226692058798,-112.195864854109,40.482939462668,1.68827400871927,1.33491907031609,2022.83214513001,2023.18550006841,NA
1003,411,0.220027305449113,-100.39050162895,45.7158645744561,-84.9255497280091,42.5016584429448,1.68907531016925,1.46904800472014,2022.96627406441,2023.18630136986,EPI_ISL_19490438|A/chicken/Michigan/23-008143-002-original/2023|H5N1|USA-MI|2023-03-10|domestic_avian|B3.2
808,180,0.0840307590779807,-72.1858223551186,-36.7981434506487,-72.09428,-36.689629,1.68907531016925,1.60504455109127,2023.10227061079,2023.18630136986,EPI_ISL_17885873|A/chicken/Nuble/241681-1/2023|H5N1|Chile-Nuble|2023-03-10|domestic_avian|B3.2
1113,533,0.282979093842343,-81.9725760802265,46.8524953221938,-81.9923383277061,47.8073499363118,1.69181503619661,1.40883594235427,2022.90606200205,2023.18904109589,PV302264|A/American_Crow/ON/FAV-0118-1-2023/2023|H5N1|Canada-ON|2023-03-11|wild_avian|B3.2
810,178,0.0720998395349395,-72.051800930936,-36.6921962272124,-70.37928,-38.556134,1.69729448825132,1.62519464871638,2023.12242070841,2023.19452054795,EPI_ISL_18698502|A/Chicken/Argentina/919-3/2023|H5N1|Argentina-Neuquen|2023-03-13|domestic_avian|B3.2
847,236,0.0395388662552212,-67.1095683852882,-26.8894333624019,-69.93163954,-27.38183161,1.69729448825132,1.6577556219961,2023.15498168169,2023.19452054795,EPI_ISL_19391462|A/sea_lion/Atacama/242444-1/2023|H5N1|Chile-Atacama|2023-03-13|other_mammal|B3.2
1103,526,0.391809544307586,-91.633472639816,39.4328910911656,-91.9846317598408,38.1689169875,1.70003421427891,1.30822466997132,2022.80545072967,2023.19726027397,EPI_ISL_19490458|A/chicken/Missouri/23-008296-003-original/2023|H5N1|USA-MO|2023-03-14|domestic_avian|B3.2
894,268,0.587106980968922,-109.374008696625,46.9297306566803,-96.7087811990571,39.9664795517445,1.70277394030627,1.11566695933734,2022.61289301903,2023.2,EPI_ISL_17964913|A/red-tailed_hawk/Kansas/23-009211-001/2023|H5N1|USA-KS|2023-03-15|wild_avian|B3.2
964,338,0.32402170684768,-90.9798298713592,31.4492441039598,-88.3716909181725,33.9402312883701,1.70277394030627,1.37875223345859,2022.87597829315,2023.2,EPI_ISL_19490462|A/chicken/Mississippi/23-008358-002-original/2023|H5N1|USA-MS|2023-03-15|domestic_avian|B3.2
672,78,0.185848037273394,-103.41744284069,42.7618136850775,-103.237310460108,40.8545061541627,1.70277394030627,1.51692590303287,2023.01415196273,2023.2,EPI_ISL_17964906|A/red-tailed_hawk/Colorado/23-008901-001/2023|H5N1|USA-CO|2023-03-15|wild_avian|B3.2
734,106,0.12794814993213,-61.1236251452546,-32.1962391853955,-55.7469,-34.5713,1.70277394030627,1.57482579037414,2023.07205185007,2023.2,OR381676|A/Black-necked_swan/Uruguay/078-M2/2023|H5N1|Uruguay-Canelones|2023-03-15|wild_avian|B3.2
813,187,0.0913681805301936,-62.7490035970639,-31.4427123493175,-64.31648,-36.69454,1.70551366633362,1.61414548580343,2023.1113715455,2023.20273972603,EPI_ISL_18698504|A/Chicken/Argentina/1035-1/2023|H5N1|Argentina-La_Pampa|2023-03-16|domestic_avian|B3.2
822,92,0.0528765717084956,-76.9311156718094,-10.6288887683891,-77.2883719438664,-10.783857314788,1.70551366633362,1.65263709462513,2023.14986315432,2023.20273972603,EPI_ISL_17777527|A/gull/Peru/LIM-INS-006/2023|H5N1|Peru-Lima|2023-03-16|wild_avian|B3.2
885,198,0.233910913474658,-76.9935053292755,-12.0401162986101,-77.118870665669,-12.0649849250317,1.70825339236098,1.47434247888632,2022.97156853858,2023.20547945205,EPI_ISL_17777528|A/peruvian_booby/Peru/CAL-INS-007/2023|H5N1|Peru-Callao|2023-03-17|wild_avian|B3.2
821,91,0.173333668558728,-76.8580684144118,-12.0384558995882,-77.149763740525,-12.053051302942,1.70825339236098,1.53491972380225,2023.0321457835,2023.20547945205,EPI_ISL_17777530|A/guanay_cormorant/Peru/CAL-INS-009/2023|H5N1|Peru-Callao|2023-03-17|wild_avian|B3.2
842,213,0.208321265558153,-67.7015780859877,-26.6276209206884,-71.4293542,-32.69895,1.71373284441592,1.50541157885777,2023.00263763855,2023.21095890411,EPI_ISL_18760069|A/sea_lion/Valparaiso/SJCEIRR-2431361/2023|H5N1|Chile-Valparaiso|2023-03-19|other_mammal|B3.2
610,461,0.54339310535787,-119.12726870601,41.4185400265092,-127.38323019103,55.4079643552862,1.71647257044328,1.17307946508541,2022.67030552478,2023.21369863014,EPI_ISL_18665556|A/Barred_Owl/BC/AIVPHL-1008/2023|H5N1|Canada-BC|2023-03-20|wild_avian|B3.2
768,115,0.120814224524899,-70.3113630425974,-33.158254787862,-70.1243017321066,-33.3297272855991,1.71647257044328,1.59565834591838,2023.09288440561,2023.21369863014,EPI_ISL_18760060|A/chicken/Metropolitana/243148-1/2023|H5N1|Chile-Metropolitana|2023-03-20|domestic_avian|B3.2
1140,509,0.200905883950025,-60.7851986644067,45.7008034935564,-63.3684509011752,46.2890754688144,1.71921229647064,1.51830641252061,2023.01553247221,2023.21643835616,PV319272|A/Striped_Skunk/PE/FAV-0123-1-2023/2023|H5N1|Canada-PE|2023-03-21|other_mammal|B3.2
1141,507,0.188099188034041,-60.5313264383746,46.3544563541863,-61.5040661289341,45.6091222257176,1.71921229647064,1.5311131084366,2023.02833916813,2023.21643835616,PV302152|A/American_Crow/NS/FAV-0122-1-2023/2023|H5N1|Canada-NS|2023-03-21|wild_avian|B3.2
809,179,0.109460794452618,-71.9759719368323,-35.2620221230111,-70.37815,-38.55845,1.71921229647064,1.60975150201802,2023.10697756171,2023.21643835616,EPI_ISL_18698505|A/Chicken/Argentina/1147-2/2023|H5N1|Argentina-Neuquen|2023-03-21|domestic_avian|B3.2
1130,517,0.487348480541097,-77.6307445659642,50.9402942745706,-62.7733966776868,46.1056615344945,1.721952022498,1.2346035419569,2022.73182960165,2023.21917808219,PV302640|A/American_Crow/PE/FAV-0121-1-2023/2023|H5N1|Canada-PE|2023-03-22|wild_avian|B3.2
1061,398,0.494510554531085,-123.041623042884,48.6253851376588,-119.399538415686,46.3261992645721,1.72469174852535,1.23018119399427,2022.72740725369,2023.22191780822,EPI_ISL_17964920|A/Western_screech_owl/Washington/23-010027-001/2023|H5N1|USA-WA|2023-03-23|wild_avian|B3.2
844,214,0.133142000640416,-68.2735337706714,-16.7485185423219,-70.38642,-23.61671,1.72743147455271,1.59428947391229,2023.09151553361,2023.22465753425,PQ295907|A/Antofagasta/25945/2023|H5N1|Chile-Antofagasta|2023-03-24|human|B3.2
1112,535,0.118586808411122,-76.2759529477821,46.4953313937184,-78.3680789123757,44.8404126958685,1.72743147455271,1.60884466614159,2023.10607072584,2023.22465753425,PV302336|A/American_Crow/ON/FAV-0149-2-2023/2023|H5N1|Canada-ON|2023-03-24|wild_avian|B3.2
806,183,0.173855814855689,-74.378285670463,-35.265551563222,-72.28213908,-38.70947038,1.73017120058029,1.55631538572461,2023.05354144542,2023.22739726027,EPI_ISL_18760073|A/chicken/Araucania/244469/2023|H5N1|Chile-Araucania|2023-03-25|domestic_avian|B3.2
628,446,0.165734686679873,-93.4932782221041,42.7103433387673,-93.8902715968722,45.1557245635606,1.73291092660765,1.56717623992778,2023.06440229962,2023.2301369863,EPI_ISL_17964919|A/red-tailed_hawk/Minnesota/23-010018-001/2023|H5N1|USA-MN|2023-03-26|wild_avian|B3.2
1052,396,0.647332643784056,-119.627504389246,58.2746807035755,-121.411284691721,58.2629697832202,1.73565065263501,1.08831800885095,2022.58554406854,2023.23287671233,PV319168|A/Striped_Skunk/BC/FAV-0173-1-2023/2023|H5N1|Canada-BC|2023-03-27|other_mammal|B3.2
741,175,0.119911708421945,-60.308802818286,-36.491389540407,-61.92956,-33.73278,1.73565065263501,1.61573894421306,2023.11296500391,2023.23287671233,EPI_ISL_18698506|A/Chicken/Argentina/1200-1/2023|H5N1|Argentina-Santa_Fe|2023-03-27|domestic_avian|B3.2
666,77,0.408130365741893,-105.375237674653,44.2539834039159,-116.168535913142,43.5706496676554,1.73839037866237,1.33026001292047,2022.82748607261,2023.23561643836,EPI_ISL_17964927|A/great_horned_owl/Idaho/23-011169-003/2023|H5N1|USA-ID|2023-03-28|wild_avian|B3.2
771,773,0.0769035516760714,-49.9132295692735,-33.2635449594257,-42.6871033899456,-22.321331314575,1.74221008615763,1.66530653448156,2023.16253259418,2023.23943614585,NA
672,79,0.22694392768421,-103.41744284069,42.7618136850775,-98.7930862820068,40.8290046770588,1.74386983071708,1.51692590303287,2023.01415196273,2023.24109589041,EPI_ISL_17821770|A/cat/Nebraska/23-010184-001/2023|H5N1|USA-NE|2023-03-30|feline|B3.2
1048,471,0.160863514181971,-122.456343911534,37.705532246429,-122.390320617432,37.6864428581473,1.74386983071708,1.58300631653511,2023.08023237623,2023.24109589041,EPI_ISL_17964933|A/peregrine_falcon/California/23-011277-001/2023|H5N1|USA-CA|2023-03-30|wild_avian|B3.2
768,116,0.148211484798701,-70.3113630425974,-33.158254787862,-71.1372205539042,-32.7651097460675,1.74386983071708,1.59565834591838,2023.09288440561,2023.24109589041,EPI_ISL_19410286|A/turkey/Valparaiso/245886-5/2023|H5N1|Chile-Valparaiso|2023-03-30|domestic_avian|B3.2
1118,542,0.0817194089382536,-71.024818832984,42.3530368730773,-71.0547052685595,42.3194353597065,1.74386983071708,1.66215042177883,2023.15937648147,2023.24109589041,SRR29740507|A/canada_goose/Massachusetts/23-015884-019/2023||USA-MA|2023-03-30|wild_avian|B3.2
609,462,0.588155325594884,-119.128594413145,41.4770382191913,-119.314965609417,39.6661311488029,1.74660955674467,1.15845423114978,2022.65568029084,2023.24383561644,EPI_ISL_17964944|A/red-tailed_hawk/Nevada/23-012114-001/2023|H5N1|USA-NV|2023-03-31|wild_avian|B3.2
728,110,0.248393036081351,-62.0915590967372,-28.8142823516976,-59.03253,-35.08456,1.74660955674467,1.49821652066331,2022.99544258036,2023.24383561644,EPI_ISL_18698507|A/Chicken/Argentina/1340-2/2023|H5N1|Argentina-Buenos_Aires|2023-03-31|domestic_avian|B3.2
813,186,0.132464070941237,-62.7490035970639,-31.4427123493175,-58.67021,-27.39907,1.74660955674467,1.61414548580343,2023.1113715455,2023.24383561644,EPI_ISL_18698508|A/Turkey/Argentina/1348-3/2023|H5N1|Argentina-Corrientes|2023-03-31|domestic_avian|B3.2
798,153,0.146899766251485,-63.3756805750041,-38.928022727449,-64.413895,-38.888405,1.75482873482674,1.60792896857525,2023.10515502827,2023.25205479452,EPI_ISL_18698510|A/Chicken/Argentina/1416-3/2023|H5N1|Argentina|2023-04-03|domestic_avian|B3.2
986,297,0.617256308253161,-109.728545048738,53.3230349458336,-92.3072393279452,42.5632365173737,1.7575684608541,1.14031215260094,2022.63753821229,2023.25479452055,EPI_ISL_17964923|A/American_crow/Iowa/23-010832-002/2023|H5N1|USA-IA|2023-04-04|wild_avian|B3.2
1104,547,0.501132268346302,-78.0580115267551,48.5870665707513,-79.2973721725052,47.0876946339498,1.7575684608541,1.25643619250779,2022.7536622522,2023.25479452055,PV304152|A/Barred_Owl/QC/FAV-0248-1-2023/2023|H5N1|Canada-QC|2023-04-04|wild_avian|B3.2
1058,403,0.376695144528303,-112.501889112425,50.8214941423718,-116.536901503146,56.5115411645941,1.76030818688145,1.38361304235315,2022.88083910205,2023.25753424658,PV301473|A/Striped_Skunk/AB/FAV-0188-1-2023/2023|H5N1|Canada-AB|2023-04-05|other_mammal|B3.2
806,184,0.20947225321179,-74.378285670463,-35.265551563222,-70.6790332464707,-35.7185118747435,1.7657876389364,1.55631538572461,2023.05354144542,2023.26301369863,EPI_ISL_19410280|A/chicken/Maule/247588-1/2023|H5N1|Chile-Maule|2023-04-07|domestic_avian|B3.2
799,114,0.176063328837597,-76.0976673764746,-34.7302873267096,-71.626658376076,-37.4036676094752,1.7657876389364,1.5897243100988,2023.08695036979,2023.26301369863,EPI_ISL_19418491|A/buff-necked_ibis/Bio_bio/247636-1/2023|H5N1|Chile-Biobio|2023-04-07|wild_avian|B3.2
773,774,0.0252258797518039,-42.6871033899456,-22.321331314575,-41.2377770752806,-21.7600020207841,1.76743596590943,1.74221008615763,2023.23943614585,2023.2646620256,NA
622,458,0.314763388216097,-105.752678819899,40.7698465695494,-105.693881671462,40.766076386783,1.77400681701847,1.45924342880237,2022.9564694885,2023.27123287671,EPI_ISL_17964934|A/turkey_vulture/Colorado/23-011447-001/2023|H5N1|USA-CO|2023-04-10|wild_avian|B3.2
630,444,0.128537299596594,-93.9654930442316,41.8833122979865,-93.8270064420294,42.0151224033478,1.77400681701847,1.64546951742187,2023.14269557712,2023.27123287671,EPI_ISL_17964928|A/hawk/Iowa/23-011213-001/2023|H5N1|USA-IA|2023-04-10|wild_avian|B3.2
707,50,0.496295710775486,-95.8765985041349,38.8400728354273,-97.0769825467368,43.5016553002319,1.77674654304605,1.28045083227057,2022.77767689196,2023.27397260274,EPI_ISL_17964942|A/red-tailed_hawk/South_Dakota/23-012031-001/2023|H5N1|USA-SD|2023-04-11|wild_avian|B3.2
774,775,0.0116675492563816,-41.2377770752806,-21.7600020207841,-40.5392416855547,-23.5533908240954,1.77910351516582,1.76743596590943,2023.2646620256,2023.27632957486,NA
1057,400,0.409863811343011,-109.545573322091,47.0478927768668,-111.197568589213,44.772126269429,1.77948626907341,1.3696224577304,2022.86684851742,2023.27671232877,EPI_ISL_17964939|A/great_horned_owl/Montana/23-011850-001/2023|H5N1|USA-MT|2023-04-12|wild_avian|B3.2
819,90,0.350744541369298,-76.2570324423059,-2.35764747494268,-77.744885,-10.7953673,1.77948626907341,1.42874172770411,2022.9259677874,2023.27671232877,EPI_ISL_17777533|A/peruvian_booby/Peru/LIM-INS-012/2023|H5N1|Peru-Lima|2023-04-12|wild_avian|B3.2
742,156,0.129723013802072,-63.1354186136464,-39.9813981819698,-65.08174,-42.7996,1.77948626907341,1.64976325527134,2023.14698931497,2023.27671232877,EPI_ISL_18698511|A/Chicken/Argentina/1530-3/2023|H5N1|Argentina-Chubut|2023-04-12|domestic_avian|B3.2
1108,532,0.454715027547378,-72.5409605267031,42.6357256526788,-73.8109905986671,42.2298018065154,1.78222599510077,1.32751096755339,2022.82473702725,2023.27945205479,EPI_ISL_17964945|A/red-shouldered_hawk/New_York/23-012563-001/2023|H5N1|USA-NY|2023-04-13|wild_avian|B3.2
635,441,0.211277766546053,-125.626516169869,43.7100588185256,-123.985987092472,42.7194219931876,1.78222599510077,1.57094822855471,2023.06817428825,2023.27945205479,EPI_ISL_17964941|A/sanderling/Oregon/23-011964-001/2023|H5N1|USA-OR|2023-04-13|wild_avian|B3.2
771,772,0.124114429716924,-49.9132295692735,-33.2635449594257,-56.1095711836204,-34.7353905860804,1.78942096419848,1.66530653448156,2023.16253259418,2023.28664702389,NA
1004,413,0.243844417472144,-109.577562475782,46.759679821848,-110.868178307455,47.4145347783376,1.79044517318284,1.5466007557107,2023.0438268154,2023.28767123288,EPI_ISL_17964974|A/Cooper_s_hawk/Montana/23-016105-001/2023|H5N1|USA-MT|2023-04-16|wild_avian|B3.2
765,121,0.176473435761232,-57.8291643098791,-30.9093320534674,-56.6724,-34.5526,1.79044517318284,1.61397173742161,2023.11119779712,2023.28767123288,OR381660|A/Backyard_duck/Uruguay/124-M3/2023|H5N1|Uruguay-San_Jose|2023-04-16|domestic_avian|B3.2
705,52,0.685085131382291,-96.0556907920259,37.9648607501819,-116.267585975319,51.3552582634056,1.79318489921042,1.10809976782813,2022.60532582752,2023.2904109589,PV318928|A/Striped_Skunk/AB/FAV-0188-2-2023/2023|H5N1|Canada-AB|2023-04-17|other_mammal|B3.2
801,193,0.37409514750846,-57.9200866435788,-35.9727058925085,-69.071,-45.326,1.79318489921042,1.41908975170196,2022.9163158114,2023.2904109589,EPI_ISL_19137653|A/Seagull/Sarmiento/1651-4/2023|H5N1|Argentina-Sarmiento|2023-04-17|wild_avian|B3.2
805,182,0.248326133639301,-72.5898250327785,-36.7528684056932,-72.18606,-51.51924,1.79318489921042,1.54485876557112,2023.04208482526,2023.2904109589,EPI_ISL_18698513|A/Turkey/Argentina/1710-1/2023|H5N1|Argentina-Santa_Cruz|2023-04-17|domestic_avian|B3.2
772,127,0.0037639350119405,-56.1095711836204,-34.7353905860804,-56.129042927481,-34.7618779763655,1.79318489921042,1.78942096419848,2023.28664702389,2023.2904109589,OR381636|A/Backyard_chicken/Uruguay/127-M1/2023|H5N1|Uruguay-Montevideo|2023-04-17|domestic_avian|B3.2
772,128,0.0037639350119405,-56.1095711836204,-34.7353905860804,-56.1117459734274,-34.7613136298374,1.79318489921042,1.78942096419848,2023.28664702389,2023.2904109589,OR381644|A/Backyard_chicken/Uruguay/127-M4/2023|H5N1|Uruguay-Montevideo|2023-04-17|domestic_avian|B3.2
775,776,0.0164572713704543,-40.5392416855547,-23.5533908240954,-41.2881021319939,-21.0770470363878,1.79556078653627,1.77910351516582,2023.27632957486,2023.29278684623,NA
996,410,0.272550220226297,-112.481866831197,42.1256488744855,-116.182343018794,43.3033317992632,1.79592462523778,1.52337440501148,2023.02060046471,2023.29315068493,EPI_ISL_17964949|A/barn_owl/Idaho/23-013072-001/2023|H5N1|USA-ID|2023-04-18|wild_avian|B3.2
932,358,0.107650616518509,-112.195864854109,40.482939462668,-116.309555228406,43.2415967068742,1.79592462523778,1.68827400871927,2023.18550006841,2023.29315068493,EPI_ISL_17964950|A/barn_owl/Idaho/23-013072-002/2023|H5N1|USA-ID|2023-04-18|wild_avian|B3.2
671,80,0.44304863287193,-105.876532786388,42.6271887558281,-104.807121227822,42.3432777860442,1.79866435126514,1.35561571839321,2022.85284177809,2023.29589041096,EPI_ISL_17964953|A/turkey_vulture/Wyoming/23-013715-001/2023|H5N1|USA-WY|2023-04-19|wild_avian|B3.2
632,452,0.350077874054667,-109.410095877839,43.4538097055871,-105.602242392444,42.89288070476,1.79866435126514,1.44858647721047,2022.9458125369,2023.29589041096,EPI_ISL_17964946|A/turkey_vulture/Wyoming/23-012565-001/2023|H5N1|USA-WY|2023-04-19|wild_avian|B3.2
624,454,0.308529849456235,-113.622095519587,42.186298487199,-111.921487764773,41.9727884543839,1.79866435126514,1.4901345018089,2022.9873605615,2023.29589041096,EPI_ISL_17964947|A/turkey_vulture/Utah/23-012747-001/2023|H5N1|USA-UT|2023-04-19|wild_avian|B3.2
767,117,0.209130641341139,-69.0402483280031,-32.2147229486523,-58.25909,-28.36806,1.79866435126514,1.589533709924,2023.08675976962,2023.29589041096,EPI_ISL_18698515|A/Duck/Argentina/1712-5/2023|H5N1|Argentina-Corrientes|2023-04-19|domestic_avian|B3.2
816,191,0.188067870150214,-64.7935736232322,-33.8194177225217,-68.778496,-34.10899,1.79866435126514,1.61059648111492,2023.10782254081,2023.29589041096,EPI_ISL_18698512|A/Chicken/Argentina/1708-1/2023|H5N1|Argentina-Mendoza|2023-04-19|domestic_avian|B3.2
885,199,0.327061598406174,-76.9935053292755,-12.0401162986101,-76.99026,-12.211929,1.8014040772925,1.47434247888632,2022.97156853858,2023.29863013699,EPI_ISL_19070288|A/Calidris_alba/Lima/Villa01/2023___this_|H5N1|Peru-Lima|2023-04-20|wild_avian|B3.2
1103,525,0.495919133348531,-91.633472639816,39.4328910911656,-75.3948327175883,52.9908046992031,1.80414380331985,1.30822466997132,2022.80545072967,2023.30136986301,PV321400|A/Turkey/QC/FAV-0168-3A-2023/2023|H5N1|Canada-QC|2023-04-21|domestic_avian|B3.2
1135,513,0.24410422177264,-64.2147858883763,45.0595063861546,-64.1732434652577,46.7883461674221,1.80414380331985,1.56003958154721,2023.05726564124,2023.30136986301,PV319312|A/Striped_Skunk/PE/FAV-0179-1-2023/2023|H5N1|Canada-PE|2023-04-21|other_mammal|B3.2
739,155,0.234862340889642,-59.738423801326,-37.232671915951,-60.5382244221528,-36.6894761012732,1.80414380331985,1.56928146243021,2023.06650752212,2023.30136986301,EPI_ISL_18698516|A/Avian/Argentina/1762-2/2023|H5N1|Argentina-Buenos_Aires|2023-04-21|wild_avian|B3.2
798,154,0.2044340128269,-63.3756805750041,-38.928022727449,-68.29917,-38.95667,1.81236298140215,1.60792896857525,2023.10515502827,2023.3095890411,EPI_ISL_18698517|A/Avian/Argentina/1790-5/2023|H5N1|Argentina|2023-04-24|wild_avian|B3.2
776,777,0.0199179863078243,-41.2881021319939,-21.0770470363878,-42.4737385321831,-20.3628649715017,1.8154787728441,1.79556078653627,2023.29278684623,2023.31270483254,NA
905,281,0.75110596354719,-103.35439125266,42.5020708938318,-111.605240010247,41.6823184456411,1.82332188551181,1.07221592196462,2022.56944198166,2023.32054794521,EPI_ISL_17964960|A/turkey_vulture/Utah/23-014334-001/2023|H5N1|USA-UT|2023-04-28|wild_avian|B3.2
764,123,0.22890918166891,-53.6799558078823,-35.0304020581497,-59.02865,-27.41668,1.83154106359388,1.60263188192497,2023.09985794162,2023.32876712329,EPI_ISL_18698518|A/Chicken/Argentina/1976-2/2023|H5N1|Argentina-Chaco|2023-05-01|domestic_avian|B3.2
907,278,0.65880737909359,-97.344513077554,38.8211535393529,-99.5445778012179,53.0880142511444,1.83428078962124,1.17547341052765,2022.67269947022,2023.33150684932,PV317808|A/Snow_Goose/MB/FAV-0258-2-2023/2023|H5N1|Canada-MB|2023-05-02|wild_avian|B3.2
808,181,0.231975964557326,-72.1858223551186,-36.7981434506487,-58.265809,-25.36837,1.8370205156486,1.60504455109127,2023.10227061079,2023.33424657534,EPI_ISL_18698732|A/Chicken/Argentina/2016-2/2023|H5N1|Argentina-Formosa|2023-05-03|domestic_avian|B3.2
730,103,0.217908511995587,-53.5303025952188,-35.0999733254244,-54.0993,-33.69,1.8370205156486,1.61911200365301,2023.11633806335,2023.33424657534,OR381652|A/Backyard_chicken/Uruguay/144-M3/2023|H5N1|Uruguay-Rocha|2023-05-03|domestic_avian|B3.2
727,102,0.397789113084762,-63.4046962402957,-30.3578968307574,-58.89526,-34.49607,1.83976024167618,1.44197112859142,2022.93919718829,2023.33698630137,EPI_ISL_18698519|A/Chicken/Argentina/1984-4/2023|H5N1|Argentina-Buenos_Aires|2023-05-04|domestic_avian|B3.2
816,190,0.231903486588615,-64.7935736232322,-33.8194177225217,-68.32124,-38.97202,1.84249996770354,1.61059648111492,2023.10782254081,2023.3397260274,EPI_ISL_18698520|A/Chicken/Argentina/2034-5/2023|H5N1|Argentina-Neuquen|2023-05-05|domestic_avian|B3.2
776,778,0.0558073803858088,-41.2881021319939,-21.0770470363878,-44.0919561130379,-23.2007740744452,1.85136816692208,1.79556078653627,2023.29278684623,2023.34859422662,NA
931,360,0.526758979579178,-112.812207845392,44.4226692058798,-111.94874730499,50.3747812497371,1.86167804989527,1.33491907031609,2022.83214513001,2023.35890410959,PV318944|A/Striped_Skunk/AB/FAV-0272-2-2023/2023|H5N1|Canada-AB|2023-05-12|other_mammal|B3.2
1011,423,0.347947779575283,-105.937247522715,37.534638306394,-104.920104481897,39.6747189830058,1.86167804989527,1.51373027031999,2023.01095633001,2023.35890410959,EPI_ISL_19490439|A/ferruginous_hawk/Colorado/23-015630-001-original/2023|H5N1|USA-CO|2023-05-12|wild_avian|B3.2
775,779,0.0874950838039774,-40.5392416855547,-23.5533908240954,-42.7205095053227,-19.5976964464271,1.86659859896979,1.77910351516582,2023.27632957486,2023.36382465866,NA
684,685,0.280257825286185,-124.636626850798,54.3056674602019,-125.133549309849,45.9143332490434,1.86884023512661,1.58858240984043,2023.08580846953,2023.36606629482,NA
774,129,0.102461262067906,-41.2377770752806,-21.7600020207841,-40.35964,-20.33124,1.86989722797734,1.76743596590943,2023.2646620256,2023.36712328767,OR269887|A/Thalasseus_acuflavidus/EspiritoSanto/1339_N2/2023|H5N1|Brazil-ES|2023-05-15|wild_avian|B3.2
800,112,0.391362798557524,-60.5560911705128,-31.9845277402897,-60.41444,-31.99194,1.87811640605964,1.48675360750212,2022.9839796672,2023.37534246575,EPI_ISL_18698524|A/Chicken/Argentina/2305-1/2023|H5N1|Argentina-Entre_Rios|2023-05-18|domestic_avian|B3.2
1006,416,0.737229562169387,-106.838970451669,39.3214674740337,-111.367396352267,43.3413251197489,1.88359585811435,1.14636629594497,2022.64359235564,2023.38082191781,EPI_ISL_17964981|A/great_horned_owl/Idaho/23-017158-001/2023|H5N1|USA-ID|2023-05-20|wild_avian|B3.2
1054,407,0.653706656070301,-140.95538429799,59.149583447348,-120.916777102284,49.0576374326592,1.89181503619665,1.23810838012635,2022.73533443982,2023.38904109589,EPI_ISL_18665595|A/Cooper_s_Hawk/BC/AIVPHL-1125/2023|H5N1|Canada-BC|2023-05-23|wild_avian|B3.2
777,131,0.0845554414346315,-42.4737385321831,-20.3628649715017,-40.2694,-20.1544,1.90003421427873,1.8154787728441,2023.31270483254,2023.39726027397,OR853704|A/Megascops_choliba/Serra/1409-N/2023|H5N1|Brazil-ES|2023-05-26|wild_avian|B3.2
685,686,0.0372499041975223,-125.133549309849,45.9143332490434,-124.111224288997,46.9326475405114,1.90609013932413,1.86884023512661,2023.36606629482,2023.40331619902,NA
779,780,0.0410496815179613,-42.7205095053227,-19.5976964464271,-45.9028639961297,-24.9646397558871,1.90764828048776,1.86659859896979,2023.36382465866,2023.40487434018,NA
778,132,0.0705838555759608,-44.0919561130379,-23.2007740744452,-43.06116,-22.95947,1.92195202249804,1.85136816692208,2023.34859422662,2023.41917808219,OR420092|A/Fregata_magnificens/RJ/1532-N/2023|H5N1|Brazil-RJ|2023-06-03|wild_avian|B3.2
684,67,0.338849064712328,-124.636626850798,54.3056674602019,-124.580175229428,55.6581217289586,1.92743147455276,1.58858240984043,2023.08580846953,2023.42465753425,PV315624|A/Peregrine_Falcon/BC/FAV-0256-2-2023/2023|H5N1|Canada-BC|2023-06-05|wild_avian|B3.2
778,150,0.0760633076306756,-44.0919561130379,-23.2007740744452,-45.074222,-23.431739,1.92743147455276,1.85136816692208,2023.34859422662,2023.42465753425,OR853751|A/Thalasseus_maximus/Ubatuba/1546-N/2023|H5N1|Brazil-SP|2023-06-05|wild_avian|B3.2
726,195,0.353087152767939,-66.3372357800462,-18.8513264095815,-66.1691469208929,-19.5037539521744,1.93017120058011,1.57708404781217,2023.07431010751,2023.42739726027,EPI_ISL_19410299|A/chicken/Potosi/39870/2023|H5N1|Bolivia-Potosi|2023-06-06|domestic_avian|B3.2
773,151,0.190700840450066,-42.6871033899456,-22.321331314575,-40.941583,-20.99954,1.9329109266077,1.74221008615763,2023.23943614585,2023.4301369863,OR889491|A/Buteogallus_urubitinga/Itapemirim/1630-SC/2023|H5N1|Brazil-ES|2023-06-07|wild_avian|B3.2
686,687,0.0293910742253216,-124.111224288997,46.9326475405114,-123.178895829632,47.8035442888329,1.93548121354946,1.90609013932413,2023.40331619902,2023.43270727324,NA
687,688,0.0122513685855308,-123.178895829632,47.8035442888329,-123.148637922753,47.8522549067544,1.94773258213499,1.93548121354946,2023.43270727324,2023.44495864183,NA
769,126,0.318030059290683,-51.0964411298649,-34.6300343976583,-57.947197,-35.089,1.94934928277207,1.63131922348139,2023.12854528318,2023.44657534247,EPI_ISL_18698527|A/Chicken/Argentina/2796-2/2023|H5N1|Argentina-Buenos_Aires|2023-06-13|domestic_avian|B3.2
688,689,0.00312947901516658,-123.148637922753,47.8522549067544,-123.341026258672,47.8376826260881,1.95086206115015,1.94773258213499,2023.44495864183,2023.44808812084,NA
