node1,node2,length,startLon,startLat,endLon,endLat,endNodeL,startNodeL,startYear,endYear,tipLabel
166,167,0.00430244034362393,-76.8811372776645,43.3374326275477,-76.4311241311392,43.7451121024452,0.00430244034362393,0,2023.68227189972,2023.68657434007,NA
166,249,0.0525025590821211,-76.8811372776645,43.3374326275477,-76.8610902924652,43.3911597534195,0.0525025590821211,0,2023.68227189972,2023.73477445881,NA
249,324,0.0129161991617298,-76.8610902924652,43.3911597534195,-75.3511832903386,43.5746284719594,0.0654187582438509,0.0525025590821211,2023.73477445881,2023.74769065797,NA
249,250,0.0343474216868968,-76.8610902924652,43.3911597534195,-76.4370548162468,42.7963546457204,0.0868499807690178,0.0525025590821211,2023.73477445881,2023.76912188049,NA
167,168,0.0832563687797009,-76.4311241311392,43.7451121024452,-76.8519066682365,43.0350414794183,0.0875588091233248,0.00430244034362393,2023.68657434007,2023.76983070885,NA
168,169,0.00417514686682097,-76.8519066682365,43.0350414794183,-76.9579867568309,43.0468887924871,0.0917339559901458,0.0875588091233248,2023.76983070885,2023.77400585571,NA
167,215,0.0921499489148221,-76.4311241311392,43.7451121024452,-71.141130300945,41.8101260691052,0.096452389258446,0.00430244034362393,2023.68657434007,2023.77872428898,NA
250,251,0.0125892575862316,-76.4370548162468,42.7963546457204,-77.1786641143112,43.2320304464145,0.0994392383552495,0.0868499807690178,2023.76912188049,2023.78171113808,NA
169,170,0.00803479914069438,-76.9579867568309,43.0468887924871,-76.8686310902038,43.414628465512,0.0997687551308402,0.0917339559901458,2023.77400585571,2023.78204065486,NA
251,252,0.00178406427916999,-77.1786641143112,43.2320304464145,-76.9281963025326,43.0030237627266,0.101223302634419,0.0994392383552495,2023.78171113808,2023.78349520236,NA
251,262,0.00413125189390851,-77.1786641143112,43.2320304464145,-77.196058579231,43.2313957713481,0.103570490249158,0.0994392383552495,2023.78171113808,2023.78584238997,NA
169,187,0.0133355930110892,-76.9579867568309,43.0468887924871,-76.3473082569098,42.0034706943013,0.105069549001235,0.0917339559901458,2023.77400585571,2023.78734144873,NA
187,189,0.0016347491856451,-76.3473082569098,42.0034706943013,-76.3223190820088,41.9676410570996,0.10670429818688,0.105069549001235,2023.78734144873,2023.78897619791,NA
189,190,0.00127175900268939,-76.3223190820088,41.9676410570996,-75.9799138216861,41.9861048040626,0.107976057189569,0.10670429818688,2023.78897619791,2023.79024795691,NA
262,316,0.00457945355495348,-77.196058579231,43.2313957713481,-77.3242835193199,43.1898187358386,0.108149943804111,0.103570490249158,2023.78584238997,2023.79042184353,NA
190,204,0.00243569189161741,-75.9799138216861,41.9861048040626,-75.8198126951491,42.3772146799114,0.110411749081187,0.107976057189569,2023.79024795691,2023.79268364881,NA
252,261,0.0100758818786818,-76.9281963025326,43.0030237627266,-76.8317903099382,42.8740643064439,0.111299184513101,0.101223302634419,2023.78349520236,2023.79357108424,NA
215,216,0.0172554982016769,-71.141130300945,41.8101260691052,-71.9342872727828,41.9888014998082,0.113707887460123,0.096452389258446,2023.77872428898,2023.79597978718,NA
170,173,0.0145892587861787,-76.8686310902038,43.414628465512,-76.8434887292475,42.2016027958005,0.114358013917019,0.0997687551308402,2023.78204065486,2023.79662991364,NA
187,188,0.00986022205505421,-76.3473082569098,42.0034706943013,-74.1111706351231,45.8287324263992,0.114929771056289,0.105069549001235,2023.78734144873,2023.79720167078,NA
324,325,0.0498246781195489,-75.3511832903386,43.5746284719594,-79.4139729700935,39.6801931660072,0.1152434363634,0.0654187582438509,2023.74769065797,2023.79751533609,NA
252,253,0.0146681965128541,-76.9281963025326,43.0030237627266,-74.6902514475843,43.4181376752045,0.115891499147274,0.101223302634419,2023.78349520236,2023.79816339887,NA
204,209,0.00562863632079214,-75.8198126951491,42.3772146799114,-74.5823196488505,41.0360445942166,0.116040385401979,0.110411749081187,2023.79268364881,2023.79831228513,NA
173,174,0.00273751336956385,-76.8434887292475,42.2016027958005,-77.1890988544908,40.5535664806994,0.117095527286583,0.114358013917019,2023.79662991364,2023.79936742701,NA
204,205,0.00732718114263708,-75.8198126951491,42.3772146799114,-76.6496503962969,42.1423656927399,0.117738930223824,0.110411749081187,2023.79268364881,2023.80001082995,NA
316,317,0.0101191026452992,-77.3242835193199,43.1898187358386,-78.1956900817588,42.2436755227742,0.118269046449411,0.108149943804111,2023.79042184353,2023.80054094617,NA
209,210,0.00238893621338732,-74.5823196488505,41.0360445942166,-74.6184422701331,42.2534015895043,0.118429321615366,0.116040385401979,2023.79831228513,2023.80070122134,NA
174,175,0.00161615843310947,-77.1890988544908,40.5535664806994,-77.2140090729658,40.4364497435837,0.118711685719692,0.117095527286583,2023.79936742701,2023.80098358544,NA
170,171,0.0191631293864357,-76.8686310902038,43.414628465512,-78.1717912041423,44.49324420959,0.118931884517276,0.0997687551308402,2023.78204065486,2023.80120378424,NA
316,55,0.0123178824988536,-77.3242835193199,43.1898187358386,-78.1166962877163,43.0844561763439,0.120467826302965,0.108149943804111,2023.79042184353,2023.80273972603,EPI_ISL_19490391|A/green-winged_teal/New_York/23-033302-033-original/2023|H5N1|USA-NY|2023-10-21|avian|C2.1
317,318,0.00233051417362207,-78.1956900817588,42.2436755227742,-78.2904044540978,40.6714267970939,0.120599560623033,0.118269046449411,2023.80054094617,2023.80287146035,NA
262,263,0.0172507857543825,-77.196058579231,43.2313957713481,-76.9106744362638,42.8677498521601,0.120821276003541,0.103570490249158,2023.78584238997,2023.80309317573,NA
324,327,0.0557821718670376,-75.3511832903386,43.5746284719594,-73.7731943576679,47.2642486158324,0.121200930110889,0.0654187582438509,2023.74769065797,2023.80347282984,NA
263,264,0.00197897436286698,-76.9106744362638,42.8677498521601,-76.8769280712794,42.8717547844562,0.122800250366408,0.120821276003541,2023.80309317573,2023.80507215009,NA
216,217,0.010129526326533,-71.9342872727828,41.9888014998082,-72.5612501146834,42.3798516360765,0.123837413786656,0.113707887460123,2023.79597978718,2023.80610931351,NA
327,328,0.00345950599124423,-73.7731943576679,47.2642486158324,-73.6233653741993,46.9500273992962,0.124660436102133,0.121200930110889,2023.80347282984,2023.80693233583,NA
325,326,0.00963221377327417,-79.4139729700935,39.6801931660072,-79.5473359422095,38.4413546174726,0.124875650136674,0.1152434363634,2023.79751533609,2023.80714754986,NA
171,172,0.00652845032517047,-78.1717912041423,44.49324420959,-78.5158384856855,43.9994796005202,0.125460334842446,0.118931884517276,2023.80120378424,2023.80773223457,NA
175,176,0.00678753776055363,-77.2140090729658,40.4364497435837,-77.0315932676228,40.1427197628695,0.125499223480246,0.118711685719692,2023.80098358544,2023.8077711232,NA
190,191,0.018078725949401,-75.9799138216861,41.9861048040626,-73.7857959540178,42.1454634891446,0.12605478313897,0.107976057189569,2023.79024795691,2023.80832668286,NA
264,268,0.00483808938286168,-76.8769280712794,42.8717547844562,-77.142306902259,42.8180832932186,0.127638339749269,0.122800250366408,2023.80507215009,2023.80991023947,NA
191,193,0.00215197894911279,-73.7857959540178,42.1454634891446,-73.7500447389294,41.7818910406036,0.128206762088083,0.12605478313897,2023.80832668286,2023.81047866181,NA
205,206,0.0109508572803256,-76.6496503962969,42.1423656927399,-76.6014281507796,42.0621647821968,0.12868978750415,0.117738930223824,2023.80001082995,2023.81096168723,NA
209,214,0.01364292820632,-74.5823196488505,41.0360445942166,-74.9597496279282,41.1663111199152,0.129683313608299,0.116040385401979,2023.79831228513,2023.81195521333,NA
193,194,0.0063939884197729,-73.7500447389294,41.7818910406036,-73.6331023448447,42.2825722133532,0.134600750507856,0.128206762088083,2023.81047866181,2023.81687265023,NA
191,192,0.00858865783839879,-73.7857959540178,42.1454634891446,-73.6303844115812,43.5910767719958,0.134643440977369,0.12605478313897,2023.80832668286,2023.8169153407,NA
318,319,0.0147473804110769,-78.2904044540978,40.6714267970939,-78.2332805144398,40.7807095739955,0.13534694103411,0.120599560623033,2023.80287146035,2023.81761884076,NA
174,182,0.0202791086434189,-77.1890988544908,40.5535664806994,-76.1283699280524,40.5754164478508,0.137374635930002,0.117095527286583,2023.79936742701,2023.81964653565,NA
210,211,0.0201001340511556,-74.6184422701331,42.2534015895043,-75.8015926217512,40.8585828847705,0.138529455666522,0.118429321615366,2023.80070122134,2023.82080135539,NA
268,269,0.0119025200282494,-77.142306902259,42.8180832932186,-78.1657505311067,43.5610545128002,0.139540859777519,0.127638339749269,2023.80991023947,2023.8218127595,NA
217,218,0.0171196139568148,-72.5612501146834,42.3798516360765,-71.61681687278,40.0234903503243,0.140957027743471,0.123837413786656,2023.80610931351,2023.82322892747,NA
194,195,0.00686982138601178,-73.6331023448447,42.2825722133532,-73.3406485097646,42.0704277271853,0.141470571893868,0.134600750507856,2023.81687265023,2023.82374247162,NA
269,270,0.00300407388548218,-78.1657505311067,43.5610545128002,-78.1728112086074,43.548581492511,0.142544933663001,0.139540859777519,2023.8218127595,2023.82481683339,NA
176,177,0.0188662429466058,-77.0315932676228,40.1427197628695,-69.4738673958124,45.4883665137773,0.144365466426852,0.125499223480246,2023.8077711232,2023.82663736615,NA
193,199,0.0171260590905038,-73.7500447389294,41.7818910406036,-73.0946867995059,42.630434912872,0.145332821178587,0.128206762088083,2023.81047866181,2023.8276047209,NA
264,265,0.0230322224827491,-76.8769280712794,42.8717547844562,-74.4001056288808,43.444002741758,0.145832472849157,0.122800250366408,2023.80507215009,2023.82810437257,NA
206,207,0.0197850267437094,-76.6014281507796,42.0621647821968,-76.7940369010677,41.791064472487,0.148474814247859,0.12868978750415,2023.81096168723,2023.83074671397,NA
211,212,0.0106409812023327,-75.8015926217512,40.8585828847705,-76.136299292929,40.8591764115076,0.149170436868855,0.138529455666522,2023.82080135539,2023.83144233659,NA
217,235,0.0254740028833279,-72.5612501146834,42.3798516360765,-71.8295365413529,43.2124053132053,0.149311416669984,0.123837413786656,2023.80610931351,2023.83158331639,NA
253,254,0.0481573212920229,-74.6902514475843,43.4181376752045,-74.5994542946458,43.5482562409063,0.164048820439296,0.115891499147274,2023.79816339887,2023.84632072016,NA
263,274,0.0512033705939496,-76.9106744362638,42.8677498521601,-77.2302714458481,43.5387372285693,0.17202464659749,0.120821276003541,2023.80309317573,2023.85429654632,NA
270,53,0.0299776871606642,-78.1728112086074,43.548581492511,-80.2365079350299,44.9771892579329,0.172522620823665,0.142544933663001,2023.82481683339,2023.85479452055,EPI_ISL_19776007|A/Green-Winged_Teal/ON/FAV-0390-45/2023|H5N1|Canada-ON|2023-11-09|avian|C2.1
215,248,0.0884918078550094,-71.141130300945,41.8101260691052,-76.1090258730733,38.9107972246824,0.184944197113455,0.096452389258446,2023.77872428898,2023.86721609684,NA
218,234,0.0478696676538042,-71.61681687278,40.0234903503243,-70.9533752844187,43.3597363858173,0.188826695397275,0.140957027743471,2023.82322892747,2023.87109859512,NA
172,111,0.0635006421455904,-78.5158384856855,43.9994796005202,-73.4803370325876,46.8859687033221,0.188960976988037,0.125460334842446,2023.80773223457,2023.87123287671,EPI_ISL_19776056|A/Snow_Goose/QC/FAV-0443-14/2023|H5N1|Canada-QC|2023-11-15|avian|C2.1
248,146,0.00675650590193866,-76.1090258730733,38.9107972246824,-75.8741196492418,38.8660714464145,0.191700703015394,0.184944197113455,2023.86721609684,2023.87397260274,EPI_ISL_18741793|A/chicken/Maryland/23-036719-001/2023|H5N1|USA-MD|2023-11-16|avian|C2.1
168,154,0.109621345946784,-76.8519066682365,43.0350414794183,-80.8236207948503,28.583537394281,0.197180155070109,0.0875588091233248,2023.76983070885,2023.87945205479,EPI_ISL_19341014|A/lesser_scaup/Florida/23-038112-015-original/2023|H5N1|USA-FL|2023-11-18|avian|C2.1
189,97,0.0904758568832288,-76.3223190820088,41.9676410570996,-80.8027550020406,27.9338773493251,0.197180155070109,0.10670429818688,2023.78897619791,2023.87945205479,EPI_ISL_19372782|A/blue-winged_teal/Florida/23-038112-097-original/2023|H5N1|USA-FL|2023-11-18|avian|C2.1
176,156,0.0716809315898631,-77.0315932676228,40.1427197628695,-74.024750948935,47.2328092527398,0.197180155070109,0.125499223480246,2023.8077711232,2023.87945205479,EPI_ISL_19776066|A/Canada_Goose/QC/FAV-0422-3/2023|H5N1|Canada-QC|2023-11-18|avian|C2.1
248,145,0.0149756839840108,-76.1090258730733,38.9107972246824,-75.8340450219443,38.9940613255517,0.199919881097466,0.184944197113455,2023.86721609684,2023.88219178082,EPI_ISL_18739165|A/chicken/Maryland/23-036657-001/2023|H5N1|USA-MD|2023-11-19|avian|C2.1
261,74,0.0941001486393072,-76.8317903099382,42.8740643064439,-74.2623979547072,47.5101151836732,0.205399333152408,0.111299184513101,2023.79357108424,2023.88767123288,EPI_ISL_19776084|A/Turkey/QC/FAV-0392-3/2023|H5N1|Canada-QC|2023-11-21|avian|C2.1
188,96,0.0904695620961192,-74.1111706351231,45.8287324263992,-72.3815107545649,49.0176733165407,0.205399333152408,0.114929771056289,2023.79720167078,2023.88767123288,EPI_ISL_19776082|A/Snow_Goose/QC/FAV-0434-1/2023|H5N1|Canada-QC|2023-11-21|avian|C2.1
216,236,0.0958767672537931,-71.9342872727828,41.9888014998082,-71.9200924015716,42.3075126287674,0.209584654713916,0.113707887460123,2023.79597978718,2023.89185655444,NA
327,76,0.0896778550962347,-73.7731943576679,47.2642486158324,-75.7725561951837,44.5178419298503,0.210878785207123,0.121200930110889,2023.80347282984,2023.89315068493,EPI_ISL_19776089|A/Snow_Goose/ON/FAV-0457-1/2023|H5N1|Canada-ON|2023-11-23|avian|C2.1
274,315,0.0397403527690866,-77.2302714458481,43.5387372285693,-77.2661935627797,43.0402401668071,0.211764999366577,0.17202464659749,2023.85429654632,2023.89403689909,NA
274,275,0.0425698684921957,-77.2302714458481,43.5387372285693,-73.575358813838,42.4411767183444,0.214594515089686,0.17202464659749,2023.85429654632,2023.89686641481,NA
326,163,0.0914825871253914,-79.5473359422095,38.4413546174726,-80.6228156214453,27.8885788027338,0.216358237262065,0.124875650136674,2023.80714754986,2023.89863013699,EPI_ISL_19341011|A/pintail/Florida/23-038109-023-original/2023|H5N1|USA-FL|2023-11-25|avian|C2.1
265,266,0.0791980511212155,-74.4001056288808,43.444002741758,-72.5448430841286,44.2519124345701,0.225030523970372,0.145832472849157,2023.82810437257,2023.90730242369,NA
266,267,0.000903230946194544,-72.5448430841286,44.2519124345701,-72.5376208002964,44.2537638875426,0.225933754916567,0.225030523970372,2023.90730242369,2023.90820565464,NA
218,219,0.0856667456658581,-71.61681687278,40.0234903503243,-70.9807442546547,41.2043985472567,0.226623773409329,0.140957027743471,2023.82322892747,2023.90889567313,NA
195,198,0.0860708990375864,-73.3406485097646,42.0704277271853,-75.0179852802619,42.2720544375664,0.227541470931454,0.141470571893868,2023.82374247162,2023.90981337066,NA
212,213,0.0820405502850847,-76.136299292929,40.8591764115076,-80.2197188386594,36.9721616999078,0.231210987153939,0.149170436868855,2023.83144233659,2023.91348288688,NA
219,220,0.00736680981443677,-70.9807442546547,41.2043985472567,-70.5957481933131,41.7268480816038,0.233990583223766,0.226623773409329,2023.90889567313,2023.91626248295,NA
207,82,0.0870615052059355,-76.7940369010677,41.791064472487,-76.4807073415623,43.2488830935741,0.235536319453794,0.148474814247859,2023.83074671397,2023.91780821918,EPI_ISL_19560373|A/mallard/New_York/23-038880-010-original/2023|H5N1|USA-NY|2023-12-02|avian|C2.1
198,85,0.00799484852234017,-75.0179852802619,42.2720544375664,-75.1684831558243,42.1885607433114,0.235536319453794,0.227541470931454,2023.90981337066,2023.91780821918,EPI_ISL_19560372|A/American_black_duck/New_York/23-038880-007-original/2023|H5N1|USA-NY|2023-12-02|avian|C2.1
236,237,0.0260273106696288,-71.9200924015716,42.3075126287674,-71.288306047752,42.9740942970178,0.235611965383545,0.209584654713916,2023.89185655444,2023.91788386511,NA
237,238,0.000210918525128834,-71.288306047752,42.9740942970178,-71.1922795179864,42.7733225830231,0.235822883908674,0.235611965383545,2023.91788386511,2023.91809478363,NA
238,240,0.000840710470354444,-71.1922795179864,42.7733225830231,-71.2524952923168,42.6757514152236,0.236663594379028,0.235822883908674,2023.91809478363,2023.9189354941,NA
318,320,0.120751589542903,-78.2904044540978,40.6714267970939,-79.1392564196063,37.7240528445651,0.241351150165936,0.120599560623033,2023.80287146035,2023.92362304989,NA
219,222,0.0157008043137444,-70.9807442546547,41.2043985472567,-70.8802402312239,41.385587917897,0.242324577723073,0.226623773409329,2023.90889567313,2023.92459647745,NA
320,323,0.00224694761217209,-79.1392564196063,37.7240528445651,-79.1456813130432,37.0724346724869,0.243598097778108,0.241351150165936,2023.92362304989,2023.9258699975,NA
266,1,0.0187249735654946,-72.5448430841286,44.2519124345701,-72.2239817309976,44.7806588976098,0.243755497535867,0.225030523970372,2023.90730242369,2023.92602739726,EPI_ISL_19194251|A/chicken/Vermont/23-038532-001/2023|H5N1|USA-VT|2023-12-05|avian|C2.1
182,183,0.10642029521692,-76.1283699280524,40.5754164478508,-84.0326119631108,35.3041298828202,0.243794931146922,0.137374635930002,2023.81964653565,2023.92606683087,NA
220,221,0.0101779874861418,-70.5957481933131,41.7268480816038,-70.4314581981897,41.9312618583047,0.244168570709907,0.233990583223766,2023.91626248295,2023.92644047043,NA
199,200,0.1001829695551,-73.0946867995059,42.630434912872,-71.4515494503392,42.3096145650567,0.245515790733687,0.145332821178587,2023.8276047209,2023.92778769046,NA
253,256,0.1304664153993,-74.6902514475843,43.4181376752045,-74.6507116363107,43.5696114827344,0.246357914546574,0.115891499147274,2023.79816339887,2023.92862981427,NA
214,94,0.116811909954925,-74.9597496279282,41.1663111199152,-72.7832000903623,49.1393559667998,0.246495223563224,0.129683313608299,2023.81195521333,2023.92876712329,EPI_ISL_19776132|A/Canada_Goose/QC/FAV-0021-1/2024|H5N1|Canada-QC|2023-12-06|avian|C2.1
237,247,0.0132820969938159,-71.288306047752,42.9740942970178,-70.9634549863858,44.7442234906278,0.248894062377361,0.235611965383545,2023.91788386511,2023.9311659621,NA
254,255,0.0852860292058054,-74.5994542946458,43.5482562409063,-70.4008258679032,45.8360324931454,0.249334849645102,0.164048820439296,2023.84632072016,2023.93160674937,NA
275,276,0.0368241200028556,-73.575358813838,42.4411767183444,-73.1177134454555,42.4362685411381,0.251418635092541,0.214594515089686,2023.89686641481,2023.93369053482,NA
276,277,0.000459454657697811,-73.1177134454555,42.4362685411381,-73.276305706936,42.3586887794817,0.251878089750239,0.251418635092541,2023.93369053482,2023.93414998947,NA
171,110,0.135782517128248,-78.1717912041423,44.49324420959,-80.5906745722553,26.1457231586814,0.254714401645524,0.118931884517276,2023.80120378424,2023.93698630137,EPI_ISL_19560383|A/lesser_scaup/Florida/23-039641-009-original/2023|H5N1|USA-FL|2023-12-09|avian|C2.1
326,164,0.12983875150885,-79.5473359422095,38.4413546174726,-81.9467091459476,29.3684456446409,0.254714401645524,0.124875650136674,2023.80714754986,2023.93698630137,EPI_ISL_19559073|A/ring-necked_duck/Florida/23-039641-014-original/2023|H5N1|USA-FL|2023-12-09|avian|C2.1
214,95,0.125031088037225,-74.9597496279282,41.1663111199152,-80.5856382709651,28.5171223674949,0.254714401645524,0.129683313608299,2023.81195521333,2023.93698630137,EPI_ISL_19560382|A/ring-necked_duck/Florida/23-039641-001-original/2023|H5N1|USA-FL|2023-12-09|avian|C2.1
212,105,0.105543964776669,-76.136299292929,40.8591764115076,-80.4593760461863,26.6357649421842,0.254714401645524,0.149170436868855,2023.83144233659,2023.93698630137,EPI_ISL_19560353|A/ring-necked_duck/Florida/23-040586-018-original-kf/2023|H5N1|USA-FL|2023-12-09|avian|C2.1
267,2,0.0342600987836718,-72.5376208002964,44.2537638875426,-73.7275826817073,41.7389293431034,0.260193853700238,0.225933754916567,2023.90820565464,2023.94246575342,EPI_ISL_19224083|A/partridge/New_York/23-039086-005-original/2023|H5N1|USA-NY|2023-12-11|avian|C2.1
234,129,0.0741068843303209,-70.9533752844187,43.3597363858173,-71.1510978779422,43.4640988914845,0.262933579727596,0.188826695397275,2023.87109859512,2023.94520547945,EPI_ISL_19736785|A/canada_goose/New_Hampshire/014129-001/2023|H5N1|USA-NH|2023-12-12|avian|C2.1
222,127,0.0206090020045225,-70.8802402312239,41.385587917897,-70.0238464047586,41.7311472509358,0.262933579727596,0.242324577723073,2023.92459647745,2023.94520547945,EPI_ISL_19736853|A/corvus_ossifragus/Massachusetts/000869-001/2023|H5N1|USA-MA|2023-12-12|avian|C2.1
192,84,0.131029864777811,-73.6303844115812,43.5910767719958,-72.0453200496549,46.9885262313443,0.265673305755181,0.134643440977369,2023.8169153407,2023.94794520548,EPI_ISL_19776144|A/Great_Horned_Owl/QC/FAV-0131-2/2024|H5N1|Canada-QC|2023-12-13|avian|C2.1
183,184,0.0316914272567361,-84.0326119631108,35.3041298828202,-82.9019421516741,33.7109519971449,0.275486358403658,0.243794931146922,2023.92606683087,2023.95775825813,NA
195,196,0.137480786267395,-73.3406485097646,42.0704277271853,-71.4507707935719,42.297306136685,0.278951358161263,0.141470571893868,2023.82374247162,2023.96122325789,NA
207,208,0.132516394825607,-76.7940369010677,41.791064472487,-79.0079495925982,40.6630139461565,0.280991209073466,0.148474814247859,2023.83074671397,2023.9632631088,NA
261,64,0.170812477406451,-76.8317903099382,42.8740643064439,-78.2733934520077,35.7636482455116,0.282111661919552,0.111299184513101,2023.79357108424,2023.96438356164,EPI_ISL_19559096|A/American_black_duck/North_Carolina/23-041152-003-original2/2023|H5N1|USA-NC|2023-12-19|avian|C2.1
194,90,0.150250637439054,-73.6331023448447,42.2825722133532,-80.4045698868552,33.5766989376972,0.28485138794691,0.134600750507856,2023.81687265023,2023.96712328767,EPI_ISL_19134619|A/wood_duck/South_Carolina/W24-007E/2023|H5N1|USA-SC|2023-12-20|avian|C2.1
184,147,0.00936502954325202,-82.9019421516741,33.7109519971449,-80.0891764506808,33.6627799730217,0.28485138794691,0.275486358403658,2023.95775825813,2023.96712328767,EPI_ISL_19134599|A/wood_duck/South_Carolina/W23-970B/2023|H5N1|USA-SC|2023-12-20|avian|C2.1
240,241,0.0500901591203768,-71.2524952923168,42.6757514152236,-71.4241308685484,42.1129495380491,0.286753753499405,0.236663594379028,2023.9189354941,2023.96902565322,NA
205,98,0.169852183750443,-76.6496503962969,42.1423656927399,-76.7957265101027,40.7809925906871,0.287591113974267,0.117738930223824,2023.80001082995,2023.9698630137,EPI_ISL_19288895|A/pheasant/Pennsylvania/23-040876-001-original/2023|H5N1|USA-PA|2023-12-21|avian|C2.1
182,155,0.150216478044266,-76.1283699280524,40.5754164478508,-76.4638919171998,35.5944192575212,0.287591113974267,0.137374635930002,2023.81964653565,2023.9698630137,EPI_ISL_19134600|A/wood_duck/North_Carolina/W24-011A/2023|H5N1|USA-NC|2023-12-21|avian|C2.1
241,133,0.000837360474862048,-71.4241308685484,42.1129495380491,-71.3571434270011,42.0958064455593,0.287591113974267,0.286753753499405,2023.96902565322,2023.9698630137,EPI_ISL_19736849|A/canada_goose/Massachusetts/004865-005/2023|H5N1|USA-MA|2023-12-21|avian|C2.1
323,61,0.0494724682508742,-79.1456813130432,37.0724346724869,-81.3135771213767,31.8343628712558,0.293070566028982,0.243598097778108,2023.9258699975,2023.97534246575,EPI_ISL_19095248|A/wood_duck/Georgia/W24_017/2023|H5N1|USA-GA|2023-12-23|avian|C2.1
265,4,0.14997781920741,-74.4001056288808,43.444002741758,-70.0669383737807,41.763248941071,0.295810292056567,0.145832472849157,2023.82810437257,2023.97808219178,EPI_ISL_19737350|A/great_black-backed_gulll/Massachusetts/000869-002/2023|H5N1|USA-MA|2023-12-24|avian|C2.1
256,257,0.05087355129674,-74.6507116363107,43.5696114827344,-71.7375098456283,42.4485342234392,0.297231465843314,0.246357914546574,2023.92862981427,2023.97950336557,NA
211,106,0.168239740499474,-75.8015926217512,40.8585828847705,-79.6827850954237,35.3301650553586,0.306769196165996,0.138529455666522,2023.82080135539,2023.98904109589,EPI_ISL_19660916|A/American_wigeon/North_Carolina/24-000834-003-original/2023|H5N1|USA-NC|2023-12-28|avian|C2.1
199,201,0.167734822500388,-73.0946867995059,42.630434912872,-73.0381512567765,45.1787486068768,0.313067643678975,0.145332821178587,2023.8276047209,2023.9953395434,NA
177,162,0.176094874285928,-69.4738673958124,45.4883665137773,-72.9698005573965,46.8868660571896,0.320460340712779,0.144365466426852,2023.82663736615,2024.00273224044,EPI_ISL_19776156|A/Chicken/QC/FAV-0005-2/2024|H5N1|Canada-QC|2024-01-02|avian|C2.1
254,67,0.156411520273483,-74.5994542946458,43.5482562409063,-76.5614304814935,45.0552621269263,0.320460340712779,0.164048820439296,2023.84632072016,2024.00273224044,EPI_ISL_19776154|A/American_Crow/ON/FAV-0087-3/2024|H5N1|Canada-ON|2024-01-02|avian|C2.1
277,278,0.0687231400859533,-73.276305706936,42.3586887794817,-73.2122154276964,42.3489625499673,0.320601229836193,0.251878089750239,2023.93414998947,2024.00287312956,NA
175,152,0.207213135867339,-77.2140090729658,40.4364497435837,-76.8547837005939,34.8222880604024,0.325924821587032,0.118711685719692,2023.80098358544,2024.00819672131,EPI_ISL_19064404|A/wood_duck/North_Carolina/W24-026/2024|H5N1|USA-NC|2024-01-04|avian|C2.1
177,178,0.18473693190037,-69.4738673958124,45.4883665137773,-65.5778884890824,46.4858144555895,0.329102398327222,0.144365466426852,2023.82663736615,2024.01137429805,NA
234,128,0.148027087938489,-70.9533752844187,43.3597363858173,-70.6949546215601,43.7595402913318,0.336853783335764,0.188826695397275,2023.87109859512,2024.01912568306,EPI_ISL_18914528|A/chicken/Maine/24-000724-001/2024|H5N1|USA-ME|2024-01-08|avian|C2.1
178,179,0.0086029707455153,-65.5778884890824,46.4858144555895,-64.3828296606333,46.7017584845087,0.337705369072737,0.329102398327222,2024.01137429805,2024.0199772688,NA
196,197,0.059646214136939,-71.4507707935719,42.297306136685,-70.917621597915,43.1017478017627,0.338597572298202,0.278951358161263,2023.96122325789,2024.02086947202,NA
188,108,0.224656252716601,-74.1111706351231,45.8287324263992,-80.3846127507429,33.4310351042361,0.33958602377289,0.114929771056289,2023.79720167078,2024.0218579235,EPI_ISL_19372800|A/chicken/South_Carolina/24-001707-001-original/2024|H5N1|USA-SC|2024-01-09|avian|C2.1
172,109,0.214125688930443,-78.5158384856855,43.9994796005202,-78.0849956343131,46.7426167736888,0.33958602377289,0.125460334842446,2023.80773223457,2024.0218579235,EPI_ISL_19776170|A/American_Crow/QC/FAV-0050-7/2024|H5N1|Canada-QC|2024-01-09|avian|C2.1
221,113,0.0954174530629824,-70.4314581981897,41.9312618583047,-67.2124746961939,44.6909249939995,0.33958602377289,0.244168570709907,2023.92644047043,2024.0218579235,EPI_ISL_19660921|A/mallard/Maine/24-002154-009-original/2024|H5N1|USA-ME|2024-01-09|avian|C2.1
247,144,0.0934242018326552,-70.9634549863858,44.7442234906278,-70.06987278551,41.9458522206328,0.342318264210016,0.248894062377361,2023.9311659621,2024.02459016393,EPI_ISL_19372796|A/chicken/Massachusetts/24-001134-001-original/2024|H5N1|USA-MA|2024-01-10|avian|C2.1
184,148,0.0668319058063583,-82.9019421516741,33.7109519971449,-79.3010033538095,33.2066394006506,0.342318264210016,0.275486358403658,2023.95775825813,2024.02459016393,EPI_ISL_19064388|A/hooded_merganser/South_Carolina/W24-028/2024|H5N1|USA-SC|2024-01-10|avian|C2.1
278,279,0.0217772565933869,-73.2122154276964,42.3489625499673,-72.805224510443,42.0569995383957,0.342378486429579,0.320601229836193,2024.00287312956,2024.02465038615,NA
270,271,0.20230698584025,-78.1728112086074,43.548581492511,-78.8261200869835,44.1002637271478,0.344851919503251,0.142544933663001,2023.82481683339,2024.02712381923,NA
323,60,0.101452406869035,-79.1456813130432,37.0724346724869,-79.1583742311232,33.9283976813085,0.345050504647142,0.243598097778108,2023.9258699975,2024.02732240437,EPI_ISL_19341025|A/chicken/South_Carolina/24-001296-005/2024|H5N1|USA-SC|2024-01-11|avian|C2.1
278,310,0.0247207112219769,-73.2122154276964,42.3489625499673,-74.6615465015799,42.8959425081148,0.34532194105817,0.320601229836193,2024.00287312956,2024.02759384078,NA
328,329,0.222607190743879,-73.6233653741993,46.9500273992962,-76.0896370431225,35.442708881147,0.347267626846012,0.124660436102133,2023.80693233583,2024.02953952657,NA
328,75,0.223122308982363,-73.6233653741993,46.9500273992962,-73.5483434850003,51.9730251029371,0.347782745084496,0.124660436102133,2023.80693233583,2024.03005464481,EPI_ISL_19776176|A/Red-Tailed_Hawk/QC/FAV-0237-3/2024|H5N1|Canada-QC|2024-01-12|avian|C2.1
213,104,0.116571757930556,-80.2197188386594,36.9721616999078,-77.3525276861434,35.9395825974425,0.347782745084496,0.231210987153939,2023.91348288688,2024.03005464481,EPI_ISL_19134612|A/Canada_goose/North_Carolina/W24-51/2024|H5N1|USA-NC|2024-01-12|avian|C2.1
277,311,0.0974899115564764,-73.276305706936,42.3586887794817,-72.0903902593585,42.8592601059413,0.349368001306716,0.251878089750239,2023.93414998947,2024.03163990103,NA
241,242,0.0626622199522506,-71.4241308685484,42.1129495380491,-71.3740493359832,42.5329837428192,0.349415973451656,0.286753753499405,2023.96902565322,2024.03168787318,NA
220,112,0.116524402297856,-70.5957481933131,41.7268480816038,-70.649254854772,41.6629889964838,0.350514985521622,0.233990583223766,2023.91626248295,2024.03278688525,EPI_ISL_19736844|A/red-tailed_hawk/Massachusetts/004865-019/2024|H5N1|USA-MA|2024-01-13|avian|C2.1
221,114,0.106346414811714,-70.4314581981897,41.9312618583047,-70.351925933102,41.6771947085032,0.350514985521622,0.244168570709907,2023.92644047043,2024.03278688525,EPI_ISL_19736775|A/canada_goose/Massachusetts/004865-018/2024|H5N1|USA-MA|2024-01-13|avian|C2.1
329,78,0.00324735867561027,-76.0896370431225,35.442708881147,-76.0172421533227,35.4205093917088,0.350514985521622,0.347267626846012,2024.02953952657,2024.03278688525,EPI_ISL_19490414|A/American_wigeon/North_Carolina/24-002161-002-original/2024|H5N1|USA-NC|2024-01-13|avian|C2.1
242,243,0.00119442273159875,-71.3740493359832,42.5329837428192,-71.2415930473039,42.5407153514914,0.350610396183254,0.349415973451656,2024.03168787318,2024.03288229591,NA
201,202,0.0397196641161588,-73.0381512567765,45.1787486068768,-70.3598525938837,44.1605878701147,0.352787307795134,0.313067643678975,2023.9953395434,2024.03505920752,NA
311,312,0.00406547023918524,-72.0903902593585,42.8592601059413,-71.7882167283086,42.9511601692267,0.353433471545901,0.349368001306716,2024.03163990103,2024.03570537127,NA
202,203,0.00105659824847237,-70.3598525938837,44.1605878701147,-70.3536151524147,44.2994779529702,0.353843906043606,0.352787307795134,2024.03505920752,2024.03611580577,NA
279,280,0.0119422630974866,-72.805224510443,42.0569995383957,-72.6705745970294,42.1405191418894,0.354320749527066,0.342378486429579,2024.02465038615,2024.03659264925,NA
257,258,0.0585716562087041,-71.7375098456283,42.4485342234392,-71.9462836001997,42.0146004032677,0.355803122052018,0.297231465843314,2023.97950336557,2024.03807502178,NA
329,77,0.0141763204241149,-76.0896370431225,35.442708881147,-71.483591403042,43.0724539460025,0.361443947270127,0.347267626846012,2024.02953952657,2024.04371584699,EPI_ISL_19490415|A/mallard/New_Hampshire/24-002162-001-original/2024|H5N1|USA-NH|2024-01-17|avian|C2.1
183,185,0.121216788233419,-84.0326119631108,35.3041298828202,-89.9229989362519,33.6842374138518,0.36501171938034,0.243794931146922,2023.92606683087,2024.0472836191,NA
185,186,0.00628826814697603,-89.9229989362519,33.6842374138518,-89.9038328385781,33.7275546441697,0.371299987527316,0.36501171938034,2024.0472836191,2024.05357188725,NA
243,244,0.0230637748595033,-71.2415930473039,42.5407153514914,-70.7460232534539,42.6485231500045,0.373674171042758,0.350610396183254,2024.03288229591,2024.05594607077,NA
179,180,0.0375073418601985,-64.3828296606333,46.7017584845087,-63.3769529522791,46.2065411707958,0.375212710932936,0.337705369072737,2024.0199772688,2024.05748461066,NA
213,103,0.146626402739171,-80.2197188386594,36.9721616999078,-75.8975683740322,35.8313299492445,0.377837389893111,0.231210987153939,2023.91348288688,2024.06010928962,EPI_ISL_19134613|A/American_white_pelican/North_Carolina/W24-84/2024|H5N1|USA-NC|2024-01-23|avian|C2.1
201,99,0.0647697462141357,-73.0381512567765,45.1787486068768,-69.9901569282693,44.2575382403206,0.377837389893111,0.313067643678975,2023.9953395434,2024.06010928962,EPI_ISL_19372807|A/chicken/Maine/24-002533-001-original/2024|H5N1|USA-ME|2024-01-23|avian|C2.1
279,285,0.0416194631699492,-72.805224510443,42.0569995383957,-71.5741313619374,42.6714650726123,0.383997949599529,0.342378486429579,2024.02465038615,2024.06626984932,NA
285,286,0.00218455470690015,-71.5741313619374,42.6714650726123,-71.8579644761686,42.2274963938465,0.386182504306429,0.383997949599529,2024.06626984932,2024.06845440403,NA
244,245,0.0187918168710225,-70.7460232534539,42.6485231500045,-70.9380044123121,42.3764804408575,0.39246598791378,0.373674171042758,2024.05594607077,2024.07473788764,NA
185,150,0.0292191131357551,-89.9229989362519,33.6842374138518,-90.1719226421202,33.4553864649803,0.394230832516095,0.36501171938034,2024.0472836191,2024.07650273224,EPI_ISL_19387829|A/wood_duck/Mississippi/24-004128-011-original/2024|H5N1|USA-MS|2024-01-29|avian|C2.1
186,151,0.0229308449887791,-89.9038328385781,33.7275546441697,-90.2215401156911,33.5685340536486,0.394230832516095,0.371299987527316,2024.05357188725,2024.07650273224,EPI_ISL_19387825|A/wood_duck/Mississippi/24-004128-003-original/2024|H5N1|USA-MS|2024-01-29|avian|C2.1
319,62,0.261616131919112,-78.2332805144398,40.7807095739955,-76.9357056925176,35.0881149318751,0.396963072953221,0.13534694103411,2023.81761884076,2024.07923497268,EPI_ISL_19387833|A/green-winged_teal/North_Carolina/24-004327-001-original/2024|H5N1|USA-NC|2024-01-30|avian|C2.1
197,89,0.0583655006550194,-70.917621597915,43.1017478017627,-70.8969564006332,43.5041179633811,0.396963072953221,0.338597572298202,2024.02086947202,2024.07923497268,EPI_ISL_19736866|A/american_crow/Maine/014127-001/2024|H5N1|USA-ME|2024-01-30|avian|C2.1
310,39,0.0516411318950519,-74.6615465015799,42.8959425081148,-75.650750755211,45.1920574638852,0.396963072953221,0.34532194105817,2024.02759384078,2024.07923497268,EPI_ISL_19776197|A/Canada_Goose/ON/FAV-0056-4/2024|H5N1|Canada-ON|2024-01-30|avian|C2.1
203,100,0.043119166909615,-70.3536151524147,44.2994779529702,-70.2193780737811,44.4317654155714,0.396963072953221,0.353843906043606,2024.03611580577,2024.07923497268,EPI_ISL_19387834|A/mallard/Maine/24-004329-015-original/2024|H5N1|USA-ME|2024-01-30|avian|C2.1
312,313,0.0435510144067762,-71.7882167283086,42.9511601692267,-70.7073117180714,43.9561823503052,0.396984485952677,0.353433471545901,2024.03570537127,2024.07925638568,NA
203,101,0.0458514073467412,-70.3536151524147,44.2994779529702,-69.5670156551785,44.7150100128156,0.399695313390348,0.353843906043606,2024.03611580577,2024.08196721311,EPI_ISL_19094436|A/mallard/Maine/24-004330-001/2024|H5N1|USA-ME|2024-01-31|avian|C2.1
280,281,0.0461778286504348,-72.6705745970294,42.1405191418894,-70.8964416021506,42.2881977780915,0.400498578177501,0.354320749527066,2024.03659264925,2024.0827704779,NA
245,246,0.00996546744114096,-70.9380044123121,42.3764804408575,-70.9016220161338,42.6095662523538,0.402431455354921,0.39246598791378,2024.07473788764,2024.08470335508,NA
208,81,0.124168585191361,-79.0079495925982,40.6630139461565,-72.3561730570605,43.2584724018154,0.405159794264827,0.280991209073466,2023.9632631088,2024.08743169399,EPI_ISL_19430002|A/mallard/New_Hampshire/24-004334-037-original/2024|H5N1|USA-NH|2024-02-02|avian|C2.1
202,102,0.0523724864696933,-70.3598525938837,44.1605878701147,-70.2968985940286,44.1210062467662,0.405159794264827,0.352787307795134,2024.03505920752,2024.08743169399,EPI_ISL_19429982|A/mallard/Maine/24-004332-010-original/2024|H5N1|USA-ME|2024-02-02|avian|C2.1
312,42,0.0517263227189264,-71.7882167283086,42.9511601692267,-72.1441321467207,43.4341039400639,0.405159794264827,0.353433471545901,2024.03570537127,2024.08743169399,EPI_ISL_19429997|A/mallard/New_Hampshire/24-004334-021-original/2024|H5N1|USA-NH|2024-02-02|avian|C2.1
258,72,0.0493566722128094,-71.9462836001997,42.0146004032677,-70.9890312272813,42.4543005816685,0.405159794264827,0.355803122052018,2024.03807502178,2024.08743169399,EPI_ISL_19372817|A/chicken/Massachusetts/24-003817-001-original/2024|H5N1|USA-MA|2024-02-02|avian|C2.1
197,88,0.0692944624037515,-70.917621597915,43.1017478017627,-70.9179360972478,43.101285124225,0.407892034701953,0.338597572298202,2024.02086947202,2024.09016393443,SRR29740501|A/great_horned_owl/NH/24-014129-002/2024|H5N1|USA-NH|2024-02-03|avian|C2.1
310,40,0.0625700936437839,-74.6615465015799,42.8959425081148,-75.3837814189949,41.6951971560621,0.407892034701953,0.34532194105817,2024.02759384078,2024.09016393443,EPI_ISL_19372816|A/chicken/Pennsylvania/24-003804-003-original/2024|H5N1|USA-PA|2024-02-03|avian|C2.1
280,38,0.0535712851748874,-72.6705745970294,42.1405191418894,-71.1320181777216,42.2539017649119,0.407892034701953,0.354320749527066,2024.03659264925,2024.09016393443,EPI_ISL_19736851|A/lesser_scaup/Massachusetts/004865-003/2024|H5N1|USA-MA|2024-02-03|avian|C2.1
286,289,0.0239613245823604,-71.8579644761686,42.2274963938465,-70.6606129788565,42.5189030682386,0.410143828888789,0.386182504306429,2024.06845440403,2024.09241572861,NA
315,5,0.198859275772503,-77.2661935627797,43.0402401668071,-72.6756856546521,42.6571668350313,0.41062427513908,0.211764999366577,2023.89403689909,2024.09289617486,EPI_ISL_19387832|A/mallard/Massachusetts/24-004240-009-original/2024|H5N1|USA-MA|2024-02-04|avian|C2.1
285,307,0.0280870344028238,-71.5741313619374,42.6714650726123,-71.8178245458872,42.0179008524399,0.412084984002352,0.383997949599529,2024.06626984932,2024.09435688373,NA
240,143,0.176692921197178,-71.2524952923168,42.6757514152236,-71.1801188122494,42.6999518828913,0.413356515576206,0.236663594379028,2023.9189354941,2024.0956284153,EPI_ISL_19736781|A/canada_goose/Massachusetts/004865-010/2024|H5N1|USA-MA|2024-02-05|avian|C2.1
196,87,0.134405157414943,-71.4507707935719,42.297306136685,-70.8352558328442,42.6171810418493,0.413356515576206,0.278951358161263,2023.96122325789,2024.0956284153,EPI_ISL_19736782|A/canada_goose/Massachusetts/004865-009/2024|H5N1|USA-MA|2024-02-05|avian|C2.1
242,138,0.0639405421245501,-71.3740493359832,42.5329837428192,-70.921538471668,42.7390122672922,0.413356515576206,0.349415973451656,2024.03168787318,2024.0956284153,EPI_ISL_19736846|A/canada_goose/Massachusetts/004865-007/2024|H5N1|USA-MA|2024-02-05|avian|C2.1
243,139,0.0627461193929514,-71.2415930473039,42.5407153514914,-71.0388732254775,42.7753227805306,0.413356515576206,0.350610396183254,2024.03288229591,2024.0956284153,EPI_ISL_19736780|A/canada_goose/Massachusetts/004865-011/2024|H5N1|USA-MA|2024-02-05|avian|C2.1
186,149,0.0420565280488896,-89.9038328385781,33.7275546441697,-89.7470452874442,33.7164661663992,0.413356515576206,0.371299987527316,2024.05357188725,2024.0956284153,EPI_ISL_19387831|A/wood_duck/Mississippi/24-004235-003-original/2024|H5N1|USA-MS|2024-02-05|avian|C2.1
244,136,0.0396823445334481,-70.7460232534539,42.6485231500045,-70.732543432848,42.6351550246407,0.413356515576206,0.373674171042758,2024.05594607077,2024.0956284153,SRR29740473|A/canada_goose/MA/24-004865-013/2024|H5N1|USA-MA|2024-02-05|avian|C2.1
245,135,0.0208905276624256,-70.9380044123121,42.3764804408575,-70.9519275213182,42.4682831053179,0.413356515576206,0.39246598791378,2024.07473788764,2024.0956284153,EPI_ISL_19736776|A/canada_goose/Massachusetts/004865-016/2024|H5N1|USA-MA|2024-02-05|avian|C2.1
246,134,0.0109250602212846,-70.9016220161338,42.6095662523538,-70.8725787968139,42.6696166778986,0.413356515576206,0.402431455354921,2024.08470335508,2024.0956284153,EPI_ISL_19736848|A/canada_goose/Massachusetts/004865-006/2024|H5N1|USA-MA|2024-02-05|avian|C2.1
317,63,0.297819709563921,-78.1956900817588,42.2436755227742,-82.2968620030809,35.5899217935522,0.416088756013332,0.118269046449411,2023.80054094617,2024.09836065574,EPI_ISL_19134610|A/Canada_goose/North_Carolina/W24-90A/2024|H5N1|USA-NC|2024-02-06|avian|C2.1
276,46,0.16467012092079,-73.1177134454555,42.4362685411381,-72.1788578039684,48.7219688470259,0.416088756013332,0.251418635092541,2023.93369053482,2024.09836065574,EPI_ISL_19776214|A/Great_Horned_Owl/QC/FAV-0132-3/2024|H5N1|Canada-QC|2024-02-06|avian|C2.1
208,80,0.135097546939866,-79.0079495925982,40.6630139461565,-77.9226606076665,37.5953085308661,0.416088756013332,0.280991209073466,2023.9632631088,2024.09836065574,EPI_ISL_19430003|A/Canada_goose/Virginia/24-004375-001-original/2024|H5N1|USA-VA|2024-02-06|avian|C2.1
271,52,0.0712368365100808,-78.8261200869835,44.1002637271478,-79.1194279969667,43.9916177188096,0.416088756013332,0.344851919503251,2024.02712381923,2024.09836065574,EPI_ISL_19776212|A/American_Crow/ON/FAV-0076-9/2024|H5N1|Canada-ON|2024-02-06|avian|C2.1
320,321,0.177709796048027,-79.1392564196063,37.7240528445651,-77.153883271501,35.2806383339366,0.419060946213963,0.241351150165936,2023.92362304989,2024.10133284594,NA
321,59,0.00249229067362128,-77.153883271501,35.2806383339366,-77.6386695827177,35.1233729696304,0.421553236887584,0.419060946213963,2024.10133284594,2024.10382513661,EPI_ISL_19372821|A/turkey/North_Carolina/24-004217-001-original/2024|H5N1|USA-NC|2024-02-08|avian|C2.1
222,223,0.180846451693023,-70.8802402312239,41.385587917897,-70.9611362557611,41.6497908516051,0.423171029416096,0.242324577723073,2023.92459647745,2024.10544292914,NA
178,157,0.095183078997716,-65.5778884890824,46.4858144555895,-65.4554474228457,44.2692319753239,0.424285477324938,0.329102398327222,2024.01137429805,2024.10655737705,EPI_ISL_19776229|A/American_Black_Duck/NS/FAV-0080-39/2024|H5N1|Canada-NS|2024-02-09|avian|C2.1
179,158,0.0865801082522007,-64.3828296606333,46.7017584845087,-64.2548987473662,46.7525480010468,0.424285477324938,0.337705369072737,2024.0199772688,2024.10655737705,EPI_ISL_19776231|A/American_Crow/PE/FAV-0074-1/2024|H5N1|Canada-PE|2024-02-09|avian|C2.1
289,291,0.0144649943919046,-70.6606129788565,42.5189030682386,-70.5969433259451,42.5623895295222,0.424608823280694,0.410143828888789,2024.09241572861,2024.10688072301,NA
291,302,0.000126807717894251,-70.5969433259451,42.5623895295222,-70.5951245040496,42.5390368150868,0.424735630998588,0.424608823280694,2024.10688072301,2024.10700753072,NA
223,224,0.00193056858427848,-70.9611362557611,41.6497908516051,-70.6956517828851,41.7688319120648,0.425101598000375,0.423171029416096,2024.10544292914,2024.10737349772,NA
291,292,0.0030628632025998,-70.5969433259451,42.5623895295222,-70.6070348273314,42.6064276738441,0.427671686483294,0.424608823280694,2024.10688072301,2024.10994358621,NA
302,303,0.00418875546168102,-70.5951245040496,42.5390368150868,-70.3414317954339,43.0284135755488,0.428924386460269,0.424735630998588,2024.10700753072,2024.11119628618,NA
292,293,0.00141162407341905,-70.6070348273314,42.6064276738441,-70.6163814875361,42.719337668643,0.429083310556713,0.427671686483294,2024.10994358621,2024.11135521028,NA
293,294,0.000490592492327191,-70.6163814875361,42.719337668643,-70.622961976385,42.7235357134852,0.42957390304904,0.429083310556713,2024.11135521028,2024.11184580277,NA
258,259,0.0744836963882962,-71.9462836001997,42.0146004032677,-71.8241536157252,42.2721126593841,0.430286818440314,0.355803122052018,2024.03807502178,2024.11255871816,NA
281,282,0.0318296813061821,-70.8964416021506,42.2881977780915,-70.3870131330016,42.8943035581318,0.432328259483683,0.400498578177501,2024.0827704779,2024.11460015921,NA
206,79,0.303792411132167,-76.6014281507796,42.0621647821968,-70.5914895882402,48.3755813448919,0.432482198636316,0.12868978750415,2023.81096168723,2024.11475409836,EPI_ISL_19776235|A/American_Crow/QC/FAV-0082-1/2024|H5N1|Canada-QC|2024-02-12|avian|C2.1
315,6,0.22071719926974,-77.2661935627797,43.0402401668071,-74.3996436132792,51.5486453514079,0.432482198636316,0.211764999366577,2023.89403689909,2024.11475409836,EPI_ISL_19776236|A/Canada_Goose/QC/FAV-0090-1/2024|H5N1|Canada-QC|2024-02-12|avian|C2.1
256,68,0.186124284089743,-74.6507116363107,43.5696114827344,-70.915052679523,42.7006011543016,0.432482198636316,0.246357914546574,2023.92862981427,2024.11475409836,EPI_ISL_19736894|A/canada_goose/Massachusetts/014126-033/2024|H5N1|USA-MA|2024-02-12|avian|C2.1
224,225,0.00765394334336594,-70.6956517828851,41.7688319120648,-70.5959652511902,41.4560707661791,0.432755541343741,0.425101598000375,2024.10737349772,2024.11502744107,NA
282,283,0.000529408585870972,-70.3870131330016,42.8943035581318,-70.5686541306405,42.5861580197674,0.432857668069554,0.432328259483683,2024.11460015921,2024.11512956779,NA
225,226,0.00158340161870446,-70.5959652511902,41.4560707661791,-70.4195352949891,41.4852095055381,0.434338942962445,0.432755541343741,2024.11502744107,2024.11661084269,NA
325,165,0.319971002710043,-79.4139729700935,39.6801931660072,-82.0323466355635,42.428555414328,0.435214439073442,0.1152434363634,2023.79751533609,2024.1174863388,EPI_ISL_19776239|A/Canada_Goose/ON/FAV-0081-5/2024|H5N1|Canada-ON|2024-02-13|avian|C2.1
321,322,0.0173292300442727,-77.153883271501,35.2806383339366,-77.7671417424429,34.975807464393,0.436390176258236,0.419060946213963,2024.10133284594,2024.11866207598,NA
271,272,0.0929960440267383,-78.8261200869835,44.1002637271478,-80.2805128567425,42.5392086338374,0.437847963529989,0.344851919503251,2024.02712381923,2024.12011986325,NA
180,181,0.0631509040270493,-63.3769529522791,46.2065411707958,-65.4328665345548,44.4926090811772,0.438363614959985,0.375212710932936,2024.05748461066,2024.12063551468,NA
293,300,0.0092913156354667,-70.6163814875361,42.719337668643,-70.6213009292922,42.3562161203873,0.438374626192179,0.429083310556713,2024.11135521028,2024.12064652592,NA
235,130,0.291367503277711,-71.8295365413529,43.2124053132053,-75.1696834239346,59.4843251328412,0.440678919947695,0.149311416669984,2023.83158331639,2024.12295081967,EPI_ISL_19776240|A/American_Crow/QC/FAV-0082-2/2024|H5N1|Canada-QC|2024-02-15|avian|C2.1
322,58,0.00428874368945914,-77.7671417424429,34.975807464393,-77.7691901409504,35.0788054547064,0.440678919947695,0.436390176258236,2024.11866207598,2024.12295081967,EPI_ISL_19372827|A/turkey/North_Carolina/24-005140-002-original/2024|H5N1|USA-NC|2024-02-15|avian|C2.1
322,57,0.00428874368945914,-77.7671417424429,34.975807464393,-77.8249550458791,35.1294334940164,0.440678919947695,0.436390176258236,2024.11866207598,2024.12295081967,EPI_ISL_19372826|A/turkey/North_Carolina/24-005140-001-original/2024|H5N1|USA-NC|2024-02-15|avian|C2.1
294,295,0.0114163214281539,-70.622961976385,42.7235357134852,-70.8137877218661,42.6712490823227,0.440990224477194,0.42957390304904,2024.11184580277,2024.1232621242,NA
300,301,0.00378943927888881,-70.6213009292922,42.3562161203873,-70.6219945025624,42.3490528933213,0.442164065471068,0.438374626192179,2024.12064652592,2024.1244359652,NA
289,290,0.0327296395383614,-70.6606129788565,42.5189030682386,-70.9029695264808,42.625973496686,0.442873468427151,0.410143828888789,2024.09241572861,2024.12514536815,NA
200,92,0.197895369651362,-71.4515494503392,42.3096145650567,-71.7463094117899,42.680062815807,0.443411160385048,0.245515790733687,2023.92778769046,2024.12568306011,EPI_ISL_19736831|A/canada_goose/Massachusetts/007606-008/2024|H5N1|USA-MA|2024-02-16|avian|C2.1
303,304,0.0146663166199044,-70.3414317954339,43.0284135755488,-70.1991659245711,42.6730526985246,0.443590703080173,0.428924386460269,2024.11119628618,2024.1258626028,NA
259,260,0.0152407721677725,-71.8241536157252,42.2721126593841,-72.3520215690076,43.0279155775768,0.445527590608087,0.430286818440314,2024.11255871816,2024.12779949033,NA
286,287,0.0600017904284109,-71.8579644761686,42.2274963938465,-70.7782009504143,41.4660033462509,0.44618429473484,0.386182504306429,2024.06845440403,2024.12845619446,NA
307,308,0.0345744923991525,-71.8178245458872,42.0179008524399,-70.910289266415,42.7577581098835,0.446659476401505,0.412084984002352,2024.09435688373,2024.12893137613,NA
173,153,0.334517627342282,-76.8434887292475,42.2016027958005,-81.6248679827544,42.7949432931466,0.448875641259301,0.114358013917019,2023.79662991364,2024.13114754098,EPI_ISL_19776246|A/Red-Tailed_Hawk/ON/FAV-0081-1/2024|H5N1|Canada-ON|2024-02-18|avian|C2.1
235,131,0.299564224589317,-71.8295365413529,43.2124053132053,-70.4317711246451,41.6360415781641,0.448875641259301,0.149311416669984,2023.83158331639,2024.13114754098,EPI_ISL_19736810|A/great_black-backed_gull/Massachusetts/007609-010/2024|H5N1|USA-MA|2024-02-18|avian|C2.1
283,9,0.0160179731897467,-70.5686541306405,42.5861580197674,-69.9914616002037,41.8567393072334,0.448875641259301,0.432857668069554,2024.11512956779,2024.13114754098,SRR29740421|A/herring_gull/MA/24-007610-001/2024|H5N1|USA-MA|2024-02-18|avian|C2.1
295,296,0.00818220690696675,-70.8137877218661,42.6712490823227,-70.8346785522705,42.6849044276664,0.449172431384161,0.440990224477194,2024.1232621242,2024.13144433111,NA
296,297,0.000173116423378916,-70.8346785522705,42.6849044276664,-70.8180808519891,42.6922913006419,0.449345547807539,0.449172431384161,2024.13144433111,2024.13161744753,NA
260,71,0.00881253152546646,-72.3520215690076,43.0279155775768,-72.2212635745857,42.0540303399903,0.454340122133553,0.445527590608087,2024.12779949033,2024.13661202186,SRR29740449|A/bald_eagle/MA/24-007606-010/2024|H5N1|USA-MA|2024-02-20|avian|C2.1
296,299,0.00661265306134434,-70.8346785522705,42.6849044276664,-70.9279738839842,42.8974356375005,0.455785084445505,0.449172431384161,2024.13144433111,2024.13805698417,NA
308,309,0.0103393268047288,-70.910289266415,42.7577581098835,-70.7374364053085,44.4521912970144,0.456998803206234,0.446659476401505,2024.12893137613,2024.13927070293,NA
301,24,0.014908297099611,-70.6219945025624,42.3490528933213,-70.8158188146057,42.7282577608331,0.457072362570679,0.442164065471068,2024.1244359652,2024.1393442623,EPI_ISL_19736827|A/white-winged_scoter/Massachusetts/007607-002/2024|H5N1|USA-MA|2024-02-21|avian|C2.1
299,26,0.00128727812517432,-70.9279738839842,42.8974356375005,-70.8458695818953,42.723990892704,0.457072362570679,0.455785084445505,2024.13805698417,2024.1393442623,EPI_ISL_19736828|A/white-winged_scoter/Massachusetts/007607-001/2024|H5N1|USA-MA|2024-02-21|avian|C2.1
272,273,0.0197218607178702,-80.2805128567425,42.5392086338374,-80.6279575622887,41.6112737501736,0.45756982424786,0.437847963529989,2024.12011986325,2024.13984172397,NA
297,298,0.00931135098559011,-70.8180808519891,42.6922913006419,-70.6749701929729,42.7843449843758,0.45865689879313,0.449345547807539,2024.13161744753,2024.14092879852,NA
304,305,0.0158931431139836,-70.1991659245711,42.6730526985246,-70.1898772200392,42.66865776064,0.459483846194157,0.443590703080173,2024.1258626028,2024.14175574592,NA
198,86,0.232263132076351,-75.0179852802619,42.2720544375664,-76.0073528480164,42.9464998425605,0.459804603007805,0.227541470931454,2023.90981337066,2024.14207650273,EPI_ISL_19387845|A/chicken/New_York/24-005701-001-original/2024|H5N1|USA-NY|2024-02-22|avian|C2.1
273,51,0.00223477875994571,-80.6279575622887,41.6112737501736,-80.8857322818575,40.692536702114,0.459804603007805,0.45756982424786,2024.13984172397,2024.14207650273,EPI_ISL_19882171|A/peafowl/Ohio/OH24-4484-1/2024|H5N1|USA-OH|2024-02-22|avian|C2.1
282,284,0.0286120026214464,-70.3870131330016,42.8943035581318,-70.350833770013,41.9022505720917,0.460940262105129,0.432328259483683,2024.11460015921,2024.14321216183,NA
246,137,0.0601053880902377,-70.9016220161338,42.6095662523538,-70.477493902485,41.6697321769671,0.462536843445159,0.402431455354921,2024.08470335508,2024.14480874317,EPI_ISL_19736808|A/sanderling/Massachusetts/007610-003/2024|H5N1|USA-MA|2024-02-23|avian|C2.1
259,70,0.0322500250048448,-71.8241536157252,42.2721126593841,-71.8054591326285,42.052756487,0.462536843445159,0.430286818440314,2024.11255871816,2024.14480874317,EPI_ISL_19736761|A/bald_eagle/Massachusetts/014126-005/2024|H5N1|USA-MA|2024-02-23|avian|C2.1
272,49,0.0246888799151694,-80.2805128567425,42.5392086338374,-80.9667886355607,41.0566815204875,0.462536843445159,0.437847963529989,2024.12011986325,2024.14480874317,EPI_ISL_19387850|A/peafowl/Ohio/24-005906-001-original/2024|H5N1|USA-OH|2024-02-23|avian|C2.1
300,23,0.0241622172529795,-70.6213009292922,42.3562161203873,-71.5098145705889,42.1332149480359,0.462536843445159,0.438374626192179,2024.12064652592,2024.14480874317,EPI_ISL_19736760|A/white-winged_scoter/Massachusetts/014126-006/2024|H5N1|USA-MA|2024-02-23|avian|C2.1
290,25,0.0196633750180082,-70.9029695264808,42.625973496686,-70.9397699860444,42.5706974559437,0.462536843445159,0.442873468427151,2024.12514536815,2024.14480874317,EPI_ISL_19736819|A/white-winged_scoter/Massachusetts/007609-001/2024|H5N1|USA-MA|2024-02-23|avian|C2.1
260,69,0.0170092528370723,-72.3520215690076,43.0279155775768,-71.7782377064581,42.2533918861699,0.462536843445159,0.445527590608087,2024.12779949033,2024.14480874317,EPI_ISL_19736762|A/bald_eagle/Massachusetts/014126-004/2024|H5N1|USA-MA|2024-02-23|avian|C2.1
273,50,0.00496701919729925,-80.6279575622887,41.6112737501736,-80.770125524944,41.0913781680651,0.462536843445159,0.45756982424786,2024.13984172397,2024.14480874317,EPI_ISL_19387851|A/poultry/Ohio/24-005906-002-original/2024|H5N1|USA-OH|2024-02-23|avian|C2.1
298,18,0.00387994465202934,-70.6749701929729,42.7843449843758,-72.4119008349475,42.4491498418068,0.462536843445159,0.45865689879313,2024.14092879852,2024.14480874317,SRR29740431|A/white-winged_scoter/MA/24-007609-002/2024|H5N1|USA-MA|2024-02-23|avian|C2.1
298,17,0.00387994465202934,-70.6749701929729,42.7843449843758,-70.8997319234578,42.825834257172,0.462536843445159,0.45865689879313,2024.14092879852,2024.14480874317,SRR29740430|A/white-winged_scoter/MA/24-007609-003/2024|H5N1|USA-MA|2024-02-23|avian|C2.1
226,120,0.0309301409198398,-70.4195352949891,41.4852095055381,-70.1220840228991,42.0536987305837,0.465269083882285,0.434338942962445,2024.11661084269,2024.14754098361,EPI_ISL_19736807|A/sanderling/Massachusetts/007610-004/2024|H5N1|USA-MA|2024-02-24|avian|C2.1
304,20,0.0271428616763639,-70.1991659245711,42.6730526985246,-71.1959727921995,42.6880766256843,0.470733564756537,0.443590703080173,2024.1258626028,2024.15300546448,EPI_ISL_19736802|A/white-winged_scoter/Massachusetts/014126-003/2024|H5N1|USA-MA|2024-02-26|avian|C2.1
295,28,0.0324755807164698,-70.8137877218661,42.6712490823227,-70.5908601818661,41.6962030383886,0.473465805193664,0.440990224477194,2024.1232621242,2024.15573770492,SRR29740417|A/great_black-backed_gull/MA/24-007610-005/2024|H5N1|USA-MA|2024-02-27|avian|C2.1
287,14,0.0272815104588238,-70.7782009504143,41.4660033462509,-70.3416282871028,41.6889984071676,0.473465805193664,0.44618429473484,2024.12845619446,2024.15573770492,EPI_ISL_19736763|A/great_black-backed_gull/Massachusetts/007610-006/2024|H5N1|USA-MA|2024-02-27|avian|C2.1
297,15,0.0241202573861241,-70.8180808519891,42.6922913006419,-70.8195144281685,42.6534613093872,0.473465805193664,0.449345547807539,2024.13161744753,2024.15573770492,EPI_ISL_19736804|A/white-winged_scoter/Massachusetts/014126-002/2024|H5N1|USA-MA|2024-02-27|avian|C2.1
309,36,0.0164670019874298,-70.7374364053085,44.4521912970144,-70.9692417886079,43.0365833662205,0.473465805193664,0.456998803206234,2024.13927070293,2024.15573770492,SRR29740500|A/herring_gull/NH/24-014129-003/2024|H5N1|USA-NH|2024-02-27|avian|C2.1
224,227,0.0499165186288663,-70.6956517828851,41.7688319120648,-69.9295323701772,41.7667990807829,0.475018116629241,0.425101598000375,2024.10737349772,2024.15729001635,NA
287,288,0.0289649244378234,-70.7782009504143,41.4660033462509,-70.4620558071258,41.5430108529507,0.475149219172663,0.44618429473484,2024.12845619446,2024.1574211189,NA
227,122,0.00117992900154856,-69.9295323701772,41.7667990807829,-69.9305950690433,41.7489106559346,0.47619804563079,0.475018116629241,2024.15729001635,2024.15846994536,EPI_ISL_19736801|A/great_black-backed_gull/Massachusetts/014126-008/2024|H5N1|USA-MA|2024-02-28|avian|C2.1
305,306,0.0171761695446196,-70.1898772200392,42.66865776064,-71.3297740077233,42.5406482224016,0.476660015738777,0.459483846194157,2024.14175574592,2024.15893191546,NA
313,45,0.0846780405525923,-70.7073117180714,43.9561823503052,-70.4548681474166,41.6411113358645,0.481662526505269,0.396984485952677,2024.07925638568,2024.16393442623,EPI_ISL_19736800|A/herring_gull/Massachusetts/014126-009/2024|H5N1|USA-MA|2024-03-01|avian|C2.1
255,66,0.23779215773442,-70.4008258679032,45.8360324931454,-80.6874684849378,44.8910863158379,0.487127007379522,0.249334849645102,2023.93160674937,2024.1693989071,EPI_ISL_19776268|A/Red-Tailed_Hawk/ON/FAV-0092-1/2024|H5N1|Canada-ON|2024-03-03|avian|C2.1
301,29,0.0449629419084536,-70.6219945025624,42.3490528933213,-71.0238163339639,42.5313877617397,0.487127007379522,0.442164065471068,2024.1244359652,2024.1693989071,EPI_ISL_19736812|A/herring_gull/Massachusetts/007609-008/2024|H5N1|USA-MA|2024-03-03|avian|C2.1
223,230,0.0684410260898469,-70.9611362557611,41.6497908516051,-70.3591386031008,41.610691182757,0.491612055505943,0.423171029416096,2024.10544292914,2024.17388395523,NA
200,93,0.247075697520088,-71.4515494503392,42.3096145650567,-72.0801470655614,55.8917460884474,0.492591488253774,0.245515790733687,2023.92778769046,2024.17486338798,EPI_ISL_19776272|A/American_Crow/QC/FAV-0132-5/2024|H5N1|Canada-QC|2024-03-05|avian|C2.1
313,314,0.0966875706320655,-70.7073117180714,43.9561823503052,-70.3548972048973,45.656345066926,0.493672056584743,0.396984485952677,2024.07925638568,2024.17594395631,NA
255,65,0.248721119482925,-70.4008258679032,45.8360324931454,-69.9743411060292,41.7890991437639,0.498055969128026,0.249334849645102,2023.93160674937,2024.18032786885,SRR29740441|A/american_crow/MA/24-007607-008/2024|H5N1|USA-MA|2024-03-07|avian|C2.1
281,10,0.0975573909505255,-70.8964416021506,42.2881977780915,-70.9763609400276,42.4670354756536,0.498055969128026,0.400498578177501,2024.0827704779,2024.18032786885,EPI_ISL_19736823|A/common_loon/Massachusetts/007608-006/2024|H5N1|USA-MA|2024-03-07|avian|C2.1
283,11,0.0651983010584724,-70.5686541306405,42.5861580197674,-70.6537254705731,42.6268631748347,0.498055969128026,0.432857668069554,2024.11512956779,2024.18032786885,EPI_ISL_19736822|A/common_loon/Massachusetts/007608-007/2024|H5N1|USA-MA|2024-03-07|avian|C2.1
226,126,0.0637170261655812,-70.4195352949891,41.4852095055381,-70.4523504461452,41.6361614595356,0.498055969128026,0.434338942962445,2024.11661084269,2024.18032786885,EPI_ISL_19736770|A/sanderling/Massachusetts/007607-006/2024|H5N1|USA-MA|2024-03-07|avian|C2.1
181,161,0.0596923541680415,-65.4328665345548,44.4926090811772,-64.7166621577786,45.1432752991799,0.498055969128026,0.438363614959985,2024.12063551468,2024.18032786885,EPI_ISL_19776275|A/Herring_Gull/NS/FAV-0198/2024|H5N1|Canada-NS|2024-03-07|avian|C2.1
308,34,0.0513964927265214,-70.910289266415,42.7577581098835,-70.8840251822388,42.7034606729865,0.498055969128026,0.446659476401505,2024.12893137613,2024.18032786885,EPI_ISL_19736821|A/common_loon/Massachusetts/007608-009/2024|H5N1|USA-MA|2024-03-07|avian|C2.1
284,7,0.037115707022897,-70.350833770013,41.9022505720917,-70.0346719794069,41.6753623973035,0.498055969128026,0.460940262105129,2024.14321216183,2024.18032786885,EPI_ISL_19736824|A/common_eider/Massachusetts/007607-010/2024|H5N1|USA-MA|2024-03-07|avian|C2.1
230,115,0.00644391362208319,-70.3591386031008,41.610691182757,-70.3463756323744,41.7205555467559,0.498055969128026,0.491612055505943,2024.17388395523,2024.18032786885,EPI_ISL_19737347|A/red-tailed_hawk/Massachusetts/007607-009/2024|H5N1|USA-MA|2024-03-07|avian|C2.1
267,3,0.274854454648813,-72.5376208002964,44.2537638875426,-71.7212149246645,41.6789429849698,0.50078820956538,0.225933754916567,2023.90820565464,2024.18306010929,SRR29740498|A/brandt_goose/RI/24-014130-002/2024|H5N1|USA-RI|2024-03-08|avian|C2.1
299,16,0.0450031251198751,-70.9279738839842,42.8974356375005,-71.5510188948706,41.8904353568557,0.50078820956538,0.455785084445505,2024.13805698417,2024.18306010929,EPI_ISL_19736863|A/surf_scoter/Rhode_Island/014130-001/2024|H5N1|USA-RI|2024-03-08|avian|C2.1
292,30,0.0813132443934648,-70.6070348273314,42.6064276738441,-70.6614044379424,42.638300093471,0.508984930876758,0.427671686483294,2024.10994358621,2024.1912568306,EPI_ISL_19736912|A/white-winged_scoter/Massachusetts/014126-014/2024|H5N1|USA-MA|2024-03-11|avian|C2.1
181,160,0.0706213159167735,-65.4328665345548,44.4926090811772,-62.4425041356383,46.2894784969382,0.508984930876758,0.438363614959985,2024.12063551468,2024.1912568306,EPI_ISL_19776279|A/American_Crow/PE/FAV-0110-1/2024|H5N1|Canada-PE|2024-03-11|avian|C2.1
290,33,0.0661114624496077,-70.9029695264808,42.625973496686,-70.9571397199634,42.679968324926,0.508984930876758,0.442873468427151,2024.12514536815,2024.1912568306,EPI_ISL_19736911|A/common_loon/Massachusetts/014126-015/2024|H5N1|USA-MA|2024-03-11|avian|C2.1
268,54,0.384078831564615,-77.142306902259,42.8180832932186,-77.3855285371831,44.603224346774,0.511717171313885,0.127638339749269,2023.80991023947,2024.19398907104,EPI_ISL_19776282|A/American_Crow/ON/FAV-0097-1/2024|H5N1|Canada-ON|2024-03-12|avian|C2.1
247,140,0.26555534937365,-70.9634549863858,44.7442234906278,-69.2963260398423,44.1569195947514,0.514449411751011,0.248894062377361,2023.9311659621,2024.19672131148,EPI_ISL_19094441|A/chicken/Maine/24-007946-001/2024|H5N1|USA-ME|2024-03-13|avian|C2.1
192,83,0.385270451648121,-73.6303844115812,43.5910767719958,-76.2775743016347,42.1362313573353,0.51991389262549,0.134643440977369,2023.8169153407,2024.20218579235,SRR34270257|A/bobcat/NY/24-009317-001/2024|H5N1|USA-NY|2024-03-15|feline|C2.1
311,41,0.170545891318775,-72.0903902593585,42.8592601059413,-71.1100881808841,42.2621180336831,0.51991389262549,0.349368001306716,2024.03163990103,2024.20218579235,EPI_ISL_19736888|A/red-tailed_hawk/Massachusetts/014126-040/2024|H5N1|USA-MA|2024-03-15|avian|C2.1
288,12,0.0447646734528273,-70.4620558071258,41.5430108529507,-70.789771586647,41.6709635413772,0.51991389262549,0.475149219172663,2024.1574211189,2024.20218579235,EPI_ISL_19736795|A/white-winged_scoter/Massachusetts/014126-041/2024|H5N1|USA-MA|2024-03-15|avian|C2.1
230,231,0.0312453379196591,-70.3591386031008,41.610691182757,-69.5158100552755,40.5125297562316,0.522857393425602,0.491612055505943,2024.17388395523,2024.20512929315,NA
306,21,0.0487183577609661,-71.3297740077233,42.5406482224016,-71.3231325555514,42.621179784604,0.525378373499743,0.476660015738777,2024.15893191546,2024.20765027322,EPI_ISL_19736909|A/great_horned_owl/Massachusetts/014126-017/2024|H5N1|USA-MA|2024-03-17|avian|C2.1
314,43,0.0344385573521264,-70.3548972048973,45.656345066926,-70.1466715365487,41.2855827095852,0.528110613936869,0.493672056584743,2024.17594395631,2024.21038251366,EPI_ISL_19736794|A/great_black-backed_gull/Massachusetts/014126-043/2024|H5N1|USA-MA|2024-03-18|avian|C2.1
309,35,0.0738440511677614,-70.7374364053085,44.4521912970144,-70.7732423019852,42.6475378385133,0.530842854373995,0.456998803206234,2024.13927070293,2024.2131147541,SRR34270264|A/harbor_seal/MA/24-026395-001/2024|H5N1|USA-MA|2024-03-19|other_mammal|C2.1
231,119,0.010717701385519,-69.5158100552755,40.5125297562316,-70.0471456172355,41.9798074673515,0.533575094811121,0.522857393425602,2024.20512929315,2024.21584699454,SRR29740550|A/american_crow/MA/24-014126-024/2024|H5N1|USA-MA|2024-03-20|avian|C2.1
180,159,0.161094624315312,-63.3769529522791,46.2065411707958,-63.3107372073748,46.2606412986098,0.536307335248247,0.375212710932936,2024.05748461066,2024.21857923497,EPI_ISL_19776291|A/American_Crow/PE/FAV-0105-1/2024|H5N1|Canada-PE|2024-03-21|avian|C2.1
231,232,0.0161894520293218,-69.5158100552755,40.5125297562316,-68.4216926904931,41.6097928510019,0.539046845454924,0.522857393425602,2024.20512929315,2024.22131874518,NA
306,22,0.0705762812582028,-71.3297740077233,42.5406482224016,-70.9457536910992,42.2477764357579,0.54723629699698,0.476660015738777,2024.15893191546,2024.22950819672,EPI_ISL_19736900|A/great_black-backed_gull/Massachusetts/014126-026/2024|H5N1|USA-MA|2024-03-25|avian|C2.1
284,8,0.0890282753289763,-70.350833770013,41.9022505720917,-70.5611483244341,41.9100224122958,0.549968537434106,0.460940262105129,2024.14321216183,2024.23224043716,EPI_ISL_19736891|A/common_raven/Massachusetts/014126-036/2024|H5N1|USA-MA|2024-03-26|avian|C2.1
227,228,0.0760916800810311,-69.9295323701772,41.7667990807829,-71.5464013773908,42.9657790745086,0.551109796710272,0.475018116629241,2024.15729001635,2024.23338169643,NA
238,239,0.315327366974959,-71.1922795179864,42.7733225830231,-71.0701368220002,41.7824090814081,0.551150250883633,0.235822883908674,2023.91809478363,2024.23342215061,NA
236,132,0.343116123157316,-71.9200924015716,42.3075126287674,-71.1917059457711,42.4742711802129,0.552700777871232,0.209584654713916,2023.89185655444,2024.2349726776,EPI_ISL_19736792|A/bald_eagle/Massachusetts/014126-048/2024|H5N1|USA-MA|2024-03-27|avian|C2.1
239,141,0.00155052698759861,-71.0701368220002,41.7824090814081,-70.8418346937954,42.1780008551689,0.552700777871232,0.551150250883633,2024.23342215061,2024.2349726776,SRR29740527|A/bald_eagle/MA/24-014126-051/2024|H5N1|USA-MA|2024-03-27|avian|C2.1
239,142,0.00155052698759861,-71.0701368220002,41.7824090814081,-71.0802065927297,41.7921567609767,0.552700777871232,0.551150250883633,2024.23342215061,2024.2349726776,EPI_ISL_19736887|A/bald_eagle/Massachusetts/014126-049/2024|H5N1|USA-MA|2024-03-27|avian|C2.1
232,233,0.023676561670451,-68.4216926904931,41.6097928510019,-70.4480514603471,41.7167410330145,0.562723407125375,0.539046845454924,2024.22131874518,2024.24499530685,NA
305,19,0.104145893425807,-70.1898772200392,42.66865776064,-70.0000796047579,41.9189553631067,0.563629739619964,0.459483846194157,2024.14175574592,2024.24590163934,EPI_ISL_19736875|A/american_crow/Massachusetts/014126-063/2024|H5N1|USA-MA|2024-03-31|avian|C2.1
275,47,0.35449970540453,-73.575358813838,42.4411767183444,-72.2806095961379,57.1005931494194,0.569094220494216,0.214594515089686,2023.89686641481,2024.25136612022,EPI_ISL_19776298|A/Peregrine_Falcon/QC/FAV-0120-1/2024|H5N1|Canada-QC|2024-04-02|avian|C2.1
257,73,0.274594995088029,-71.7375098456283,42.4485342234392,-72.22662180738,48.6763469378061,0.571826460931342,0.297231465843314,2023.97950336557,2024.25409836066,EPI_ISL_19776299|A/Brant/QC/FAV-0121-2/2024|H5N1|Canada-QC|2024-04-03|avian|C2.1
250,91,0.487708720599451,-76.4370548162468,42.7963546457204,-70.4201689330108,50.9952954784511,0.574558701368469,0.0868499807690178,2023.76912188049,2024.25683060109,EPI_ISL_19776300|A/American_Crow/QC/FAV-0237-1/2024|H5N1|Canada-QC|2024-04-04|avian|C2.1
225,121,0.144535400461854,-70.5959652511902,41.4560707661791,-70.5807687793634,41.5876613854852,0.577290941805595,0.432755541343741,2024.11502744107,2024.25956284153,SRR29740526|A/sanderling/MA/24-014126-052/2024|H5N1|USA-MA|2024-04-05|avian|C2.1
233,117,0.0145675346802197,-70.4480514603471,41.7167410330145,-70.4493029695366,41.7362014362356,0.577290941805595,0.562723407125375,2024.24499530685,2024.25956284153,EPI_ISL_19736881|A/sanderling/Massachusetts/014126-056/2024|H5N1|USA-MA|2024-04-05|avian|C2.1
233,118,0.0145675346802197,-70.4480514603471,41.7167410330145,-71.6447906968366,42.6136484052182,0.577290941805595,0.562723407125375,2024.24499530685,2024.25956284153,EPI_ISL_19736880|A/sanderling/Massachusetts/014126-057/2024|H5N1|USA-MA|2024-04-05|avian|C2.1
232,116,0.054637538973655,-68.4216926904931,41.6097928510019,-70.0336810674156,41.7130392202904,0.593684384428579,0.539046845454924,2024.22131874518,2024.27595628415,EPI_ISL_19736867|A/american_crow/Massachusetts/014126-073/2024|H5N1|USA-MA|2024-04-11|avian|C2.1
302,27,0.171680993867117,-70.5951245040496,42.5390368150868,-71.1633020586657,42.7642462291733,0.596416624865705,0.424735630998588,2024.10700753072,2024.27868852459,EPI_ISL_19736869|A/scoter/Massachusetts/014126-071/2024|H5N1|USA-MA|2024-04-12|avian|C2.1
294,32,0.166842721816665,-70.622961976385,42.7235357134852,-70.7862542345582,42.6352421573673,0.596416624865705,0.42957390304904,2024.11184580277,2024.27868852459,EPI_ISL_19736787|A/scoter/Massachusetts/014126-072/2024|H5N1|USA-MA|2024-04-12|avian|C2.1
228,125,0.0480390685927865,-71.5464013773908,42.9657790745086,-72.5337494980084,42.6117049942209,0.599148865303059,0.551109796710272,2024.23338169643,2024.28142076503,SRR29740516|A/herring_gull/MA/24-014126-061/2024|H5N1|USA-MA|2024-04-13|avian|C2.1
228,229,0.0613633542409221,-71.5464013773908,42.9657790745086,-71.4401803492661,42.0073404610252,0.612473150951194,0.551109796710272,2024.23338169643,2024.29474505068,NA
288,13,0.140393088753153,-70.4620558071258,41.5430108529507,-70.2477691176999,41.7088304608167,0.615542307925816,0.475149219172663,2024.1574211189,2024.29781420765,EPI_ISL_19736889|A/american_crow/Massachusetts/014126-039/2024|H5N1|USA-MA|2024-04-19|avian|C2.1
314,44,0.127334732215553,-70.3548972048973,45.656345066926,-66.0320638721474,43.9993146640877,0.621006788800295,0.493672056584743,2024.17594395631,2024.30327868852,EPI_ISL_19776305|A/Northern_Fulmar/NS/FAV-0245-8/2024|H5N1|Canada-NS|2024-04-21|avian|C2.1
229,123,0.0139981187233534,-71.4401803492661,42.0073404610252,-71.3132816764213,41.7327686741338,0.626471269674548,0.612473150951194,2024.29474505068,2024.3087431694,EPI_ISL_19736859|A/herring_gull/Rhode_Island/014130-006/2024|H5N1|USA-RI|2024-04-23|avian|C2.1
210,107,0.510774188496308,-74.6184422701331,42.2534015895043,-82.0186614433207,29.7611436588218,0.629203510111674,0.118429321615366,2023.80070122134,2024.31147540984,EPI_ISL_19387861|A/domestic_duck/Florida/24-012642-001-original/2024|H5N1|USA-FL|2024-04-24|avian|C2.1
303,31,0.211208085400137,-70.3414317954339,43.0284135755488,-70.2742886290747,41.655970573323,0.640132471860406,0.428924386460269,2024.11119628618,2024.32240437158,EPI_ISL_19736873|A/american_crow/Massachusetts/014126-066/2024|H5N1|USA-MA|2024-04-28|avian|C2.1
319,56,0.507517771263422,-78.2332805144398,40.7807095739955,-92.9428863479448,44.1720205276937,0.642864712297532,0.13534694103411,2023.81761884076,2024.32513661202,EPI_ISL_19430016|A/turkey/Minnesota/24-012740-002-original/2024|H5N1|USA-MN|2024-04-29|avian|C2.1
307,37,0.233511968732306,-71.8178245458872,42.0179008524399,-71.8167183976012,41.3558820269888,0.645596952734658,0.412084984002352,2024.09435688373,2024.32786885246,EPI_ISL_19430019|A/great_black-backed_gull/Rhode_Island/24-014172-002-original/2024|H5N1|USA-RI|2024-04-30|avian|C2.1
229,124,0.0959653318380479,-71.4401803492661,42.0073404610252,-71.7016127780229,41.5018189108428,0.708438482789242,0.612473150951194,2024.29474505068,2024.39071038251,EPI_ISL_19430021|A/herring_gull/Rhode_Island/24-016702-001-original/2024|H5N1|USA-RI|2024-05-23|avian|C2.1
