node1,node2,length,startLon,startLat,endLon,endLat,endNodeL,startNodeL,startYear,endYear,tipLabel
301,302,0.0026501847148413,-71.083396751413,42.4429786347441,-71.073444152839,42.3906515106818,0.359780082986249,0.357129898271407,2024.00625356898,2024.0089037537,NA
286,207,0.00754487042507762,-70.5012684580847,43.6692171150827,-70.7868568840684,43.5751958512631,0.370002012349739,0.362457141924661,2024.01158081263,2024.01912568306,A/chicken/Maine/24-000724-001/2024|H5N1|USA-ME|2024-01-08|avian|C2.1
286,208,0.00754487042507762,-70.5012684580847,43.6692171150827,-70.9284516522922,43.6955909859756,0.370002012349739,0.362457141924661,2024.01158081263,2024.01912568306,A/chicken/Maine/24-000724-003/2024|H5N1|USA-ME|2024-01-08|avian|C2.1
242,243,0.0141005130814695,-89.9293895842126,33.9061175589709,-89.9913117356865,33.9992309310363,0.374306811245783,0.360206298164313,2024.00932996887,2024.02343048196,NA
327,94,0.000180615119899141,-78.8327974251134,34.0653998204742,-79.1202661017775,33.9006416283878,0.378198733661117,0.378018118541218,2024.02714178925,2024.02732240437,A/guinea_fowl/South_Carolina/24-001296-006/2024|H5N1|USA-SC|2024-01-11|avian|C2.1
327,95,0.000180615119899141,-78.8327974251134,34.0653998204742,-78.8107330551088,34.0083815217782,0.378198733661117,0.378018118541218,2024.02714178925,2024.02732240437,A/chicken/South_Carolina/24-001296-005/2024|H5N1|USA-SC|2024-01-11|avian|C2.1
302,303,0.0196610533000166,-71.073444152839,42.3906515106818,-71.2131682066172,42.4960382862702,0.379441136286265,0.359780082986249,2024.0089037537,2024.028564807,NA
321,3,0.0130841941306268,-75.184314774683,37.8707003865668,-76.4148218921036,35.6954187938657,0.383663214535597,0.37057902040497,2024.01970269112,2024.03278688525,A/American_wigeon/North_Carolina/24-002161-002-original/2024|H5N1|USA-NC|2024-01-13|avian|C2.1
337,342,0.0307527801055998,-70.3325237103009,43.2521193391006,-70.610287406473,43.2532396287498,0.385017023321602,0.354264243216002,2024.00338791393,2024.03414069403,NA
382,383,0.0102066400099579,-72.3388743599626,43.015434726916,-71.6741255817717,43.3542904769896,0.390181939302451,0.379975299292493,2024.02909897,2024.03930561001,NA
321,2,0.0240131558791315,-75.184314774683,37.8707003865668,-71.2996529084527,43.2434426655527,0.394592176284101,0.37057902040497,2024.01970269112,2024.04371584699,A/mallard/New_Hampshire/24-002162-001-original/2024|H5N1|USA-NH|2024-01-17|avian|C2.1
303,304,0.0177544964591312,-71.2131682066172,42.4960382862702,-70.7802971930647,42.845821540096,0.397195632745396,0.379441136286265,2024.028564807,2024.04631930346,NA
215,217,0.000786393984007816,-70.2883596101392,44.3113195864011,-70.2688740306874,44.3990719686739,0.398317988501693,0.397531594517685,2024.04665526523,2024.04744165921,NA
383,399,0.0179227323742178,-71.6741255817717,43.3542904769896,-72.1832870254793,43.4054707620321,0.408104671676669,0.390181939302451,2024.03930561001,2024.05722834239,NA
243,244,0.0347265973330946,-89.9913117356865,33.9992309310363,-90.1637662967837,33.3812730548446,0.409033408578877,0.374306811245783,2024.02343048196,2024.05815707929,NA
304,305,0.0124368560348951,-70.7802971930647,42.845821540096,-71.1187048082317,42.4159265473662,0.409632488780292,0.397195632745396,2024.04631930346,2024.05875615949,NA
383,384,0.0199452709745961,-71.6741255817717,43.3542904769896,-72.312032358284,43.3497108119422,0.410127210277047,0.390181939302451,2024.03930561001,2024.05925088099,NA
214,126,0.0257942697296454,-69.9827494702246,44.4718894696808,-69.9711203971303,44.4830477969245,0.410985618907086,0.38519134917744,2024.03431501989,2024.06010928962,A/chicken/Maine/24-002533-001-original/2024|H5N1|USA-ME|2024-01-23|avian|C2.1
214,125,0.0257942697296454,-69.9827494702246,44.4718894696808,-69.465212045994,44.5692142364011,0.410985618907086,0.38519134917744,2024.03431501989,2024.06010928962,A/chicken/Maine/24-002533-002-original/2024|H5N1|USA-ME|2024-01-23|avian|C2.1
384,385,0.0025670337662832,-72.312032358284,43.3497108119422,-72.3435221285441,43.3393939813833,0.41269424404333,0.410127210277047,2024.05925088099,2024.06181791475,NA
305,307,0.00322627187772562,-71.1187048082317,42.4159265473662,-71.2099149159666,42.4258110838763,0.412858760658017,0.409632488780292,2024.05875615949,2024.06198243137,NA
303,310,0.034329401921229,-71.2131682066172,42.4960382862702,-70.7886036376673,42.4441600216096,0.413770538207494,0.379441136286265,2024.028564807,2024.06289420892,NA
307,308,0.00116687831780338,-71.2099149159666,42.4258110838763,-71.0660726830925,42.4347700119717,0.414025638975821,0.412858760658017,2024.06198243137,2024.06314930969,NA
385,391,0.00300904833819299,-72.3435221285441,43.3393939813833,-72.3617961073649,43.3756487559515,0.415703292381523,0.41269424404333,2024.06181791475,2024.06482696309,NA
385,386,0.00335841112654267,-72.3435221285441,43.3393939813833,-72.1706347262022,43.4259949063773,0.416052655169873,0.41269424404333,2024.06181791475,2024.06517632588,NA
342,343,0.0320002545669075,-70.610287406473,43.2532396287498,-71.2830161577663,42.2944998388353,0.417017277888509,0.385017023321602,2024.03414069403,2024.0661409486,NA
215,216,0.0202224802747569,-70.2883596101392,44.3113195864011,-69.8577625263909,44.2459001624513,0.417754074792442,0.397531594517685,2024.04665526523,2024.0668777455,NA
410,411,0.0127556926311,-70.9699348706249,42.4676714194645,-70.9768983763922,42.8224568940331,0.42123418719026,0.40847849455916,2024.05760216527,2024.0703578579,NA
313,314,0.0186050069779665,-70.7453014019616,43.1462971687202,-70.7860657032827,42.9737607832882,0.423730697244621,0.405125690266654,2024.05424936098,2024.07285436795,NA
391,394,0.0109268769629983,-72.3617961073649,43.3756487559515,-72.2250502722291,43.4614348471808,0.426630169344522,0.415703292381523,2024.06482696309,2024.07575384005,NA
391,392,0.0113729154875001,-72.3617961073649,43.3756487559515,-72.4341806715203,43.4285682634674,0.427076207869023,0.415703292381523,2024.06482696309,2024.07619987858,NA
242,109,0.0671727633657571,-89.9293895842126,33.9061175589709,-90.3736245985867,33.8021270072546,0.42737906153007,0.360206298164313,2024.00932996887,2024.07650273224,A/wood_duck/Mississippi/24-004128-007-original/2024|H5N1|USA-MS|2024-01-29|avian|C2.1
243,110,0.0530722502842876,-89.9913117356865,33.9992309310363,-90.2522559171738,33.4390451153771,0.42737906153007,0.374306811245783,2024.02343048196,2024.07650273224,A/wood_duck/Mississippi/24-004128-001-original/2024|H5N1|USA-MS|2024-01-29|avian|C2.1
244,107,0.0183456529511929,-90.1637662967837,33.3812730548446,-90.3587107937768,33.6471576074523,0.42737906153007,0.409033408578877,2024.05815707929,2024.07650273224,A/wood_duck/Mississippi/24-004128-004-original/2024|H5N1|USA-MS|2024-01-29|avian|C2.1
244,108,0.0183456529511929,-90.1637662967837,33.3812730548446,-90.1303965218842,33.47892264649,0.42737906153007,0.409033408578877,2024.05815707929,2024.07650273224,A/wood_duck/Mississippi/24-004128-011-original/2024|H5N1|USA-MS|2024-01-29|avian|C2.1
248,111,0.0172226037622915,-90.2226818663932,33.4410836630761,-90.4407617601837,33.6578443441759,0.42737906153007,0.410156457767779,2024.05928012848,2024.07650273224,A/wood_duck/Mississippi/24-004128-008-original/2024|H5N1|USA-MS|2024-01-29|avian|C2.1
248,112,0.0172226037622915,-90.2226818663932,33.4410836630761,-90.3757171373665,33.4263721211904,0.42737906153007,0.410156457767779,2024.05928012848,2024.07650273224,A/wood_duck/Mississippi/24-004128-003-original/2024|H5N1|USA-MS|2024-01-29|avian|C2.1
394,396,0.00212652850493067,-72.2250502722291,43.4614348471808,-72.2665061729359,43.438297837986,0.428756697849452,0.426630169344522,2024.07575384005,2024.07788036856,NA
386,387,0.0137692797654242,-72.1706347262022,43.4259949063773,-72.06999241022,43.1694649832321,0.429821934935297,0.416052655169873,2024.06517632588,2024.07894560565,NA
233,133,0.0410122933801252,-71.1571173324788,43.5304657385998,-70.8753747158442,43.5688256551551,0.430111301967196,0.389099008587071,2024.0382226793,2024.07923497268,A/American_crow/Maine/23NE01629/2024|H5N1|USA-ME|2024-01-30|avian|C2.1
216,129,0.0123572271747544,-69.8577625263909,44.2459001624513,-70.0449635702008,44.145878074972,0.430111301967196,0.417754074792442,2024.0668777455,2024.07923497268,A/mallard/Maine/24-004329-015-original/2024|H5N1|USA-ME|2024-01-30|avian|C2.1
216,130,0.0123572271747544,-69.8577625263909,44.2459001624513,-70.0796062916378,43.9370577598238,0.430111301967196,0.417754074792442,2024.0668777455,2024.07923497268,A/mallard/Maine/24-004329-016-original/2024|H5N1|USA-ME|2024-01-30|avian|C2.1
396,397,0.00146035537730665,-72.2665061729359,43.438297837986,-72.1691058851426,43.4183040703996,0.430217053226759,0.428756697849452,2024.07788036856,2024.07934072394,NA
342,346,0.0454033236950796,-70.610287406473,43.2532396287498,-71.0220223612742,42.6736124029887,0.430420347016681,0.385017023321602,2024.03414069403,2024.07954401773,NA
386,390,0.0146948034818552,-72.1706347262022,43.4259949063773,-72.2107054801867,43.3045217470764,0.430747458651728,0.416052655169873,2024.06517632588,2024.07987112936,NA
392,393,0.00389175412313031,-72.4341806715203,43.4285682634674,-72.2678203607862,43.4816545207192,0.430967961992154,0.427076207869023,2024.07619987858,2024.0800916327,NA
305,306,0.0215218245169522,-71.1187048082317,42.4159265473662,-71.2003160691991,42.6253653805178,0.431154313297244,0.409632488780292,2024.05875615949,2024.08027798401,NA
394,395,0.0053942206344143,-72.2250502722291,43.4614348471808,-72.2811402994679,43.2789804945289,0.432024389978936,0.426630169344522,2024.07575384005,2024.08114806069,NA
217,128,0.0345255539026296,-70.2688740306874,44.3990719686739,-70.0823046932985,44.0474016298504,0.432843542404323,0.398317988501693,2024.04744165921,2024.08196721311,A/duck/Maine/24-004330-036/2024|H5N1|USA-ME|2024-01-31|avian|C2.1
397,398,0.00545799608473141,-72.1691058851426,43.4183040703996,-72.256528952918,43.1767137874749,0.43567504931149,0.430217053226759,2024.07934072394,2024.08479872002,NA
290,291,0.0402577157611391,-71.7077307397696,42.3915333897865,-71.1086458926407,42.3543039901022,0.436365785457049,0.39610806969591,2024.04523174041,2024.08548945617,NA
387,388,0.00655344648066414,-72.06999241022,43.1694649832321,-72.0691038269962,43.1697933853654,0.436375381415961,0.429821934935297,2024.07894560565,2024.08549905213,NA
314,315,0.0130417533711802,-70.7860657032827,42.9737607832882,-70.8953015649621,42.7551245579876,0.436772450615801,0.423730697244621,2024.07285436795,2024.08589612133,NA
291,292,0.00129588513015855,-71.1086458926407,42.3543039901022,-71.1017766440535,42.301943852995,0.437661670587208,0.436365785457049,2024.08548945617,2024.0867853413,NA
387,389,0.00845558852299161,-72.06999241022,43.1694649832321,-72.3369801578576,43.4498076023807,0.438277523458289,0.429821934935297,2024.07894560565,2024.08740119417,NA
382,69,0.0583327239863092,-72.3388743599626,43.015434726916,-72.1820129420992,43.3349242292201,0.438308023278802,0.379975299292493,2024.02909897,2024.08743169399,A/mallard/New_Hampshire/24-004334-044/2024|H5N1|USA-NH|2024-02-02|avian|C2.1
412,7,0.0453496870576274,-72.3123831989895,42.3156332268256,-70.9015337266304,42.5673126860726,0.438308023278802,0.392958336221175,2024.04208200693,2024.08743169399,A/chicken/Massachusetts/24-003817-001-original/2024|H5N1|USA-MA|2024-02-02|avian|C2.1
217,127,0.0399900347771093,-70.2688740306874,44.3990719686739,-70.3381220862548,44.1837096956845,0.438308023278802,0.398317988501693,2024.04744165921,2024.08743169399,A/mallard/Maine/24-004332-010-original/2024|H5N1|USA-ME|2024-02-02|avian|C2.1
399,67,0.0302033516021336,-72.1832870254793,43.4054707620321,-72.1843782937945,43.4065920308322,0.438308023278802,0.408104671676669,2024.05722834239,2024.08743169399,A/mallard/New_Hampshire/24-004334-002-original/2024|H5N1|USA-NH|2024-02-02|avian|C2.1
399,68,0.0302033516021336,-72.1832870254793,43.4054707620321,-72.1756583377299,43.3092831895246,0.438308023278802,0.408104671676669,2024.05722834239,2024.08743169399,A/mallard/New_Hampshire/24-004334-024-original/2024|H5N1|USA-NH|2024-02-02|avian|C2.1
384,75,0.0281808130017552,-72.312032358284,43.3497108119422,-72.3678756829093,43.2783585483475,0.438308023278802,0.410127210277047,2024.05925088099,2024.08743169399,A/mallard/New_Hampshire/24-004334-004-original/2024|H5N1|USA-NH|2024-02-02|avian|C2.1
392,84,0.0112318154097789,-72.4341806715203,43.4285682634674,-72.2661491386618,43.5012192489895,0.438308023278802,0.427076207869023,2024.07619987858,2024.08743169399,A/mallard/New_Hampshire/24-004334-016-original/2024|H5N1|USA-NH|2024-02-02|avian|C2.1
396,74,0.00955132542935006,-72.2665061729359,43.438297837986,-72.195776775415,43.5387441451766,0.438308023278802,0.428756697849452,2024.07788036856,2024.08743169399,A/mallard/New_Hampshire/24-004334-021-original/2024|H5N1|USA-NH|2024-02-02|avian|C2.1
397,78,0.0080909700520434,-72.1691058851426,43.4183040703996,-72.2183616375128,43.33787370239,0.438308023278802,0.430217053226759,2024.07934072394,2024.08743169399,A/mallard/New_Hampshire/24-004334-026-original/2024|H5N1|USA-NH|2024-02-02|avian|C2.1
390,82,0.00756056462707411,-72.2107054801867,43.3045217470764,-72.2032362871793,43.4065454879644,0.438308023278802,0.430747458651728,2024.07987112936,2024.08743169399,A/mallard/New_Hampshire/24-004334-017-original/2024|H5N1|USA-NH|2024-02-02|avian|C2.1
390,81,0.00756056462707411,-72.2107054801867,43.3045217470764,-72.3212233328997,43.5297767218321,0.438308023278802,0.430747458651728,2024.07987112936,2024.08743169399,A/mallard/New_Hampshire/24-004334-010-original/2024|H5N1|USA-NH|2024-02-02|avian|C2.1
393,71,0.0073400612866486,-72.2678203607862,43.4816545207192,-72.2965020393096,43.495942824916,0.438308023278802,0.430967961992154,2024.0800916327,2024.08743169399,A/mallard/New_Hampshire/24-004334-027-original/2024|H5N1|USA-NH|2024-02-02|avian|C2.1
393,72,0.0073400612866486,-72.2678203607862,43.4816545207192,-72.4350996226554,43.2239174253437,0.438308023278802,0.430967961992154,2024.0800916327,2024.08743169399,A/mallard/New_Hampshire/24-004334-013-original/2024|H5N1|USA-NH|2024-02-02|avian|C2.1
395,79,0.00628363329986642,-72.2811402994679,43.2789804945289,-72.1070866053762,43.4440212331371,0.438308023278802,0.432024389978936,2024.08114806069,2024.08743169399,A/mallard/New_Hampshire/24-004334-012-original/2024|H5N1|USA-NH|2024-02-02|avian|C2.1
395,76,0.00628363329986642,-72.2811402994679,43.2789804945289,-72.3507067115571,43.2170285955111,0.438308023278802,0.432024389978936,2024.08114806069,2024.08743169399,A/mallard/New_Hampshire/24-004334-008-original/2024|H5N1|USA-NH|2024-02-02|avian|C2.1
398,73,0.00263297396731199,-72.256528952918,43.1767137874749,-72.1591115762377,43.2760334631774,0.438308023278802,0.43567504931149,2024.08479872002,2024.08743169399,A/mallard/New_Hampshire/24-004334-011-original/2024|H5N1|USA-NH|2024-02-02|avian|C2.1
398,85,0.00263297396731199,-72.256528952918,43.1767137874749,-72.2341867124122,43.193960907178,0.438308023278802,0.43567504931149,2024.08479872002,2024.08743169399,A/mallard/New_Hampshire/24-004334-001-original/2024|H5N1|USA-NH|2024-02-02|avian|C2.1
388,83,0.00193264186284092,-72.0691038269962,43.1697933853654,-72.0699326859092,43.169731219807,0.438308023278802,0.436375381415961,2024.08549905213,2024.08743169399,A/mallard/New_Hampshire/24-004334-018-original/2024|H5N1|USA-NH|2024-02-02|avian|C2.1
388,80,0.00193264186284092,-72.0691038269962,43.1697933853654,-72.2031431266039,43.2972458367021,0.438308023278802,0.436375381415961,2024.08549905213,2024.08743169399,A/mallard/New_Hampshire/24-004334-020-original/2024|H5N1|USA-NH|2024-02-02|avian|C2.1
389,77,0.0000304998205134521,-72.3369801578576,43.4498076023807,-72.3429189612943,43.4572753312078,0.438308023278802,0.438277523458289,2024.08740119417,2024.08743169399,A/mallard/New_Hampshire/24-004334-006-original/2024|H5N1|USA-NH|2024-02-02|avian|C2.1
389,70,0.0000304998205134521,-72.3369801578576,43.4498076023807,-72.1624475705961,43.4840944183137,0.438308023278802,0.438277523458289,2024.08740119417,2024.08743169399,A/mallard/New_Hampshire/24-004334-019-original/2024|H5N1|USA-NH|2024-02-02|avian|C2.1
246,247,0.00999441420129499,-89.7554723610299,33.768439241311,-89.9062163370159,33.7400333409999,0.440560694546216,0.430566280344921,2024.07968995106,2024.08968436526,NA
233,134,0.0519412551288572,-71.1571173324788,43.5304657385998,-71.1730931875929,43.4834438566912,0.441040263715928,0.389099008587071,2024.0382226793,2024.09016393443,A/Great_Horned_Owl/New_Hampshire/23NE01620/2024|H5N1|USA-NH|2024-02-03|avian|C2.1
377,65,0.0128796506117551,-75.4299438037487,41.3323941623826,-75.3168873252247,41.4861967319259,0.441040263715928,0.428160613104173,2024.07728428381,2024.09016393443,A/chicken/Pennsylvania/24-003804-001-original/2024|H5N1|USA-PA|2024-02-03|avian|C2.1
377,66,0.0128796506117551,-75.4299438037487,41.3323941623826,-75.4068549134708,41.2774889771315,0.441040263715928,0.428160613104173,2024.07728428381,2024.09016393443,A/chicken/Pennsylvania/24-003804-003-original/2024|H5N1|USA-PA|2024-02-03|avian|C2.1
310,311,0.0281300939808246,-70.7886036376673,42.4441600216096,-71.2313982683045,42.7147971853629,0.441900632188319,0.413770538207494,2024.06289420892,2024.0910243029,NA
314,316,0.0187458700079086,-70.7860657032827,42.9737607832882,-70.4864414308575,42.4574316472245,0.442476567252529,0.423730697244621,2024.07285436795,2024.09160023796,NA
300,159,0.0906076804518381,-70.9544881815791,42.9142375373541,-71.0306685896337,42.7446062161805,0.446504744590181,0.355897064138343,2024.00502073485,2024.0956284153,A/Canada_Goose/Massachusetts/23SN01947/2024|H5N1|USA-MA|2024-02-05|avian|C2.1
301,152,0.0893748463187733,-71.083396751413,42.4429786347441,-71.0097319221733,42.4906058130468,0.446504744590181,0.357129898271407,2024.00625356898,2024.0956284153,A/Canada_Goose/Massachusetts/23SN01988/2024|H5N1|USA-MA|2024-02-05|avian|C2.1
290,162,0.0503966748942709,-71.7077307397696,42.3915333897865,-70.8638675000166,42.7111654654274,0.446504744590181,0.39610806969591,2024.04523174041,2024.0956284153,A/Canada_Goose/Massachusetts/23SN01967/2024|H5N1|USA-MA|2024-02-05|avian|C2.1
304,153,0.0493091118447843,-70.7802971930647,42.845821540096,-70.8421006263948,42.8590587974548,0.446504744590181,0.397195632745396,2024.04631930346,2024.0956284153,A/Canada_Goose/Massachusetts/23SN01987/2024|H5N1|USA-MA|2024-02-05|avian|C2.1
307,157,0.0336459839321635,-71.2099149159666,42.4258110838763,-71.0544067916627,42.6509280269686,0.446504744590181,0.412858760658017,2024.06198243137,2024.0956284153,A/Canada_Goose/Massachusetts/24HP00007/2024|H5N1|USA-MA|2024-02-05|avian|C2.1
310,148,0.0327342063826865,-70.7886036376673,42.4441600216096,-70.9267673693604,42.4742008524527,0.446504744590181,0.413770538207494,2024.06289420892,2024.0956284153,A/Canada_Goose/Massachusetts/24HP00005/2024|H5N1|USA-MA|2024-02-05|avian|C2.1
308,156,0.0324791056143601,-71.0660726830925,42.4347700119717,-70.9764449105586,42.4456029650423,0.446504744590181,0.414025638975821,2024.06314930969,2024.0956284153,A/Canada_Goose/Massachusetts/23SN01998/2024|H5N1|USA-MA|2024-02-05|avian|C2.1
246,106,0.0159384642452594,-89.7554723610299,33.768439241311,-89.7900316258787,33.8600254891471,0.446504744590181,0.430566280344921,2024.07968995106,2024.0956284153,A/wood_duck/Mississippi/24-004235-002-original/2024|H5N1|USA-MS|2024-02-05|avian|C2.1
306,145,0.015350431292937,-71.2003160691991,42.6253653805178,-71.1376545812429,42.81174931478,0.446504744590181,0.431154313297244,2024.08027798401,2024.0956284153,A/Canada_Goose/Massachusetts/24HP00009/2024|H5N1|USA-MA|2024-02-05|avian|C2.1
306,146,0.015350431292937,-71.2003160691991,42.6253653805178,-71.21220141793,42.6445881883049,0.446504744590181,0.431154313297244,2024.08027798401,2024.0956284153,A/Canada_Goose/Massachusetts/23SN01946/2024|H5N1|USA-MA|2024-02-05|avian|C2.1
247,104,0.00594405004396442,-89.9062163370159,33.7400333409999,-89.9305638596566,33.7206504516866,0.446504744590181,0.440560694546216,2024.08968436526,2024.0956284153,A/wood_duck/Mississippi/24-004235-001/2024|H5N1|USA-MS|2024-02-05|avian|C2.1
247,105,0.00594405004396442,-89.9062163370159,33.7400333409999,-89.9090781632478,33.6937678837828,0.446504744590181,0.440560694546216,2024.08968436526,2024.0956284153,A/wood_duck/Mississippi/24-004235-003-original/2024|H5N1|USA-MS|2024-02-05|avian|C2.1
316,143,0.00402817733765143,-70.4864414308575,42.4574316472245,-70.8220255037246,42.5841747309705,0.446504744590181,0.442476567252529,2024.09160023796,2024.0956284153,A/Canada_Goose/Massachusetts/23SN01978/2024|H5N1|USA-MA|2024-02-05|avian|C2.1
412,413,0.0543160331077515,-72.3123831989895,42.3156332268256,-71.8618995686463,42.178278623454,0.447274369328926,0.392958336221175,2024.04208200693,2024.09639804004,NA
316,317,0.00596450785713376,-70.4864414308575,42.4574316472245,-71.1148904195841,42.3065684660869,0.448441075109663,0.442476567252529,2024.09160023796,2024.09756474582,NA
300,158,0.0933399208889643,-70.9544881815791,42.9142375373541,-70.9150083707867,42.7396795768787,0.449236985027307,0.355897064138343,2024.00502073485,2024.09836065574,A/Canada_Goose/Massachusetts/23SN01997/2024|H5N1|USA-MA|2024-02-06|avian|C2.1
411,6,0.0280027978370464,-70.9768983763922,42.8224568940331,-71.0205661653763,42.8236496940661,0.449236985027307,0.42123418719026,2024.0703578579,2024.09836065574,A/Canada_Goose/Massachusetts/23SN01965/2024|H5N1|USA-MA|2024-02-06|avian|C2.1
346,349,0.0197849742142354,-71.0220223612742,42.6736124029887,-70.9731039185276,42.6724107862622,0.450205321230917,0.430420347016681,2024.07954401773,2024.09932899194,NA
349,350,0.000247296156157983,-70.9731039185276,42.6724107862622,-70.9069776202905,42.6803515222401,0.450452617387075,0.450205321230917,2024.09932899194,2024.0995762881,NA
311,312,0.00872659048838043,-71.2313982683045,42.7147971853629,-71.1094444192845,42.7045150227595,0.450627222676699,0.441900632188319,2024.0910243029,2024.09975089339,NA
350,351,0.0011246188198632,-70.9069776202905,42.6803515222401,-70.9522795283132,42.6360111377137,0.451577236206938,0.450452617387075,2024.0995762881,2024.10070090692,NA
313,318,0.0468036374507078,-70.7453014019616,43.1462971687202,-70.9494891701193,42.5136324232445,0.451929327717362,0.405125690266654,2024.05424936098,2024.10105299843,NA
337,338,0.0980155581173549,-70.3325237103009,43.2521193391006,-70.8558915164987,42.7000197205788,0.452279801333357,0.354264243216002,2024.00338791393,2024.10140347204,NA
338,339,0.00165747677627459,-70.8558915164987,42.7000197205788,-70.9393327010985,42.5524657802372,0.453937278109631,0.452279801333357,2024.10140347204,2024.10306094882,NA
328,329,0.00587670048615541,-77.8256733435134,35.0236091051958,-77.8816886879146,35.0565405373152,0.454110466471142,0.448233765984987,2024.0973574367,2024.10323413718,NA
315,139,0.0179290152857584,-70.8953015649621,42.7551245579876,-70.8940580922462,42.8047648948928,0.454701465901559,0.436772450615801,2024.08589612133,2024.10382513661,A/Canada_Goose/Massachusetts/24HP00022/2024|H5N1|USA-MA|2024-02-08|avian|C2.1
315,138,0.0179290152857584,-70.8953015649621,42.7551245579876,-70.9228084608912,42.7037654109935,0.454701465901559,0.436772450615801,2024.08589612133,2024.10382513661,A/Canada_Goose/Massachusetts/24HP00018/2024|H5N1|USA-MA|2024-02-08|avian|C2.1
311,151,0.0128008337132404,-71.2313982683045,42.7147971853629,-71.2120528937457,42.720126696229,0.454701465901559,0.441900632188319,2024.0910243029,2024.10382513661,A/Canada_Goose/Massachusetts/24HP00037/2024|H5N1|USA-MA|2024-02-08|avian|C2.1
312,150,0.00407424322485994,-71.1094444192845,42.7045150227595,-71.1418191963751,42.7508810958922,0.454701465901559,0.450627222676699,2024.09975089339,2024.10382513661,A/Canada_Goose/Massachusetts/24HP00036/2024|H5N1|USA-MA|2024-02-08|avian|C2.1
312,149,0.00407424322485994,-71.1094444192845,42.7045150227595,-70.9295144544395,42.6239171972417,0.454701465901559,0.450627222676699,2024.09975089339,2024.10382513661,A/Canada_Goose/Massachusetts/24HP00038/2024|H5N1|USA-MA|2024-02-08|avian|C2.1
318,141,0.0027721381841973,-70.9494891701193,42.5136324232445,-71.0206989995326,42.4813346223723,0.454701465901559,0.451929327717362,2024.10105299843,2024.10382513661,A/Canada_Goose/Massachusetts/24HP00031/2024|H5N1|USA-MA|2024-02-08|avian|C2.1
318,140,0.0027721381841973,-70.9494891701193,42.5136324232445,-70.9680618211166,42.5106148797381,0.454701465901559,0.451929327717362,2024.10105299843,2024.10382513661,A/Canada_Goose/Massachusetts/24HP00033/2024|H5N1|USA-MA|2024-02-08|avian|C2.1
329,96,0.000590999430417294,-77.8816886879146,35.0565405373152,-77.6831495338451,35.2993170831967,0.454701465901559,0.454110466471142,2024.10323413718,2024.10382513661,A/turkey/North_Carolina/24-004217-001-original/2024|H5N1|USA-NC|2024-02-08|avian|C2.1
346,347,0.0253906245448317,-71.0220223612742,42.6736124029887,-70.7635852873662,41.894587032542,0.455810971561513,0.430420347016681,2024.07954401773,2024.10493464227,NA
351,352,0.00505133112543282,-70.9522795283132,42.6360111377137,-70.9820846384016,42.4594870932259,0.456628567332371,0.451577236206938,2024.10070090692,2024.10575223804,NA
350,362,0.00815532516035172,-70.9069776202905,42.6803515222401,-70.7753554705545,42.8393918487942,0.458607942547426,0.450452617387075,2024.0995762881,2024.10773161326,NA
351,354,0.00752515729393038,-70.9522795283132,42.6360111377137,-71.0604651914153,42.6201478015931,0.459102393500868,0.451577236206938,2024.10070090692,2024.10822606421,NA
257,258,0.00304903875860563,-70.1873198330412,41.949290741203,-70.2311570458937,41.9029190228424,0.459985599658549,0.456936560899943,2024.10606023161,2024.10910927037,NA
317,142,0.0117248716663759,-71.1148904195841,42.3065684660869,-71.0920113813924,42.3251315673234,0.460165946776039,0.448441075109663,2024.09756474582,2024.10928961749,A/Canada_goose/Massachusetts/23SN01985/2024|H5N1|USA-MA|2024-02-10|avian|C2.1
291,293,0.0247051687310965,-71.1086458926407,42.3543039901022,-71.0558266760729,42.2612329232658,0.461070954188145,0.436365785457049,2024.08548945617,2024.1101946249,NA
258,259,0.0012373469305168,-70.2311570458937,41.9029190228424,-70.2731937852314,41.7436890432328,0.461222946589066,0.459985599658549,2024.10910927037,2024.1103466173,NA
343,344,0.0445970454468115,-71.2830161577663,42.2944998388353,-71.2432826393663,42.2430745705929,0.461614323335321,0.417017277888509,2024.0661409486,2024.11073799405,NA
354,355,0.00477680518718876,-71.0604651914153,42.6201478015931,-70.9857665405557,42.6904745653948,0.463879198688057,0.459102393500868,2024.10822606421,2024.1130028694,NA
308,309,0.0505205630514103,-71.0660726830925,42.4347700119717,-70.8929614034808,42.7327237353469,0.464546202027231,0.414025638975821,2024.06314930969,2024.11366987274,NA
410,4,0.0571519330911308,-70.9699348706249,42.4676714194645,-71.1069291602449,42.2906500407169,0.465630427650291,0.40847849455916,2024.05760216527,2024.11475409836,A/Canada_goose/Massachusetts/23SN01964/2024|H5N1|USA-MA|2024-02-12|avian|C2.1
411,5,0.0443962404600308,-70.9768983763922,42.8224568940331,-71.120069549417,42.3195376092987,0.465630427650291,0.42123418719026,2024.0703578579,2024.11475409836,A/Canada_Goose/Massachusetts/23SN01943/2024|H5N1|USA-MA|2024-02-12|avian|C2.1
292,163,0.0279687570630838,-71.1017766440535,42.301943852995,-71.0878091495595,42.2997438392069,0.465630427650291,0.437661670587208,2024.0867853413,2024.11475409836,A/Canada_goose/Massachusetts/23SN01904/2024|H5N1|USA-MA|2024-02-12|avian|C2.1
309,154,0.00108422562306038,-70.8929614034808,42.7327237353469,-70.9297390494267,42.6852041333329,0.465630427650291,0.464546202027231,2024.11366987274,2024.11475409836,A/sanderling/Massachusetts/24HP00040/2024|H5N1|USA-MA|2024-02-12|avian|C2.1
309,155,0.00108422562306038,-70.8929614034808,42.7327237353469,-70.8558488624332,42.7724130291338,0.465630427650291,0.464546202027231,2024.11366987274,2024.11475409836,A/sanderling/Massachusetts/24HP00039/2024|H5N1|USA-MA|2024-02-12|avian|C2.1
349,368,0.0173106687387205,-70.9731039185276,42.6724107862622,-70.9055604532279,42.4354876836447,0.467515989969637,0.450205321230917,2024.09932899194,2024.11663966068,NA
292,166,0.0334332379373361,-71.1017766440535,42.301943852995,-71.1038573278017,42.2877343993476,0.471094908524544,0.437661670587208,2024.0867853413,2024.12021857923,A/Canada_Goose/Massachusetts/23SN01954/2024|H5N1|USA-MA|2024-02-14|avian|C2.1
317,144,0.0226538334148805,-71.1148904195841,42.3065684660869,-71.1073303470191,42.3141800286314,0.471094908524544,0.448441075109663,2024.09756474582,2024.12021857923,A/Canada_goose/Massachusetts/23SN01984/2024|H5N1|USA-MA|2024-02-14|avian|C2.1
293,164,0.0100239543363982,-71.0558266760729,42.2612329232658,-71.0465014067267,42.2777448892282,0.471094908524544,0.461070954188145,2024.1101946249,2024.12021857923,A/Canada_goose/Massachusetts/23SN01963/2024|H5N1|USA-MA|2024-02-14|avian|C2.1
293,165,0.0100239543363982,-71.0558266760729,42.2612329232658,-71.0584526862048,42.3610592418477,0.471094908524544,0.461070954188145,2024.1101946249,2024.12021857923,A/Canada_goose/Massachusetts/23SN01983/2024|H5N1|USA-MA|2024-02-14|avian|C2.1
328,97,0.0255933829766832,-77.8256733435134,35.0236091051958,-78.0238755258029,34.9286847909148,0.47382714896167,0.448233765984987,2024.0973574367,2024.12295081967,A/turkey/North_Carolina/24-005140-001-original/2024|H5N1|USA-NC|2024-02-15|avian|C2.1
329,98,0.0197166824905278,-77.8816886879146,35.0565405373152,-77.8206476533346,35.0374084848371,0.47382714896167,0.454110466471142,2024.10323413718,2024.12295081967,A/turkey/North_Carolina/24-005140-002-original/2024|H5N1|USA-NC|2024-02-15|avian|C2.1
362,363,0.0155153616501186,-70.7753554705545,42.8393918487942,-70.8851927867842,42.7693853707691,0.474123304197545,0.458607942547426,2024.10773161326,2024.12324697491,NA
355,358,0.0103344770706746,-70.9857665405557,42.6904745653948,-70.8934271718194,42.7137309999852,0.474213675758732,0.463879198688057,2024.1130028694,2024.12333734647,NA
259,260,0.0149851475370224,-70.2731937852314,41.7436890432328,-70.5637719820817,41.7211172892277,0.476208094126088,0.461222946589066,2024.1103466173,2024.12533176484,NA
260,261,0.0000744798735566876,-70.5637719820817,41.7211172892277,-70.5669972449162,41.7201905979119,0.476282573999645,0.476208094126088,2024.12533176484,2024.12540624471,NA
223,115,0.0165205253061622,-71.0559129301847,42.5207384818776,-71.2098861233205,42.579201310872,0.476559389399023,0.460038864092861,2024.1091625348,2024.12568306011,A/Canada_Goose/Massachusetts/24MM00070/2024|H5N1|USA-MA|2024-02-16|avian|C2.1
413,415,0.0304920198408211,-71.8618995686463,42.178278623454,-71.8780476475681,41.9497221868049,0.477766389169747,0.447274369328926,2024.09639804004,2024.12689005988,NA
260,274,0.00546124454443803,-70.5637719820817,41.7211172892277,-70.5833322822474,41.6721404829792,0.481669338670526,0.476208094126088,2024.12533176484,2024.13079300938,NA
339,61,0.0280865921636443,-70.9393327010985,42.5524657802372,-70.0012579471767,41.6851345951569,0.482023870273276,0.453937278109631,2024.10306094882,2024.13114754098,A/Herring_Gull/Massachusetts/23WI00341/2024|H5N1|USA-MA|2024-02-18|avian|C2.1
347,348,0.0275836542980161,-70.7635852873662,41.894587032542,-70.7360800513467,41.8060235696064,0.483394625859529,0.455810971561513,2024.10493464227,2024.13251829657,NA
413,414,0.0379985957156285,-71.8618995686463,42.178278623454,-71.9727332892098,42.3738311557658,0.485272965044555,0.447274369328926,2024.09639804004,2024.13439663575,NA
257,278,0.0284047612989547,-70.1873198330412,41.949290741203,-70.6622942975906,41.6216698163115,0.485341322198898,0.456936560899943,2024.10606023161,2024.13446499291,NA
261,262,0.00921433860938448,-70.5669972449162,41.7201905979119,-70.5551987484673,41.6331408601758,0.485496912609029,0.476282573999645,2024.12540624471,2024.13462058332,NA
278,279,0.000471825709410789,-70.6622942975906,41.6216698163115,-70.5474991255138,41.726387806746,0.485813147908309,0.485341322198898,2024.13446499291,2024.13493681862,NA
223,116,0.0274494870546669,-71.0559129301847,42.5207384818776,-71.1722281163923,42.4942259261705,0.487488351147528,0.460038864092861,2024.1091625348,2024.13661202186,A/Canada_Goose/Massachusetts/24HP00050/2024|H5N1|USA-MA|2024-02-20|avian|C2.1
415,10,0.00972196197778052,-71.8780476475681,41.9497221868049,-71.5096965985745,42.1284796961674,0.487488351147528,0.477766389169747,2024.12689005988,2024.13661202186,A/bald_eagle/Massachusetts/24MM00089/2024|H5N1|USA-MA|2024-02-20|avian|C2.1
414,8,0.00221538610297306,-71.9727332892098,42.3738311557658,-72.0577902782773,42.4030993324455,0.487488351147528,0.485272965044555,2024.13439663575,2024.13661202186,A/bald_eagle/Massachusetts/24MM00088/2024|H5N1|USA-MA|2024-02-20|avian|C2.1
262,271,0.00308697123040069,-70.5551987484673,41.6331408601758,-70.5761963839637,41.5937818784363,0.48858388383943,0.485496912609029,2024.13462058332,2024.13770755455,NA
358,359,0.0145194755222346,-70.8934271718194,42.7137309999852,-71.2074146535289,42.6644063552879,0.488733151280966,0.474213675758732,2024.12333734647,2024.13785682199,NA
355,356,0.0249366054147707,-70.9857665405557,42.6904745653948,-70.9850994854435,42.6980768669968,0.488815804102828,0.463879198688057,2024.1130028694,2024.13793947481,NA
368,375,0.0215525235329482,-70.9055604532279,42.4354876836447,-71.1010704053989,42.5568650565732,0.489068513502585,0.467515989969637,2024.11663966068,2024.13819218421,NA
339,340,0.0357124066011551,-70.9393327010985,42.5524657802372,-71.1906823649022,42.2753202724324,0.489649684710786,0.453937278109631,2024.10306094882,2024.13877335542,NA
375,376,0.00100811800441231,-71.1010704053989,42.5568650565732,-71.1138316348435,42.533608832883,0.490076631506998,0.489068513502585,2024.13819218421,2024.13920030222,NA
375,29,0.0011520780820688,-71.1010704053989,42.5568650565732,-71.0268658826838,42.4931399783578,0.490220591584654,0.489068513502585,2024.13819218421,2024.1393442623,A/white-winged_scoter/Massachusetts/24MM00090/2024|H5N1|USA-MA|2024-02-21|avian|C2.1
376,31,0.000143960077656491,-71.1138316348435,42.533608832883,-71.1193386163768,42.7494191864552,0.490220591584654,0.490076631506998,2024.13920030222,2024.1393442623,A/white-winged_scoter/Massachusetts/24MM00091/2024|H5N1|USA-MA|2024-02-21|avian|C2.1
274,201,0.011283493351254,-70.5833322822474,41.6721404829792,-70.57878464037,41.6899570110687,0.49295283202178,0.481669338670526,2024.13079300938,2024.14207650273,A/Herring_Gull/Massachusetts/23WI00346/2024|H5N1|USA-MA|2024-02-22|avian|C2.1
368,369,0.0264925281951025,-70.9055604532279,42.4354876836447,-71.1314310596602,42.4943674101163,0.49400851816474,0.467515989969637,2024.11663966068,2024.14313218888,NA
363,364,0.0206639073841523,-70.8851927867842,42.7693853707691,-70.8745051737434,42.8438309569799,0.494787211581697,0.474123304197545,2024.12324697491,2024.14391088229,NA
356,357,0.00634926169633776,-70.9850994854435,42.6980768669968,-71.0241777702418,42.67618564989,0.495165065799165,0.488815804102828,2024.13793947481,2024.14428873651,NA
302,147,0.135904989472885,-71.073444152839,42.3906515106818,-70.4539831718884,41.7288557273636,0.495685072459134,0.359780082986249,2024.0089037537,2024.14480874317,A/Sanderling/Massachusetts/23WI00347/2024|H5N1|USA-MA|2024-02-23|avian|C2.1
401,21,0.046963076512484,-80.6406891184916,40.7778456272677,-80.6804132648019,40.91929413259,0.495685072459134,0.44872199594665,2024.09784566666,2024.14480874317,A/peafowl/Ohio/24-005906-001-original/2024|H5N1|USA-OH|2024-02-23|avian|C2.1
401,22,0.046963076512484,-80.6406891184916,40.7778456272677,-80.7719579586604,40.935188007879,0.495685072459134,0.44872199594665,2024.09784566666,2024.14480874317,A/poultry/Ohio/24-005906-002-original/2024|H5N1|USA-OH|2024-02-23|avian|C2.1
415,11,0.0179186832893864,-71.8780476475681,41.9497221868049,-71.9634117536282,42.0709697936669,0.495685072459134,0.477766389169747,2024.12689005988,2024.14480874317,A/bald_eagle/Massachusetts/24HP00062/2024|H5N1|USA-MA|2024-02-23|avian|C2.1
414,9,0.0104121074145789,-71.9727332892098,42.3738311557658,-71.8917135379751,42.2827073326596,0.495685072459134,0.485272965044555,2024.13439663575,2024.14480874317,A/bald_eagle/Massachusetts/24HP00061/2024|H5N1|USA-MA|2024-02-23|avian|C2.1
359,48,0.00695192117816756,-71.2074146535289,42.6644063552879,-71.1993599940235,42.6610800451805,0.495685072459134,0.488733151280966,2024.13785682199,2024.14480874317,A/white-winged_scoter/Massachusetts/24HP00067/2024|H5N1|USA-MA|2024-02-23|avian|C2.1
356,53,0.00686926835630619,-70.9850994854435,42.6980768669968,-70.9007967233847,42.8379048856627,0.495685072459134,0.488815804102828,2024.13793947481,2024.14480874317,A/white-winged_scoter/Massachusetts/24HP00069/2024|H5N1|USA-MA|2024-02-23|avian|C2.1
376,30,0.0056084409521362,-71.1138316348435,42.533608832883,-71.7279409986013,42.0850134792117,0.495685072459134,0.490076631506998,2024.13920030222,2024.14480874317,A/white-winged_scoter/Massachusetts/24HP00063/2024|H5N1|USA-MA|2024-02-23|avian|C2.1
357,55,0.000520006659968431,-71.0241777702418,42.67618564989,-71.0662357123066,42.6451276606311,0.495685072459134,0.495165065799165,2024.14428873651,2024.14480874317,A/white-winged_scoter/Massachusetts/24MM00106/2024|H5N1|USA-MA|2024-02-23|avian|C2.1
357,54,0.000520006659968431,-71.0241777702418,42.67618564989,-70.9369515231452,42.6629291661254,0.495685072459134,0.495165065799165,2024.14428873651,2024.14480874317,A/white-winged_scoter/Massachusetts/24HP00070/2024|H5N1|USA-MA|2024-02-23|avian|C2.1
369,373,0.0030883338019484,-71.1314310596602,42.4943674101163,-71.1373584641662,42.4765354973674,0.497096851966688,0.49400851816474,2024.14313218888,2024.14622052268,NA
369,370,0.0031831466961596,-71.1314310596602,42.4943674101163,-71.0049501929024,42.5470200971207,0.497191664860899,0.49400851816474,2024.14313218888,2024.14631533557,NA
364,365,0.00352049818867595,-70.8745051737434,42.8438309569799,-70.8799762376874,42.8197200719378,0.498307709770373,0.494787211581697,2024.14391088229,2024.14743138048,NA
279,187,0.0126041649879511,-70.5474991255138,41.726387806746,-70.4318289315269,41.7225894747224,0.49841731289626,0.485813147908309,2024.13493681862,2024.14754098361,A/Sanderling/Massachusetts/23WI00351/2024|H5N1|USA-MA|2024-02-24|avian|C2.1
363,366,0.0279360396766979,-70.8851927867842,42.7693853707691,-70.9980472053964,42.5417328996154,0.502059343874243,0.474123304197545,2024.12324697491,2024.15118301458,NA
352,353,0.0462537669981923,-70.9820846384016,42.4594870932259,-71.2790740500898,42.5525665538766,0.502882334330563,0.456628567332371,2024.10575223804,2024.15200600504,NA
358,360,0.0296006782528329,-70.8934271718194,42.7137309999852,-71.0674509240362,42.6381058223608,0.503814354011564,0.474213675758732,2024.12333734647,2024.15293802472,NA
364,47,0.00909458218881509,-70.8745051737434,42.8438309569799,-70.9163272728516,42.7930663216232,0.503881793770512,0.494787211581697,2024.14391088229,2024.15300546448,A/white-winged_scoter/Massachusetts/24MM00125/2024|H5N1|USA-MA|2024-02-26|avian|C2.1
365,46,0.00557408400013915,-70.8799762376874,42.8197200719378,-70.8673870548863,42.5614534818031,0.503881793770512,0.498307709770373,2024.14743138048,2024.15300546448,A/white-winged_scoter/Massachusetts/24HP00076/2024|H5N1|USA-MA|2024-02-26|avian|C2.1
365,45,0.00557408400013915,-70.8799762376874,42.8197200719378,-71.038908100146,42.8211760035542,0.503881793770512,0.498307709770373,2024.14743138048,2024.15300546448,A/white-winged_scoter/Massachusetts/24HP00075/2024|H5N1|USA-MA|2024-02-26|avian|C2.1
258,275,0.0442013875470079,-70.2311570458937,41.9029190228424,-70.1200984245364,42.0250459606016,0.504186987205557,0.459985599658549,2024.10910927037,2024.15331065792,NA
360,361,0.0020659808788499,-71.0674509240362,42.6381058223608,-70.8245414853005,42.7854591453443,0.505880334890414,0.503814354011564,2024.15293802472,2024.1550040056,NA
347,58,0.0508030626461256,-70.7635852873662,41.894587032542,-70.2914125778406,41.6735000605074,0.506614034207639,0.455810971561513,2024.10493464227,2024.15573770492,A/Great_Black-backed_Gull/Massachusetts/23WI00356/2024|H5N1|USA-MA|2024-02-27|avian|C2.1
354,40,0.0475116407067703,-71.0604651914153,42.6201478015931,-70.5982176699105,41.7312591905169,0.506614034207639,0.459102393500868,2024.10822606421,2024.15573770492,A/Great_Black-backed_Gull/Massachusetts/23WI00355/2024|H5N1|USA-MA|2024-02-27|avian|C2.1
344,23,0.0449997108723179,-71.2432826393663,42.2430745705929,-71.065472352081,43.1147006718934,0.506614034207639,0.461614323335321,2024.11073799405,2024.15573770492,A/Herring_gull/New_Hampshire/23NE01700/2024|H5N1|USA-NH|2024-02-27|avian|C2.1
360,52,0.00279968019607402,-71.0674509240362,42.6381058223608,-71.0651576406083,42.613226032498,0.506614034207639,0.503814354011564,2024.15293802472,2024.15573770492,A/white-winged_scoter/Massachusetts/24MM00123/2024|H5N1|USA-MA|2024-02-27|avian|C2.1
361,51,0.000733699317224223,-70.8245414853005,42.7854591453443,-70.8254550670248,42.7201257665129,0.506614034207639,0.505880334890414,2024.1550040056,2024.15573770492,A/white-winged_scoter/Massachusetts/24MM00122/2024|H5N1|USA-MA|2024-02-27|avian|C2.1
262,263,0.0230528557448346,-70.5551987484673,41.6331408601758,-70.919098473585,41.3361884616119,0.508549768353864,0.485496912609029,2024.13462058332,2024.15767343906,NA
278,280,0.023567810626364,-70.6622942975906,41.6216698163115,-70.5613109510198,41.5957711427066,0.508909132825262,0.485341322198898,2024.13446499291,2024.15803280354,NA
275,180,0.00515928743920768,-70.1200984245364,42.0250459606016,-70.1079894357911,41.7255468352663,0.509346274644765,0.504186987205557,2024.15331065792,2024.15846994536,A/Great_Black-backed_Gull/Massachusetts/23WI00358/2024|H5N1|USA-MA|2024-02-28|avian|C2.1
361,50,0.00346593975435039,-70.8245414853005,42.7854591453443,-70.8328965562927,42.7825319177121,0.509346274644765,0.505880334890414,2024.1550040056,2024.15846994536,A/white-winged_scoter/Massachusetts/24HP00073/2024|H5N1|USA-MA|2024-02-28|avian|C2.1
340,341,0.0216039146231042,-71.1906823649022,42.2753202724324,-70.872541616107,42.1509594190393,0.511253599333891,0.489649684710786,2024.13877335542,2024.16037727004,NA
370,371,0.017244536154286,-71.0049501929024,42.5470200971207,-71.0259305758987,42.5128787501811,0.514436201015185,0.497191664860899,2024.14631533557,2024.16355987173,NA
380,86,0.0710452163604814,-70.0087625233693,41.3743049025014,-70.0450506526612,41.9899777172984,0.514810755519244,0.443765539158763,2024.09288920987,2024.16393442623,A/Herring_Gull/Massachusetts/23WI00359/2024|H5N1|USA-MA|2024-03-01|avian|C2.1
271,191,0.0262268716798142,-70.5761963839637,41.5937818784363,-70.5751737688329,41.5872833651887,0.514810755519244,0.48858388383943,2024.13770755455,2024.16393442623,A/American_Crow/Massachusetts/23WI00360/2024|H5N1|USA-MA|2024-03-01|avian|C2.1
370,39,0.0203513310954714,-71.0049501929024,42.5470200971207,-70.993130751111,42.5542897732216,0.517542995956371,0.497191664860899,2024.14631533557,2024.16666666667,A/black_scoter/Massachusetts/24HP00081/2024|H5N1|USA-MA|2024-03-02|avian|C2.1
353,27,0.0173929020629338,-71.2790740500898,42.5525665538766,-70.9577624016446,42.8361518099609,0.520275236393497,0.502882334330563,2024.15200600504,2024.1693989071,A/herring_gull/Massachusetts/24HP00084/2024|H5N1|USA-MA|2024-03-03|avian|C2.1
353,28,0.0173929020629338,-71.2790740500898,42.5525665538766,-71.0100775198206,42.5888453626629,0.520275236393497,0.502882334330563,2024.15200600504,2024.1693989071,A/herring_gull/Massachusetts/24HP00083/2024|H5N1|USA-MA|2024-03-03|avian|C2.1
263,264,0.0126827739781381,-70.919098473585,41.3361884616119,-70.5320337253105,41.5843273131746,0.521232542332002,0.508549768353864,2024.15767343906,2024.17035621304,NA
264,268,0.0010106455515323,-70.5320337253105,41.5843273131746,-70.6431321536882,41.6758302502355,0.522243187883534,0.521232542332002,2024.17035621304,2024.17136685859,NA
268,200,0.000764288947088576,-70.6431321536882,41.6758302502355,-70.651864306506,41.6698018076229,0.523007476830623,0.522243187883534,2024.17136685859,2024.17213114754,A/Sanderling/Massachusetts/23WI00364/2024|H5N1|USA-MA|2024-03-04|avian|C2.1
371,372,0.0137834654190989,-71.0259305758987,42.5128787501811,-71.0774347350032,42.5726368539692,0.528219666434284,0.514436201015185,2024.16355987173,2024.17734333714,NA
344,345,0.067486047111514,-71.2432826393663,42.2430745705929,-70.8869530643817,42.6170980343814,0.529100370446835,0.461614323335321,2024.11073799405,2024.17822404116,NA
408,13,0.1096101332974,-69.675096144551,41.9489454023935,-70.1501077091417,41.6714712820276,0.531204198142001,0.421594064844601,2024.07071773556,2024.18032786885,A/American_Crow/Massachusetts/23NE01756/2024|H5N1|USA-MA|2024-03-07|avian|C2.1
338,63,0.0789243968086446,-70.8558915164987,42.7000197205788,-70.9690200485447,42.7406375734737,0.531204198142001,0.452279801333357,2024.10140347204,2024.18032786885,A/common_loon/Massachusetts/24HP00251/2024|H5N1|USA-MA|2024-03-07|avian|C2.1
259,176,0.0699812515529355,-70.2731937852314,41.7436890432328,-70.488036542688,41.6635380325953,0.531204198142001,0.461222946589066,2024.1103466173,2024.18032786885,A/sanderling/Massachusetts/23NE01769/2024|H5N1|USA-MA|2024-03-07|avian|C2.1
279,186,0.0453910502336924,-70.5474991255138,41.726387806746,-70.5059211089079,41.6637663721334,0.531204198142001,0.485813147908309,2024.13493681862,2024.18032786885,A/sanderling/Massachusetts/23NE01770/2024|H5N1|USA-MA|2024-03-07|avian|C2.1
340,62,0.0415545134312149,-71.1906823649022,42.2753202724324,-70.9680305996878,42.7237510012856,0.531204198142001,0.489649684710786,2024.13877335542,2024.18032786885,A/common_loon/Massachusetts/24HP00252/2024|H5N1|USA-MA|2024-03-07|avian|C2.1
280,181,0.0222950653167392,-70.5613109510198,41.5957711427066,-70.5737219090224,41.5971021117216,0.531204198142001,0.508909132825262,2024.15803280354,2024.18032786885,A/Red-Tailed_Hawk/Massachusetts/23NE01774/2024|H5N1|USA-MA|2024-03-07|avian|C2.1
341,59,0.0199505988081107,-70.872541616107,42.1509594190393,-70.9745264477561,42.0752792299208,0.531204198142001,0.511253599333891,2024.16037727004,2024.18032786885,A/Common_Eider/Massachusetts/23NE01730/2024|H5N1|USA-MA|2024-03-07|avian|C2.1
345,24,0.0021038276951667,-70.8869530643817,42.6170980343814,-70.90957125538,42.595097862475,0.531204198142001,0.529100370446835,2024.17822404116,2024.18032786885,A/common_loon/Massachusetts/24HP00254/2024|H5N1|USA-MA|2024-03-07|avian|C2.1
345,25,0.0021038276951667,-70.8869530643817,42.6170980343814,-70.6580060303194,42.644806220424,0.531204198142001,0.529100370446835,2024.17822404116,2024.18032786885,A/common_loon/Massachusetts/24HP00255/2024|H5N1|USA-MA|2024-03-07|avian|C2.1
359,49,0.0452032872983886,-71.2074146535289,42.6644063552879,-71.5535261412864,41.9801404491835,0.533936438579355,0.488733151280966,2024.13785682199,2024.18306010929,A/surf_scoter/Rhode_Island/24HP00111/2024|H5N1|USA-RI|2024-03-08|avian|C2.1
264,265,0.0163627007497854,-70.5320337253105,41.5843273131746,-70.5092977547163,41.5923572788114,0.537595243081788,0.521232542332002,2024.17035621304,2024.18671891379,NA
373,374,0.0425641338035303,-71.1373584641662,42.4765354973674,-71.096281913473,42.7511239563824,0.539660985770218,0.497096851966688,2024.14622052268,2024.18878465648,NA
271,272,0.0521875462440191,-70.5761963839637,41.5937818784363,-70.440667640729,41.7550051847435,0.540771430083449,0.48858388383943,2024.13770755455,2024.18989510079,NA
268,269,0.0185676264676768,-70.6431321536882,41.6758302502355,-70.5370796020805,41.7413403047269,0.540810814351211,0.522243187883534,2024.17136685859,2024.18993448506,NA
372,32,0.0139134934564493,-71.0774347350032,42.5726368539692,-71.0218234819414,42.7021522251105,0.542133159890734,0.528219666434284,2024.17734333714,2024.1912568306,A/White-winged_Scoter/Massachusetts/24MM00170/2024|H5N1|USA-MA|2024-03-11|avian|C2.1
372,33,0.0139134934564493,-71.0774347350032,42.5726368539692,-70.8888432800219,42.7570618588969,0.542133159890734,0.528219666434284,2024.17734333714,2024.1912568306,A/white-winged_scoter/Massachusetts/24MM00169/2024|H5N1|USA-MA|2024-03-11|avian|C2.1
374,35,0.00247217412051515,-71.096281913473,42.7511239563824,-71.0882030431995,42.7375975507024,0.542133159890734,0.539660985770218,2024.18878465648,2024.1912568306,A/common_loon/Massachusetts/24MM00171/2024|H5N1|USA-MA|2024-03-11|avian|C2.1
374,36,0.00247217412051515,-71.096281913473,42.7511239563824,-71.1954261374717,42.6792557927524,0.542133159890734,0.539660985770218,2024.18878465648,2024.1912568306,A/common_loon/Massachusetts/24HP00270/2024|H5N1|USA-MA|2024-03-11|avian|C2.1
269,194,0.00132234553952215,-70.5370796020805,41.7413403047269,-70.4817061566436,41.7212171788593,0.542133159890733,0.540810814351211,2024.18993448506,2024.1912568306,A/Sanderling/Massachusetts/23WI00367/2024|H5N1|USA-MA|2024-03-11|avian|C2.1
280,281,0.0347996963012804,-70.5613109510198,41.5957711427066,-70.4993203580406,41.5557142294493,0.543708829126543,0.508909132825262,2024.15803280354,2024.19283249984,NA
319,160,0.0188054666225088,-69.3143013378371,44.0123935558043,-69.305094567991,44.0055105716078,0.547597640764986,0.528792174142477,2024.17791584485,2024.19672131148,A/domestic_goose/Maine/24-007946-002-original/2024|H5N1|USA-ME|2024-03-13|avian|C2.1
319,161,0.0188054666225088,-69.3143013378371,44.0123935558043,-69.4355273096419,44.2777913424928,0.547597640764986,0.528792174142477,2024.17791584485,2024.19672131148,A/chicken/Maine/24-007946-001/2024|H5N1|USA-ME|2024-03-13|avian|C2.1
272,190,0.00682621068153655,-70.440667640729,41.7550051847435,-70.2502696058084,41.7027735643868,0.547597640764986,0.540771430083449,2024.18989510079,2024.19672131148,A/Sanderling/Massachusetts/23WI00369/2024|H5N1|USA-MA|2024-03-13|avian|C2.1
265,266,0.0123108444308676,-70.5092977547163,41.5923572788114,-70.625604125343,41.5456110318725,0.549906087512655,0.537595243081788,2024.18671891379,2024.19902975822,NA
266,197,0.000423793689456886,-70.625604125343,41.5456110318725,-70.6359080142168,41.5444398953493,0.550329881202112,0.549906087512655,2024.19902975822,2024.19945355191,A/Sanderling/Massachusetts/23WI00370/2024|H5N1|USA-MA|2024-03-14|avian|C2.1
275,276,0.0472474237635222,-70.1200984245364,42.0250459606016,-70.5925302090382,41.9677742071398,0.551434410969079,0.504186987205557,2024.15331065792,2024.20055808168,NA
348,57,0.0696674957799364,-70.7360800513467,41.8060235696064,-70.6114630147764,41.9082182406606,0.553062121639465,0.483394625859529,2024.13251829657,2024.20218579235,A/White-winged_Scoter/Massachusetts/23NE01739/2024|H5N1|USA-MA|2024-03-15|avian|C2.1
380,381,0.113182337790682,-70.0087625233693,41.3743049025014,-69.9951028768455,41.3730724879707,0.556947876949445,0.443765539158763,2024.09288920987,2024.20607154766,NA
366,42,0.0564672586394749,-70.9980472053964,42.5417328996154,-71.3687565798545,42.6984854788304,0.558526602513718,0.502059343874243,2024.15118301458,2024.20765027322,A/great_horned_owl/Massachusetts/24MM00193/2024|H5N1|USA-MA|2024-03-17|avian|C2.1
381,87,0.00431096600139858,-69.9951028768455,41.3730724879707,-70.1708613823572,41.2806150005703,0.561258842950844,0.556947876949445,2024.20607154766,2024.21038251366,A/Great_Black-Backed_Gull/Massachusetts/24WP00029/2024|H5N1|USA-MA|2024-03-18|avian|C2.1
381,88,0.00431096600139858,-69.9951028768455,41.3730724879707,-70.0466907254048,41.2498092940212,0.561258842950844,0.556947876949445,2024.20607154766,2024.21038251366,A/Great_Black-Backed_Gull/Massachusetts/24WP00030/2024|H5N1|USA-MA|2024-03-18|avian|C2.1
408,12,0.145129258980495,-69.675096144551,41.9489454023935,-69.9954271452809,41.8838207966788,0.566723323825096,0.421594064844601,2024.07071773556,2024.21584699454,A/Red-Tailed_Hawk/Massachusetts/23NE01782/2024|H5N1|USA-MA|2024-03-20|avian|C2.1
263,199,0.0581735554712324,-70.919098473585,41.3361884616119,-70.4879978421326,41.6439325370475,0.566723323825096,0.508549768353864,2024.15767343906,2024.21584699454,A/Sanderling/Massachusetts/23NE01785/2024|H5N1|USA-MA|2024-03-20|avian|C2.1
281,185,0.0230144946985538,-70.4993203580406,41.5557142294493,-70.1093004344113,41.7123212834357,0.566723323825096,0.543708829126543,2024.19283249984,2024.21584699454,A/American_Crow/Massachusetts/23NE01779/2024|H5N1|USA-MA|2024-03-20|avian|C2.1
366,367,0.0745284896394723,-70.9980472053964,42.5417328996154,-71.3313919854115,42.1898778199103,0.576587833513715,0.502059343874243,2024.15118301458,2024.22571150422,NA
367,44,0.00106445206011307,-71.3313919854115,42.1898778199103,-71.3288536358875,42.1953667209192,0.577652285573828,0.576587833513715,2024.22571150422,2024.22677595628,A/Great_Black-backed_Gull/Massachusetts/24MM00212/2024|H5N1|USA-MA|2024-03-24|avian|C2.1
367,43,0.00379669249723924,-71.3313919854115,42.1898778199103,-71.3980459485425,42.0684422794883,0.580384526010954,0.576587833513715,2024.22571150422,2024.22950819672,A/Great_Black-backed_Gull/Massachusetts/24MM00219/2024|H5N1|USA-MA|2024-03-25|avian|C2.1
341,60,0.0718631671141899,-70.872541616107,42.1509594190393,-70.9864980452227,41.9940223756638,0.583116766448081,0.511253599333891,2024.16037727004,2024.23224043716,A/common_raven/Massachusetts/24HP00517/2024|H5N1|USA-MA|2024-03-26|avian|C2.1
281,282,0.0400767830547447,-70.4993203580406,41.5557142294493,-70.264677599738,41.6967735089282,0.583785612181287,0.543708829126543,2024.19283249984,2024.23290928289,NA
266,267,0.0348216854469098,-70.625604125343,41.5456110318725,-70.5745776633447,41.6580077218726,0.584727772959565,0.549906087512655,2024.19902975822,2024.23385144367,NA
297,168,0.0229279241136144,-71.2522987090225,41.7970208781449,-71.2792467657828,41.8854756865598,0.585849006885207,0.562921082771592,2024.21204475348,2024.2349726776,A/bald_eagle/Massachusetts/24MM00234/2024|H5N1|USA-MA|2024-03-27|avian|C2.1
297,169,0.0229279241136144,-71.2522987090225,41.7970208781449,-71.210650830451,41.7198315279206,0.585849006885207,0.562921082771592,2024.21204475348,2024.2349726776,A/bald_eagle/Massachusetts/24MM00241/2024|H5N1|USA-MA|2024-03-27|avian|C2.1
272,273,0.046098016641277,-70.440667640729,41.7550051847435,-70.2051552281203,41.6517433642195,0.586869446724726,0.540771430083449,2024.18989510079,2024.23599311744,NA
269,270,0.0510797743627026,-70.5370796020805,41.7413403047269,-70.3796420512501,41.6833918405174,0.591890588713914,0.540810814351211,2024.18993448506,2024.24101425942,NA
362,41,0.138170026086512,-70.7753554705545,42.8393918487942,-69.9838875734686,41.9277543271345,0.596777968633939,0.458607942547426,2024.10773161326,2024.24590163934,A/American_crow/Massachusetts/23WI00384/2024|H5N1|USA-MA|2024-03-31|avian|C2.1
282,283,0.0187486593592406,-70.264677599738,41.6967735089282,-69.9902689119035,41.9224117074844,0.602534271540528,0.583785612181287,2024.23290928289,2024.25165794225,NA
261,203,0.131424356382799,-70.5669972449162,41.7201905979119,-70.5616607064485,41.7435772591575,0.607706930382443,0.476282573999645,2024.12540624471,2024.25683060109,A/Great_Black-backed_Gull/Massachusetts/23WI00392/2024|H5N1|USA-MA|2024-04-04|avian|C2.1
274,202,0.126037591711917,-70.5833322822474,41.6721404829792,-70.5868474112527,41.6685891539147,0.607706930382443,0.481669338670526,2024.13079300938,2024.25683060109,A/American_Crow/Massachusetts/23NE01794/2024|H5N1|USA-MA|2024-04-04|avian|C2.1
267,196,0.0257113978600049,-70.5745776633447,41.6580077218726,-70.4481260197708,41.7024982596029,0.61043917081957,0.584727772959565,2024.23385144367,2024.25956284153,A/sanderling/Massachusetts/24MM00280/2024|H5N1|USA-MA|2024-04-05|avian|C2.1
267,195,0.0257113978600049,-70.5745776633447,41.6580077218726,-70.6330321260664,41.6642021968322,0.61043917081957,0.584727772959565,2024.23385144367,2024.25956284153,A/sanderling/Massachusetts/24MM00281/2024|H5N1|USA-MA|2024-04-05|avian|C2.1
273,189,0.0235697240948435,-70.2051552281203,41.6517433642195,-70.1798923906434,41.7101254595014,0.61043917081957,0.586869446724726,2024.23599311744,2024.25956284153,A/sanderling/Massachusetts/24MM00283/2024|H5N1|USA-MA|2024-04-05|avian|C2.1
273,188,0.0235697240948435,-70.2051552281203,41.6517433642195,-70.5891371499645,41.6026223376009,0.61043917081957,0.586869446724726,2024.23599311744,2024.25956284153,A/sanderling/Massachusetts/24MM00282/2024|H5N1|USA-MA|2024-04-05|avian|C2.1
270,192,0.0185485821056558,-70.3796420512501,41.6833918405174,-70.513568435677,41.6813893485766,0.61043917081957,0.591890588713914,2024.24101425942,2024.25956284153,A/sanderling/Massachusetts/24MM00287/2024|H5N1|USA-MA|2024-04-05|avian|C2.1
270,193,0.0185485821056558,-70.3796420512501,41.6833918405174,-70.4242975311659,41.6741780570703,0.61043917081957,0.591890588713914,2024.24101425942,2024.25956284153,A/sanderling/Massachusetts/24MM00286/2024|H5N1|USA-MA|2024-04-05|avian|C2.1
283,183,0.0079048992790417,-69.9902689119035,41.9224117074844,-69.9874418598446,41.9217660546197,0.61043917081957,0.602534271540528,2024.25165794225,2024.25956284153,A/sanderling/Massachusetts/24MM00284/2024|H5N1|USA-MA|2024-04-05|avian|C2.1
283,182,0.0079048992790417,-69.9902689119035,41.9224117074844,-69.992958200325,41.9147218962867,0.61043917081957,0.602534271540528,2024.25165794225,2024.25956284153,A/sanderling/Massachusetts/24MM00285/2024|H5N1|USA-MA|2024-04-05|avian|C2.1
282,184,0.0430470012612667,-70.264677599738,41.6967735089282,-70.038388684217,41.9416452661252,0.626832613442554,0.583785612181287,2024.23290928289,2024.27595628415,A/American_Crow/Massachusetts/24NE00096/2024|H5N1|USA-MA|2024-04-11|avian|C2.1
352,34,0.17293628654731,-70.9820846384016,42.4594870932259,-70.9992637666472,42.5648033365171,0.62956485387968,0.456628567332371,2024.10575223804,2024.27868852459,A/Scoter/Massachusetts/24HP00407/2024|H5N1|USA-MA|2024-04-12|avian|C2.1
371,37,0.115128652864495,-71.0259305758987,42.5128787501811,-71.1653123011744,42.7071966728603,0.62956485387968,0.514436201015185,2024.16355987173,2024.27868852459,A/Scoter/Massachusetts/24HP00405/2024|H5N1|USA-MA|2024-04-12|avian|C2.1
276,177,0.0808626833479545,-70.5925302090382,41.9677742071398,-71.4126206602605,42.0841039355116,0.632297094317034,0.551434410969079,2024.20055808168,2024.28142076503,A/herring_gull/Massachusetts/24MM00329/2024|H5N1|USA-MA|2024-04-13|avian|C2.1
265,198,0.100166332109499,-70.5092977547163,41.5923572788114,-70.35173615514,41.6805731114087,0.637761575191286,0.537595243081788,2024.18671891379,2024.2868852459,A/Red-Tailed_Hawk/Massachusetts/24WI00004/2024|H5N1|USA-MA|2024-04-15|avian|C2.1
348,56,0.165295911080262,-70.7360800513467,41.8060235696064,-70.5558482370687,41.6592158535018,0.648690536939791,0.483394625859529,2024.13251829657,2024.29781420765,A/American_crow/Massachusetts/24NE00007/2024|H5N1|USA-MA|2024-04-19|avian|C2.1
276,277,0.105051288667842,-70.5925302090382,41.9677742071398,-71.3248143667486,41.6454729558773,0.656485699636921,0.551434410969079,2024.20055808168,2024.30560937035,NA
277,178,0.00313379905160183,-71.3248143667486,41.6454729558773,-71.2964857841952,41.7489034800131,0.659619498688523,0.656485699636921,2024.30560937035,2024.3087431694,A/Herring_gull/Rhode_Island/24HP00137/2024|H5N1|USA-RI|2024-04-23|avian|C2.1
373,38,0.176183848907693,-71.1373584641662,42.4765354973674,-70.370733267568,41.7221255150714,0.673280700874381,0.497096851966688,2024.14622052268,2024.32240437158,A/American_Crow/Massachusetts/24WI00016/2024|H5N1|USA-MA|2024-04-28|avian|C2.1
331,92,0.00973909335554724,-93.1009139823848,44.0582956629026,-92.8820094064928,44.1640784000018,0.676012941311507,0.66627384795596,2024.31539751867,2024.32513661202,A/turkey/Minnesota/24-012740-002-original/2024|H5N1|USA-MN|2024-04-29|avian|C2.1
331,93,0.00973909335554724,-93.1009139823848,44.0582956629026,-92.9931175913561,43.9116183854608,0.676012941311507,0.66627384795596,2024.31539751867,2024.32513661202,A/turkey/Minnesota/24-012740-001-original/2024|H5N1|USA-MN|2024-04-29|avian|C2.1
343,26,0.261727903860124,-71.2830161577663,42.2944998388353,-71.6787609387999,41.3932845133372,0.678745181748633,0.417017277888509,2024.0661409486,2024.32786885246,A/great_black-backed_gull/Rhode_Island/24-014172-002-original/2024|H5N1|USA-RI|2024-04-30|avian|C2.1
277,179,0.0851010121662963,-71.3248143667486,41.6454729558773,-71.5848562900359,41.5661332777976,0.741586711803217,0.656485699636921,2024.30560937035,2024.39071038251,A/herring_gull/Rhode_Island/24-016702-001-original/2024|H5N1|USA-RI|2024-05-23|avian|C2.1
