time	distance
2021.30424878822	0
2021.3297897574	0
2021.35533072658	0
2021.38087169575	0
2021.40641266493	0
2021.43195363411	0
2021.45749460329	0
2021.48303557246	0
2021.50857654164	0
2021.53411751082	0
2021.55965848	0
2021.58519944917	0
2021.61074041835	0
2021.63628138753	0
2021.66182235671	0
2021.68736332589	0
2021.71290429506	0
2021.73844526424	0
2021.76398623342	0
2021.7895272026	0
2021.81506817177	0
2021.84060914095	0
2021.86615011013	0
2021.89169107931	0
2021.91723204848	0
2021.94277301766	0
2021.96831398684	0
2021.99385495602	0
2022.0193959252	0
2022.04493689437	0
2022.07047786355	0
2022.09601883273	0
2022.12155980191	0
2022.14710077108	0
2022.17264174026	0
2022.19818270944	0
2022.22372367862	0
2022.24926464779	24.7353898858819
2022.27480561697	164.054106733753
2022.30034658615	290.174620418417
2022.32588755533	455.106208350936
2022.35142852451	624.812949863736
2022.37696949368	701.007266068715
2022.40251046286	795.27000857772
2022.42805143204	889.628009397312
2022.45359240122	996.846583906877
2022.47913337039	1065.27339264114
2022.50467433957	1139.19623117172
2022.53021530875	1174.48184612145
2022.55575627793	1237.5810293986
2022.5812972471	1282.44075207181
2022.60683821628	1340.87623795604
2022.63237918546	1406.52118272159
2022.65792015464	1468.39593285559
2022.68346112382	1553.95819114761
2022.70900209299	1639.07768379467
2022.73454306217	1728.03249849091
2022.76008403135	1836.11397161058
2022.78562500053	1918.23257748616
2022.8111659697	2028.11508889698
2022.83670693888	2066.60495843431
2022.86224790806	2101.10179579249
2022.88778887724	2156.86077972899
2022.91332984642	2188.33630799999
2022.93887081559	2225.5984623468
2022.96441178477	2256.69481518479
2022.98995275395	2301.6029191647
2023.01549372313	2332.87888083978
2023.0410346923	2381.75712876268
2023.06657566148	2420.36951287071
2023.09211663066	2451.29781859073
2023.11765759984	2480.62368420018
2023.14319856901	2520.50682359717
2023.16873953819	2558.30084978888
2023.19428050737	2586.55076150454
2023.21982147655	2617.04151363234
2023.24536244573	2659.43653095389
2023.2709034149	2693.25109002498
2023.29644438408	2745.51304606517
2023.32198535326	2778.60906778429
2023.34752632244	2814.28691822961
2023.37306729161	2836.51397896114
2023.39860826079	2861.0067619918
2023.42414922997	2876.3291474325
2023.44969019915	2895.03098599324
2023.47523116832	2931.5899220006
2023.5007721375	2961.0720020808
2023.52631310668	2988.84163104212
2023.55185407586	3017.74118432953
2023.57739504504	3052.49152406309
2023.60293601421	3054.03706157528
2023.62847698339	3054.46678492445
2023.65401795257	3057.86423457618
2023.67955892175	3063.92100828385
2023.70509989092	3070.79783340187
2023.7306408601	3075.09051713928
2023.75618182928	3078.34495170458
2023.78172279846	3082.6246198714
2023.80726376763	3089.69992473501
2023.83280473681	3094.86395772601
2023.85834570599	3094.86395772601
