time	distance
2023.41888981147	0
2023.42860801718	0
2023.43832622289	0
2023.4480444286	0
2023.45776263431	0
2023.46748084002	0
2023.47719904573	0
2023.48691725144	0
2023.49663545715	0
2023.50635366286	0
2023.51607186857	0
2023.52579007428	0
2023.53550828	0
2023.54522648571	0
2023.55494469142	0
2023.56466289713	0
2023.57438110284	0
2023.58409930855	0
2023.59381751426	0
2023.60353571997	0
2023.61325392568	0
2023.62297213139	0
2023.6326903371	0
2023.64240854281	0
2023.65212674852	0
2023.66184495423	0
2023.67156315994	0
2023.68128136565	10.1604902150073
2023.69099957136	82.5350280578529
2023.70071777707	145.894856650806
2023.71043598278	231.357102550942
2023.72015418849	328.872704179206
2023.7298723942	424.938889894575
2023.73959059991	514.783977639278
2023.74930880562	605.123580907982
2023.75902701133	734.776790083924
2023.76874521704	862.961491988699
2023.77846342275	1016.92199931905
2023.78818162847	1201.61655200393
2023.79789983418	1342.45651279164
2023.80761803989	1466.54379024021
2023.8173362456	1568.64454047161
2023.82705445131	1677.58300559832
2023.83677265702	1793.22514060599
2023.84649086273	1923.23042112195
2023.85620906844	2084.62972625263
2023.86592727415	2235.16788233566
2023.87564547986	2394.24350640702
2023.88536368557	2431.72364334248
2023.89508189128	2465.76533299537
2023.90480009699	2500.93986165455
2023.9145183027	2541.1369922948
2023.92423650841	2592.97458574223
2023.93395471412	2680.47243116514
2023.94367291983	2700.02214021345
2023.95339112554	2719.51951386876
2023.96310933125	2753.75043639596
2023.97282753696	2772.67325402503
2023.98254574267	2791.84874230377
2023.99226394838	2816.70353759963
2024.00198215409	2838.64778919113
2024.0117003598	2863.64420416748
2024.02141856551	2895.56972018045
2024.03113677123	2920.33381908701
2024.04085497694	2939.97386636622
2024.05057318265	2955.8453095626
2024.06029138836	2971.86515572808
2024.07000959407	2988.53250087042
2024.07972779978	3004.18359736786
2024.08944600549	3023.77906352637
2024.0991642112	3047.67601422761
2024.10888241691	3070.11161313429
2024.11860062262	3076.73970880493
2024.12831882833	3081.92550101292
2024.13803703404	3083.03453563123
2024.14775523975	3087.79828154449
2024.15747344546	3094.05144593045
2024.16719165117	3096.38139084371
2024.17690985688	3098.26491865688
2024.18662806259	3100.66961539092
2024.1963462683	3103.13654426293
2024.20606447401	3106.6601790447
2024.21578267972	3107.61072020199
2024.22550088543	3107.61072020199
2024.23521909114	3110.06943914183
2024.24493729685	3116.45343826393
2024.25465550256	3118.65148789926
2024.26437370827	3120.13043863051
2024.27409191399	3120.96698512851
2024.2838101197	3126.54413240415
2024.29352832541	3128.03549699309
2024.30324653112	3140.86060952141
2024.31296473683	3146.11647953505
2024.32268294254	3148.22665947191
2024.33240114825	3148.22665947191
2024.34211935396	3148.22665947191
2024.35183755967	3148.22665947191
2024.36155576538	3148.22665947191
2024.37127397109	3148.22665947191
2024.3809921768	3148.22665947191
2024.39071038251	3148.22665947191
