time	distance
2023.41888981147	0
2023.42345702555	0
2023.42802423962	0
2023.4325914537	0
2023.43715866778	0
2023.44172588185	0
2023.44629309593	0
2023.45086031001	0
2023.45542752409	0
2023.45999473816	0
2023.46456195224	0
2023.46912916632	0
2023.47369638039	0
2023.47826359447	0
2023.48283080855	0
2023.48739802262	0
2023.4919652367	0
2023.49653245078	0
2023.50109966485	0
2023.50566687893	0
2023.51023409301	0
2023.51480130709	0
2023.51936852116	0
2023.52393573524	0
2023.52850294932	0
2023.53307016339	0
2023.53763737747	0
2023.54220459155	0
2023.54677180562	0
2023.5513390197	0
2023.55590623378	0
2023.56047344785	0
2023.56504066193	0
2023.56960787601	0
2023.57417509008	0
2023.57874230416	0
2023.58330951824	0
2023.58787673232	0
2023.59244394639	0
2023.59701116047	0
2023.60157837455	0
2023.60614558862	0
2023.6107128027	0
2023.61528001678	0
2023.61984723085	0
2023.62441444493	0
2023.62898165901	0
2023.63354887308	0
2023.63811608716	0
2023.64268330124	0
2023.64725051532	0
2023.65181772939	0
2023.65638494347	0
2023.66095215755	0
2023.66551937162	0
2023.6700865857	0
2023.67465379978	0
2023.67922101385	0
2023.68378822793	24.1422243992454
2023.68835544201	60.8097129574311
2023.69292265608	90.903817268874
2023.69748987016	115.819359573647
2023.70205708424	142.308232333126
2023.70662429831	175.387154111967
2023.71119151239	207.54318051985
2023.71575872647	249.642604981498
2023.72032594055	283.543538948659
2023.72489315462	319.853690302938
2023.7294603687	363.725549479638
2023.73402758278	398.123147114263
2023.73859479685	427.641838011768
2023.74316201093	458.602971801988
2023.74772922501	490.932448599356
2023.75229643908	530.17694501967
2023.75686365316	563.162064790775
2023.76143086724	605.782547878592
2023.76599808131	642.99647399486
2023.77056529539	690.35479009398
2023.77513250947	729.889896824997
2023.77969972355	766.824062503353
2023.78426693762	819.082493232636
2023.7888341517	865.306848883383
2023.79340136578	892.924525016062
2023.79796857985	920.161858675033
2023.80253579393	950.678449645143
2023.80710300801	981.258955386078
2023.81167022208	987.298965794072
2023.81623743616	1003.63846239985
2023.82080465024	1012.8828735828
2023.82537186431	1034.16932915587
2023.82993907839	1048.56482184775
2023.83450629247	1058.57833316581
2023.83907350654	1073.69356633653
2023.84364072062	1091.95541631256
2023.8482079347	1108.87300233644
2023.85277514878	1137.91941224095
2023.85734236285	1159.54220511288
2023.86190957693	1183.10092085025
2023.86647679101	1200.98358993285
2023.87104400508	1222.21094298536
2023.87561121916	1222.21094298536
