time	distance
2023.41888981147	0
2023.42860801718	0
2023.43832622289	0
2023.4480444286	0
2023.45776263431	0
2023.46748084002	0
2023.47719904573	0
2023.48691725144	0
2023.49663545715	0
2023.50635366286	0
2023.51607186857	0
2023.52579007428	0
2023.53550828	0
2023.54522648571	0
2023.55494469142	0
2023.56466289713	0
2023.57438110284	0
2023.58409930855	0
2023.59381751426	0
2023.60353571997	0
2023.61325392568	0
2023.62297213139	0
2023.6326903371	0
2023.64240854281	0
2023.65212674852	0
2023.66184495423	0
2023.67156315994	0
2023.68128136565	10.1604902150073
2023.69099957136	79.2332275295372
2023.70071777707	135.043898015152
2023.71043598278	203.858622126517
2023.72015418849	289.102872780576
2023.7298723942	369.116114219566
2023.73959059991	435.869643355212
2023.74930880562	513.473610220248
2023.75902701133	587.360958691217
2023.76874521704	676.342923405717
2023.77846342275	764.320673513949
2023.78818162847	869.91046646429
2023.79789983418	936.085544131349
2023.80761803989	1034.23739379523
2023.8173362456	1124.28628266096
2023.82705445131	1288.70521388239
2023.83677265702	1488.31406558459
2023.84649086273	1732.59422524091
2023.85620906844	2014.0407672265
2023.86592727415	2295.03894753227
2023.87564547986	2587.99750677264
2023.88536368557	2873.74964914151
2023.89508189128	2873.74964914151
2023.90480009699	2873.74964914151
2023.9145183027	2873.74964914151
2023.92423650841	2873.74964914151
2023.93395471412	2873.74964914151
2023.94367291983	2873.74964914151
2023.95339112554	2873.74964914151
2023.96310933125	2873.74964914151
2023.97282753696	2873.74964914151
2023.98254574267	2873.74964914151
2023.99226394838	2873.74964914151
2024.00198215409	2873.74964914151
2024.0117003598	2873.74964914151
2024.02141856551	2873.74964914151
2024.03113677123	2873.74964914151
2024.04085497694	2873.74964914151
2024.05057318265	2873.74964914151
2024.06029138836	2873.74964914151
2024.07000959407	2873.74964914151
2024.07972779978	2873.74964914151
2024.08944600549	2873.74964914151
2024.0991642112	2873.74964914151
2024.10888241691	2873.74964914151
2024.11860062262	2873.74964914151
2024.12831882833	2873.74964914151
2024.13803703404	2873.74964914151
2024.14775523975	2873.74964914151
2024.15747344546	2873.74964914151
2024.16719165117	2873.74964914151
2024.17690985688	2873.74964914151
2024.18662806259	2873.74964914151
2024.1963462683	2873.74964914151
2024.20606447401	2873.74964914151
2024.21578267972	2873.74964914151
2024.22550088543	2873.74964914151
2024.23521909114	2873.74964914151
2024.24493729685	2873.74964914151
2024.25465550256	2873.74964914151
2024.26437370827	2873.74964914151
2024.27409191399	2873.74964914151
2024.2838101197	2873.74964914151
2024.29352832541	2873.74964914151
2024.30324653112	2873.74964914151
2024.31296473683	2873.74964914151
2024.32268294254	2873.74964914151
2024.33240114825	2873.74964914151
2024.34211935396	2873.74964914151
2024.35183755967	2873.74964914151
2024.36155576538	2873.74964914151
2024.37127397109	2873.74964914151
2024.3809921768	2873.74964914151
2024.39071038251	2873.74964914151
