time	95%HPD_lower_value	95%HPD_higher_value
2023.42374891433	18952.4948711181	18952.4948711181
2023.43346712004	26140.0128603709	26140.0128603709
2023.44318532575	NA	NA
2023.45290353146	NA	NA
2023.46262173717	7899.32189856635	17184.839332114
2023.47233994288	16646.153308118	36274.2575933488
2023.48205814859	4481.71119771329	55427.3125948134
2023.4917763543	755.113760930047	239515.232593788
2023.50149456001	134.039251178936	439712.275759993
2023.51121276572	217.288824891909	638536.302038989
2023.52093097143	437.137129078498	835949.171133614
2023.53064917714	657.077962119419	305220.27551069
2023.54036738285	877.11127203801	185084.918413253
2023.55008558856	2807.05401690961	129791.244866298
2023.55980379427	48.4683218408241	274963.556212483
2023.56952199998	588.170387217231	480302.814963519
2023.57924020569	460.729893456444	651638.216878461
2023.5889584114	289.551596723832	340688.602473932
2023.59867661711	233.877501845104	601969.920891308
2023.60839482282	2.03725383403214	534725.97903675
2023.61811302853	29.6592616885922	529964.237477066
2023.62783123424	54.5906035692863	607075.192027807
2023.63754943995	79.5190602380178	942021.473029907
2023.64726764566	79.8377078658423	1420878.56419068
2023.65698585137	87.2703904650632	1287987.32059358
2023.66670405709	514.519642435859	1265617.97242981
2023.6764222628	41.8456361280997	1156816.34330888
2023.68614046851	435.658718769716	1383003.08023349
2023.69585867422	103.5240180954	1551033.52319144
2023.70557687993	595.753276436168	1532828.55533856
2023.71529508564	433.007506505742	1361097.37899549
2023.72501329135	387.4191273649	1147490.30553854
2023.73473149706	3530.42583123558	1044832.98715111
2023.74444970277	1033.55486148341	857316.964001545
2023.75416790848	28203.8202294483	859772.457497552
2023.76388611419	83278.1780753789	875910.312548866
2023.7736043199	135286.483410243	672741.75622662
2023.78332252561	162262.112129926	627161.481733667
2023.79304073132	197733.210255032	568327.275169098
2023.80275893703	195591.143773075	566438.821602299
2023.81247714274	80724.7948190007	624326.209910583
2023.82219534845	24941.1626152209	572553.626771844
2023.83191355416	9569.84963973508	595087.625618425
2023.84163175987	13078.3319198182	470360.162538675
2023.85134996558	33890.7677878926	735074.027547199
2023.86106817129	226850.244274817	1189947.8150829
2023.870786377	204736.744878319	850727.110472288
2023.88050458271	136467.107332841	596046.156848918
2023.89022278842	58358.1258283877	383900.116861274
2023.89994099413	35686.3486685989	301076.368168894
2023.90965919985	41474.1792693153	316813.317563185
2023.91937740556	141709.168772688	592792.699143399
2023.92909561127	101835.495080341	379882.577394652
2023.93881381698	68817.0419376963	329815.906625774
2023.94853202269	58881.2868281387	315331.855180148
2023.9582502284	42328.3068900244	315370.638054052
2023.96796843411	35807.928167859	263100.008382429
2023.97768663982	23993.9364933452	241395.111863245
2023.98740484553	33295.1711930423	225230.895142817
2023.99712305124	17988.5035746764	236562.71551264
2024.00684125695	39988.2215464478	189780.704558874
2024.01655946266	81977.0835837212	267968.359558349
2024.02627766837	147163.754910129	421344.085651612
2024.03599587408	131558.371647073	430644.660612222
2024.04571407979	85861.6539075786	445354.887537874
2024.0554322855	25542.6698509	437200.043817611
2024.06515049121	9428.21805951726	239266.254458958
2024.07486869692	11856.1970692194	137917.042972272
2024.08458690263	17875.1211343419	134642.764990551
2024.09430510834	22645.8751200779	109304.789025722
2024.10402331405	23874.7777705993	99576.3290786887
2024.11374151976	20197.7807040059	83350.723252101
2024.12345972547	21773.6313113935	82521.0985544726
2024.13317793118	18933.057802419	75005.484739541
2024.14289613689	17526.239664011	68405.6792964068
2024.1526143426	15397.4510901561	63422.218684418
2024.16233254832	12595.4416282626	63249.1622290146
2024.17205075403	9016.30135982441	53454.849906258
2024.18176895974	5940.28576756545	43857.0553357117
2024.19148716545	3580.51448754457	58042.8629425421
2024.20120537116	1246.06758996266	57026.5021001228
2024.21092357687	898.204106774882	62363.6419835965
2024.22064178258	1208.97172595578	52873.4796826453
2024.23035998829	2783.33116591504	59951.2521162413
2024.240078194	9495.05650433565	80500.0715649657
2024.24979639971	6588.98899164848	93093.164430895
2024.25951460542	3196.31716838968	83240.2877977498
2024.26923281113	3290.65314924081	105029.515101081
2024.27895101684	607.67141881822	75538.735323669
2024.28866922255	8400.99459605161	95747.3169430377
2024.29838742826	12813.9712471359	76637.9989675312
2024.30810563397	15252.7415431771	42409.3302602484
2024.31782383968	10136.7217821206	32147.2300485024
2024.32754204539	6854.59067496773	17803.5878291383
2024.3372602511	3224.04066013933	8674.15965843036
2024.34697845681	0.0000877824952479036	496.005850391465
2024.35669666252	NA	NA
2024.36641486823	NA	NA
2024.37613307394	0.147643912786266	14149.2669802852
2024.38585127965	0.107124106422309	10271.3733888242
