time	distance
2023.41888981147	0
2023.42345702555	0.0102435375691079
2023.42802423962	0.0204908779760099
2023.4325914537	0.030742014043297
2023.43715866778	0.0409969386020403
2023.44172588185	0.0512556444877483
2023.44629309593	0.0615181245412607
2023.45086031001	0.0717843716108423
2023.45542752409	0.0820543785485827
2023.45999473816	0.0923281382139065
2023.46456195224	0.102605643472249
2023.46912916632	0.112886887192907
2023.47369638039	0.123171862252914
2023.47826359447	0.151656483559926
2023.48283080855	0.185144327474196
2023.48739802262	0.218652509456809
2023.4919652367	0.252180976095857
2023.49653245078	0.285729674064347
2023.50109966485	0.319859906047696
2023.50566687893	0.431664599177597
2023.51023409301	0.543411468833337
2023.51480130709	0.71412885899812
2023.51936852116	0.938155669518792
2023.52393573524	1.17680639935418
2023.52850294932	1.42589429770337
2023.53307016339	1.73384944344417
2023.53763737747	2.06597312482682
2023.54220459155	2.40102962192244
2023.54677180562	2.74323128966743
2023.5513390197	3.10161914212519
2023.55590623378	3.47804978548896
2023.56047344785	3.98411449414376
2023.56504066193	4.63950832223939
2023.56960787601	5.44924210128097
2023.57417509008	6.60996294890737
2023.57874230416	8.02492220629651
2023.58330951824	9.45741320714656
2023.58787673232	10.9424775209694
2023.59244394639	12.4922638813058
2023.59701116047	14.1348575117579
2023.60157837455	15.9504918525748
2023.60614558862	17.9246777031444
2023.6107128027	20.2598307343351
2023.61528001678	22.8405758439381
2023.61984723085	25.5143190210871
2023.62441444493	28.6709633744252
2023.62898165901	32.2378906664551
2023.63354887308	36.4305048181226
2023.63811608716	41.3153697793164
2023.64268330124	47.0332886532007
2023.64725051532	53.412776473429
2023.65181772939	60.841151944743
2023.65638494347	69.3742717067749
2023.66095215755	79.9074704342573
2023.66551937162	91.4166751879082
2023.6700865857	104.381272995541
2023.67465379978	118.803606582863
2023.67922101385	134.824237570939
2023.68378822793	152.99716045373
2023.68835544201	175.141819308963
2023.69292265608	198.66473441967
2023.69748987016	223.664149168585
2023.70205708424	250.606532042366
2023.70662429831	279.011812225661
2023.71119151239	308.588220318436
2023.71575872647	339.822406760014
2023.72032594055	371.197008812363
2023.72489315462	402.706204536319
2023.7294603687	435.449264131975
2023.73402758278	467.987435278873
2023.73859479685	499.874597179331
2023.74316201093	531.932380736756
2023.74772922501	565.238266814033
2023.75229643908	598.7230873102
2023.75686365316	632.814802598883
2023.76143086724	668.265507203098
2023.76599808131	705.827647028841
2023.77056529539	745.305376431448
2023.77513250947	787.56972852576
2023.77969972355	833.612779307664
2023.78426693762	882.579351851855
2023.7888341517	926.197583251157
2023.79340136578	952.474303392251
2023.79796857985	979.437869418256
2023.80253579393	1005.40489807804
2023.80710300801	1027.80114816716
2023.81167022208	1040.72459356837
2023.81623743616	1052.72683302217
2023.82080465024	1066.403996711
2023.82537186431	1081.01387102478
2023.82993907839	1095.70082809145
2023.83450629247	1110.72493175085
2023.83907350654	1127.69989374821
2023.84364072062	1146.26689134994
2023.8482079347	1166.48746015775
2023.85277514878	1188.43956998803
2023.85734236285	1211.46457553876
2023.86190957693	1236.20331069301
2023.86647679101	1260.89365294901
2023.87104400508	1286.08247898497
2023.87561121916	1286.08247898497
