time	95%HPD_lower_value	95%HPD_higher_value
2023.41888981147	0	0
2023.42860801718	0	0
2023.43832622289	0	0
2023.4480444286	0	0
2023.45776263431	0	0
2023.46748084002	0	0
2023.47719904573	0	0
2023.48691725144	0	0
2023.49663545715	0	0
2023.50635366286	0	0
2023.51607186857	0	0
2023.52579007428	0	0
2023.53550828	0	0
2023.54522648571	0	0
2023.55494469142	0	0
2023.56466289713	0	0
2023.57438110284	0	0
2023.58409930855	0	41.6822594041627
2023.59381751426	0	69.834981315002
2023.60353571997	0	111.791049567268
2023.61325392568	0	173.038586352798
2023.62297213139	0	223.480048703287
2023.6326903371	0	260.165326456208
2023.64240854281	0	330.272576204824
2023.65212674852	0	416.315078644273
2023.66184495423	0	510.5606146775
2023.67156315994	0	600.85932438968
2023.68128136565	0	687.494847958552
2023.69099957136	0	765.294570640058
2023.70071777707	0	862.278311050921
2023.71043598278	0	963.291506931429
2023.72015418849	0	1048.55540340386
2023.7298723942	0	1109.52657501498
2023.73959059991	0	1196.78562039476
2023.74930880562	0	1271.27426656558
2023.75902701133	75.1323661717612	1375.22849736985
2023.76874521704	137.628595335106	1460.48595118895
2023.77846342275	230.491169211269	1580.730066878
2023.78818162847	336.48489091647	1713.15290245708
2023.79789983418	363.452841171995	1715.02917120923
2023.80761803989	477.799656062505	1781.18159515686
2023.8173362456	557.761049094245	1850.28228896722
2023.82705445131	644.181136023169	1889.21616374185
2023.83677265702	739.426584917089	1974.18594995525
2023.84649086273	824.446045631686	1999.63755121457
2023.85620906844	949.296762650986	2088.11812795039
2023.86592727415	1045.35445837646	2227.07954525357
2023.87564547986	1146.43037759364	2292.15190744983
2023.88536368557	1166.21915489868	2381.47741036492
2023.89508189128	1168.67990272461	2381.47741036492
2023.90480009699	1176.7331185793	2381.47741036492
2023.9145183027	1208.33950349062	2438.01616139611
2023.92423650841	1257.46589290092	2513.19584380606
2023.93395471412	1314.96390376948	2552.34586673285
2023.94367291983	1312.29785058696	2549.02788489751
2023.95339112554	1314.96390376948	2551.70182927879
2023.96310933125	1320.52653376746	2551.70182927879
2023.97282753696	1314.96390376948	2563.73223684961
2023.98254574267	1319.32494182247	2604.30830134524
2023.99226394838	1368.06270841015	2670.5130837899
2024.00198215409	1307.73462008578	2635.69260021539
2024.0117003598	1358.29697306274	2695.81583201434
2024.02141856551	1365.19836615314	2710.29707250216
2024.03113677123	1385.88477383209	2725.24972996384
2024.04085497694	1411.99367923988	2745.06857013662
2024.05057318265	1429.31570699702	2758.56126481673
2024.06029138836	1425.17725266056	2758.56126481673
2024.07000959407	1429.31570699702	2761.15545481562
2024.07972779978	1402.23453083868	2758.56126481673
2024.08944600549	1386.12406606304	2758.56126481673
2024.0991642112	1432.51855672216	2814.78943066675
2024.10888241691	1441.4498838642	2835.34940040802
2024.11860062262	1441.4498838642	2835.34940040802
2024.12831882833	1441.4498838642	2835.34940040802
2024.13803703404	1432.51855672216	2819.36870811407
2024.14775523975	1402.23453083868	2787.76171648319
2024.15747344546	1453.89150945283	2835.34940040802
2024.16719165117	1453.89150945283	2836.26800813802
2024.17690985688	1453.89150945283	2836.26800813802
2024.18662806259	1468.35174821657	2857.11294210434
2024.1963462683	1460.52101518448	2854.80087440521
2024.20606447401	1465.62133939056	2857.11294210434
2024.21578267972	1460.91358899397	2857.11294210434
2024.22550088543	1460.91358899397	2857.11294210434
2024.23521909114	1460.91358899397	2857.11294210434
2024.24493729685	1468.35174821657	2857.11294210434
2024.25465550256	1460.91358899397	2857.11294210434
2024.26437370827	1460.91358899397	2857.11294210434
2024.27409191399	1460.91358899397	2857.11294210434
2024.2838101197	1460.91358899397	2857.11294210434
2024.29352832541	1460.91358899397	2857.11294210434
2024.30324653112	1460.91358899397	2857.11294210434
2024.31296473683	1460.91358899397	2857.11294210434
2024.32268294254	1460.91358899397	2857.11294210434
2024.33240114825	1460.91358899397	2857.11294210434
2024.34211935396	1460.91358899397	2857.11294210434
2024.35183755967	1460.91358899397	2857.11294210434
2024.36155576538	1460.91358899397	2857.11294210434
2024.37127397109	1460.91358899397	2857.11294210434
2024.3809921768	1460.91358899397	2857.11294210434
2024.39071038251	1460.91358899397	2857.11294210434
