time	distance
2023.48919553116	0
2023.49433416094	0
2023.49947279072	0
2023.5046114205	0
2023.50975005028	0
2023.51488868006	0
2023.52002730984	0
2023.52516593963	0
2023.53030456941	0
2023.53544319919	0
2023.54058182897	0
2023.54572045875	0
2023.55085908853	0
2023.55599771831	0
2023.56113634809	0
2023.56627497787	0
2023.57141360765	0
2023.57655223743	0
2023.58169086721	0
2023.586829497	0
2023.59196812678	0
2023.59710675656	0
2023.60224538634	0
2023.60738401612	0
2023.6125226459	0
2023.61766127568	0
2023.62279990546	0
2023.62793853524	0
2023.63307716502	0
2023.6382157948	11.6166352943948
2023.64335442458	32.2457453993117
2023.64849305436	60.1091878790352
2023.65363168415	89.326988287448
2023.65877031393	117.943395936156
2023.66390894371	149.115021943703
2023.66904757349	178.960216472777
2023.67418620327	212.460451057536
2023.67932483305	245.871639290203
2023.68446346283	283.349175335374
2023.68960209261	320.702022622264
2023.69474072239	368.358245637907
2023.69987935217	404.83012210495
2023.70501798195	455.792287315959
2023.71015661173	506.35661313499
2023.71529524152	536.551432348785
2023.7204338713	553.443287365455
2023.72557250108	570.807935128493
2023.73071113086	590.014810638332
2023.73584976064	611.932102624538
2023.74098839042	631.731856742934
2023.7461270202	653.166928025023
2023.75126564998	674.380954695763
2023.75640427976	697.07079407229
2023.76154290954	715.173352472538
2023.76668153932	740.962078592567
2023.7718201691	761.795630572311
2023.77695879888	783.666431649732
2023.78209742867	802.543450709453
2023.78723605845	825.502358554339
2023.79237468823	850.381647761701
2023.79751331801	874.254343433894
2023.80265194779	903.19741971933
2023.80779057757	925.452077332107
2023.81292920735	953.110727849834
2023.81806783713	980.397920036653
2023.82320646691	1006.62383592591
2023.82834509669	1038.15157815107
2023.83348372647	1066.24679812414
2023.83862235625	1096.96100739607
2023.84376098604	1128.15818045348
2023.84889961582	1161.80127890795
2023.8540382456	1197.58323478019
2023.85917687538	1224.03959584812
2023.86431550516	1249.44748179428
2023.86945413494	1267.6576289958
2023.87459276472	1287.59559235488
2023.8797313945	1288.04688959011
2023.88487002428	1288.73479079945
2023.89000865406	1289.76933196196
2023.89514728384	1296.93948037006
2023.90028591362	1298.88981058314
2023.9054245434	1299.33252774201
2023.91056317319	1301.25575790838
2023.91570180297	1302.65867767881
2023.92084043275	1304.47125123547
2023.92597906253	1309.46436892631
2023.93111769231	1316.54204547882
2023.93625632209	1323.48096087904
2023.94139495187	1330.72122377849
2023.94653358165	1340.98088069436
2023.95167221143	1351.64638405569
2023.95681084121	1359.75534369486
2023.96194947099	1369.00933062273
2023.96708810077	1381.15731307594
2023.97222673056	1394.08718914844
2023.97736536034	1403.90345622629
2023.98250399012	1417.63902743109
2023.9876426199	1424.89960586544
2023.99278124968	1431.78632968644
2023.99791987946	1435.99217657418
2024.00305850924	1435.99217657418
