time	95%HPD_lower_value	95%HPD_higher_value
2023.13747088871	259.253260810152	669528.048213692
2023.15577787871	17182.5816984798	737888.810435697
2023.1740848687	47798.1446678336	927707.409447315
2023.1923918587	58432.9056693751	1261538.23869525
2023.2106988487	108107.564127724	1611637.87633383
2023.2290058387	78905.1031165422	1654175.02205973
2023.24731282869	17104.596713847	820401.079440898
2023.26561981869	304.215315845056	740176.821450553
2023.28392680869	4599.8782388207	1431569.50640755
2023.30223379868	1197.68748343469	1322625.76212844
2023.32054078868	91.5024447597114	346387.510883778
2023.33884777868	52.5150026284375	329470.505383917
2023.35715476868	184.820261616515	404962.075925483
2023.37546175867	189.631640836766	396185.659898963
2023.39376874867	12327.100114202	797200.151628526
2023.41207573867	10135.9473731628	472252.344457757
2023.43038272867	3455.31554846921	800058.031825596
2023.44868971866	11481.1355010484	821110.634942679
2023.46699670866	27495.7701600788	782060.745696736
2023.48530369866	11644.3789636657	744393.448384034
2023.50361068865	5032.82350872531	822871.444407818
2023.52191767865	778.99080989382	990007.642585053
2023.54022466865	289.272273142481	972623.317185084
2023.55853165865	23346.3614552464	817203.086219077
2023.57683864864	28252.9453394521	850263.436838938
2023.59514563864	37989.2504927095	814084.138411334
2023.61345262864	20028.880587413	740481.077209593
2023.63175961864	14624.6441514458	616772.327492199
2023.65006660863	10528.621993948	492243.057928503
2023.66837359863	12011.243926686	299367.350324308
2023.68668058863	21663.6716154917	350284.965930012
2023.70498757862	10187.8431853258	290006.607368485
2023.72329456862	3.74106223311354	163763.732914197
2023.74160155862	1024.11279052571	128577.935174787
2023.75990854862	12938.2850985451	154072.034270965
2023.77821553861	5557.13362971742	114433.505709458
2023.79652252861	2.35572555561861	202688.509353457
2023.81482951861	4391.72946687262	151369.520798404
2023.83313650861	5374.89686930562	191059.199461632
2023.8514434986	3567.29967681956	300816.262128203
2023.8697504886	853.392402169044	255059.597588601
2023.8880574786	0.57480156593588	114621.890709133
2023.9063644686	0.0102355170309929	164852.123118466
2023.92467145859	3.19659077808008	150967.260242254
2023.94297844859	34.1208663536447	234624.640606438
2023.96128543859	0.0179756861644857	528870.462289
2023.97959242858	1159.51028597984	751389.8203999
2023.99789941858	588.670935177255	691697.895625935
2024.01620640858	21485.4205015264	464473.607010474
2024.03451339858	6856.3010173404	378255.171587774
2024.05282038857	332.469405686827	425537.214602841
2024.07112737857	0.00431082528357493	216602.777587126
2024.08943436857	1.50991986488153	115245.916897531
2024.10774135857	0.0586611061724826	63419.5573730381
2024.12604834856	2.29853697364491	30387.4818978795
2024.14435533856	0.00136907806598303	17203.9447942154
2024.16266232856	13.9717816787486	78960.374338749
2024.18096931855	255.412918370751	27687.6197514142
2024.19927630855	49.7657224616681	43002.6058568309
2024.21758329855	0.0320283459384895	18748.537530094
2024.23589028855	NA	NA
2024.25419727854	NA	NA
2024.27250426854	NA	NA
2024.29081125854	NA	NA
2024.30911824854	NA	NA
2024.32742523853	NA	NA
2024.34573222853	NA	NA
2024.36403921853	NA	NA
2024.38234620852	NA	NA
2024.40065319852	NA	NA
2024.41896018852	NA	NA
2024.43726717852	NA	NA
2024.45557416851	NA	NA
2024.47388115851	NA	NA
2024.49218814851	NA	NA
2024.51049513851	NA	NA
2024.5288021285	NA	NA
2024.5471091185	NA	NA
2024.5654161085	NA	NA
2024.5837230985	NA	NA
2024.60203008849	NA	NA
2024.62033707849	NA	NA
2024.63864406849	NA	NA
2024.65695105848	NA	NA
2024.67525804848	NA	NA
2024.69356503848	NA	NA
2024.71187202848	NA	NA
2024.73017901847	NA	NA
2024.74848600847	NA	NA
2024.76679299847	NA	NA
2024.78509998847	NA	NA
2024.80340697846	NA	NA
2024.82171396846	NA	NA
2024.84002095846	NA	NA
2024.85832794845	NA	NA
2024.87663493845	NA	NA
2024.89494192845	NA	NA
2024.91324891845	NA	NA
2024.93155590844	NA	NA
2024.94986289844	9618.06827834087	18940.8515421053
