node1,node2,length,startLon,startLat,endLon,endLat,endNodeL,startNodeL,startYear,endYear,tipLabel,startFlyway,endFlyway
679,680,0.0161644157617442,-95.7880063709311,31.6698884214922,-99.076094758227,35.2792089079248,0.0161644157617442,0,2024.45081408475,2024.46697850051,NA,Central,Central
680,1076,0.0152698346393552,-99.076094758227,35.2792089079248,-109.966733448336,45.270109908919,0.0314342504010994,0.0161644157617442,2024.46697850051,2024.48224833515,NA,Central,Pacific
1076,1077,0.0462975040100939,-109.966733448336,45.270109908919,-109.414343433226,45.4407265002486,0.0777317544111933,0.0314342504010994,2024.48224833515,2024.52854583916,NA,Pacific,Pacific
1077,1098,0.0020034362823016,-109.414343433226,45.4407265002486,-115.874518173585,46.2848569938634,0.0797351906934949,0.0777317544111933,2024.52854583916,2024.53054927544,NA,Pacific,Central
680,681,0.0669088592590275,-99.076094758227,35.2792089079248,-99.0129327359893,35.5177229982739,0.0830732750207717,0.0161644157617442,2024.46697850051,2024.53388735977,NA,Central,Central
681,682,0.00835888090984249,-99.0129327359893,35.5177229982739,-98.2892161607352,36.352580669745,0.0914321559306142,0.0830732750207717,2024.53388735977,2024.54224624068,NA,Central,Central
681,1024,0.0229739560819708,-99.0129327359893,35.5177229982739,-102.922320378294,39.0163322129839,0.106047231102743,0.0830732750207717,2024.53388735977,2024.55686131585,NA,Central,Central
1098,1111,0.0295220291609035,-115.874518173585,46.2848569938634,-112.861158794148,46.26826309598,0.109257219854398,0.0797351906934949,2024.53054927544,2024.5600713046,NA,Central,Central
1024,1037,0.00818923527557969,-102.922320378294,39.0163322129839,-108.568044240977,41.7469289846596,0.114236466378322,0.106047231102743,2024.55686131585,2024.56505055113,NA,Central,Pacific
679,1355,0.120749679776236,-95.7880063709311,31.6698884214922,-95.3213785058035,31.4150747600404,0.120749679776236,0,2024.45081408475,2024.57156376453,NA,Central,Central
1111,1112,0.0198877204557522,-112.861158794148,46.26826309598,-100.170149589055,41.7098347767304,0.129144940310151,0.109257219854398,2024.5600713046,2024.57995902506,NA,Central,Mississippi
1112,1113,0.00484453587890488,-100.170149589055,41.7098347767304,-99.6950499510506,41.4310782270327,0.133989476189055,0.129144940310151,2024.57995902506,2024.58480356094,NA,Mississippi,Mississippi
1112,1226,0.00687857532224223,-100.170149589055,41.7098347767304,-100.160473447505,41.6781536687364,0.136023515632393,0.129144940310151,2024.57995902506,2024.58683760038,NA,Mississippi,Mississippi
682,683,0.0450907595954406,-98.2892161607352,36.352580669745,-98.2152059412155,36.346665687857,0.136522915526055,0.0914321559306142,2024.54224624068,2024.58733700028,NA,Central,Central
1226,1227,0.00222076124747805,-100.160473447505,41.6781536687364,-100.621783827189,42.337113801238,0.138244276879871,0.136023515632393,2024.58683760038,2024.58905836163,NA,Mississippi,Mississippi
1227,1228,0.000232434989030139,-100.621783827189,42.337113801238,-100.533496962588,42.4115048335912,0.138476711868901,0.138244276879871,2024.58905836163,2024.58929079662,NA,Mississippi,Mississippi
1098,1099,0.0678203913449622,-115.874518173585,46.2848569938634,-116.052551620727,46.3406186236702,0.147555582038457,0.0797351906934949,2024.53054927544,2024.59836966679,NA,Central,Central
1077,1078,0.0757577437255577,-109.414343433226,45.4407265002486,-111.217581189819,48.3691282148441,0.153489498136751,0.0777317544111933,2024.52854583916,2024.60430358289,NA,Pacific,Pacific
1024,1025,0.0489627169198423,-102.922320378294,39.0163322129839,-99.6282356980329,42.5890112582247,0.155009948022585,0.106047231102743,2024.55686131585,2024.60582403277,NA,Central,Pacific
683,684,0.0233433087280572,-98.2152059412155,36.346665687857,-97.0226923469442,36.2397062119635,0.159866224254112,0.136522915526055,2024.58733700028,2024.610680309,NA,Central,Central
1111,1347,0.0518012645718482,-112.861158794148,46.26826309598,-113.065340749687,46.3696549082996,0.161058484426247,0.109257219854398,2024.5600713046,2024.61187256918,NA,Central,Central
1099,1100,0.0359105437639731,-116.052551620727,46.3406186236702,-117.880190193574,38.7686298808852,0.18346612580243,0.147555582038457,2024.59836966679,2024.63428021055,NA,Central,Central
1100,1101,0.00457196608543109,-117.880190193574,38.7686298808852,-117.568269939651,39.0782949323161,0.188038091887861,0.18346612580243,2024.63428021055,2024.63885217664,NA,Central,Central
684,686,0.0324983735816948,-97.0226923469442,36.2397062119635,-102.180958830893,46.4373953537532,0.192364597835807,0.159866224254112,2024.610680309,2024.64317868259,NA,Central,Central
1113,1224,0.0604477901002214,-99.6950499510506,41.4310782270327,-85.1971723263636,44.9999529259936,0.194437266289277,0.133989476189055,2024.58480356094,2024.64525135104,NA,Mississippi,Pacific
1025,1030,0.0394419354385103,-99.6282356980329,42.5890112582247,-94.3703609596336,44.6727835447272,0.194451883461095,0.155009948022585,2024.60582403277,2024.64526596821,NA,Pacific,Pacific
1347,1348,0.0382535387231566,-113.065340749687,46.3696549082996,-115.790103174655,46.4007892965363,0.199312023149403,0.161058484426247,2024.61187256918,2024.6501261079,NA,Central,Central
1078,1079,0.0478726787547472,-111.217581189819,48.3691282148441,-113.988348355227,44.1088497249733,0.201362176891498,0.153489498136751,2024.60430358289,2024.65217626164,NA,Pacific,Pacific
1079,1080,0.000882311214822629,-113.988348355227,44.1088497249733,-112.829267572625,44.751583068455,0.202244488106321,0.201362176891498,2024.65217626164,2024.65305857286,NA,Pacific,Pacific
1113,1114,0.068560981211925,-99.6950499510506,41.4310782270327,-99.7926919524776,41.48052902548,0.20255045740098,0.133989476189055,2024.58480356094,2024.65336454215,NA,Mississippi,Mississippi
1227,1231,0.0644072130379312,-100.621783827189,42.337113801238,-100.974368738382,38.2982356070463,0.202651489917802,0.138244276879871,2024.58905836163,2024.65346557467,NA,Mississippi,Mississippi
1101,1102,0.0193714387413504,-117.568269939651,39.0782949323161,-118.336231234887,39.2837023181385,0.207409530629212,0.188038091887861,2024.63885217664,2024.65822361538,NA,Central,Central
1114,1115,0.010655545059354,-99.7926919524776,41.48052902548,-101.638711991457,43.9290432898275,0.213206002460334,0.20255045740098,2024.65336454215,2024.66402008721,NA,Mississippi,Mississippi
1115,1222,0.00023897978457077,-101.638711991457,43.9290432898275,-101.259321271832,43.1017109661401,0.213444982244905,0.213206002460334,2024.66402008721,2024.664259067,NA,Mississippi,Mississippi
1080,1081,0.0116249206995671,-112.829267572625,44.751583068455,-113.063692406118,43.4627553980311,0.213869408805888,0.202244488106321,2024.65305857286,2024.66468349356,NA,Pacific,Pacific
1115,1116,0.00130117892910353,-101.638711991457,43.9290432898275,-100.993077653524,42.620651752063,0.214507181389438,0.213206002460334,2024.66402008721,2024.66532126614,NA,Mississippi,Mississippi
1099,1106,0.0675773638490105,-116.052551620727,46.3406186236702,-111.515900536851,43.4282489803659,0.215132945887468,0.147555582038457,2024.59836966679,2024.66594703064,NA,Central,Central
1079,1095,0.0143846149935871,-113.988348355227,44.1088497249733,-117.323401450054,43.6154647517932,0.215746791885085,0.201362176891498,2024.65217626164,2024.66656087664,NA,Pacific,Pacific
686,687,0.024629321319426,-102.180958830893,46.4373953537532,-101.846655306115,46.788725236264,0.216993919155233,0.192364597835807,2024.64317868259,2024.66780800391,NA,Central,Central
1037,1038,0.103036756870201,-108.568044240977,41.7469289846596,-115.441912304127,48.7868605581618,0.217273223248523,0.114236466378322,2024.56505055113,2024.668087308,NA,Pacific,Central
1348,1350,0.0179811453440126,-115.790103174655,46.4007892965363,-115.256447287532,47.9787088828118,0.217293168493416,0.199312023149403,2024.6501261079,2024.66810725324,NA,Central,Central
683,1020,0.0831466203524927,-98.2152059412155,36.346665687857,-106.330244117482,35.5307358428372,0.219669535878547,0.136522915526055,2024.58733700028,2024.67048362063,NA,Central,Central
1231,1312,0.0182993644791467,-100.974368738382,38.2982356070463,-114.02306647801,38.201052546382,0.220950854396949,0.202651489917802,2024.65346557467,2024.67176493915,NA,Mississippi,Central
687,709,0.00450210795079031,-101.846655306115,46.788725236264,-102.638166806599,45.7858303842073,0.221496027106023,0.216993919155233,2024.66780800391,2024.67231011186,NA,Central,Pacific
1038,1039,0.00555181652783365,-115.441912304127,48.7868605581618,-113.801283897155,48.8833996196385,0.222825039776356,0.217273223248523,2024.668087308,2024.67363912453,NA,Central,Central
686,1015,0.0305732624908441,-102.180958830893,46.4373953537532,-102.422054783441,46.5550090661096,0.222937860326651,0.192364597835807,2024.64317868259,2024.67375194508,NA,Central,Central
1102,1103,0.0185513860567064,-118.336231234887,39.2837023181385,-118.292447390476,39.3101476771328,0.225960916685918,0.207409530629212,2024.65822361538,2024.67677500144,NA,Central,Central
1038,1072,0.00942551312338158,-115.441912304127,48.7868605581618,-116.370312342078,47.4406998111025,0.226698736371904,0.217273223248523,2024.668087308,2024.67751282112,NA,Central,Central
709,710,0.00730706794202685,-102.638166806599,45.7858303842073,-102.768954629952,44.9379541602238,0.22880309504805,0.221496027106023,2024.67231011186,2024.6796171798,NA,Pacific,Pacific
710,711,0.00371290482294628,-102.768954629952,44.9379541602238,-102.174014195242,44.4619224249566,0.232515999870996,0.22880309504805,2024.6796171798,2024.68333008462,NA,Pacific,Pacific
710,998,0.00388888176110247,-102.768954629952,44.9379541602238,-102.829752325166,45.155678941279,0.232691976809152,0.22880309504805,2024.6796171798,2024.68350606156,NA,Pacific,Pacific
1116,1134,0.0186477954748179,-100.993077653524,42.620651752063,-98.7565532383781,40.0620712380189,0.233154976864256,0.214507181389438,2024.66532126614,2024.68396906161,NA,Mississippi,Mississippi
998,1001,0.00081035920259942,-102.829752325166,45.155678941279,-103.940884913489,46.4527077500137,0.233502336011752,0.232691976809152,2024.68350606156,2024.68431642076,NA,Pacific,Pacific
1030,1031,0.0414581957885771,-94.3703609596336,44.6727835447272,-94.2681687799972,44.3145970679272,0.235910079249672,0.194451883461095,2024.64526596821,2024.686724164,NA,Pacific,Pacific
711,712,0.00354454696614415,-102.174014195242,44.4619224249566,-103.736138665162,45.0484290978195,0.23606054683714,0.232515999870996,2024.68333008462,2024.68687463159,NA,Pacific,Central
711,909,0.0064695446862244,-102.174014195242,44.4619224249566,-100.81723397168,41.1405506325576,0.238985544557221,0.232515999870996,2024.68333008462,2024.68979962931,NA,Pacific,Pacific
1116,1117,0.0246010748796976,-100.993077653524,42.620651752063,-101.805123353727,42.3854917774893,0.239108256269136,0.214507181389438,2024.66532126614,2024.68992234102,NA,Mississippi,Mississippi
909,910,0.000644055335130345,-100.81723397168,41.1405506325576,-101.205062581547,40.3449010347165,0.239629599892351,0.238985544557221,2024.68979962931,2024.69044368464,NA,Pacific,Pacific
712,713,0.00362331642034786,-103.736138665162,45.0484290978195,-104.882632428929,45.9972422838562,0.239683863257488,0.23606054683714,2024.68687463159,2024.69049794801,NA,Central,Pacific
1039,1040,0.0175938314867092,-113.801283897155,48.8833996196385,-113.733596486745,48.7118293167711,0.240418871263066,0.222825039776356,2024.67363912453,2024.69123295601,NA,Central,Central
1231,1232,0.0406320910393971,-100.974368738382,38.2982356070463,-95.0490874662955,40.0824821292639,0.243283580957199,0.202651489917802,2024.65346557467,2024.69409766571,NA,Mississippi,Mississippi
684,685,0.0835214192008753,-97.0226923469442,36.2397062119635,-80.1334271843036,41.042328263176,0.243387643454987,0.159866224254112,2024.610680309,2024.69420172821,NA,Central,Pacific
1080,1083,0.0417616661852438,-112.829267572625,44.751583068455,-112.642144255023,44.9163606830625,0.244006154291565,0.202244488106321,2024.65305857286,2024.69482023904,NA,Pacific,Pacific
910,920,0.00603677851922835,-101.205062581547,40.3449010347165,-100.49787714862,40.3849840351721,0.245666378411579,0.239629599892351,2024.69044368464,2024.69648046316,NA,Pacific,Pacific
909,952,0.00719866154043602,-100.81723397168,41.1405506325576,-100.626187372575,41.3179547321421,0.246184206097657,0.238985544557221,2024.68979962931,2024.69699829085,NA,Pacific,Pacific
687,688,0.0310808695026519,-101.846655306115,46.788725236264,-101.262866555646,46.4163603133171,0.248074788657885,0.216993919155233,2024.66780800391,2024.69888887341,NA,Central,Central
1076,1353,0.217033304098028,-109.966733448336,45.270109908919,-108.313630396185,40.4887516629885,0.248467554499128,0.0314342504010994,2024.48224833515,2024.69928163925,NA,Pacific,Pacific
910,911,0.00906117267533357,-101.205062581547,40.3449010347165,-100.721831137421,40.6475721807685,0.248690772567685,0.239629599892351,2024.69044368464,2024.69950485732,NA,Pacific,Pacific
1083,1084,0.00509095894598843,-112.642144255023,44.9163606830625,-112.952785779511,44.5908003398714,0.249097113237553,0.244006154291565,2024.69482023904,2024.69991119799,NA,Pacific,Pacific
1117,1118,0.0103597777194639,-101.805123353727,42.3854917774893,-101.82159885582,42.9168799160357,0.2494680339886,0.239108256269136,2024.68992234102,2024.70028211874,NA,Mississippi,Mississippi
920,921,0.00387039015123247,-100.49787714862,40.3849840351721,-100.4931062279,40.2726014453916,0.249536768562812,0.245666378411579,2024.69648046316,2024.70035085331,NA,Pacific,Pacific
688,689,0.00357980725564122,-101.262866555646,46.4163603133171,-100.217606565835,46.405604588609,0.251654595913526,0.248074788657885,2024.69888887341,2024.70246868066,NA,Central,Pacific
921,922,0.00217028895271998,-100.4931062279,40.2726014453916,-100.450952987848,40.5874927247411,0.251707057515532,0.249536768562812,2024.70035085331,2024.70252114227,NA,Pacific,Pacific
688,699,0.00398045844047279,-101.262866555646,46.4163603133171,-101.466399931263,46.7461797261287,0.252055247098357,0.248074788657885,2024.69888887341,2024.70286933185,NA,Central,Pacific
1083,1091,0.00805733729367986,-112.642144255023,44.9163606830625,-112.257148204181,45.1850378779529,0.252063491585244,0.244006154291565,2024.69482023904,2024.70287757634,NA,Pacific,Pacific
1134,1135,0.0190715877036896,-98.7565532383781,40.0620712380189,-102.538991833058,37.0164079159131,0.252226564567945,0.233154976864256,2024.68396906161,2024.70304064932,NA,Mississippi,Mississippi
952,954,0.00617395966198653,-100.626187372575,41.3179547321421,-100.877748502473,41.5247153080624,0.252358165759643,0.246184206097657,2024.69699829085,2024.70317225051,NA,Pacific,Pacific
1135,1152,0.000146657847679865,-102.538991833058,37.0164079159131,-102.90314999628,36.9098706123941,0.252373222415625,0.252226564567945,2024.70304064932,2024.70318730717,NA,Mississippi,Mississippi
1037,1075,0.138399178728128,-108.568044240977,41.7469289846596,-101.854226733448,34.7536927430296,0.25263564510645,0.114236466378322,2024.56505055113,2024.70344972986,NA,Pacific,Central
1040,1041,0.012789431094385,-113.733596486745,48.7118293167711,-113.051308892309,48.2003236364082,0.253208302357451,0.240418871263066,2024.69123295601,2024.70402238711,NA,Central,Central
1312,1313,0.0325624873659163,-114.02306647801,38.201052546382,-113.217593756235,38.0018041155403,0.253513341762865,0.220950854396949,2024.67176493915,2024.70432742651,NA,Central,Central
1118,1123,0.00574085759439225,-101.82159885582,42.9168799160357,-100.714372957532,44.9764196370279,0.255208891582992,0.2494680339886,2024.70028211874,2024.70602297633,NA,Mississippi,Mississippi
1232,1310,0.013440647855836,-95.0490874662955,40.0824821292639,-94.6450201731274,45.3896387129193,0.256724228813035,0.243283580957199,2024.69409766571,2024.70753831356,NA,Mississippi,Mississippi
1039,1066,0.034393669439287,-113.801283897155,48.8833996196385,-114.085540048058,45.7875276595991,0.257218709215643,0.222825039776356,2024.67363912453,2024.70803279397,NA,Central,Central
1152,1153,0.00509921035475958,-102.90314999628,36.9098706123941,-102.908274904804,37.1049020186173,0.257472432770385,0.252373222415625,2024.70318730717,2024.70828651752,NA,Mississippi,Mississippi
1347,1352,0.0964313200091318,-113.065340749687,46.3696549082996,-115.997558060056,47.8341422887086,0.257489804435378,0.161058484426247,2024.61187256918,2024.70830388919,NA,Central,Central
712,723,0.0215393424464667,-103.736138665162,45.0484290978195,-103.598561141315,43.3042188783907,0.257599889283607,0.23606054683714,2024.68687463159,2024.70841397403,NA,Central,Central
911,918,0.00894679082977334,-100.721831137421,40.6475721807685,-99.8284911086814,44.6720003993614,0.257637563397458,0.248690772567685,2024.69950485732,2024.70845164815,NA,Pacific,Pacific
1232,1233,0.0146511655679413,-95.0490874662955,40.0824821292639,-93.0963112478323,36.7715532309505,0.25793474652514,0.243283580957199,2024.69409766571,2024.70874883128,NA,Mississippi,Atlantic
1091,1093,0.00589236819141203,-112.257148204181,45.1850378779529,-116.458564443589,48.3875686985538,0.257955859776656,0.252063491585244,2024.70287757634,2024.70876994453,NA,Pacific,Pacific
922,923,0.00664277432002014,-100.450952987848,40.5874927247411,-106.879857034413,46.1777127724524,0.258349831835552,0.251707057515532,2024.70252114227,2024.70916391659,NA,Pacific,Central
1153,1167,0.0014410214323175,-102.908274904804,37.1049020186173,-103.470518669362,36.9494416896786,0.258913454202702,0.257472432770385,2024.70828651752,2024.70972753895,NA,Mississippi,Mississippi
723,906,0.00173152960901901,-103.598561141315,43.3042188783907,-103.684133810724,43.4273389633072,0.259331418892626,0.257599889283607,2024.70841397403,2024.71014550364,NA,Central,Central
1118,1119,0.0101191255147561,-101.82159885582,42.9168799160357,-104.401245743981,41.344478863152,0.259587159503356,0.2494680339886,2024.70028211874,2024.71040124425,NA,Mississippi,Mississippi
1123,1124,0.004979295566927,-100.714372957532,44.9764196370279,-100.095211805874,44.5328069309759,0.260188187149919,0.255208891582992,2024.70602297633,2024.7110022719,NA,Mississippi,Mississippi
1041,1042,0.00711247155132133,-113.051308892309,48.2003236364082,-114.580375686296,48.253222585136,0.260320773908772,0.253208302357451,2024.70402238711,2024.71113485866,NA,Central,Central
1233,1258,0.00257398238201367,-93.0963112478323,36.7715532309505,-96.7603690409401,36.7090509403842,0.260508728907154,0.25793474652514,2024.70874883128,2024.71132281366,NA,Atlantic,Atlantic
1167,1168,0.00251739944405771,-103.470518669362,36.9494416896786,-103.833262671929,36.7131253959045,0.26143085364676,0.258913454202702,2024.70972753895,2024.7122449384,NA,Mississippi,Mississippi
1167,1198,0.00272684862173111,-103.470518669362,36.9494416896786,-102.394151082872,36.2604746698149,0.261640302824433,0.258913454202702,2024.70972753895,2024.71245438757,NA,Mississippi,Mississippi
1198,1202,0.000825753988255018,-102.394151082872,36.2604746698149,-102.630481353692,35.0136166974222,0.262466056812688,0.261640302824433,2024.71245438757,2024.71328014156,NA,Mississippi,Mississippi
1258,1269,0.00390616547862122,-96.7603690409401,36.7090509403842,-96.6274182768899,36.2280436252087,0.264414894385775,0.260508728907154,2024.71132281366,2024.71522897914,NA,Atlantic,Atlantic
954,956,0.0125276810656281,-100.877748502473,41.5247153080624,-100.855129757267,41.5264931303045,0.264885846825271,0.252358165759643,2024.70317225051,2024.71569993158,NA,Pacific,Pacific
1066,1070,0.00815988974077975,-114.085540048058,45.7875276595991,-113.273427983902,47.9994229282725,0.265378598956423,0.257218709215643,2024.70803279397,2024.71619268371,NA,Central,Central
1025,1026,0.110454788332162,-99.6282356980329,42.5890112582247,-101.654654560338,39.4294060903698,0.265464736354747,0.155009948022585,2024.60582403277,2024.7162788211,NA,Pacific,Pacific
1031,1032,0.0297966369319476,-94.2681687799972,44.3145970679272,-95.3885553675877,45.7697025241788,0.26570671618162,0.235910079249672,2024.686724164,2024.71652080093,NA,Pacific,Pacific
1093,1094,0.00778592492121866,-116.458564443589,48.3875686985538,-116.320016685991,48.0051591633803,0.265741784697875,0.257955859776656,2024.70876994453,2024.71655586945,NA,Pacific,Pacific
1026,1027,0.000408439434447461,-101.654654560338,39.4294060903698,-101.889175485622,39.5277487971409,0.265873175789195,0.265464736354747,2024.7162788211,2024.71668726054,NA,Pacific,Pacific
689,690,0.0142420451425411,-100.217606565835,46.405604588609,-99.0621556014712,45.3322818412406,0.265896641056067,0.251654595913526,2024.70246868066,2024.71671072581,NA,Pacific,Pacific
1202,1204,0.00354792203003629,-102.630481353692,35.0136166974222,-102.908035498126,35.0807494876009,0.266013978842725,0.262466056812688,2024.71328014156,2024.71682806359,NA,Mississippi,Mississippi
1072,1073,0.0397875843360638,-116.370312342078,47.4406998111025,-114.809785628405,46.8815190911558,0.266486320707968,0.226698736371904,2024.67751282112,2024.71730040546,NA,Central,Central
1040,1057,0.026530442478202,-113.733596486745,48.7118293167711,-114.449470827149,48.3689406900613,0.266949313741268,0.240418871263066,2024.69123295601,2024.71776339849,NA,Central,Central
1269,1274,0.00257660442530172,-96.6274182768899,36.2280436252087,-96.5403672042097,36.2271249619924,0.266991498811077,0.264414894385775,2024.71522897914,2024.71780558356,NA,Atlantic,Atlantic
923,933,0.00896858228558228,-106.879857034413,46.1777127724524,-105.524299178671,47.4571014751599,0.267318414121134,0.258349831835552,2024.70916391659,2024.71813249887,NA,Central,Central
923,924,0.00915984242538359,-106.879857034413,46.1777127724524,-106.868826791666,46.1179719723981,0.267509674260936,0.258349831835552,2024.70916391659,2024.71832375901,NA,Central,Central
699,700,0.0156176375903345,-101.466399931263,46.7461797261287,-102.319939532502,47.7715024252563,0.267672884688692,0.252055247098357,2024.70286933185,2024.71848696944,NA,Pacific,Pacific
1020,1022,0.0482752634277948,-106.330244117482,35.5307358428372,-106.668621304866,35.8102536039228,0.267944799306342,0.219669535878547,2024.67048362063,2024.71875888406,NA,Central,Pacific
689,695,0.0163481217445733,-100.217606565835,46.405604588609,-103.298745583375,47.4377240090162,0.268002717658099,0.251654595913526,2024.70246868066,2024.71881680241,NA,Pacific,Pacific
952,953,0.0223530164998844,-100.626187372575,41.3179547321421,-100.530901625858,36.5488689005766,0.268537222597541,0.246184206097657,2024.69699829085,2024.71935130735,NA,Pacific,Central
1168,1169,0.00744211893719005,-103.833262671929,36.7131253959045,-103.513927491697,36.4406067788214,0.26887297258395,0.26143085364676,2024.7122449384,2024.71968705733,NA,Mississippi,Mississippi
1119,1120,0.0109084295391901,-104.401245743981,41.344478863152,-103.596626163735,41.5372875641608,0.270495589042546,0.259587159503356,2024.71040124425,2024.72130967379,NA,Mississippi,Mississippi
700,703,0.00339360341405159,-102.319939532502,47.7715024252563,-102.531911796788,47.5883074269295,0.271066488102744,0.267672884688692,2024.71848696944,2024.72188057285,NA,Pacific,Pacific
1313,1314,0.0177892376665656,-113.217593756235,38.0018041155403,-112.340390441979,36.547288523363,0.271302579429431,0.253513341762865,2024.70432742651,2024.72211666418,NA,Central,Central
1258,1259,0.0108532722765478,-96.7603690409401,36.7090509403842,-99.2210921987265,35.4242297845299,0.271362001183702,0.260508728907154,2024.71132281366,2024.72217608593,NA,Atlantic,Atlantic
1106,1107,0.056247564128288,-111.515900536851,43.4282489803659,-113.812537303782,45.448602912098,0.271380510015756,0.215132945887468,2024.66594703064,2024.72219459477,NA,Central,Central
1233,1234,0.0134557278403378,-93.0963112478323,36.7715532309505,-92.9942541078066,34.462357297902,0.271390474365478,0.25793474652514,2024.70874883128,2024.72220455912,NA,Atlantic,Atlantic
1152,1209,0.0195437190670076,-102.90314999628,36.9098706123941,-105.330782665779,35.6697059197525,0.271916941482633,0.252373222415625,2024.70318730717,2024.72273102623,NA,Mississippi,Mississippi
1169,1170,0.00341921583112437,-103.513927491697,36.4406067788214,-104.242337551384,35.9605980622815,0.272292188415074,0.26887297258395,2024.71968705733,2024.72310627317,NA,Mississippi,Mississippi
1084,1088,0.0232320718729109,-112.952785779511,44.5908003398714,-115.354023054628,37.2576261118337,0.272329185110464,0.249097113237553,2024.69991119799,2024.72314326986,NA,Pacific,Pacific
1070,1071,0.00711971915596754,-113.273427983902,47.9994229282725,-111.934192721893,46.442896569919,0.272498318112391,0.265378598956423,2024.71619268371,2024.72331240286,NA,Central,Central
1084,1085,0.0235695350230576,-112.952785779511,44.5908003398714,-113.704030842019,45.0435728150154,0.272666648260611,0.249097113237553,2024.69991119799,2024.72348073301,NA,Pacific,Pacific
1088,1089,0.00062464392090078,-115.354023054628,37.2576261118337,-116.422697575213,37.4687471485628,0.272953829031365,0.272329185110464,2024.72314326986,2024.72376791378,NA,Pacific,Pacific
1228,1229,0.135019783499646,-100.533496962588,42.4115048335912,-83.3463465969817,37.7805957054508,0.273496495368547,0.138476711868901,2024.58929079662,2024.72431058012,NA,Mississippi,Pacific
1274,1275,0.00655271574373484,-96.5403672042097,36.2271249619924,-95.676489287911,37.4018294858794,0.273544214554812,0.266991498811077,2024.71780558356,2024.72435829931,NA,Atlantic,Atlantic
1026,1028,0.00810025173859752,-101.654654560338,39.4294060903698,-105.221265037635,39.2752525352793,0.273564988093345,0.265464736354747,2024.7162788211,2024.72437907284,NA,Pacific,Pacific
1042,1044,0.0134662098348615,-114.580375686296,48.253222585136,-114.632246968696,48.2438395412331,0.273786983743634,0.260320773908772,2024.71113485866,2024.72460106849,NA,Central,Central
1312,1325,0.052937057684983,-114.02306647801,38.201052546382,-111.174976617128,35.8035867346089,0.273887912081932,0.220950854396949,2024.67176493915,2024.72470199683,NA,Central,Central
920,949,0.0284815383642198,-100.49787714862,40.3849840351721,-101.752780335534,39.5905695949148,0.274147916775799,0.245666378411579,2024.69648046316,2024.72496200153,NA,Pacific,Pacific
1078,1096,0.120664542752167,-111.217581189819,48.3691282148441,-110.243076846613,47.5206908816664,0.274154040888918,0.153489498136751,2024.60430358289,2024.72496812564,NA,Pacific,Pacific
1325,1326,0.000425447713478411,-111.174976617128,35.8035867346089,-111.161221162048,35.8063170193117,0.27431335979541,0.273887912081932,2024.72470199683,2024.72512744455,NA,Central,Central
1204,1207,0.00830386101091007,-102.908035498126,35.0807494876009,-102.92724914905,35.3718279451635,0.274317839853635,0.266013978842725,2024.71682806359,2024.7251319246,NA,Mississippi,Mississippi
1057,1058,0.00739225292792667,-114.449470827149,48.3689406900613,-112.645251578404,46.5380991551119,0.274341566669194,0.266949313741268,2024.71776339849,2024.72515565142,NA,Central,Central
1350,1351,0.0570552554073307,-115.256447287532,47.9787088828118,-103.582739625876,43.970972421638,0.274348423900747,0.217293168493416,2024.66810725324,2024.72516250865,NA,Central,Central
713,717,0.0352301094673708,-104.882632428929,45.9972422838562,-103.809744146871,43.8296472794938,0.274913972724859,0.239683863257488,2024.69049794801,2024.72572805747,NA,Pacific,Pacific
1042,1043,0.0146359527216977,-114.580375686296,48.253222585136,-111.024920047211,43.9636962950504,0.27495672663047,0.260320773908772,2024.71113485866,2024.72577081138,NA,Central,Central
1153,1154,0.0176925154749321,-102.908274904804,37.1049020186173,-105.068588815032,38.5708909194098,0.275164948245317,0.257472432770385,2024.70828651752,2024.725979033,NA,Mississippi,Mississippi
1170,1181,0.00299476108435481,-104.242337551384,35.9605980622815,-103.837459594358,35.7875649263082,0.275286949499429,0.272292188415074,2024.72310627317,2024.72610103425,NA,Mississippi,Mississippi
723,724,0.0181740770341969,-103.598561141315,43.3042188783907,-103.24944022578,44.4700077009272,0.275773966317804,0.257599889283607,2024.70841397403,2024.72658805107,NA,Central,Central
1181,1182,0.000642761446430606,-103.837459594358,35.7875649263082,-104.089973737218,35.7367808390476,0.27592971094586,0.275286949499429,2024.72610103425,2024.7267437957,NA,Mississippi,Mississippi
1096,1097,0.00209280648588428,-110.243076846613,47.5206908816664,-110.030118592612,47.033328161406,0.276246847374802,0.274154040888918,2024.72496812564,2024.72706093212,NA,Pacific,Pacific
918,919,0.0194605718944338,-99.8284911086814,44.6720003993614,-101.724653974303,44.7887266723809,0.277098135291892,0.257637563397458,2024.70845164815,2024.72791222004,NA,Pacific,Pacific
949,950,0.00398774482997588,-101.752780335534,39.5905695949148,-101.562590927361,39.6032774468365,0.278135661605775,0.274147916775799,2024.72496200153,2024.72894974636,NA,Pacific,Pacific
1326,1327,0.00434631699875876,-111.161221162048,35.8063170193117,-110.416305543669,35.6650230888532,0.278659676794169,0.27431335979541,2024.72512744455,2024.72947376154,NA,Central,Central
1170,1171,0.00680695680997068,-104.242337551384,35.9605980622815,-104.816504680468,36.3769319622445,0.279099145225045,0.272292188415074,2024.72310627317,2024.72991322998,NA,Mississippi,Mississippi
1169,1186,0.010987704300806,-103.513927491697,36.4406067788214,-104.609027624139,36.3267573613586,0.279860676884756,0.26887297258395,2024.71968705733,2024.73067476163,NA,Mississippi,Mississippi
690,691,0.0143808245586539,-99.0621556014712,45.3322818412406,-100.811214727205,46.9156389011614,0.280277465614721,0.265896641056067,2024.71671072581,2024.73109155036,NA,Pacific,Central
1154,1156,0.00588878491618949,-105.068588815032,38.5708909194098,-102.824512998302,37.0528180991094,0.281053733161506,0.275164948245317,2024.725979033,2024.73186781791,NA,Mississippi,Mississippi
1207,1208,0.00844864465408857,-102.92724914905,35.3718279451635,-105.727685478526,33.8814409921805,0.282766484507723,0.274317839853635,2024.7251319246,2024.73358056926,NA,Mississippi,Mississippi
1107,1108,0.0113981236356484,-113.812537303782,45.448602912098,-115.138986371558,45.5446306891237,0.282778633651404,0.271380510015756,2024.72219459477,2024.7335927184,NA,Central,Central
1353,1354,0.0345901342382506,-108.313630396185,40.4887516629885,-110.19216450082,40.5144348368465,0.283057688737378,0.248467554499128,2024.69928163925,2024.73387177349,NA,Pacific,Pacific
1234,1235,0.0119466707247968,-92.9942541078066,34.462357297902,-93.405805956687,34.9754120593877,0.283337145090275,0.271390474365478,2024.72220455912,2024.73415122984,NA,Atlantic,Mississippi
1044,1045,0.00985154122339837,-114.632246968696,48.2438395412331,-114.018298511267,47.4445422769835,0.283638524967032,0.273786983743634,2024.72460106849,2024.73445260972,NA,Central,Central
906,907,0.0246539132369559,-103.684133810724,43.4273389633072,-106.238455629596,43.2123641318857,0.283985332129582,0.259331418892626,2024.71014550364,2024.73479941688,NA,Central,Central
709,1005,0.0633678026538749,-102.638166806599,45.7858303842073,-103.86578359642,48.4528229427633,0.284863829759898,0.221496027106023,2024.67231011186,2024.73567791451,NA,Pacific,Pacific
703,704,0.0141264110827639,-102.531911796788,47.5883074269295,-98.6376598137066,46.0101523740662,0.285192899185507,0.271066488102744,2024.72188057285,2024.73600698394,NA,Pacific,Pacific
1015,1016,0.0622948180932539,-102.422054783441,46.5550090661096,-105.83916990734,47.361035731049,0.285232678419905,0.222937860326651,2024.67375194508,2024.73604676317,NA,Central,Central
1224,1225,0.0912428138502266,-85.1971723263636,44.9999529259936,-87.0625869627669,45.8564059644652,0.285680080139503,0.194437266289277,2024.64525135104,2024.73649416489,NA,Pacific,Central
1123,1125,0.0306791603271788,-100.714372957532,44.9764196370279,-103.712274540428,48.708486558646,0.285888051910171,0.255208891582992,2024.70602297633,2024.73670213666,NA,Mississippi,Mississippi
1182,1183,0.0113103163714432,-104.089973737218,35.7367808390476,-103.976638923657,35.1791176856307,0.287240027317303,0.27592971094586,2024.7267437957,2024.73805411207,NA,Mississippi,Mississippi
1326,1329,0.0135111473390301,-111.161221162048,35.8063170193117,-111.545696110783,38.2076652281833,0.28782450713444,0.27431335979541,2024.72512744455,2024.73863859188,NA,Central,Central
1259,1260,0.0170766351015315,-99.2210921987265,35.4242297845299,-98.6305691512942,32.4139900910681,0.288438636285233,0.271362001183702,2024.72217608593,2024.73925272104,NA,Atlantic,Atlantic
713,714,0.0493958208329799,-104.882632428929,45.9972422838562,-104.390586103588,46.4983332998167,0.289079684090468,0.239683863257488,2024.69049794801,2024.73989376884,NA,Pacific,Pacific
1072,1074,0.0627766040019802,-116.370312342078,47.4406998111025,-104.642005003017,47.0925155169748,0.289475340373885,0.226698736371904,2024.67751282112,2024.74028942512,NA,Central,Mississippi
1016,1017,0.00447783732136386,-105.83916990734,47.361035731049,-104.737880220014,47.4603367308939,0.289710515741269,0.285232678419905,2024.73604676317,2024.74052460049,NA,Central,Central
1154,1155,0.0146193614644106,-105.068588815032,38.5708909194098,-106.066910146194,39.8186706524569,0.289784309709727,0.275164948245317,2024.725979033,2024.74059839446,NA,Mississippi,Mississippi
724,725,0.0142384260080248,-103.24944022578,44.4700077009272,-103.112006888232,42.2678762822728,0.290012392325829,0.275773966317804,2024.72658805107,2024.74082647708,NA,Central,Central
1005,1006,0.00529634206267948,-103.86578359642,48.4528229427633,-103.972444596965,48.1191687169933,0.290160171822577,0.284863829759898,2024.73567791451,2024.74097425657,NA,Pacific,Pacific
704,705,0.00573080397154535,-98.6376598137066,46.0101523740662,-98.5633987103337,46.1150274173329,0.290923703157053,0.285192899185507,2024.73600698394,2024.74173778791,NA,Pacific,Pacific
700,701,0.0233314033200633,-102.319939532502,47.7715024252563,-100.180167690687,46.9639188127194,0.291004288008755,0.267672884688692,2024.71848696944,2024.74181837276,NA,Pacific,Central
701,702,0.000855045769221574,-100.180167690687,46.9639188127194,-99.7530367917475,47.1104534285479,0.291859333777977,0.291004288008755,2024.74181837276,2024.74267341853,NA,Central,Central
1168,1192,0.0316009029174331,-103.833262671929,36.7131253959045,-109.553412069798,35.2340257395267,0.293031756564193,0.26143085364676,2024.7122449384,2024.74384584131,NA,Mississippi,Mississippi
1119,1122,0.0343959584742062,-104.401245743981,41.344478863152,-105.699855699408,39.9727389002144,0.293983117977562,0.259587159503356,2024.71040124425,2024.74479720273,NA,Mississippi,Mississippi
1016,1018,0.00908488389923301,-105.83916990734,47.361035731049,-105.717243909629,46.8760366349585,0.294317562319138,0.285232678419905,2024.73604676317,2024.74513164707,NA,Central,Central
1209,1215,0.0228531132010932,-105.330782665779,35.6697059197525,-108.051421457628,35.9848352526694,0.294770054683726,0.271916941482633,2024.72273102623,2024.74558413943,NA,Mississippi,Mississippi
1275,1276,0.0213358158567878,-95.676489287911,37.4018294858794,-97.5445224851035,34.7853771897448,0.2948800304116,0.273544214554812,2024.72435829931,2024.74569411516,NA,Atlantic,Atlantic
1120,1121,0.0247096489059018,-103.596626163735,41.5372875641608,-99.9093103530917,41.5378571504942,0.295205237948448,0.270495589042546,2024.72130967379,2024.7460193227,NA,Mississippi,Mississippi
924,925,0.0296167622041172,-106.868826791666,46.1179719723981,-102.45907571294,46.305597827727,0.297126436465053,0.267509674260936,2024.71832375901,2024.74794052122,NA,Central,Central
1348,1349,0.0983483974273163,-115.790103174655,46.4007892965363,-111.196673752938,42.074854750023,0.297660420576719,0.199312023149403,2024.6501261079,2024.74847450533,NA,Central,Central
1171,1172,0.018602003960664,-104.816504680468,36.3769319622445,-104.49860783772,35.3333422928929,0.297701149185709,0.279099145225045,2024.72991322998,2024.74851523394,NA,Mississippi,Mississippi
1171,1178,0.0199134053371828,-104.816504680468,36.3769319622445,-107.431792069523,35.329746880695,0.299012550562228,0.279099145225045,2024.72991322998,2024.74982663531,NA,Mississippi,Mississippi
1044,1046,0.0253233505897745,-114.632246968696,48.2438395412331,-113.23930603184,47.68216335767,0.299110334333408,0.273786983743634,2024.72460106849,2024.74992441908,NA,Central,Central
956,957,0.0356355037018203,-100.855129757267,41.5264931303045,-80.6500763734928,26.2676539857272,0.300521350527092,0.264885846825271,2024.71569993158,2024.75133543528,NA,Pacific,Atlantic
957,958,0.000236643769597089,-80.6500763734928,26.2676539857272,-80.6547712003305,26.2705978354629,0.300757994296689,0.300521350527092,2024.75133543528,2024.75157207905,NA,Atlantic,Atlantic
925,926,0.00418920835304371,-102.45907571294,46.305597827727,-101.069687473237,45.0075017200774,0.301315644818096,0.297126436465053,2024.74794052122,2024.75212972957,NA,Central,Central
1235,1239,0.0192474456305929,-93.405805956687,34.9754120593877,-93.6995537591804,34.7027767693792,0.302584590720868,0.283337145090275,2024.73415122984,2024.75339867547,NA,Mississippi,Atlantic
1276,1277,0.0079388949525423,-97.5445224851035,34.7853771897448,-98.3250679786654,34.3224388544611,0.302818925364142,0.2948800304116,2024.74569411516,2024.75363301011,NA,Atlantic,Atlantic
1091,1092,0.0560928831949083,-112.257148204181,45.1850378779529,-114.357678680266,43.9339937113223,0.308156374780153,0.252063491585244,2024.70287757634,2024.75897045953,NA,Pacific,Pacific
1327,1328,0.0315966857427199,-110.416305543669,35.6650230888532,-113.26715880283,40.5148370332865,0.310256362536889,0.278659676794169,2024.72947376154,2024.76107044729,NA,Central,Central
714,715,0.0251179755365873,-104.390586103588,46.4983332998167,-103.858365865072,46.5892156185693,0.314197659627055,0.289079684090468,2024.73989376884,2024.76501174438,NA,Pacific,Pacific
1020,1021,0.0962343804458901,-106.330244117482,35.5307358428372,-112.561937506962,37.7337218372579,0.315903916324437,0.219669535878547,2024.67048362063,2024.76671800107,NA,Central,Pacific
1192,1193,0.0230027205210934,-109.553412069798,35.2340257395267,-109.974670086244,35.1262630203023,0.316034477085287,0.293031756564193,2024.74384584131,2024.76684856184,NA,Mississippi,Mississippi
1125,1126,0.0304249279023261,-103.712274540428,48.708486558646,-103.271333870352,45.3966306631805,0.316312979812497,0.285888051910171,2024.73670213666,2024.76712706456,NA,Mississippi,Mississippi
1239,1240,0.0141218992769576,-93.6995537591804,34.7027767693792,-98.8909489462251,32.1459393690586,0.316706489997826,0.302584590720868,2024.75339867547,2024.76752057475,NA,Atlantic,Atlantic
1006,1011,0.0265642933264809,-103.972444596965,48.1191687169933,-101.935381619544,45.7035601676824,0.316724465149058,0.290160171822577,2024.74097425657,2024.7675385499,NA,Pacific,Pacific
926,927,0.0159278245147219,-101.069687473237,45.0075017200774,-101.101961158742,45.2809099550873,0.317243469332818,0.301315644818096,2024.75212972957,2024.76805755408,NA,Central,Central
924,931,0.0503788201372151,-106.868826791666,46.1179719723981,-106.478393785319,45.9259821090243,0.317888494398151,0.267509674260936,2024.71832375901,2024.76870257915,NA,Central,Central
1156,1157,0.0370071880740475,-102.824512998302,37.0528180991094,-102.206829151218,36.291410143307,0.318060921235554,0.281053733161506,2024.73186781791,2024.76887500599,NA,Mississippi,Mississippi
1041,1048,0.0649977259164858,-113.051308892309,48.2003236364082,-115.914347048677,47.1595086039068,0.318206028273937,0.253208302357451,2024.70402238711,2024.76902011302,NA,Central,Central
682,1023,0.227241280266177,-98.2892161607352,36.352580669745,-98.3389259261804,36.5803690619398,0.318673436196791,0.0914321559306142,2024.54224624068,2024.76948752095,NA,Central,Central
691,692,0.0390354267298485,-100.811214727205,46.9156389011614,-121.088840606091,40.6555038135592,0.319312892344569,0.280277465614721,2024.73109155036,2024.77012697709,NA,Central,Mississippi
958,959,0.0192443756075127,-80.6547712003305,26.2705978354629,-84.9772059014107,29.6075819213623,0.320002369904201,0.300757994296689,2024.75157207905,2024.77081645465,NA,Atlantic,Atlantic
1081,1082,0.106538540437153,-113.063692406118,43.4627553980311,-121.32885161672,39.7522763443877,0.320407949243041,0.213869408805888,2024.66468349356,2024.77122203399,NA,Pacific,Central
717,722,0.0455528832024374,-103.809744146871,43.8296472794938,-103.533812630028,43.5304545745652,0.320466855927297,0.274913972724859,2024.72572805747,2024.77128094068,NA,Pacific,Pacific
1018,1019,0.026222374683412,-105.717243909629,46.8760366349585,-105.053576636903,45.0585107687941,0.32053993700255,0.294317562319138,2024.74513164707,2024.77135402175,NA,Central,Central
1089,1090,0.0487905630285552,-116.422697575213,37.4687471485628,-115.281063641955,36.6652382002991,0.32174439205992,0.272953829031365,2024.72376791378,2024.77255847681,NA,Pacific,Pacific
1085,1087,0.0494228892405,-113.704030842019,45.0435728150154,-110.058990258944,43.9056290305306,0.322089537501111,0.272666648260611,2024.72348073301,2024.77290362225,NA,Pacific,Pacific
954,955,0.0698357309754929,-100.877748502473,41.5247153080624,-100.470746309166,40.8525700258784,0.322193896735136,0.252358165759643,2024.70317225051,2024.77300798149,NA,Pacific,Pacific
695,696,0.0544903439317919,-103.298745583375,47.4377240090162,-121.714837964172,43.4389220704058,0.322493061589891,0.268002717658099,2024.71881680241,2024.77330714634,NA,Pacific,Mississippi
1085,1086,0.0511332282945025,-113.704030842019,45.0435728150154,-116.267333091723,42.2147385338193,0.323799876555113,0.272666648260611,2024.72348073301,2024.77461396131,NA,Pacific,Pacific
705,706,0.033861111152401,-98.5633987103337,46.1150274173329,-99.8615119375749,46.2667735018564,0.324784814309454,0.290923703157053,2024.74173778791,2024.77559889906,NA,Pacific,Pacific
1198,1199,0.0640325744514811,-102.394151082872,36.2604746698149,-104.420214046829,37.5153103540752,0.325672877275915,0.261640302824433,2024.71245438757,2024.77648696203,NA,Mississippi,Atlantic
1172,1173,0.0287594050148425,-104.49860783772,35.3333422928929,-101.688879743035,35.1810531056002,0.326460554200552,0.297701149185709,2024.74851523394,2024.77727463895,NA,Mississippi,Mississippi
1066,1067,0.0692967684615382,-114.085540048058,45.7875276595991,-114.35660860828,46.4743893293853,0.326515477677182,0.257218709215643,2024.70803279397,2024.77732956243,NA,Central,Central
1031,1034,0.0910213368511956,-94.2681687799972,44.3145970679272,-112.78381037789,47.89031188173,0.326931416100868,0.235910079249672,2024.686724164,2024.77774550085,NA,Pacific,Mississippi
959,971,0.0069930123883839,-84.9772059014107,29.6075819213623,-85.9719136882046,30.5136175553329,0.326995382292585,0.320002369904201,2024.77081645465,2024.77780946704,NA,Atlantic,Atlantic
959,960,0.00729063137199848,-84.9772059014107,29.6075819213623,-85.1485650316422,29.8969524967618,0.3272930012762,0.320002369904201,2024.77081645465,2024.77810708603,NA,Atlantic,Atlantic
1048,1054,0.00910769166680758,-115.914347048677,47.1595086039068,-118.076865657846,44.8263860675105,0.327313719940744,0.318206028273937,2024.76902011302,2024.77812780469,NA,Central,Central
1173,1174,0.000931395679272917,-101.688879743035,35.1810531056002,-101.387463214275,34.8274537050686,0.327391949879825,0.326460554200552,2024.77727463895,2024.77820603463,NA,Mississippi,Mississippi
1259,1262,0.0561329538194586,-99.2210921987265,35.4242297845299,-99.3396417475978,35.3427669192598,0.327494955003161,0.271362001183702,2024.72217608593,2024.77830903975,NA,Atlantic,Atlantic
925,930,0.0304187648520646,-102.45907571294,46.305597827727,-98.3665835145744,43.8867622489623,0.327545201317117,0.297126436465053,2024.74794052122,2024.77835928607,NA,Central,Central
933,934,0.0605517147047634,-105.524299178671,47.4571014751599,-101.284255682334,48.9542631150886,0.327870128825898,0.267318414121134,2024.71813249887,2024.77868421358,NA,Central,Mississippi
1228,4,0.189397727970973,-100.533496962588,42.4115048335912,-123.822580338926,43.058590255729,0.327874439839874,0.138476711868901,2024.58929079662,2024.77868852459,SRR34491317|A/mallard/NV/24-030919-002/2024|H5N1|USA-NV|Churchill|2024-10-12|wild_avian|D1.1,Mississippi,Pacific
1229,1230,0.0550517947093645,-83.3463465969817,37.7805957054508,-84.3219657690478,38.1669382459864,0.328548290077911,0.273496495368547,2024.72431058012,2024.77936237483,NA,Pacific,Pacific
1067,1068,0.00206784181547515,-114.35660860828,46.4743893293853,-115.769508579899,45.9615088987844,0.328583319492657,0.326515477677182,2024.77732956243,2024.77939740424,NA,Central,Central
1234,1252,0.0571950299066954,-92.9942541078066,34.462357297902,-98.3364864887495,32.1078094540635,0.328585504272174,0.271390474365478,2024.72220455912,2024.77939958902,NA,Atlantic,Atlantic
1277,1278,0.0260694781732582,-98.3250679786654,34.3224388544611,-100.18440847074,33.1988072758038,0.3288884035374,0.302818925364142,2024.75363301011,2024.77970248829,NA,Atlantic,Atlantic
957,990,0.0292978042311494,-80.6500763734928,26.2676539857272,-80.190964721372,26.8423031915836,0.329819154758241,0.300521350527092,2024.75133543528,2024.78063323951,NA,Atlantic,Mississippi
1215,1217,0.0361677717591036,-108.051421457628,35.9848352526694,-104.138658020192,39.8896297113199,0.33093782644283,0.294770054683726,2024.74558413943,2024.78175191119,NA,Mississippi,Mississippi
960,970,0.00377223849634434,-85.1485650316422,29.8969524967618,-84.3261639636126,30.4310122786364,0.331065239772544,0.3272930012762,2024.77810708603,2024.78187932452,NA,Atlantic,Atlantic
907,908,0.0473906130400128,-106.238455629596,43.2123641318857,-101.6577719757,42.4344300961709,0.331375945169595,0.283985332129582,2024.73479941688,2024.78219002992,NA,Central,Central
934,935,0.00364002971594779,-101.284255682334,48.9542631150886,-100.354794011492,47.3891413047615,0.331510158541845,0.327870128825898,2024.77868421358,2024.78232424329,NA,Mississippi,Mississippi
1108,1109,0.0487362414935506,-115.138986371558,45.5446306891237,-117.490114361829,43.2167447959544,0.331514875144955,0.282778633651404,2024.7335927184,2024.7823289599,NA,Central,Central
1252,1253,0.00300828499827599,-98.3364864887495,32.1078094540635,-98.3777493449057,32.5625923966574,0.33159378927045,0.328585504272174,2024.77939958902,2024.78240787402,NA,Atlantic,Atlantic
1048,1049,0.013476290237004,-115.914347048677,47.1595086039068,-118.652490072777,47.6243867587104,0.331682318510941,0.318206028273937,2024.76902011302,2024.78249640326,NA,Central,Central
1049,1051,0.000184721533195153,-118.652490072777,47.6243867587104,-118.671994437819,47.5741537901735,0.331867040044136,0.331682318510941,2024.78249640326,2024.78268112479,NA,Central,Central
1054,1055,0.00463012981832844,-118.076865657846,44.8263860675105,-118.023181959059,44.800172988777,0.331943849759073,0.327313719940744,2024.77812780469,2024.78275793451,NA,Central,Central
1174,1177,0.00459644026918093,-101.387463214275,34.8274537050686,-103.307580022643,34.957511130194,0.331988390149005,0.327391949879825,2024.77820603463,2024.7828024749,NA,Mississippi,Mississippi
1275,1298,0.0586683166471271,-95.676489287911,37.4018294858794,-83.7180333467055,32.2361434767157,0.332212531201939,0.273544214554812,2024.72435829931,2024.78302661595,NA,Atlantic,Mississippi
922,948,0.0807858590615214,-100.450952987848,40.5874927247411,-100.152118923416,41.2609533512903,0.332492916577053,0.251707057515532,2024.70252114227,2024.78330700133,NA,Pacific,Pacific
1192,1196,0.0394804822801724,-109.553412069798,35.2340257395267,-109.593097854484,36.0076981562665,0.332512238844366,0.293031756564193,2024.74384584131,2024.78332632359,NA,Mississippi,Mississippi
935,936,0.00160073404361749,-100.354794011492,47.3891413047615,-100.552219123482,48.2347164582742,0.333110892585463,0.331510158541845,2024.78232424329,2024.78392497734,NA,Mississippi,Mississippi
715,716,0.0208113022211309,-103.858365865072,46.5892156185693,-103.598019118626,47.2369367209765,0.335008961848186,0.314197659627055,2024.76501174438,2024.7858230466,NA,Pacific,Central
1125,1130,0.04921391155759,-103.712274540428,48.708486558646,-102.046582302312,47.8842589347501,0.335101963467761,0.285888051910171,2024.73670213666,2024.78591604822,NA,Mississippi,Mississippi
1310,1311,0.0790021573979673,-94.6450201731274,45.3896387129193,-91.8762124924062,43.9206763708136,0.335726386211002,0.256724228813035,2024.70753831356,2024.78654047096,NA,Mississippi,Mississippi
1092,252,0.0279147863713269,-114.357678680266,43.9339937113223,-108.239974953724,45.5759102861373,0.33607116115148,0.308156374780153,2024.75897045953,2024.7868852459,SRR34491564|A/northern_pintail/WA/24-030720-008/2024|H5N1|USA-WA|Grant|2024-10-15|wild_avian|D1.1,Pacific,Pacific
1032,1033,0.0714502986544678,-95.3885553675877,45.7697025241788,-85.4886538898817,43.9671277103507,0.337157014836088,0.26570671618162,2024.71652080093,2024.78797109959,NA,Pacific,Pacific
1046,1047,0.0392623939134764,-113.23930603184,47.68216335767,-113.104621380996,48.6237423463362,0.338372728246884,0.299110334333408,2024.74992441908,2024.789186813,NA,Central,Central
1011,1014,0.0244956890042902,-101.935381619544,45.7035601676824,-100.621995340698,44.6050183275958,0.341220154153349,0.316724465149058,2024.7675385499,2024.7920342389,NA,Pacific,Pacific
1135,1136,0.0905019366197295,-102.538991833058,37.0164079159131,-97.0940734158101,38.1233926934357,0.342728501187675,0.252226564567945,2024.70304064932,2024.79354258594,NA,Mississippi,Mississippi
1181,1185,0.068834713801956,-103.837459594358,35.7875649263082,-107.279251346188,36.2689637130743,0.344121663301385,0.275286949499429,2024.72610103425,2024.79493574805,NA,Mississippi,Mississippi
998,999,0.112098797743965,-102.829752325166,45.155678941279,-107.000523341482,38.6352795590207,0.344790774553118,0.232691976809152,2024.68350606156,2024.7956048593,NA,Pacific,Central
692,693,0.0258410214534057,-121.088840606091,40.6555038135592,-120.242659941365,40.4496031550711,0.345153913797975,0.319312892344569,2024.77012697709,2024.79596799855,NA,Mississippi,Mississippi
1350,241,0.129706954406569,-115.256447287532,47.9787088828118,-112.85821801588,36.3880971824143,0.347000122899984,0.217293168493416,2024.66810725324,2024.79781420765,SRR34491467|A/mallard/WA/24-031817-001/2024|H5N1|USA-WA|Grant|2024-10-19|wild_avian|D1.1,Central,Pacific
691,615,0.0667226572852635,-100.811214727205,46.9156389011614,-103.770931511015,34.8537545475085,0.347000122899984,0.280277465614721,2024.73109155036,2024.79781420765,SRR34491407|A/american_white_pelican/CA/24-031867-001/2024|H5N1|USA-CA|San_Diego|2024-10-19|wild_avian|D1.1,Central,Pacific
1019,558,0.0264601858974345,-105.053576636903,45.0585107687941,-111.126535265846,46.7895078357527,0.347000122899984,0.32053993700255,2024.77135402175,2024.79781420765,SRR36628568|A/green_winged_teal/MT/24-031811-004/2024|H5N1|USA-MT|Broadwater|2024-10-19|wild_avian|D1.1,Central,Pacific
1209,1210,0.0759865052264779,-105.330782665779,35.6697059197525,-100.676753774972,36.9913407419182,0.347903446709111,0.271916941482633,2024.72273102623,2024.79871753146,NA,Mississippi,Mississippi
950,951,0.0711889816184887,-101.562590927361,39.6032774468365,-112.644503612562,34.7824373335451,0.349324643224264,0.278135661605775,2024.72894974636,2024.80013872797,NA,Pacific,Pacific
1055,1056,0.0193429344611675,-118.023181959059,44.800172988777,-115.080774888954,43.6888407992017,0.35128678422024,0.331943849759073,2024.78275793451,2024.80210086897,NA,Central,Mississippi
1022,285,0.0845198044681219,-106.668621304866,35.8102536039228,-88.6730134504736,35.0004955697086,0.352464603774464,0.267944799306342,2024.71875888406,2024.80327868852,SRR34491396|A/cackling_goose/OR/24-031821-001/2024|H5N1|USA-OR|Marion|2024-10-21|wild_avian|D1.1,Pacific,Pacific
706,707,0.0286576435735724,-99.8615119375749,46.2667735018564,-99.8546468424817,46.259771721201,0.353442457883026,0.324784814309454,2024.77559889906,2024.80425654263,NA,Pacific,Pacific
1093,249,0.102705465309186,-116.458564443589,48.3875686985538,-99.9448309061296,45.2853841513638,0.360661325085843,0.257955859776656,2024.70876994453,2024.81147540984,SRR34491527|A/american_coot/MN/24-032215-004/2024|H5N1|USA-MN|Itasca|2024-10-24|wild_avian|D1.1,Pacific,Mississippi
1094,250,0.0949195403879675,-116.320016685991,48.0051591633803,-102.326969444844,39.5082030344554,0.360661325085843,0.265741784697875,2024.71655586945,2024.81147540984,SRR34491441|A/american_coot/MN/24-032215-006/2024|H5N1|USA-MN|Itasca|2024-10-24|wild_avian|D1.1,Pacific,Mississippi
1174,1175,0.0352276653497312,-101.387463214275,34.8274537050686,-100.55013163267,34.9708867769449,0.362619615229556,0.327391949879825,2024.77820603463,2024.81343369998,NA,Mississippi,Mississippi
1325,1342,0.0890738970811118,-111.174976617128,35.8035867346089,-113.192154255275,41.1728699073544,0.362961809163044,0.273887912081932,2024.72470199683,2024.81377589391,NA,Central,Central
990,991,0.0346331401802105,-80.190964721372,26.8423031915836,-81.9975471406019,27.8489164479672,0.364452294938451,0.329819154758241,2024.78063323951,2024.81526637969,NA,Mississippi,Atlantic
1342,1343,0.00162987866724262,-113.192154255275,41.1728699073544,-113.371696060625,41.1929568985548,0.364591687830286,0.362961809163044,2024.81377589391,2024.81540577258,NA,Central,Central
1204,1205,0.106757794170865,-102.908035498126,35.0807494876009,-103.556885445339,32.8194095879966,0.37277177301359,0.266013978842725,2024.71682806359,2024.82358585776,NA,Mississippi,Atlantic
1217,1218,0.0434798520793913,-104.138658020192,39.8896297113199,-103.142471203038,39.9040175573485,0.374417678522221,0.33093782644283,2024.78175191119,2024.82523176327,NA,Mississippi,Mississippi
1240,1246,0.0596613135000803,-98.8909489462251,32.1459393690586,-99.6026168555828,30.2753060456927,0.376367803497906,0.316706489997826,2024.76752057475,2024.82718188825,NA,Atlantic,Atlantic
1049,1050,0.0448898546825638,-118.652490072777,47.6243867587104,-116.898923150713,48.1205942568431,0.376572173193504,0.331682318510941,2024.78249640326,2024.82738625794,NA,Central,Mississippi
1094,251,0.111312983010952,-116.320016685991,48.0051591633803,-113.00531500513,46.7321651171614,0.377054767708827,0.265741784697875,2024.71655586945,2024.82786885246,SRR34491342|A/bald_eagle/MT/24-033248-001/2024|H5N1|USA-MT|Flathead|2024-10-30|wild_avian|D1.1,Pacific,Pacific
1354,278,0.0994615598457009,-110.19216450082,40.5144348368465,-109.985251550488,43.6171547994303,0.382519248583079,0.283057688737378,2024.73387177349,2024.83333333333,SRR36628797|A/northern_shoveler/NV/24-033106-004/2024|H5N1|USA-NV|Churchill|2024-11-01|wild_avian|D1.1,Pacific,Pacific
1349,238,0.0848588280063598,-111.196673752938,42.074854750023,-111.777181839213,41.76533481128,0.382519248583079,0.297660420576719,2024.74847450533,2024.83333333333,SRR36617768|A/great_horned_owl/WY/24-033104-001/2024|H5N1|USA-WY|Albany|2024-11-01|wild_avian|D1.1,Central,Central
1028,629,0.111686500926861,-105.221265037635,39.2752525352793,-109.025113651128,37.9240471644409,0.385251489020205,0.273564988093345,2024.72437907284,2024.83606557377,SRR34491332|A/mallard/NV/24-033109-013/2024|H5N1|USA-NV|Churchill|2024-11-02|wild_avian|D1.1,Pacific,Pacific
1014,594,0.0522280561784627,-100.621995340698,44.6050183275958,-95.864587640761,41.7497999518684,0.393448210331811,0.341220154153349,2024.7920342389,2024.84426229508,SRR34491322|A/green_winged_teal/WA/24-033431-002/2024|H5N1|USA-WA|Grant|2024-11-05|wild_avian|D1.1,Pacific,Pacific
936,937,0.0647276399506125,-100.552219123482,48.2347164582742,-100.544133988253,48.2171826060009,0.397838532536075,0.333110892585463,2024.78392497734,2024.84865261729,NA,Mississippi,Mississippi
1342,1344,0.0351595272725604,-113.192154255275,41.1728699073544,-109.153736278731,36.7813491343802,0.398121336435604,0.362961809163044,2024.81377589391,2024.84893542119,NA,Central,Pacific
1352,243,0.141422886770685,-115.997558060056,47.8341422887086,-118.854781637298,42.5030253192598,0.398912691206064,0.257489804435378,2024.70830388919,2024.84972677596,SRR34491320|A/ross_s_goose/ND/24-034667-001/2024|H5N1|USA-ND|Divide|2024-11-07|wild_avian|D1.1,Central,Central
1022,286,0.130967891899721,-106.668621304866,35.8102536039228,-121.264741329011,46.9509103900763,0.398912691206064,0.267944799306342,2024.71875888406,2024.84972677596,SRR34491321|A/cackling_goose/OR/24-033931-001/2024|H5N1|USA-OR|Washington|2024-11-07|wild_avian|D1.1,Pacific,Pacific
725,728,0.108905388235617,-103.112006888232,42.2678762822728,-100.749171440065,39.1202798089056,0.398917780561446,0.290012392325829,2024.74082647708,2024.84973186531,NA,Central,Central
1011,1012,0.0827898019779856,-101.935381619544,45.7035601676824,-104.110823468736,46.8263142206651,0.399514267127044,0.316724465149058,2024.7675385499,2024.85032835188,NA,Pacific,Pacific
1313,1315,0.146098760788088,-113.217593756235,38.0018041155403,-93.6212514431132,41.8447143196874,0.399612102550953,0.253513341762865,2024.70432742651,2024.8504261873,NA,Central,Mississippi
1126,1127,0.0838524216137451,-103.271333870352,45.3966306631805,-103.3496186999,45.4173882506626,0.400165401426242,0.316312979812497,2024.76712706456,2024.85097948618,NA,Mississippi,Mississippi
1012,1013,0.000910812525195981,-104.110823468736,46.8263142206651,-104.620636854308,47.503454203154,0.40042507965224,0.399514267127044,2024.85032835188,2024.8512391644,NA,Pacific,Pacific
1178,1179,0.10248008029529,-107.431792069523,35.329746880695,-113.137563439656,42.6015293152347,0.401492630857518,0.299012550562228,2024.74982663531,2024.85230671561,NA,Mississippi,Atlantic
1075,624,0.149009286536739,-101.854226733448,34.7536927430296,-85.2227313471914,33.4884764282162,0.40164493164319,0.25263564510645,2024.70344972986,2024.85245901639,SRR36617252|A/green_winged_teal/TX/24-037863-003/2024|H5N1|USA-TX|Chambers|2024-11-08|wild_avian|D1.1,Central,Central
1225,2,0.115964851503686,-87.0625869627669,45.8564059644652,-105.13593690032,41.8582699354079,0.40164493164319,0.285680080139503,2024.73649416489,2024.85245901639,SRR36628420|A/blue_winged_teal/TX/24-037863-008/2024|H5N1|USA-TX|Chambers|2024-11-08|wild_avian|D1.1,Central,Central
934,946,0.074009249194801,-101.284255682334,48.9542631150886,-100.943805621931,48.7397008395966,0.401879378020699,0.327870128825898,2024.77868421358,2024.85269346277,NA,Mississippi,Mississippi
1051,1052,0.0701219410825427,-118.671994437819,47.5741537901735,-112.716975347787,43.2066752935493,0.401988981126678,0.331867040044136,2024.78268112479,2024.85280306588,NA,Central,Central
1127,1129,0.00290709067445216,-103.3496186999,45.4173882506626,-103.243336868003,45.0822688196381,0.403072492100694,0.400165401426242,2024.85097948618,2024.85388657685,NA,Mississippi,Mississippi
1106,274,0.189244226192848,-111.515900536851,43.4282489803659,-118.728365460323,39.6831369480245,0.404377172080316,0.215132945887468,2024.66594703064,2024.85519125683,SRR34491500|A/green_winged_teal/OK/24-034551-045/2024|H5N1|USA-OK|Sequoyah|2024-11-09|wild_avian|D1.1,Central,Central
1057,671,0.137427858339048,-114.449470827149,48.3689406900613,-114.374088685512,44.4295877683249,0.404377172080316,0.266949313741268,2024.71776339849,2024.85519125683,SRR36628704|A/green_winged_teal/OK/24-034551-041/2024|H5N1|USA-OK|Sequoyah|2024-11-09|wild_avian|D1.1,Central,Central
949,549,0.130229255304517,-101.752780335534,39.5905695949148,-89.2086607076229,39.2226823149528,0.404377172080316,0.274147916775799,2024.72496200153,2024.85519125683,SRR34491499|A/green_winged_teal/KS/24-034556-004/2024|H5N1|USA-KS|Crawford|2024-11-09|wild_avian|D1.1,Pacific,Central
1047,655,0.0660044438334315,-113.104621380996,48.6237423463362,-112.559476849532,44.738348805821,0.404377172080316,0.338372728246884,2024.789186813,2024.85519125683,SRR34491498|A/green_winged_teal/KS/24-034557-008/2024|H5N1|USA-KS|Neosho|2024-11-09|wild_avian|D1.1,Central,Central
1210,1211,0.0576018795950797,-100.676753774972,36.9913407419182,-101.064110246499,39.7342723620995,0.40550532630419,0.347903446709111,2024.79871753146,2024.85631941105,NA,Mississippi,Mississippi
1218,1219,0.0321316243791332,-103.142471203038,39.9040175573485,-104.519595376289,40.6502938497488,0.406549302901354,0.374417678522221,2024.82523176327,2024.85736338765,NA,Mississippi,Mississippi
1103,1104,0.182518672523269,-118.292447390476,39.3101476771328,-118.452597131946,41.6991515794966,0.408479589209187,0.225960916685918,2024.67677500144,2024.85929367396,NA,Central,Central
999,1000,0.0640547701639087,-107.000523341482,38.6352795590207,-106.946886223292,38.5823928867804,0.408845544717026,0.344790774553118,2024.7956048593,2024.85965962947,NA,Central,Central
1186,1187,0.129278655288878,-104.609027624139,36.3267573613586,-107.103599515001,36.1025745823324,0.409139332173634,0.279860676884756,2024.73067476163,2024.85995341692,NA,Mississippi,Atlantic
1157,1158,0.0915429245877748,-102.206829151218,36.291410143307,-97.5769460974968,35.8617848934648,0.409603845823329,0.318060921235554,2024.76887500599,2024.86041793057,NA,Mississippi,Mississippi
1130,1131,0.0775527566928165,-102.046582302312,47.8842589347501,-109.086227471128,45.8907847544704,0.412654720160577,0.335101963467761,2024.78591604822,2024.86346880491,NA,Mississippi,Mississippi
1278,1295,0.0842941651650824,-100.18440847074,33.1988072758038,-98.7127107031041,29.5217485247247,0.413182568702483,0.3288884035374,2024.77970248829,2024.86399665345,NA,Atlantic,Atlantic
1130,1133,0.078344766387167,-102.046582302312,47.8842589347501,-99.93996529955,44.5836061481888,0.413446729854928,0.335101963467761,2024.78591604822,2024.86426081461,NA,Mississippi,Mississippi
728,729,0.0157922707209157,-100.749171440065,39.1202798089056,-102.538467171633,41.8200777320932,0.414710051282361,0.398917780561446,2024.84973186531,2024.86552413603,NA,Central,Central
1349,237,0.117645713252329,-111.196673752938,42.074854750023,-117.880215890807,41.4592338199641,0.415306133829048,0.297660420576719,2024.74847450533,2024.86612021858,SRR34491488|A/trumpeter_swan/ID/24-034853-002/2024|H5N1|USA-ID|Jefferson|2024-11-13|wild_avian|D1.1,Central,Pacific
955,577,0.0931122370939119,-100.470746309166,40.8525700258784,-104.437513701413,42.0836954536509,0.415306133829048,0.322193896735136,2024.77300798149,2024.86612021858,SRR34491487|A/trumpeter_swan/ID/24-034853-004/2024|H5N1|USA-ID|Jefferson|2024-11-13|wild_avian|D1.1,Pacific,Pacific
1262,1263,0.0885476465974953,-99.3396417475978,35.3427669192598,-99.1451434364287,37.0944519908212,0.416042601600656,0.327494955003161,2024.77830903975,2024.86685668635,NA,Atlantic,Atlantic
1263,1266,9.94458751197858e-05,-99.1451434364287,37.0944519908212,-99.159934523831,37.0965913587797,0.416142047475776,0.416042601600656,2024.86685668635,2024.86695613223,NA,Atlantic,Atlantic
1295,1296,0.00415548924237141,-98.7127107031041,29.5217485247247,-97.9766790720893,27.1992956414165,0.417338057944854,0.413182568702483,2024.86399665345,2024.86815214269,NA,Atlantic,Atlantic
1122,140,0.124055256288612,-105.699855699408,39.9727389002144,-100.306402071258,32.390882512914,0.418038374266174,0.293983117977562,2024.74479720273,2024.86885245902,SRR34491480|A/ring_necked_duck/MN/24-035413-001/2024|H5N1|USA-MN|Cass|2024-11-14|wild_avian|D1.1,Mississippi,Mississippi
1121,142,0.122833136317727,-99.9093103530917,41.5378571504942,-90.3751503752575,40.4759871608562,0.418038374266174,0.295205237948448,2024.7460193227,2024.86885245902,SRR34491479|A/canvasback/MN/24-035695-001/2024|H5N1|USA-MN|Wabasha|2024-11-14|wild_avian|D1.1,Mississippi,Mississippi
1208,212,0.138004130195577,-105.727685478526,33.8814409921805,-92.0639221242661,30.3737487599578,0.4207706147033,0.282766484507723,2024.73358056926,2024.87158469945,SRR34491411|A/green_winged_teal/ND/24-034964-002/2024|H5N1|USA-ND|LaMoure|2024-11-15|wild_avian|D1.1,Mississippi,Central
1017,554,0.131060098962032,-104.737880220014,47.4603367308939,-105.250588592108,47.241941051196,0.4207706147033,0.289710515741269,2024.74052460049,2024.87158469945,SRR36617493|A/golden_eagle/CO/25-010611-001/2024|H5N1|USA-CO|Morgan|2024-11-15|wild_avian|D1.1,Central,Central
1230,5,0.0922223246253893,-84.3219657690478,38.1669382459864,-82.8425897571925,38.6034619734794,0.4207706147033,0.328548290077911,2024.77936237483,2024.87158469945,SRR34491413|A/mallard/UT/24-034892-003/2024|H5N1|USA-UT|Box_Elder|2024-11-15|wild_avian|D1.1,Pacific,Pacific
1328,10,0.113246492603538,-113.26715880283,40.5148370332865,-110.769565033633,47.0217101106888,0.423502855140427,0.310256362536889,2024.76107044729,2024.87431693989,SRR34491574|A/green_winged_teal/IL/24-035153-025/2024|H5N1|USA-IL|Clinton|2024-11-16|wild_avian|D1.1,Central,Mississippi
1090,254,0.101758463080507,-115.281063641955,36.6652382002991,-116.649285449478,44.7530215915131,0.423502855140427,0.32174439205992,2024.77255847681,2024.87431693989,SRR34491569|A/gadwall/CA/24-035297-036/2024|H5N1|USA-CA|Fresno|2024-11-16|wild_avian|D1.1,Pacific,Pacific
953,576,0.157697872980239,-100.530901625858,36.5488689005766,-113.918595765666,32.8436257079696,0.42623509557778,0.268537222597541,2024.71935130735,2024.87704918033,SRR34491566|A/northern_pintail/IL/24-035154-001/2024|H5N1|USA-IL|Clinton|2024-11-17|wild_avian|D1.1,Central,Mississippi
1021,287,0.123992381438973,-112.561937506962,37.7337218372579,-108.210524345285,34.391533320183,0.439896297763411,0.315903916324437,2024.76671800107,2024.89071038251,SRR36617849|A/house_sparrow/AZ/24-036612-005/2024|H5N1|USA-AZ|Pinal|2024-11-22|wild_avian|D1.1,Pacific,Pacific
1246,1249,0.0649247879495463,-99.6026168555828,30.2753060456927,-104.968563737247,31.9424231795476,0.441292591447452,0.376367803497906,2024.82718188825,2024.8921066762,NA,Atlantic,Atlantic
725,726,0.152016767513737,-103.112006888232,42.2678762822728,-97.1472573853513,43.6454518108624,0.442029159839566,0.290012392325829,2024.74082647708,2024.89284324459,NA,Central,Central
1344,1346,0.0440121861948952,-109.153736278731,36.7813491343802,-109.503887009051,35.1292139357785,0.442133522630499,0.398121336435604,2024.84893542119,2024.89294760738,NA,Pacific,Pacific
729,734,0.0275371726486187,-102.538467171633,41.8200777320932,-103.93591581899,43.6495112778492,0.44224722393098,0.414710051282361,2024.86552413603,2024.89306130868,NA,Central,Central
1124,137,0.182440351050618,-100.095211805874,44.5328069309759,-97.0876145257041,30.6709768445682,0.442628538200537,0.260188187149919,2024.7110022719,2024.89344262295,SRR34491475|A/blue_winged_teal/FL/24-036665-004/2024|H5N1|USA-FL|Palm_Beach|2024-11-23|wild_avian|D1.1,Mississippi,Atlantic
1120,144,0.172132949157991,-103.596626163735,41.5372875641608,-111.950303980425,41.0122353587888,0.442628538200537,0.270495589042546,2024.72130967379,2024.89344262295,SRR36617263|A/ring_necked_duck/GA/24-036176-005/2024|H5N1|USA-GA|Seminole|2024-11-23|wild_avian|D1.1,Mississippi,Atlantic
1122,141,0.148645420222975,-105.699855699408,39.9727389002144,-90.6246888056172,43.1365529370352,0.442628538200537,0.293983117977562,2024.74479720273,2024.89344262295,SRR34491474|A/blue_winged_teal/FL/24-036665-008/2024|H5N1|USA-FL|Palm_Beach|2024-11-23|wild_avian|D1.1,Mississippi,Atlantic
1121,143,0.147423300252089,-99.9093103530917,41.5378571504942,-100.035996013873,42.0884369053671,0.442628538200537,0.295205237948448,2024.7460193227,2024.89344262295,EPI_ISL_19777455|A/northern_pintail/Tennessee/158/2024|H5N1|USA-TN|Unknown|2024-11-23|wild_avian|D1.1,Mississippi,Mississippi
1131,136,0.02997381803996,-109.086227471128,45.8907847544704,-92.281415584976,45.0973273499489,0.442628538200537,0.412654720160577,2024.86346880491,2024.89344262295,SRR36617264|A/ring_necked_duck/GA/24-036176-004/2024|H5N1|USA-GA|Seminole|2024-11-23|wild_avian|D1.1,Mississippi,Atlantic
1315,1316,0.0432992037931124,-93.6212514431132,41.8447143196874,-93.6434668138819,41.8050172028408,0.442911306344066,0.399612102550953,2024.8504261873,2024.89372539109,NA,Mississippi,Mississippi
1240,1241,0.126291322167104,-98.8909489462251,32.1459393690586,-102.618533541518,31.6251480854424,0.44299781216493,0.316706489997826,2024.76752057475,2024.89381189692,NA,Atlantic,Atlantic
1253,1254,0.112364046161991,-98.3777493449057,32.5625923966574,-99.1340752804347,33.0276590729742,0.44395783543244,0.33159378927045,2024.78240787402,2024.89477192018,NA,Atlantic,Atlantic
1263,1264,0.0286111321459934,-99.1451434364287,37.0944519908212,-98.4234262674884,38.2407091595595,0.444653733746649,0.416042601600656,2024.86685668635,2024.8954678185,NA,Atlantic,Atlantic
960,961,0.117367059833969,-85.1485650316422,29.8969524967618,-80.8074360877652,32.5764338007075,0.444660061110169,0.3272930012762,2024.77810708603,2024.89547414586,NA,Atlantic,Atlantic
1015,555,0.22242291831124,-102.422054783441,46.5550090661096,-103.321081594932,37.6215788352027,0.445360778637891,0.222937860326651,2024.67375194508,2024.89617486339,SRR36617504|A/mallard_duck/NE/25-004748-004/2024|H5N1|USA-NE|Buffalo|2024-11-24|wild_avian|D1.1,Central,Central
1107,269,0.173980268622135,-113.812537303782,45.448602912098,-113.894482513728,45.6712670933675,0.445360778637891,0.271380510015756,2024.72219459477,2024.89617486339,SRR36617491|A/Peregrine_falcon/CO/25-019366-001/2024|H5N1|USA-CO|Denver|2024-11-24|wild_avian|D1.1,Central,Central
1058,644,0.171019211968696,-112.645251578404,46.5380991551119,-117.870077045518,45.7081154939702,0.445360778637891,0.274341566669194,2024.72515565142,2024.89617486339,SRR31914411|A/Turkey/SD/24-035157-004-original/2024|H5N1|USA-SD|Unknown|2024-11-24|domestic_avian|D1.1,Central,Central
722,617,0.124893922710594,-103.533812630028,43.5304545745652,-112.569967770656,44.6223863051127,0.445360778637891,0.320466855927297,2024.77128094068,2024.89617486339,SRR36617269|A/mallard_duck/WA/24-036061-007/2024|H5N1|USA-WA|Grant|2024-11-24|wild_avian|D1.1,Pacific,Pacific
991,992,0.0815780560818384,-81.9975471406019,27.8489164479672,-83.4351632161989,31.5820083390331,0.44603035102029,0.364452294938451,2024.81526637969,2024.89684443577,NA,Atlantic,Atlantic
734,735,0.00379283096438643,-103.93591581899,43.6495112778492,-105.754483311582,42.3760351264225,0.446040054895366,0.44224722393098,2024.89306130868,2024.89685413965,NA,Central,Central
992,993,0.000315037806552398,-83.4351632161989,31.5820083390331,-83.3388752071373,31.4976064599722,0.446345388826842,0.44603035102029,2024.89684443577,2024.89715947358,NA,Atlantic,Atlantic
1187,1188,0.0372117031239074,-107.103599515001,36.1025745823324,-107.088557836088,35.9980762397501,0.446351035297541,0.409139332173634,2024.85995341692,2024.89716512005,NA,Atlantic,Atlantic
1073,660,0.181606698367049,-114.809785628405,46.8815190911558,-114.578386824761,46.9191373666847,0.448093019075017,0.266486320707968,2024.71730040546,2024.89890710383,SRR36617524|A/mallard_duck/NE/25-003309-011/2024|H5N1|USA-NE|Buffalo|2024-11-25|wild_avian|D1.1,Central,Central
1088,256,0.175763833964553,-115.354023054628,37.2576261118337,-116.990111605582,37.7518540329142,0.448093019075017,0.272329185110464,2024.72314326986,2024.89890710383,SRR36617265|A/great_horned_owl/WY/24-036166-001/2024|H5N1|USA-WY|Lincoln|2024-11-25|wild_avian|D1.1,Pacific,Pacific
1074,662,0.158617678701132,-104.642005003017,47.0925155169748,-104.557465578969,47.176391849543,0.448093019075017,0.289475340373885,2024.74028942512,2024.89890710383,SRR34491454|A/blue_winged_teal/LA/24-035708-014/2024|H5N1|USA-LA|Cameron|2024-11-25|wild_avian|D1.1,Mississippi,Mississippi
1021,288,0.132189102750579,-112.561937506962,37.7337218372579,-108.465314641374,42.553101208003,0.448093019075017,0.315903916324437,2024.76671800107,2024.89890710383,SRR36617855|A/black_necked_stilt/AZ/24-036610-002/2024|H5N1|USA-AZ|Pinal|2024-11-25|wild_avian|D1.1,Pacific,Pacific
692,611,0.128780126730447,-121.088840606091,40.6555038135592,-118.209342556495,38.2818780483777,0.448093019075017,0.319312892344569,2024.77012697709,2024.89890710383,SRR34491460|A/blue_winged_teal/LA/24-035708-007/2024|H5N1|USA-LA|Cameron|2024-11-25|wild_avian|D1.1,Mississippi,Mississippi
1311,46,0.112366632864014,-91.8762124924062,43.9206763708136,-104.331868892141,38.5529461369606,0.448093019075017,0.335726386211002,2024.78654047096,2024.89890710383,SRR31914406|A/Turkey/SD/24-035288-003-original/2024|H5N1|USA-SD|Unknown|2024-11-25|domestic_avian|D1.1,Mississippi,Central
1034,1035,0.122364439882895,-112.78381037789,47.89031188173,-112.825828946843,44.9538704665381,0.449295855983763,0.326931416100868,2024.77774550085,2024.90010994073,NA,Mississippi,Mississippi
1246,1247,0.0730827176430404,-99.6026168555828,30.2753060456927,-99.1213265352378,29.8287308456244,0.449450521140946,0.376367803497906,2024.82718188825,2024.90026460589,NA,Atlantic,Atlantic
1264,1265,0.00543838696147403,-98.4234262674884,38.2407091595595,-98.0376318556662,39.377778694689,0.450092120708123,0.444653733746649,2024.8954678185,2024.90090620546,NA,Atlantic,Atlantic
956,290,0.185939412686872,-100.855129757267,41.5264931303045,-99.0516290069595,34.70575759487,0.450825259512143,0.264885846825271,2024.71569993158,2024.90163934426,SRR34491451|A/green_winged_teal/NM/24-036318-011/2024|H5N1|USA-NM|San_Miguel|2024-11-26|wild_avian|D1.1,Pacific,Central
1032,674,0.185118543330523,-95.3885553675877,45.7697025241788,-95.8321914627509,46.1526758393216,0.450825259512143,0.26570671618162,2024.71652080093,2024.90163934426,SRR36617487|A/canada_goose/UT/24-035683-001/2024|H5N1|USA-UT|Weber|2024-11-26|wild_avian|D1.1,Pacific,Pacific
722,618,0.130358403584846,-103.533812630028,43.5304545745652,-101.448471681157,33.8710643637264,0.450825259512143,0.320466855927297,2024.77128094068,2024.90163934426,SRR34491450|A/green_winged_teal/NM/24-036318-014/2024|H5N1|USA-NM|San_Miguel|2024-11-26|wild_avian|D1.1,Pacific,Central
1129,128,0.0477527674114491,-103.243336868003,45.0822688196381,-105.213954604647,46.7218768987637,0.450825259512143,0.403072492100694,2024.85388657685,2024.90163934426,SRR36628221|A/mallard_duck/IA/24-037337-003/2024|H5N1|USA-IA|Jackson|2024-11-26|wild_avian|D1.1,Mississippi,Mississippi
1211,1214,0.0456671830780593,-101.064110246499,39.7342723620995,-101.242337604168,39.6355924730675,0.45117250938225,0.40550532630419,2024.85631941105,2024.90198659413,NA,Mississippi,Mississippi
735,736,0.00611828039643569,-105.754483311582,42.3760351264225,-105.346776944465,41.8374224705895,0.452158335291802,0.446040054895366,2024.89685413965,2024.90297242004,NA,Central,Central
1247,1248,0.00378501013879773,-99.1213265352378,29.8287308456244,-98.454409448895,32.3199204585713,0.453235531279744,0.449450521140946,2024.90026460589,2024.90404961603,NA,Atlantic,Atlantic
1117,139,0.214449243680134,-101.805123353727,42.3854917774893,-113.066067903646,47.792770042971,0.453557499949269,0.239108256269136,2024.68992234102,2024.9043715847,SRR34491447|A/blue_winged_teal/SC/24-036315-006/2024|H5N1|USA-SC|Colleton|2024-11-27|wild_avian|D1.1,Mississippi,Atlantic
1182,162,0.177627789003409,-104.089973737218,35.7367808390476,-108.169315715881,40.8668540862968,0.453557499949269,0.27592971094586,2024.7267437957,2024.9043715847,SRR34491402|A/mallard/AR/24-036997-003/2024|H5N1|USA-AR|Prairie|2024-11-27|wild_avian|D1.1,Mississippi,Mississippi
1097,244,0.177310652574467,-110.030118592612,47.033328161406,-102.337877517903,43.5129795445629,0.453557499949269,0.276246847374802,2024.72706093212,2024.9043715847,SRR34491403|A/western_gull/CA/24-036324-002/2024|H5N1|USA-CA|Santa_Barbara|2024-11-27|wild_avian|D1.1,Pacific,Pacific
1013,596,0.0531324202970291,-104.620636854308,47.503454203154,-101.899383270543,47.1764418615778,0.453557499949269,0.40042507965224,2024.8512391644,2024.9043715847,SRR33508820|A/snow_goose/MT/24-035974-001/2024|H5N1|USA-MT|Gallatin|2024-11-27|wild_avian|D1.1,Pacific,Pacific
1241,1243,0.0107989937721269,-102.618533541518,31.6251480854424,-102.698336741547,31.8634111738845,0.453796805937057,0.44299781216493,2024.89381189692,2024.90461089069,NA,Atlantic,Atlantic
1178,1180,0.154940055412894,-107.431792069523,35.329746880695,-108.52768244672,35.641541649449,0.453952605975122,0.299012550562228,2024.74982663531,2024.90476669073,NA,Mississippi,Mississippi
937,938,0.05817779092071,-100.544133988253,48.2171826060009,-101.720069222261,47.3604714595039,0.456016323456785,0.397838532536075,2024.84865261729,2024.90683040821,NA,Mississippi,Mississippi
1343,26,0.0916980525561091,-113.371696060625,41.1929568985548,-113.517805701171,42.8594748564278,0.456289740386395,0.364591687830286,2024.81540577258,2024.90710382514,SRR36617643|A/trumpeter_swan/MT/24-037728-001/2024|H5N1|USA-MT|Big_Horn|2024-11-28|wild_avian|D1.1,Central,Central
1219,1220,0.0513736008302648,-104.519595376289,40.6502938497488,-104.520456212306,40.4559232628069,0.457922903731619,0.406549302901354,2024.85736338765,2024.90873698848,NA,Mississippi,Mississippi
1241,1242,0.0152882949469078,-102.618533541518,31.6251480854424,-99.358028972382,32.8051792064862,0.458286107111838,0.44299781216493,2024.89381189692,2024.90910019186,NA,Atlantic,Atlantic
1173,168,0.13256142662297,-101.688879743035,35.1810531056002,-99.2821532023361,26.9678162725495,0.459021980823521,0.326460554200552,2024.77727463895,2024.90983606557,SRR34491401|A/mallard/IA/24-036924-003/2024|H5N1|USA-IA|Marion|2024-11-29|wild_avian|D1.1,Mississippi,Mississippi
927,526,0.147242992365183,-101.101961158742,45.2809099550873,-101.697187964282,37.909398287598,0.464486461698001,0.317243469332818,2024.76805755408,2024.91530054645,SRR34491394|A/snow_goose/AR/24-035819-001/2024|H5N1|USA-AR|Prairie|2024-12-01|wild_avian|D1.1,Central,Mississippi
1196,185,0.131974222853636,-109.593097854484,36.0076981562665,-108.577989815422,34.981894960132,0.464486461698001,0.332512238844366,2024.78332632359,2024.91530054645,SRR34491391|A/green_winged_teal/TN/24-036998-013/2024|H5N1|USA-TN|Obion|2024-12-01|wild_avian|D1.1,Mississippi,Mississippi
1131,1132,0.0532847136930323,-109.086227471128,45.8907847544704,-110.177829886662,42.5428179091851,0.465939433853609,0.412654720160577,2024.86346880491,2024.9167535186,NA,Mississippi,Mississippi
729,730,0.0517624856611154,-102.538467171633,41.8200777320932,-99.2432976122667,40.0767973414292,0.466472536943477,0.414710051282361,2024.86552413603,2024.91728662169,NA,Central,Central
1071,665,0.194720384022737,-111.934192721893,46.442896569919,-117.895586085117,33.9406832755338,0.467218702135127,0.272498318112391,2024.72331240286,2024.91803278689,SRR36617866|A/trumpeter_swan/MI/24-036239-001/2024|H5N1|USA-MI|Eaton|2024-12-02|wild_avian|D1.1,Central,Mississippi
1158,146,0.0576148563117986,-97.5769460974968,35.8617848934648,-97.1909816654596,44.9177171573897,0.467218702135127,0.409603845823329,2024.86041793057,2024.91803278689,SRR34491382|A/snow_goose/KS/24-036679-005/2024|H5N1|USA-KS|Montgomery|2024-12-02|wild_avian|D1.1,Mississippi,Central
1344,1345,0.0693587238962292,-109.153736278731,36.7813491343802,-109.616456900745,37.8100099160056,0.467480060331833,0.398121336435604,2024.84893542119,2024.91829414508,NA,Pacific,Pacific
1127,1128,0.0675170190800689,-103.3496186999,45.4173882506626,-102.71401020906,44.887419284669,0.467682420506311,0.400165401426242,2024.85097948618,2024.91849650526,NA,Mississippi,Mississippi
1136,1151,0.125173266069131,-97.0940734158101,38.1233926934357,-97.6570461957272,37.808282850832,0.467901767256806,0.342728501187675,2024.79354258594,2024.91871585201,NA,Mississippi,Mississippi
1215,1216,0.174964727169544,-108.051421457628,35.9848352526694,-107.714262806843,35.8392180676833,0.46973478185327,0.294770054683726,2024.74558413943,2024.9205488666,NA,Mississippi,Mississippi
1095,262,0.254204150687168,-117.323401450054,43.6154647517932,-123.960353231231,44.8051416277849,0.469950942572253,0.215746791885085,2024.66656087664,2024.92076502732,SRR34491344|A/owl/UT/24-036341-002/2024|H5N1|USA-UT|Box_Elder|2024-12-03|wild_avian|D1.1,Pacific,Pacific
1351,240,0.195602518671507,-103.582739625876,43.970972421638,-100.64847358569,29.7010397955594,0.469950942572253,0.274348423900747,2024.72516250865,2024.92076502732,SRR36628227|A/canada_goose/UT/24-036341-001/2024|H5N1|USA-UT|Davis|2024-12-03|wild_avian|D1.1,Central,Pacific
1108,270,0.187172308920849,-115.138986371558,45.5446306891237,-119.871917978841,42.2100566510524,0.469950942572253,0.282778633651404,2024.7335927184,2024.92076502732,SRR36628224|A/mallard_duck/MT/24-036921-002/2024|H5N1|USA-MT|Big_Horn|2024-12-03|wild_avian|D1.1,Central,Central
1316,1317,0.0272175256450558,-93.6434668138819,41.8050172028408,-94.9572642227233,41.3521103323073,0.470128831989121,0.442911306344066,2024.89372539109,2024.92094291674,NA,Mississippi,Mississippi
1329,1330,0.182997189958792,-111.545696110783,38.2076652281833,-89.0106364180509,37.0349235452397,0.470821697093232,0.28782450713444,2024.73863859188,2024.92163578184,NA,Central,Atlantic
961,969,0.0267389359233217,-80.8074360877652,32.5764338007075,-81.2932929949217,31.9941397534,0.47139899703349,0.444660061110169,2024.89547414586,2024.92221308178,NA,Atlantic,Atlantic
1075,625,0.220047537902929,-101.854226733448,34.7536927430296,-102.220339065654,35.7572570123639,0.47268318300938,0.25263564510645,2024.70344972986,2024.92349726776,SRR34491526|A/snow_goose/SD/24-036845-001/2024|H5N1|USA-SD|Spink|2024-12-04|wild_avian|D1.1,Central,Central
1097,245,0.196436335634578,-110.030118592612,47.033328161406,-110.613526073476,38.5802409143658,0.47268318300938,0.276246847374802,2024.72706093212,2024.92349726776,SRR36617418|A/harris_hawk/AZ/24-038176-001/2024|H5N1|USA-AZ|Maricopa|2024-12-04|wild_avian|D1.1,Pacific,Pacific
1311,47,0.136956796798377,-91.8762124924062,43.9206763708136,-91.7279937172677,44.3545777001802,0.47268318300938,0.335726386211002,2024.78654047096,2024.92349726776,SRR34491531|A/snow_goose/KY/24-036682-002/2024|H5N1|USA-KY|Henderson|2024-12-04|wild_avian|D1.1,Mississippi,Mississippi
730,731,0.0063535402596453,-99.2432976122667,40.0767973414292,-99.4476368334696,37.6219088667052,0.472826077203122,0.466472536943477,2024.91728662169,2024.92364016195,NA,Central,Central
1023,677,0.156741987249715,-98.3389259261804,36.5803690619398,-105.36210606474,35.9940194876151,0.475415423446506,0.318673436196791,2024.76948752095,2024.9262295082,SRR34491517|A/snow_goose/LA/24-036681-003/2024|H5N1|USA-LA|Cameron|2024-12-05|wild_avian|D1.1,Central,Mississippi
930,521,0.147870222129388,-98.3665835145744,43.8867622489623,-108.467806949484,38.7999549127252,0.475415423446506,0.327545201317117,2024.77835928607,2024.9262295082,SRR34491514|A/snow_goose/LA/24-036681-005/2024|H5N1|USA-LA|Cameron|2024-12-05|wild_avian|D1.1,Central,Mississippi
1033,672,0.138258408610418,-85.4886538898817,43.9671277103507,-82.6647667561623,43.2749879767976,0.475415423446506,0.337157014836088,2024.78797109959,2024.9262295082,SRR36617838|A/western_gull/CA/24-036784-001/2024|H5N1|USA-CA|Los_Angeles|2024-12-05|wild_avian|D1.1,Pacific,Pacific
1272,1273,0.0151351520289902,-76.8948755403819,40.6950642835609,-76.6114548041593,41.0221731054098,0.475656036186554,0.460520884157564,2024.91133496891,2024.92647012094,NA,Atlantic,Atlantic
1249,1250,0.035413030321764,-104.968563737247,31.9424231795476,-105.02632518534,32.5828829335665,0.476705621769216,0.441292591447452,2024.8921066762,2024.92751970652,NA,Atlantic,Atlantic
735,803,0.0311382598240209,-105.754483311582,42.3760351264225,-104.649670806818,42.5967346598608,0.477178314719387,0.446040054895366,2024.89685413965,2024.92799239947,NA,Central,Central
1055,635,0.146203814124559,-118.023181959059,44.800172988777,-111.768807766445,40.8649099227958,0.478147663883632,0.331943849759073,2024.78275793451,2024.92896174863,SRR36617835|A/snow_goose/MS/24-036916-001/2024|H5N1|USA-MS|Washington|2024-12-06|wild_avian|D1.1,Central,Mississippi
999,561,0.133356889330514,-107.000523341482,38.6352795590207,-103.115832583553,46.1024076306585,0.478147663883632,0.344790774553118,2024.7956048593,2024.92896174863,SRR36628213|A/mallard_duck/MT/24-037783-006/2024|H5N1|USA-MT|Big_Horn|2024-12-06|wild_avian|D1.1,Central,Central
938,540,0.0221313404268466,-101.720069222261,47.3604714595039,-106.562357427323,48.0344290136066,0.478147663883632,0.456016323456785,2024.90683040821,2024.92896174863,SRR34491436|A/snow_goose/IN/24-037289-004/2024|H5N1|USA-IN|Gibson|2024-12-06|wild_avian|D1.1,Mississippi,Mississippi
1068,1069,0.15068032879666,-115.769508579899,45.9615088987844,-114.108595488525,45.5010309849899,0.479263648289317,0.328583319492657,2024.77939740424,2024.93007773304,NA,Central,Central
698,590,0.030595411806307,-81.5948395822019,29.8227977913985,-81.4717012217951,29.7120922817945,0.480879904320758,0.450284492514451,2024.90109857726,2024.93169398907,SRR36617659|A/green_winged_teal/FL/24-037597-003/2024|H5N1|USA-FL|St_Johns|2024-12-07|wild_avian|D1.1,Atlantic,Atlantic
1180,159,0.0269272983456363,-108.52768244672,35.641541649449,-109.691542663307,40.8825076055955,0.480879904320758,0.453952605975122,2024.90476669073,2024.93169398907,SRR36617819|A/tundra_swan/WI/24-037346-003/2024|H5N1|USA-WI|Dane|2024-12-07|wild_avian|D1.1,Mississippi,Mississippi
936,939,0.14790349953715,-100.552219123482,48.2347164582742,-107.359035401332,45.3853570679522,0.481014392122613,0.333110892585463,2024.78392497734,2024.93182847687,NA,Mississippi,Mississippi
731,732,0.00822190258471567,-99.4476368334696,37.6219088667052,-99.530971512914,37.4385926111202,0.481047979787838,0.472826077203122,2024.92364016195,2024.93186206454,NA,Central,Central
803,804,0.00417347679312408,-104.649670806818,42.5967346598608,-105.110773073394,42.590046690965,0.481351791512511,0.477178314719387,2024.92799239947,2024.93216587626,NA,Central,Central
1330,1334,0.0107211240095517,-89.0106364180509,37.0349235452397,-89.9935660459618,38.4514854759319,0.481542821102784,0.470821697093232,2024.92163578184,2024.93235690585,NA,Atlantic,Atlantic
736,737,0.0303569414587652,-105.346776944465,41.8374224705895,-105.49100278118,41.9269720708903,0.482515276750567,0.452158335291802,2024.90297242004,2024.9333293615,NA,Central,Central
1028,1029,0.209858828077641,-105.221265037635,39.2752525352793,-104.883893149936,37.2563436113608,0.483423816170986,0.273564988093345,2024.72437907284,2024.93423790092,NA,Pacific,Pacific
948,548,0.151119228181058,-100.152118923416,41.2609533512903,-87.1527374266169,45.8028095824847,0.483612144758112,0.332492916577053,2024.78330700133,2024.93442622951,SRR31820756|A/chicken/OK/24-036668-002-original/2024|H5N1|USA-OK|Unknown|2024-12-08|domestic_avian|D1.1,Pacific,Central
1222,1223,0.270891376965922,-101.259321271832,43.1017109661401,-102.433567807329,43.2169774667424,0.484336359210827,0.213444982244905,2024.664259067,2024.93515044396,NA,Mississippi,Mississippi
1254,1255,0.040685039340969,-99.1340752804347,33.0276590729742,-99.6448116915389,32.8490258739559,0.484642874773409,0.44395783543244,2024.89477192018,2024.93545695952,NA,Atlantic,Atlantic
726,727,0.0426475343991364,-97.1472573853513,43.6454518108624,-97.4447722446183,43.7250255519032,0.484676694238702,0.442029159839566,2024.89284324459,2024.93549077899,NA,Central,Central
1249,1251,0.0446623464492297,-104.968563737247,31.9424231795476,-106.233442315121,32.8916812166904,0.485954937896682,0.441292591447452,2024.8921066762,2024.93676902265,NA,Atlantic,Atlantic
1134,233,0.253189408330982,-98.7565532383781,40.0620712380189,-101.078048839946,48.776660910627,0.486344385195238,0.233154976864256,2024.68396906161,2024.93715846995,SRR34491427|A/great_horned_owl/NE/24-036852-002/2024|H5N1|USA-NE|Douglas|2024-12-09|wild_avian|D1.1,Mississippi,Central
933,520,0.219025971074104,-105.524299178671,47.4571014751599,-98.8222696521223,44.677474203265,0.486344385195238,0.267318414121134,2024.71813249887,2024.93715846995,SRR36628220|A/american_wigeon/IL/24-037535-005/2024|H5N1|USA-IL|Fulton|2024-12-09|wild_avian|D1.1,Central,Mississippi
715,563,0.172146725568182,-103.858365865072,46.5892156185693,-85.5462105776056,33.6328066320414,0.486344385195238,0.314197659627055,2024.76501174438,2024.93715846995,SRR36617246|A/snow_goose/IN/24-037868-001/2024|H5N1|USA-IN|Lake|2024-12-09|wild_avian|D1.1,Pacific,Mississippi
1193,181,0.170309908109951,-109.974670086244,35.1262630203023,-107.793048107729,34.8451538230694,0.486344385195238,0.316034477085287,2024.76684856184,2024.93715846995,SRR36617445|A/wild_duck/MS/24-037653-002/2024|H5N1|USA-MS|Tallahatchie|2024-12-09|wild_avian|D1.1,Mississippi,Mississippi
951,550,0.137019741970974,-112.644503612562,34.7824373335451,-112.437054887709,35.1117512250222,0.486344385195238,0.349324643224264,2024.80013872797,2024.93715846995,SRR36617634|A/snow_goose/OR/24-037761-001/2024|H5N1|USA-OR|Union|2024-12-09|wild_avian|D1.1,Pacific,Pacific
707,569,0.132901927312212,-99.8546468424817,46.259771721201,-99.0826129300829,43.9670247158704,0.486344385195238,0.353442457883026,2024.80425654263,2024.93715846995,SRR33508718|A/snow_goose/OR/24-037758-001/2024|H5N1|USA-OR|Malheur|2024-12-09|wild_avian|D1.1,Pacific,Pacific
1285,1286,0.00574499306719545,-72.5886661780629,41.9656350480323,-72.5335089443568,42.1998220630679,0.486817881008081,0.481072887940885,2024.93188697269,2024.93763196576,NA,Atlantic,Atlantic
804,904,0.00561474562702124,-105.110773073394,42.590046690965,-105.810765064341,42.3132163066684,0.486966537139533,0.481351791512511,2024.93216587626,2024.93778062189,NA,Central,Central
939,940,0.00624530679005419,-107.359035401332,45.3853570679522,-106.166773222024,45.438752693947,0.487259698912667,0.481014392122613,2024.93182847687,2024.93807378366,NA,Mississippi,Mississippi
971,972,0.161520767949312,-85.9719136882046,30.5136175553329,-87.377662653368,33.5914993193102,0.488516150241897,0.326995382292585,2024.77780946704,2024.93933023499,NA,Atlantic,Atlantic
1071,666,0.216578307519973,-111.934192721893,46.442896569919,-109.486765669365,44.0600578573941,0.489076625632364,0.272498318112391,2024.72331240286,2024.93989071038,SRR34491425|A/canada_goose/MN/24-037100-001/2024|H5N1|USA-MN|Murray|2024-12-10|wild_avian|D1.1,Central,Mississippi
1155,189,0.199292315922637,-106.066910146194,39.8186706524569,-102.173167182065,46.4874645474427,0.489076625632364,0.289784309709727,2024.74059839446,2024.93989071038,SRR34491424|A/blue_jay/IA/24-037140-001/2024|H5N1|USA-IA|Cerro_Gordo|2024-12-10|wild_avian|D1.1,Mississippi,Mississippi
1343,31,0.124484937802078,-113.371696060625,41.1929568985548,-121.870994553281,45.8525691113613,0.489076625632364,0.364591687830286,2024.81540577258,2024.93989071038,SRR33508721|A/snow_goose/ID/24-037540-001/2024|H5N1|USA-ID|Canyon|2024-12-10|wild_avian|D1.1,Central,Pacific
946,542,0.0871972476116654,-100.943805621931,48.7397008395966,-97.382068190555,48.520114009109,0.489076625632364,0.401879378020699,2024.85269346277,2024.93989071038,SRR36617433|A/snow_goose/IA/24-037657-004/2024|H5N1|USA-IA|Woodbury|2024-12-10|wild_avian|D1.1,Mississippi,Mississippi
1346,29,0.0469431030018648,-109.503887009051,35.1292139357785,-114.429683656556,38.8232186851989,0.489076625632364,0.442133522630499,2024.89294760738,2024.93989071038,SRR36617816|A/red_tailed_hawk/CO/24-037418-001/2024|H5N1|USA-CO|Weld|2024-12-10|wild_avian|D1.1,Pacific,Central
1128,129,0.0213942051260534,-102.71401020906,44.887419284669,-102.946716100449,44.5361492304379,0.489076625632364,0.467682420506311,2024.91849650526,2024.93989071038,SRR36617403|A/canada_goose/MN/24-038291-006/2024|H5N1|USA-MN|Ramsey|2024-12-10|wild_avian|D1.1,Mississippi,Mississippi
1255,1257,0.00444202803017069,-99.6448116915389,32.8490258739559,-99.7536563326798,31.6862998848429,0.48908490280358,0.484642874773409,2024.93545695952,2024.93989898755,NA,Atlantic,Atlantic
1317,1318,0.0190524009109991,-94.9572642227233,41.3521103323073,-92.0032168226333,38.8251841894812,0.48918123290012,0.470128831989121,2024.92094291674,2024.93999531765,NA,Mississippi,Mississippi
940,941,0.00197818109729864,-106.166773222024,45.438752693947,-106.097973190917,45.4568144629607,0.489237880009966,0.487259698912667,2024.93807378366,2024.94005196476,NA,Mississippi,Mississippi
1199,1200,0.163810164028626,-104.420214046829,37.5153103540752,-94.5297270193638,30.3101719302642,0.489483041304541,0.325672877275915,2024.77648696203,2024.94029712605,NA,Atlantic,Mississippi
1255,1256,0.0054530036748226,-99.6448116915389,32.8490258739559,-99.7588870167595,31.9555794328318,0.490095878448232,0.484642874773409,2024.93545695952,2024.9409099632,NA,Atlantic,Atlantic
1330,1331,0.0200154014918597,-89.0106364180509,37.0349235452397,-86.5345324104776,38.3995587939506,0.490837098585092,0.470821697093232,2024.92163578184,2024.94165118334,NA,Atlantic,Atlantic
950,552,0.213673204463715,-101.562590927361,39.6032774468365,-85.5639029448663,36.141039236584,0.49180886606949,0.278135661605775,2024.72894974636,2024.94262295082,SRR36617233|A/mallard_duck/AR/24-037952-006/2024|H5N1|USA-AR|Prairie|2024-12-11|wild_avian|D1.1,Pacific,Mississippi
1217,1221,0.161019586411114,-104.138658020192,39.8896297113199,-104.666115918994,40.8355058369869,0.491957412853943,0.33093782644283,2024.78175191119,2024.9427714976,NA,Mississippi,Mississippi
1187,1189,0.0843700191311556,-107.103599515001,36.1025745823324,-113.907086270983,37.2728436450827,0.49350935130479,0.409139332173634,2024.85995341692,2024.94432343605,NA,Atlantic,Mississippi
737,738,0.0110515164212721,-105.49100278118,41.9269720708903,-107.197538281961,39.3258799704281,0.493566793171839,0.482515276750567,2024.9333293615,2024.94438087792,NA,Central,Central
1266,1267,0.0781633046936526,-99.159934523831,37.0965913587797,-98.9597317189625,37.105705936252,0.494305352169428,0.416142047475776,2024.86695613223,2024.94511943692,NA,Atlantic,Atlantic
1318,1319,0.00522950275910083,-92.0032168226333,38.8251841894812,-93.7077418441898,39.2437563623391,0.494410735659221,0.48918123290012,2024.93999531765,2024.94522482041,NA,Mississippi,Mississippi
1068,668,0.165957787013959,-115.769508579899,45.9615088987844,-114.995210256258,44.01523514424,0.494541106506616,0.328583319492657,2024.77939740424,2024.94535519126,SRR36617797|A/snow_goose/KS/24-038036-002/2024|H5N1|USA-KS|Mitchell|2024-12-12|wild_avian|D1.1,Central,Central
1188,174,0.0481900712090748,-107.088557836088,35.9980762397501,-110.491773489707,35.2534902320219,0.494541106506616,0.446351035297541,2024.89716512005,2024.94535519126,SRR36617408|A/bald_eagle/GA/24-038226-003/2024|H5N1|USA-GA|Glynn|2024-12-12|wild_avian|D1.1,Atlantic,Atlantic
738,739,0.00137750480780086,-107.197538281961,39.3258799704281,-107.170092484177,39.4227423705726,0.49494429797964,0.493566793171839,2024.94438087792,2024.94575838273,NA,Central,Central
1200,1201,0.00557745734428294,-94.5297270193638,30.3101719302642,-94.6973367705558,30.3607995313637,0.495060498648824,0.489483041304541,2024.94029712605,2024.9458745834,NA,Mississippi,Mississippi
739,740,0.000829054390747097,-107.170092484177,39.4227423705726,-108.454003091872,38.6432134226937,0.495773352370387,0.49494429797964,2024.94575838273,2024.94658743712,NA,Central,Central
804,805,0.0151143984753717,-105.110773073394,42.590046690965,-104.849226413967,42.9172998687736,0.496466189987883,0.481351791512511,2024.93216587626,2024.94728027474,NA,Central,Central
972,973,0.00865613063048287,-87.377662653368,33.5914993193102,-87.4035379726204,33.592069471995,0.49717228087238,0.488516150241897,2024.93933023499,2024.94798636562,NA,Atlantic,Atlantic
1052,638,0.0952843658170641,-112.716975347787,43.2066752935493,-98.9759101301468,32.718369423067,0.497273346943742,0.401988981126678,2024.85280306588,2024.94808743169,SRR31885765|A/Guineafowl/AL/24-037980-001-original/2024|H5N1|USA-AL|Unknown|2024-12-13|domestic_avian|D1.1,Central,Mississippi
1267,1268,0.00405883482384484,-98.9597317189625,37.105705936252,-97.4918612819239,39.2293851557235,0.498364186993273,0.494305352169428,2024.94511943692,2024.94917827174,NA,Atlantic,Atlantic
904,905,0.0124749515764913,-105.810765064341,42.3132163066684,-106.118269535281,41.0720477485849,0.499441488716024,0.486966537139533,2024.93778062189,2024.95025557347,NA,Central,Central
1353,280,0.251538032881741,-108.313630396185,40.4887516629885,-108.047073887058,45.1059624204606,0.500005587380869,0.248467554499128,2024.69928163925,2024.95081967213,SRR36617585|A/canvasback_duck/WA/24-038667-005/2024|H5N1|USA-WA|Walla_Walla|2024-12-14|wild_avian|D1.1,Pacific,Pacific
918,587,0.242368023983411,-99.8284911086814,44.6720003993614,-82.0852881482498,35.9177155684648,0.500005587380869,0.257637563397458,2024.70845164815,2024.95081967213,SRR36617600|A/gadwall/TX/24-038543-056/2024|H5N1|USA-TX|Jefferson|2024-12-14|wild_avian|D1.1,Pacific,Central
1214,226,0.048833077998619,-101.242337604168,39.6355924730675,-100.975472920347,38.8432967764375,0.500005587380869,0.45117250938225,2024.90198659413,2024.95081967213,SRR36617800|A/canada_goose/OH/24-038006-001/2024|H5N1|USA-OH|Mercer|2024-12-14|wild_avian|D1.1,Mississippi,Mississippi
1069,669,0.0207419390915518,-114.108595488525,45.5010309849899,-110.785579492801,38.0201357086156,0.500005587380869,0.479263648289317,2024.93007773304,2024.95081967213,SRR36617765|A/ring_necked_duck/KY/24-038721-028/2024|H5N1|USA-KY|Ballard|2024-12-14|wild_avian|D1.1,Central,Mississippi
1189,1190,0.00760221573321018,-113.907086270983,37.2728436450827,-113.517278710701,36.4828383837619,0.501111567038,0.49350935130479,2024.94432343605,2024.95192565179,NA,Mississippi,Mississippi
970,302,0.174404828482804,-84.3261639636126,30.4310122786364,-82.8966080435096,31.917323793901,0.505470068255348,0.331065239772544,2024.78187932452,2024.95628415301,SRR36617384|A/snow_goose/NC/24-038497-002/2024|H5N1|USA-NC|Hyde|2024-12-16|wild_avian|D1.1,Atlantic,Atlantic
1346,30,0.0633365456248491,-109.503887009051,35.1292139357785,-103.793278047091,36.791217702909,0.505470068255348,0.442133522630499,2024.89294760738,2024.95628415301,SRR36617414|A/snow_goose/ID/24-038179-001/2024|H5N1|USA-ID|Owyhee|2024-12-16|wild_avian|D1.1,Pacific,Pacific
921,546,0.258665540129663,-100.4931062279,40.2726014453916,-106.001679741489,44.1564400770639,0.508202308692475,0.249536768562812,2024.70035085331,2024.95901639344,SRR36617967|A/gadwall/NV/24-039032-002/2024|H5N1|USA-NV|Elko|2024-12-17|wild_avian|D1.1,Pacific,Pacific
1089,257,0.23524847966111,-116.422697575213,37.4687471485628,-119.776212002691,40.1697395176105,0.508202308692475,0.272953829031365,2024.72376791378,2024.95901639344,SRR36617969|A/mallard_duck/NV/24-039032-001/2024|H5N1|USA-NV|Elko|2024-12-17|wild_avian|D1.1,Pacific,Pacific
696,592,0.185709247102583,-121.714837964172,43.4389220704058,-117.72309173958,48.0222271619678,0.508202308692475,0.322493061589891,2024.77330714634,2024.95901639344,SRR36618001|A/Muscovy_duck/TX/24-038475-001/2024|H5N1|USA-TX|Harris|2024-12-17|wild_avian|D1.1,Mississippi,Central
1128,130,0.0405198881861639,-102.71401020906,44.887419284669,-102.802678656174,45.1884097620448,0.508202308692475,0.467682420506311,2024.91849650526,2024.95901639344,SRR36617307|A/canada_goose/WI/25-001449-006/2024|H5N1|USA-WI|St_Croix|2024-12-17|wild_avian|D1.1,Mississippi,Mississippi
1218,224,0.13651687060738,-103.142471203038,39.9040175573485,-106.393372480128,37.6116422813022,0.510934549129601,0.374417678522221,2024.82523176327,2024.96174863388,SRR36617388|A/trumpeter_swan/IL/24-038496-001/2024|H5N1|USA-IL|Pike|2024-12-18|wild_avian|D1.1,Mississippi,Mississippi
1035,632,0.0616386931458381,-112.825828946843,44.9538704665381,-111.829748717718,46.3443823143356,0.510934549129601,0.449295855983763,2024.90010994073,2024.96174863388,SRR36617748|A/canada_goose/MO/24-038745-013/2024|H5N1|USA-MO|St_Charles|2024-12-18|wild_avian|D1.1,Mississippi,Mississippi
1069,670,0.0316709008402838,-114.108595488525,45.5010309849899,-112.407542140445,45.7692020317358,0.510934549129601,0.479263648289317,2024.93007773304,2024.96174863388,SRR36617758|A/mallard_duck/MO/24-038745-003/2024|H5N1|USA-MO|Nodaway|2024-12-18|wild_avian|D1.1,Central,Mississippi
1081,248,0.299797380760839,-113.063692406118,43.4627553980311,-71.3963639407759,44.0475850129688,0.513666789566727,0.213869408805888,2024.66468349356,2024.96448087432,SRR36617986|A/green_winged_teal/VA/24-038857-002/2024|H5N1|USA-VA|Virginia_Beach|2024-12-19|wild_avian|D1.1,Pacific,Atlantic
1327,24,0.235007112772558,-110.416305543669,35.6650230888532,-112.712458891681,43.3861786866533,0.513666789566727,0.278659676794169,2024.72947376154,2024.96448087432,SRR36617586|A/canada_goose/WY/24-038662-001/2024|H5N1|USA-WY|Big_Horn|2024-12-19|wild_avian|D1.1,Central,Central
1090,255,0.191922397506807,-115.281063641955,36.6652382002991,-122.868674238941,40.0275908434095,0.513666789566727,0.32174439205992,2024.77255847681,2024.96448087432,SRR36628748|A/mallard_duck/AZ/25-000743-025/2024|H5N1|USA-AZ|La_Paz|2024-12-19|wild_avian|D1.1,Pacific,Pacific
1253,119,0.182073000296277,-98.3777493449057,32.5625923966574,-94.0213475604786,33.5878457424105,0.513666789566727,0.33159378927045,2024.78240787402,2024.96448087432,SRR31959989|A/chicken/VT/24-038443-001-original/2024|H5N1|USA-VT|Unknown|2024-12-19|domestic_avian|D1.1,Atlantic,Atlantic
698,591,0.0633822970522757,-81.5948395822019,29.8227977913985,-80.1162317943664,26.9085626638799,0.513666789566727,0.450284492514451,2024.90109857726,2024.96448087432,SRR36617572|A/green_winged_teal/SC/25-000649-005/2024|H5N1|USA-SC|Charleston|2024-12-19|wild_avian|D1.1,Atlantic,Atlantic
1317,40,0.0435379575776056,-94.9572642227233,41.3521103323073,-88.0866531153388,35.1731547797438,0.513666789566727,0.470128831989121,2024.92094291674,2024.96448087432,SRR36617304|A/bald_eagle/GA/25-001590-001/2024|H5N1|USA-GA|Fulton|2024-12-19|wild_avian|D1.1,Mississippi,Atlantic
740,797,0.0200295543472701,-108.454003091872,38.6432134226937,-107.790016720643,38.1930568223793,0.515802906717657,0.495773352370387,2024.94658743712,2024.96661699147,NA,Central,Central
1096,246,0.242244989114935,-110.243076846613,47.5206908816664,-103.15607059786,47.8858526459541,0.516399030003853,0.274154040888918,2024.72496812564,2024.96721311475,SRR36617580|A/mallard_duck/WA/25-000523-001/2024|H5N1|USA-WA|Grant|2024-12-20|wild_avian|D1.1,Pacific,Pacific
1266,49,0.100256982528077,-99.159934523831,37.0965913587797,-97.8274095074875,35.6762705843271,0.516399030003853,0.416142047475776,2024.86695613223,2024.96721311475,SRR36617989|A/cooper_s_hawk/NY/24-038846-001/2024|H5N1|USA-NY|Cayuga|2024-12-20|wild_avian|D1.1,Atlantic,Atlantic
1334,23,0.0348562089010691,-89.9935660459618,38.4514854759319,-89.9564433189355,40.3097045828621,0.516399030003853,0.481542821102784,2024.93235690585,2024.96721311475,SRR36617991|A/Peregrine_falcon/NY/24-038845-001/2024|H5N1|USA-NY|Cortland|2024-12-20|wild_avian|D1.1,Atlantic,Atlantic
714,562,0.230051586350511,-104.390586103588,46.4983332998167,-93.4809899197597,38.698102790728,0.519131270440979,0.289079684090468,2024.73989376884,2024.96994535519,SRR36628199|A/wild_goose/NE/24-038832-001/2024|H5N1|USA-NE|Douglas|2024-12-21|wild_avian|D1.1,Pacific,Central
1100,1105,0.337976516470245,-117.880190193574,38.7686298808852,-118.512696235922,35.7524664979912,0.521442642272675,0.18346612580243,2024.63428021055,2024.97225672702,NA,Central,Central
1190,1191,0.0213045676990947,-113.517278710701,36.4828383837619,-112.989919656629,36.5984354190743,0.522416134737095,0.501111567038,2024.95192565179,2024.97323021949,NA,Mississippi,Mississippi
1334,1335,0.041494649501256,-89.9935660459618,38.4514854759319,-90.6698708864999,39.1226708702183,0.52303747060404,0.481542821102784,2024.93235690585,2024.97385155535,NA,Atlantic,Atlantic
1033,673,0.187438736479371,-85.4886538898817,43.9671277103507,-84.8466645145156,44.5175428653164,0.524595751315459,0.337157014836088,2024.78797109959,2024.97540983607,SRR36617878|A/western_gull/CA/25-004506-003/2024|H5N1|USA-CA|Monterey|2024-12-23|wild_avian|D1.1,Pacific,Pacific
1056,637,0.176041207532345,-115.080774888954,43.6888407992017,-113.942918013135,44.4894205080655,0.527327991752585,0.35128678422024,2024.80210086897,2024.9781420765,SRR36617972|A/canada_goose/SD/24-038946-001/2024|H5N1|USA-SD|Union|2024-12-24|wild_avian|D1.1,Mississippi,Central
1331,1332,0.0376491548794279,-86.5345324104776,38.3995587939506,-87.0251926833698,37.724754249771,0.52848625346452,0.490837098585092,2024.94165118334,2024.97930033821,NA,Atlantic,Atlantic
1332,1333,0.00134645406462741,-87.0251926833698,37.724754249771,-87.255716045906,37.4702996254034,0.529832707529147,0.52848625346452,2024.97930033821,2024.98064679228,NA,Atlantic,Atlantic
1177,164,0.206268563352084,-103.307580022643,34.957511130194,-98.5086601491419,36.3480931589176,0.53825695350109,0.331988390149005,2024.7828024749,2024.98907103825,SRR36617711|A/american_wigeon/SC/25-000504-002/2024|H5N1|USA-SC|Colleton|2024-12-28|wild_avian|D1.1,Mississippi,Atlantic
1000,559,0.129411408784063,-106.946886223292,38.5823928867804,-106.99354845606,40.5609878775993,0.53825695350109,0.408845544717026,2024.85965962947,2024.98907103825,SRR36617718|A/snow_goose/CO/25-000365-002/2024|H5N1|USA-CO|Pueblo|2024-12-28|wild_avian|D1.1,Central,Central
969,300,0.0668579564675995,-81.2932929949217,31.9941397534,-78.0327793286234,36.1422521653967,0.53825695350109,0.47139899703349,2024.92221308178,2024.98907103825,SRR36617328|A/snow_goose/NC/25-001068-002/2024|H5N1|USA-NC|Hyde|2024-12-28|wild_avian|D1.1,Atlantic,Atlantic
1222,236,0.330276452130664,-101.259321271832,43.1017109661401,-96.1355318447879,32.4402966371295,0.543721434375569,0.213444982244905,2024.664259067,2024.99453551913,SRR36617726|A/canada_goose/OH/25-000228-002/2024|H5N1|USA-OH|Stark|2024-12-30|wild_avian|D1.1,Mississippi,Mississippi
1035,633,0.0944255783918069,-112.825828946843,44.9538704665381,-109.404529609934,40.9306872311193,0.543721434375569,0.449295855983763,2024.90010994073,2024.99453551913,SRR36617313|A/snow_goose/TN/25-001379-007/2024|H5N1|USA-TN|Humphreys|2024-12-30|wild_avian|D1.1,Mississippi,Mississippi
1265,54,0.0936293136674462,-98.0376318556662,39.377778694689,-99.382305491227,38.0347542159018,0.543721434375569,0.450092120708123,2024.90090620546,2024.99453551913,SRR36628766|A/lesser_snow_goose/PA/25-000167-005/2024|H5N1|USA-PA|Northampton|2024-12-30|wild_avian|D1.1,Atlantic,Atlantic
1272,74,0.0832005502180058,-76.8948755403819,40.6950642835609,-77.7226066497772,41.874035867417,0.543721434375569,0.460520884157564,2024.91133496891,2024.99453551913,SRR36617737|A/lesser_snow_goose/PA/25-000169-003/2024|H5N1|USA-PA|Lehigh|2024-12-30|wild_avian|D1.1,Atlantic,Atlantic
1179,161,0.144961043955178,-113.137563439656,42.6015293152347,-116.313674810359,39.0706205898427,0.546453674812696,0.401492630857518,2024.85230671561,2024.99726775956,SRR32006892|A/chicken/WV/25-000049-006-original/2024|H5N1|USA-WV|Unknown|2024-12-31|domestic_avian|D1.1,Atlantic,Atlantic
1256,121,0.0563577963644637,-99.7588870167595,31.9555794328318,-97.606455100043,32.495589527833,0.546453674812696,0.490095878448232,2024.9409099632,2024.99726775956,SRR36617325|A/snow_goose/MA/25-001222-002/2024|H5N1|USA-MA|Dorchester|2024-12-31|wild_avian|D1.1,Atlantic,Atlantic
1268,52,0.0480894878194226,-97.4918612819239,39.2293851557235,-97.5240966053933,39.7826504958995,0.546453674812696,0.498364186993273,2024.94917827174,2024.99726775956,SRR36617326|A/snow_goose/MA/25-001222-001/2024|H5N1|USA-MA|Dorchester|2024-12-31|wild_avian|D1.1,Atlantic,Atlantic
717,718,0.275425812030401,-103.809744146871,43.8296472794938,-93.6933776228923,39.5594384245559,0.55033978475526,0.274913972724859,2024.72572805747,2025.00115386951,NA,Pacific,Pacific
1103,268,0.325964724591261,-118.292447390476,39.3101476771328,-105.728074873896,37.6020899507322,0.551925641277179,0.225960916685918,2024.67677500144,2025.00273972603,SRR32416368|A/Canada_Goose/TN/25-003129-001-original/2025|H5N1|USA-TN|Unknown|2025-01-02|wild_avian|D1.1,Central,Mississippi
1157,147,0.233864720041625,-102.206829151218,36.291410143307,-100.43754363286,37.6125315310022,0.551925641277179,0.318060921235554,2024.76887500599,2025.00273972603,SRR32226683|A/Canada_Goose/IL/25-000616-010/2025|H5N1|USA-IL|Cook|2025-01-02|wild_avian|D1.1,Mississippi,Mississippi
1252,120,0.223340137005005,-98.3364864887495,32.1078094540635,-99.1592297900295,32.4821145125131,0.551925641277179,0.328585504272174,2024.77939958902,2025.00273972603,SRR32006864|A/chicken/DE/25-000201-001-original/2025|H5N1|USA-DE|Unknown|2025-01-02|domestic_avian|D1.1,Atlantic,Atlantic
1050,643,0.175353468083675,-116.898923150713,48.1205942568431,-119.097657451074,48.9099485316771,0.551925641277179,0.376572173193504,2024.82738625794,2025.00273972603,SRR36617578|A/red_tailed_hawk/IA/25-000527-002/2024|H5N1|USA-IA|Polk|2025-01-02|wild_avian|D1.1,Mississippi,Mississippi
937,539,0.154087108741104,-100.544133988253,48.2171826060009,-103.591055778979,48.7287799885002,0.551925641277179,0.397838532536075,2024.84865261729,2025.00273972603,SRR32226691|A/Canada_Goose/IL/25-000616-002/2025|H5N1|USA-IL|Cook|2025-01-02|wild_avian|D1.1,Mississippi,Mississippi
1158,145,0.14232179545385,-97.5769460974968,35.8617848934648,-97.5771627655172,35.8626620801126,0.551925641277179,0.409603845823329,2024.86041793057,2025.00273972603,SRR32254443|A/snow_goose/AL/25-001388-002/2025|H5N1|USA-AL|Limestone|2025-01-02|wild_avian|D1.1,Mississippi,Mississippi
992,324,0.105895290256889,-83.4351632161989,31.5820083390331,-82.289097723504,30.5622890225702,0.551925641277179,0.44603035102029,2024.89684443577,2025.00273972603,SRR32868825|A/Canada_Goose/WV/25-001893-003-original/2025|H5N1|USA-WV|Unknown|2025-01-02|wild_avian|D1.1,Atlantic,Atlantic
1250,101,0.075220019507963,-105.02632518534,32.5828829335665,-104.422077259557,33.0980164209115,0.551925641277179,0.476705621769216,2024.92751970652,2025.00273972603,SRR32254418|A/canada_goose/RI/25-001721-001/2025|H5N1|USA-RI|Newport|2025-01-02|wild_avian|D1.1,Atlantic,Atlantic
1267,51,0.057620289107751,-98.9597317189625,37.105705936252,-98.6407973560746,36.8536500297394,0.551925641277179,0.494305352169428,2024.94511943692,2025.00273972603,SRR32254446|A/red_tailed_hawk/PA/25-001322-001/2025|H5N1|USA-PA|Northampton|2025-01-02|wild_avian|D1.1,Atlantic,Atlantic
1280,1281,0.0873524708534499,-71.5462167422773,42.0428061420633,-72.8610424284675,42.363954640859,0.553196191444194,0.465843720590744,2024.91665780534,2025.00401027619,NA,Atlantic,Atlantic
706,567,0.229880552995083,-99.8615119375749,46.2667735018564,-90.9289092731736,38.386536227762,0.554665367304537,0.324784814309454,2024.77559889906,2025.00547945205,SRR32254439|A/snow_goose/NM/25-001448-001/2025|H5N1|USA-NM|Socorro|2025-01-03|wild_avian|D1.1,Pacific,Central
1264,53,0.110011633557887,-98.4234262674884,38.2407091595595,-98.2909269123508,38.2287994952411,0.554665367304537,0.444653733746649,2024.8954678185,2025.00547945205,SRR32254501|A/snow_goose/NJ/25-000806-001/2025|H5N1|USA-NJ|Morris|2025-01-03|wild_avian|D1.1,Atlantic,Atlantic
1034,631,0.233213403258611,-112.78381037789,47.89031188173,-112.936192494419,47.919648066512,0.560144819359479,0.326931416100868,2024.77774550085,2025.01095890411,SRR32226692|A/Great_Horned_Owl/IA/25-000440-001/2025|H5N1|USA-IA|Polk|2025-01-05|wild_avian|D1.1,Mississippi,Mississippi
1013,598,0.159719739707239,-104.620636854308,47.503454203154,-108.858463216975,43.9931735657254,0.560144819359479,0.40042507965224,2024.8512391644,2025.01095890411,SRR32125546|A/chicken/OR/25-000540-001-original/2025|H5N1|USA-OR|Unknown|2025-01-05|domestic_avian|D1.1,Pacific,Pacific
1296,93,0.142806761414625,-97.9766790720893,27.1992956414165,-99.0254935523914,26.9743996971938,0.560144819359479,0.417338057944854,2024.86815214269,2025.01095890411,SRR32512599|A/canada_goose/ME/25-003295-001/2025|H5N1|USA-ME|York|2025-01-05|wild_avian|D1.1,Atlantic,Atlantic
1268,50,0.0617806323662057,-97.4918612819239,39.2293851557235,-97.468906305713,42.1403612067183,0.560144819359479,0.498364186993273,2024.94917827174,2025.01095890411,SRR32254496|A/snow_goose/NJ/25-000810-002/2025|H5N1|USA-NJ|Warren|2025-01-05|wild_avian|D1.1,Atlantic,Atlantic
1277,99,0.260065620022694,-98.3250679786654,34.3224388544611,-97.7755828883853,33.4500179353279,0.562884545386836,0.302818925364142,2024.75363301011,2025.01369863014,SRR32254487|A/canada_goose/NY/25-000858-002/2025|H5N1|USA-NY|Saratoga|2025-01-06|wild_avian|D1.1,Atlantic,Atlantic
1177,163,0.230896155237831,-103.307580022643,34.957511130194,-105.053265978935,34.5896403635723,0.562884545386836,0.331988390149005,2024.7828024749,2025.01369863014,SRR32125549|A/chicken/GA/25-000538-001-original/2025|H5N1|USA-GA|Unknown|2025-01-06|domestic_avian|D1.1,Mississippi,Atlantic
1132,135,0.0969451115332267,-110.177829886662,42.5428179091851,-111.390350891925,41.4309030836414,0.562884545386836,0.465939433853609,2024.9167535186,2025.01369863014,SRR32254451|A/red_tailed_hawk/WI/25-001295-001/2025|H5N1|USA-WI|Columbia|2025-01-06|wild_avian|D1.1,Mississippi,Mississippi
1345,27,0.0954044850550029,-109.616456900745,37.8100099160056,-109.873360767786,37.7615126406293,0.562884545386836,0.467480060331833,2024.91829414508,2025.01369863014,SRR32125547|A/chicken/ID/25-000539-001-original/2025|H5N1|USA-ID|Unknown|2025-01-06|domestic_avian|D1.1,Pacific,Pacific
1029,628,0.07946072921585,-104.883893149936,37.2563436113608,-103.300092669104,38.8207457593118,0.562884545386836,0.483423816170986,2024.93423790092,2025.01369863014,SRR32254472|A/red_tailed_hawk/ID/25-001246-001/2025|H5N1|USA-ID|Unknown|2025-01-06|wild_avian|D1.1,Pacific,Pacific
1074,663,0.276148931040309,-104.642005003017,47.0925155169748,-102.736543561249,44.9989774395561,0.565624271414193,0.289475340373885,2024.74028942512,2025.01643835616,SRR32416436|A/mallard/LA/25-001905-003/2025|H5N1|USA-LA|Richland|2025-01-07|wild_avian|D1.1,Mississippi,Mississippi
727,337,0.0809475771754911,-97.4447722446183,43.7250255519032,-99.6501073701215,43.745163654466,0.565624271414193,0.484676694238702,2024.93549077899,2025.01643835616,SRR32254489|A/cackling_goose/CO/25-000848-001/2025|H5N1|USA-CO|Weld|2025-01-07|wild_avian|D1.1,Central,Central
1355,281,0.447614317665315,-95.3213785058035,31.4150747600404,-109.252325881914,38.7973045086015,0.568363997441551,0.120749679776236,2024.57156376453,2025.01917808219,SRR33508711|A/barn_owl/AZ/25-000514-002/2025|H5N1|USA-AZ|Maricopa|2025-01-08|wild_avian|D1.1,Central,Pacific
931,529,0.2504755030434,-106.478393785319,45.9259821090243,-116.018026359886,35.6189379614664,0.568363997441551,0.317888494398151,2024.76870257915,2025.01917808219,SRR32512601|A/american_wigeon/AZ/25-004049-003/2025|H5N1|USA-AZ|Mohave|2025-01-08|wild_avian|D1.1,Central,Pacific
1052,1053,0.168939905210974,-112.716975347787,43.2066752935493,-105.027860095085,45.3686842652949,0.570928886337653,0.401988981126678,2024.85280306588,2025.02174297109,NA,Central,Central
1281,1282,0.0177379205468846,-72.8610424284675,42.363954640859,-72.387775942239,42.1915763142192,0.570934111991079,0.553196191444194,2025.00401027619,2025.02174819674,NA,Atlantic,Atlantic
1086,258,0.247303846913795,-116.267333091723,42.2147385338193,-86.0696627532081,38.8368164443981,0.571103723468908,0.323799876555113,2024.77461396131,2025.02191780822,SRR32254417|A/bald_eagle/AL/25-001791-001/2025|H5N1|USA-AL|Baldwin|2025-01-09|wild_avian|D1.1,Pacific,Mississippi
732,733,0.0939107646410832,-99.530971512914,37.4385926111202,-98.596882823676,43.5842619896295,0.574958744428921,0.481047979787838,2024.93186206454,2025.02577282918,NA,Central,Central
1319,1320,0.080692183296475,-93.7077418441898,39.2437563623391,-92.0231784928746,39.2228016569191,0.575102918955696,0.494410735659221,2024.94522482041,2025.02591700371,NA,Mississippi,Mississippi
718,719,0.0277273615666905,-93.6933776228923,39.5594384245559,-93.3692422342055,39.5605206160345,0.578067146321951,0.55033978475526,2025.00115386951,2025.02888123107,NA,Pacific,Pacific
1027,626,0.313449725762013,-101.889175485622,39.5277487971409,-89.2303722263977,30.4967898410912,0.579322901551208,0.265873175789195,2024.71668726054,2025.0301369863,SRR33029793|A/Trumpeter_Swan/MN/25-002569-001-original/2025|H5N1|USA-MN|Unknown|2025-01-12|wild_avian|D1.1,Pacific,Mississippi
1351,239,0.307714203677819,-103.582739625876,43.970972421638,-109.989640009956,43.7022478497289,0.582062627578565,0.274348423900747,2024.72516250865,2025.03287671233,SRR32416354|A/American_Woodcock/AR/25-003125-001-original/2025|H5N1|USA-AR|Unknown|2025-01-13|wild_avian|D1.1,Central,Mississippi
1298,59,0.249850096376626,-83.7180333467055,32.2361434767157,-71.6418287450138,42.5222850866077,0.582062627578565,0.332212531201939,2024.78302661595,2025.03287671233,SRR32254424|A/mallard/VT/25-001682-021/2025|H5N1|USA-VT|Grand_Isle|2025-01-13|wild_avian|D1.1,Mississippi,Atlantic
1250,102,0.105357005809349,-105.02632518534,32.5828829335665,-101.896538181113,32.1999727612737,0.582062627578565,0.476705621769216,2024.92751970652,2025.03287671233,SRR32254427|A/mallard/VT/25-001682-012/2025|H5N1|USA-VT|Grand_Isle|2025-01-13|wild_avian|D1.1,Atlantic,Atlantic
1256,123,0.0919667491303333,-99.7588870167595,31.9555794328318,-102.943162828147,31.3749827791716,0.582062627578565,0.490095878448232,2024.9409099632,2025.03287671233,SRR32254429|A/snow_goose/NY/25-001673-001/2025|H5N1|USA-NY|Ontario|2025-01-13|wild_avian|D1.1,Atlantic,Atlantic
1172,157,0.287101204420213,-104.49860783772,35.3333422928929,-113.488105943428,32.5356774381528,0.584802353605923,0.297701149185709,2024.74851523394,2025.03561643836,SRR33508814|A/lesser_scaup/FL/25-003912-002/2025|H5N1|USA-FL|Indian_River|2025-01-14|wild_avian|D1.1,Mississippi,Atlantic
1070,664,0.322163480676857,-113.273427983902,47.9994229282725,-101.671648300247,41.1617019060687,0.58754207963328,0.265378598956423,2024.71619268371,2025.03835616438,SRR32416380|A/Wood_Duck/MS/25-002206-001-original/2025|H5N1|USA-MS|Unknown|2025-01-15|wild_avian|D1.1,Central,Mississippi
955,289,0.268087908925729,-100.470746309166,40.8525700258784,-88.0584139628678,40.74258007849,0.590281805660865,0.322193896735136,2024.77300798149,2025.04109589041,SRR32653596|A/Weasel/WA/25-002912-001-original-repeat2/2025|H5N1|USA-WA|Unknown|2025-01-16|other_mammal|D1.1,Pacific,Pacific
1067,667,0.263766327983683,-114.35660860828,46.4743893293853,-106.411958076744,47.4726806737018,0.590281805660865,0.326515477677182,2024.77732956243,2025.04109589041,SRR32513187|A/great_horned_owl/WY/25-002742-001/2025|H5N1|USA-WY|Goshen|2025-01-16|wild_avian|D1.1,Central,Central
1247,114,0.140831284519918,-99.1213265352378,29.8287308456244,-97.3591474540991,31.7034620138949,0.590281805660865,0.449450521140946,2024.90026460589,2025.04109589041,SRR32513297|A/red_tailed_hawk/PA/25-003148-002/2025|H5N1|USA-PA|Lehigh|2025-01-16|wild_avian|D1.1,Atlantic,Atlantic
1053,639,0.019352919323212,-105.027860095085,45.3686842652949,-104.617156696061,45.4915437512431,0.590281805660865,0.570928886337653,2025.02174297109,2025.04109589041,SRR32254412|A/cat/SD/25-002248-001/2025|H5N1|USA-SD|Faulk|2025-01-16|feline|D1.1,Central,Central
1053,640,0.019352919323212,-105.027860095085,45.3686842652949,-105.050382232375,45.5392872464861,0.590281805660865,0.570928886337653,2025.02174297109,2025.04109589041,SRR32254411|A/cat/SD/25-002248-002/2025|H5N1|USA-SD|Faulk|2025-01-16|feline|D1.1,Central,Central
1251,104,0.10706659379154,-106.233442315121,32.8916812166904,-106.577954025261,32.5386481087921,0.593021531688222,0.485954937896682,2024.93676902265,2025.04383561644,SRR32416416|A/mallard/NH/25-003045-041/2025|H5N1|USA-NH|Merrimack|2025-01-17|wild_avian|D1.1,Atlantic,Atlantic
1251,103,0.10706659379154,-106.233442315121,32.8916812166904,-106.683267532236,32.4901866924675,0.593021531688222,0.485954937896682,2024.93676902265,2025.04383561644,SRR32513176|A/mallard/NH/25-003045-054/2025|H5N1|USA-NH|Merrimack|2025-01-17|wild_avian|D1.1,Atlantic,Atlantic
1213,228,0.102868683092868,-80.9138495218157,41.2481248340604,-85.1246865639489,43.4310988612499,0.593021531688222,0.490152848595354,2024.94096693335,2025.04383561644,SRR32254410|A/African_crowned_crane/VA/25-002296-001/2025|H5N1|USA-VA|Powhatan|2025-01-17|wild_avian|D1.1,Mississippi,Atlantic
1087,260,0.273671720214469,-110.058990258944,43.9056290305306,-123.993705023332,42.0474896765195,0.59576125771558,0.322089537501111,2024.77290362225,2025.04657534247,SRR32513271|A/great_horned_owl/NM/25-002820-001/2025|H5N1|USA-NM|Chaves|2025-01-18|wild_avian|D1.1,Pacific,Central
1320,1321,0.0266477792961742,-92.0231784928746,39.2228016569191,-91.9643179466416,39.2613823258146,0.60175069825187,0.575102918955696,2025.02591700371,2025.052564783,NA,Mississippi,Mississippi
1012,597,0.204466168670835,-104.110823468736,46.8263142206651,-110.88200202525,45.4529091793161,0.603980435797879,0.399514267127044,2024.85032835188,2025.05479452055,SRR32254304|A/cattle/NV/25-002645-003-original/2025|H5N1|USA-NV|Unknown|2025-01-21|cattle|D1.1,Pacific,Pacific
1104,277,0.195500846588692,-118.452597131946,41.6991515794966,-108.782443452185,40.502851453272,0.603980435797879,0.408479589209187,2024.85929367396,2025.05479452055,SRR33125070|A/Great_Horned_Owl/MT/25-006102-001-original/2025|H5N1|USA-MT|Unknown|2025-01-21|wild_avian|D1.1,Central,Central
1318,32,0.114799202897759,-92.0032168226333,38.8251841894812,-91.7216853193275,38.4358266448554,0.603980435797879,0.48918123290012,2024.93999531765,2025.05479452055,SRR34980358|A/bald_eagle/WI/25-021326-002/2025|H5N1|USA-WI|Door|2025-01-21|wild_avian|D1.1,Mississippi,Mississippi
1205,1206,0.231362017042774,-103.556885445339,32.8194095879966,-101.335627903868,33.9690816194644,0.604133790056364,0.37277177301359,2024.82358585776,2025.05494787481,NA,Atlantic,Mississippi
1207,214,0.332402321971602,-102.92724914905,35.3718279451635,-113.560549772579,36.5200363380621,0.606720161825236,0.274317839853635,2024.7251319246,2025.05753424658,SRR32416465|A/bald_eagle/OK/25-003111-001/2025|H5N1|USA-OK|Le_Flore|2025-01-22|wild_avian|D1.1,Mississippi,Central
1092,253,0.298563787045084,-114.357678680266,43.9339937113223,-116.66765107745,47.2569024908692,0.606720161825236,0.308156374780153,2024.75897045953,2025.05753424658,GenBank|A/chicken/WA/W250220054-7/2025|H5N1|USA-WA|Unknown|2025-01-22|domestic_avian|D1.1,Pacific,Pacific
1285,89,0.125647273884351,-72.5886661780629,41.9656350480323,-74.4988509974464,42.1546645011206,0.606720161825236,0.481072887940885,2024.93188697269,2025.05753424658,SRR32512553|A/canada_goose/MA/25-003297-004/2025|H5N1|USA-MA|Plymouth|2025-01-22|wild_avian|D1.1,Atlantic,Atlantic
972,303,0.118204011583339,-87.377662653368,33.5914993193102,-89.1354679449222,33.8152578887963,0.606720161825236,0.488516150241897,2024.93933023499,2025.05753424658,SRR32513231|A/snow_goose/VA/25-004135-011/2025|H5N1|USA-VA|Northampton|2025-01-22|wild_avian|D1.1,Atlantic,Atlantic
941,531,0.11748228181527,-106.097973190917,45.4568144629607,-108.251221642929,46.8680165349858,0.606720161825236,0.489237880009966,2024.94005196476,2025.05753424658,SRR32512591|A/canada_goose/KY/25-004132-002/2025|H5N1|USA-KY|Kenton|2025-01-22|wild_avian|D1.1,Mississippi,Mississippi
1206,209,0.00258637176887222,-101.335627903868,33.9690816194644,-101.312650947389,32.7913193626893,0.606720161825236,0.604133790056364,2025.05494787481,2025.05753424658,SRR33029806|A/raccoon/KY/25-006499-002/2025|H5N1|USA-KY|Boone|2025-01-22|other_mammal|D1.1,Mississippi,Mississippi
1006,1007,0.316765792532004,-103.972444596965,48.1191687169933,-97.3432708747682,43.664576446378,0.606925964354582,0.290160171822577,2024.74097425657,2025.0577400491,NA,Pacific,Pacific
1298,1299,0.275216045860424,-83.7180333467055,32.2361434767157,-91.4202070704833,42.5239770193444,0.607428577062363,0.332212531201939,2024.78302661595,2025.05824266181,NA,Mississippi,Atlantic
911,912,0.359733655202558,-100.721831137421,40.6475721807685,-104.587201809157,38.2350146748813,0.608424427770243,0.248690772567685,2024.69950485732,2025.05923851252,NA,Pacific,Central
685,284,0.366072244397607,-80.1334271843036,41.042328263176,-84.4502188802561,41.2906569886162,0.609459887852594,0.243387643454987,2024.69420172821,2025.0602739726,SRR32415199|A/chicken/OR/25-003575-001-original/2025|H5N1|USA-OR|Unknown|2025-01-23|domestic_avian|D1.1,Pacific,Pacific
1262,48,0.281964932849433,-99.3396417475978,35.3427669192598,-100.434278818066,34.2368775626162,0.609459887852594,0.327494955003161,2024.77830903975,2025.0602739726,SRR32512673|A/american_black_duck/CT/25-003143-002/2025|H5N1|USA-CT|New_Haven|2025-01-23|wild_avian|D1.1,Atlantic,Atlantic
1223,234,0.125123528641767,-102.433567807329,43.2169774667424,-105.139594357428,33.9302226927799,0.609459887852594,0.484336359210827,2024.93515044396,2025.0602739726,SRR32654188|A/Turkey/NE/25-002670-003-original/2025|H5N1|USA-NE|Unknown|2025-01-23|domestic_avian|D1.1,Mississippi,Central
1282,96,0.0385257758615152,-72.387775942239,42.1915763142192,-72.7249066501543,42.6198428592804,0.609459887852594,0.570934111991079,2025.02174819674,2025.0602739726,SRR32512597|A/canada_goose/ME/25-003295-004/2025|H5N1|USA-ME|York|2025-01-23|wild_avian|D1.1,Atlantic,Atlantic
719,623,0.0341324675580003,-93.3692422342055,39.5605206160345,-94.2435100835997,38.8893346396154,0.612199613879951,0.578067146321951,2025.02888123107,2025.06301369863,SRR33125090|A/western_gull/CA/25-004499-005/2025|H5N1|USA-CA|San_Mateo|2025-01-24|wild_avian|D1.1,Pacific,Pacific
927,928,0.295462152063604,-101.101961158742,45.2809099550873,-98.6529891769925,44.641157824224,0.612705621396423,0.317243469332818,2024.76805755408,2025.06351970615,NA,Central,Central
1043,645,0.339982613276839,-111.024920047211,43.9636962950504,-95.1956431872685,42.3027747890405,0.614939339907309,0.27495672663047,2024.72577081138,2025.06575342466,SRR32654185|A/chicken/IN/25-002875-001-original/2025|H5N1|USA-IN|Unknown|2025-01-25|domestic_avian|D1.1,Central,Mississippi
971,322,0.287943957614723,-85.9719136882046,30.5136175553329,-85.7392139616749,30.4897765509356,0.614939339907309,0.326995382292585,2024.77780946704,2025.06575342466,SRR32513217|A/wood_duck/NC/25-003923-002/2025|H5N1|USA-NC|Hyde|2025-01-25|wild_avian|D1.1,Atlantic,Atlantic
970,291,0.283874100134764,-84.3261639636126,30.4310122786364,-82.2101743380959,30.6730693675927,0.614939339907309,0.331065239772544,2024.78187932452,2025.06575342466,SRR32513216|A/wood_duck/NC/25-003927-016/2025|H5N1|USA-NC|Tyrrell|2025-01-25|wild_avian|D1.1,Atlantic,Atlantic
973,321,0.117767059034929,-87.4035379726204,33.592069471995,-87.7720605418236,33.5967923484845,0.614939339907309,0.49717228087238,2024.94798636562,2025.06575342466,SRR32654186|A/chicken/DE/25-002825-001-original/2025|H5N1|USA-DE|Unknown|2025-01-25|domestic_avian|D1.1,Atlantic,Atlantic
912,913,0.00843513624415726,-104.587201809157,38.2350146748813,-101.811176415802,39.6363496881179,0.6168595640144,0.608424427770243,2025.05923851252,2025.06767364876,NA,Central,Pacific
719,720,0.0389127183313893,-93.3692422342055,39.5605206160345,-92.4789047284952,39.2929394802649,0.61697986465334,0.578067146321951,2025.02888123107,2025.0677939494,NA,Pacific,Pacific
1320,1322,0.0424901588306043,-92.0231784928746,39.2228016569191,-93.0007117987045,39.1840960498993,0.6175930777863,0.575102918955696,2025.02591700371,2025.06840716254,NA,Mississippi,Mississippi
946,947,0.216562750307831,-100.943805621931,48.7397008395966,-108.398754340299,46.7364570663808,0.61844212832853,0.401879378020699,2024.85269346277,2025.06925621308,NA,Mississippi,Mississippi
1054,634,0.293105072021507,-118.076865657846,44.8263860675105,-112.314940506086,36.172333889583,0.620418791962251,0.327313719940744,2024.77812780469,2025.07123287671,SRR32512607|A/canada_goose/CO/25-003832-001/2025|H5N1|USA-CO|Chaffee|2025-01-27|wild_avian|D1.1,Central,Central
693,614,0.275264878164276,-120.242659941365,40.4496031550711,-113.56783134774,43.5340142189592,0.620418791962251,0.345153913797975,2024.79596799855,2025.07123287671,SRR32416454|A/bald_eagle/FL/25-003208-001/2025|H5N1|USA-FL|Lee|2025-01-27|wild_avian|D1.1,Mississippi,Atlantic
1056,636,0.269132007742011,-115.080774888954,43.6888407992017,-113.968818802166,42.3423599600558,0.620418791962251,0.35128678422024,2024.80210086897,2025.07123287671,SRR32654124|A/Guineafowl/NE/25-003247-003-original/2025|H5N1|USA-NE|Unknown|2025-01-27|domestic_avian|D1.1,Mississippi,Central
1179,160,0.218926161104733,-113.137563439656,42.6015293152347,-99.8930795177391,38.7137689619974,0.620418791962251,0.401492630857518,2024.85230671561,2025.07123287671,SRR32513218|A/vulture/LA/25-003600-001/2025|H5N1|USA-LA|Orleans|2025-01-27|wild_avian|D1.1,Atlantic,Mississippi
734,511,0.178171568031271,-103.93591581899,43.6495112778492,-98.3177453847104,45.2408537326962,0.620418791962251,0.44224722393098,2024.89306130868,2025.07123287671,SRR32416347|A/canada_goose/ND/25-003472-002/2025|H5N1|USA-ND|Oliver|2025-01-27|wild_avian|D1.1,Central,Central
1322,1323,0.00360619988925115,-93.0007117987045,39.1840960498993,-93.2299004787863,39.0489837301815,0.621199277675552,0.6175930777863,2025.06840716254,2025.07201336243,NA,Mississippi,Mississippi
1109,1110,0.290587812304676,-117.490114361829,43.2167447959544,-123.806853539073,44.2131234948528,0.622102687449631,0.331514875144955,2024.7823289599,2025.0729167722,NA,Central,Central
1220,223,0.165235614257989,-104.520456212306,40.4559232628069,-107.229153705691,42.8619146493822,0.623158517989608,0.457922903731619,2024.90873698848,2025.07397260274,SRR33125126|A/Red-tailed_Hawk/MO/25-004415-009-original/2025|H5N1|USA-MO|Unknown|2025-01-28|wild_avian|D1.1,Mississippi,Mississippi
941,538,0.133920637979642,-106.097973190917,45.4568144629607,-107.251363733824,44.9218055028181,0.623158517989608,0.489237880009966,2024.94005196476,2025.07397260274,SRR32653672|A/Canada_Goose/WV/25-005199-001-original/2025|H5N1|USA-WV|Unknown|2025-01-28|wild_avian|D1.1,Mississippi,Atlantic
1196,1197,0.292313686965522,-109.593097854484,36.0076981562665,-111.114508548699,44.0336807370622,0.624825925809887,0.332512238844366,2024.78332632359,2025.07564001056,NA,Mississippi,Mississippi
685,283,0.382510600561978,-80.1334271843036,41.042328263176,-86.2069706223678,41.0905633346293,0.625898244016966,0.243387643454987,2024.69420172821,2025.07671232877,SRR32513288|A/red_tailed_hawk/UT/25-003824-002/2025|H5N1|USA-UT|Unknown|2025-01-29|wild_avian|D1.1,Pacific,Pacific
958,332,0.325140249720277,-80.6547712003305,26.2705978354629,-83.6222346416095,33.253106045755,0.625898244016966,0.300757994296689,2024.75157207905,2025.07671232877,SRR32512666|A/canada_goose/MI/25-004311-003/2025|H5N1|USA-MI|Shiawassee|2025-01-29|wild_avian|D1.1,Atlantic,Mississippi
1047,656,0.287525515770081,-113.104621380996,48.6237423463362,-115.040266671555,44.2863259162518,0.625898244016966,0.338372728246884,2024.789186813,2025.07671232877,SRR32513289|A/red_tailed_hawk/TX/25-003592-003/2025|H5N1|USA-TX|Lubbock|2025-01-29|wild_avian|D1.1,Central,Central
726,338,0.1838690841774,-97.1472573853513,43.6454518108624,-93.3365395419379,40.5571005234784,0.625898244016966,0.442029159839566,2024.89284324459,2025.07671232877,SRR32512557|A/cackling_goose/TX/25-003592-001/2025|H5N1|USA-TX|Lubbock|2025-01-29|wild_avian|D1.1,Central,Central
1151,206,0.15799647676016,-97.6570461957272,37.808282850832,-96.6859289309454,37.2527735090844,0.625898244016966,0.467901767256806,2024.91871585201,2025.07671232877,SRR32512665|A/canada_goose/MI/25-004311-004/2025|H5N1|USA-MI|Washtenaw|2025-01-29|wild_avian|D1.1,Mississippi,Mississippi
732,516,0.144850264229128,-99.530971512914,37.4385926111202,-100.53225882555,36.6812543771358,0.625898244016966,0.481047979787838,2024.93186206454,2025.07671232877,SRR32512609|A/canada_goose/ND/25-003829-001/2025|H5N1|USA-ND|Mercer|2025-01-29|wild_avian|D1.1,Central,Central
1213,227,0.135745395421611,-80.9138495218157,41.2481248340604,-80.7828300115661,40.9433427971472,0.625898244016966,0.490152848595354,2024.94096693335,2025.07671232877,SRR32804603|A/bald_eagle/OH/25-006046-001/2025|H5N1|USA-OH|Mahoning|2025-01-29|wild_avian|D1.1,Mississippi,Mississippi
1189,171,0.132388892712176,-113.907086270983,37.2728436450827,-114.910075324412,36.5035167571883,0.625898244016966,0.49350935130479,2024.94432343605,2025.07671232877,SRR32804602|A/bald_eagle/OH/25-006046-002/2025|H5N1|USA-OH|Lorain|2025-01-29|wild_avian|D1.1,Mississippi,Mississippi
1299,1300,0.019020461418212,-91.4202070704833,42.5239770193444,-92.0796662736061,42.6870285109411,0.626449038480575,0.607428577062363,2025.05824266181,2025.07726312323,NA,Atlantic,Atlantic
1202,1203,0.364478131636126,-102.630481353692,35.0136166974222,-98.3355437243884,33.3315036163503,0.626944188448814,0.262466056812688,2024.71328014156,2025.0777582732,NA,Mississippi,Mississippi
740,741,0.131351939542615,-108.454003091872,38.6432134226937,-102.396177745032,30.8555569967072,0.627125291913002,0.495773352370387,2024.94658743712,2025.07793937666,NA,Central,Mississippi
1019,553,0.308098033041773,-105.053576636903,45.0585107687941,-108.108543625986,44.3345792191987,0.628637970044323,0.32053993700255,2024.77135402175,2025.07945205479,SRR32513192|A/hawk/WY/25-004351-001/2025|H5N1|USA-WY|Fremont|2025-01-30|wild_avian|D1.1,Central,Central
1087,261,0.306548432543212,-110.058990258944,43.9056290305306,-119.74761039371,44.712096091326,0.628637970044323,0.322089537501111,2024.77290362225,2025.07945205479,SRR33508816|A/canada_goose/CA/25-003254-006/2025|H5N1|USA-CA|San_Luis_Obispo|2025-01-30|wild_avian|D1.1,Pacific,Pacific
1051,641,0.296770930000187,-118.671994437819,47.5741537901735,-121.1260389157,43.1204275802662,0.628637970044323,0.331867040044136,2024.78268112479,2025.07945205479,SRR33682350|A/Bobcat/KS/25-014574-001-original/2025|H5N1|USA-KS|Unknown|2025-01-30|feline|D1.1,Central,Central
1210,230,0.280734523335212,-100.676753774972,36.9913407419182,-99.4790241420754,42.2977494364709,0.628637970044323,0.347903446709111,2024.79871753146,2025.07945205479,SRR32654208|A/chicken/MO/25-003398-001-original/2025|H5N1|USA-MO|Unknown|2025-01-30|domestic_avian|D1.1,Mississippi,Mississippi
1205,211,0.255866197030733,-103.556885445339,32.8194095879966,-108.6008956183,36.0818228219172,0.628637970044323,0.37277177301359,2024.82358585776,2025.07945205479,SRR33125054|A/Mallard/MD/25-005882-005-original/2025|H5N1|USA-MD|Unknown|2025-01-30|wild_avian|D1.1,Atlantic,Atlantic
997,329,0.155216834883989,-80.1160940271609,32.8548772582619,-80.2572902664335,32.9107031718453,0.628637970044323,0.473421135160334,2024.92423521991,2025.07945205479,SRR32513174|A/great_horned_owl/SC/25-004165-001/2025|H5N1|USA-SC|Charleston|2025-01-30|wild_avian|D1.1,Atlantic,Atlantic
1193,1194,0.315100966225856,-109.974670086244,35.1262630203023,-107.895821115503,41.901263388542,0.631135443311143,0.316034477085287,2024.76684856184,2025.08194952806,NA,Mississippi,Mississippi
1333,20,0.101544988542533,-87.255716045906,37.4702996254034,-87.9355324421462,37.1454060740408,0.63137769607168,0.529832707529147,2024.98064679228,2025.08219178082,SRR32415153|A/chicken/MD/25-003830-002-original/2025|H5N1|USA-MD|Unknown|2025-01-31|domestic_avian|D1.1,Atlantic,Atlantic
797,798,0.117099727820744,-107.790016720643,38.1930568223793,-110.382191461375,39.6683074302644,0.632902634538401,0.515802906717657,2024.96661699147,2025.08371671929,NA,Central,Central
1335,1336,0.111356793264134,-90.6698708864999,39.1226708702183,-97.8702003545988,41.5800035496319,0.634394263868174,0.52303747060404,2024.97385155535,2025.08520834862,NA,Atlantic,Mississippi
1095,247,0.423850082268895,-117.323401450054,43.6154647517932,-116.388234704373,43.7916637274603,0.63959687415398,0.215746791885085,2024.66656087664,2025.0904109589,SRR32512878|A/Duck/WA/25-004661-001-original/2025|H5N1|USA-WA|Unknown|2025-02-03|domestic_avian|D1.1,Pacific,Pacific
1005,604,0.354733044394082,-103.86578359642,48.4528229427633,-69.2685966569146,45.4030222541496,0.63959687415398,0.284863829759898,2024.73567791451,2025.0904109589,SRR32653680|A/Canada_Goose/FL/25-004847-003-original/2025|H5N1|USA-FL|Unknown|2025-02-03|wild_avian|D1.1,Pacific,Atlantic
716,565,0.304587912305794,-103.598019118626,47.2369367209765,-107.985898904421,46.6329638170275,0.63959687415398,0.335008961848186,2024.7858230466,2025.0904109589,SRR32512655|A/canada_goose/CO/25-004662-001/2025|H5N1|USA-CO|Larimer|2025-02-03|wild_avian|D1.1,Central,Central
1219,221,0.233047571252626,-104.519595376289,40.6502938497488,-101.568657028754,31.5364700924696,0.63959687415398,0.406549302901354,2024.85736338765,2025.0904109589,SRR32415110|A/chicken/LA/25-004414-001-original/2025|H5N1|USA-LA|Unknown|2025-02-03|domestic_avian|D1.1,Mississippi,Mississippi
1273,73,0.163940837967426,-76.6114548041593,41.0221731054098,-78.8824026071534,40.5346175473215,0.63959687415398,0.475656036186554,2024.92647012094,2025.0904109589,SRR32513235|A/snow_goose/NY/25-004092-002/2025|H5N1|USA-NY|Tompkins|2025-02-03|wild_avian|D1.1,Atlantic,Atlantic
912,579,0.0311724463837373,-104.587201809157,38.2350146748813,-106.715638007073,37.7644701726599,0.63959687415398,0.608424427770243,2025.05923851252,2025.0904109589,SRR32415933|A/cattle/AZ/25-004003-001-original/2025|H5N1|USA-AZ|Unknown|2025-02-03|cattle|D1.1,Central,Pacific
913,578,0.02273731013958,-101.811176415802,39.6363496881179,-101.114854540434,41.0892392545081,0.63959687415398,0.6168595640144,2025.06767364876,2025.0904109589,SRR32415932|A/cattle/AZ/25-004003-002-original/2025|H5N1|USA-AZ|Unknown|2025-02-03|cattle|D1.1,Pacific,Pacific
1322,39,0.0220037963676795,-93.0007117987045,39.1840960498993,-93.0998688723869,38.6725391875063,0.63959687415398,0.6175930777863,2025.06840716254,2025.0904109589,SRR33508795|A/red_breasted_merganser/WI/25-005001-001/2025|H5N1|USA-WI|Milwaukee|2025-02-03|wild_avian|D1.1,Mississippi,Mississippi
928,929,0.0275881523302067,-98.6529891769925,44.641157824224,-102.706971080911,43.2979870977343,0.640293773726629,0.612705621396423,2025.06351970615,2025.09110785848,NA,Central,Central
720,721,0.0235525805947656,-92.4789047284952,39.2929394802649,-92.8105720832318,39.5325791638142,0.640532445248106,0.61697986465334,2025.0677939494,2025.09134653,NA,Pacific,Pacific
798,799,0.00780090284867641,-110.382191461375,39.6683074302644,-111.861446267152,40.2062621035826,0.640703537387078,0.632902634538401,2025.08371671929,2025.09151762214,NA,Central,Central
799,800,0.00098445933296587,-111.861446267152,40.2062621035826,-111.819998614332,40.1778178211733,0.641687996720044,0.640703537387078,2025.09151762214,2025.09250208147,NA,Central,Central
1109,273,0.310821725036383,-117.490114361829,43.2167447959544,-124.127426446823,43.3380668479563,0.642336600181337,0.331514875144955,2024.7823289599,2025.09315068493,SRR32512649|A/Common_goldeneye/WY/25-004669-001/2025|H5N1|USA-WY|Natrona|2025-02-04|wild_avian|D1.1,Central,Central
1007,1008,0.0379950789727024,-97.3432708747682,43.664576446378,-95.6579277907055,46.4957406256319,0.644921043327284,0.606925964354582,2025.0577400491,2025.09573512808,NA,Pacific,Pacific
1226,8,0.509052810576302,-100.160473447505,41.6781536687364,-82.3940337602197,32.0904011600673,0.645076326208695,0.136023515632393,2024.58683760038,2025.09589041096,SRR32653594|A/Red-tailed_Hawk/NV/25-005369-001-original/2025|H5N1|USA-NV|Unknown|2025-02-05|wild_avian|D1.1,Mississippi,Pacific
1185,180,0.300954662907309,-107.279251346188,36.2689637130743,-104.736835884183,44.8560231351878,0.645076326208695,0.344121663301385,2024.79493574805,2025.09589041096,SRR33508810|A/bufflehead/MI/25-004779-004/2025|H5N1|USA-MI|St_Clair|2025-02-05|wild_avian|D1.1,Mississippi,Mississippi
1129,127,0.242003834108001,-103.243336868003,45.0822688196381,-106.719117957971,44.1013181639061,0.645076326208695,0.403072492100694,2024.85388657685,2025.09589041096,SRR32512646|A/cougar/WI/25-004744-001/2025|H5N1|USA-WI|Redacted|2025-02-05|feline|D1.1,Mississippi,Mississippi
1191,173,0.1226601914716,-112.989919656629,36.5984354190743,-114.582546991202,37.6238272131479,0.645076326208695,0.522416134737095,2024.97323021949,2025.09589041096,SRR33508812|A/bald_eagle/MI/25-004779-002/2025|H5N1|USA-MI|Tuscola|2025-02-05|wild_avian|D1.1,Mississippi,Mississippi
733,514,0.0701175817797738,-98.596882823676,43.5842619896295,-97.3387098750274,38.0173267108202,0.645076326208695,0.574958744428921,2025.02577282918,2025.09589041096,SRR32513282|A/red_tailed_hawk/CO/25-004838-001/2025|H5N1|USA-CO|Weld|2025-02-05|wild_avian|D1.1,Central,Central
1310,45,0.391091823423017,-94.6450201731274,45.3896387129193,-101.149374930318,33.2407597291081,0.647816052236052,0.256724228813035,2024.70753831356,2025.09863013699,SRR32512905|A/chicken/SD/25-004736-001-original/2025|H5N1|USA-SD|Unknown|2025-02-06|domestic_avian|D1.1,Mississippi,Central
1295,94,0.234633483533569,-98.7127107031041,29.5217485247247,-98.6661905270653,32.2369226050878,0.647816052236052,0.413182568702483,2024.86399665345,2025.09863013699,SRR32653687|A/american_black_duck/NH/25-005332-016/2025|H5N1|USA-NH|Belknap|2025-02-06|wild_avian|D1.1,Atlantic,Atlantic
1214,225,0.196643542853802,-101.242337604168,39.6355924730675,-100.761173481548,39.7520078466266,0.647816052236052,0.45117250938225,2024.90198659413,2025.09863013699,SRR32512588|A/bald_eagle/OH/25-004768-001/2025|H5N1|USA-OH|Unknown|2025-02-06|wild_avian|D1.1,Mississippi,Mississippi
1323,38,0.0266167745605005,-93.2299004787863,39.0489837301815,-94.3229895444647,39.15535530623,0.647816052236052,0.621199277675552,2025.07201336243,2025.09863013699,SRR32653607|A/red_breasted_merganser/IL/25-005366-003/2025|H5N1|USA-IL|Cook|2025-02-06|wild_avian|D1.1,Mississippi,Mississippi
1300,1301,0.0215244286458711,-92.0796662736061,42.6870285109411,-91.3915368779529,41.9809444125003,0.647973467126446,0.626449038480575,2025.07726312323,2025.09878755188,NA,Atlantic,Atlantic
1105,267,0.129113135990735,-118.512696235922,35.7524664979912,-118.668562660656,36.268910821126,0.650555778263409,0.521442642272675,2024.97225672702,2025.10136986301,SRR32653665|A/cat/KS/25-005576-002-original/2025|H5N1|USA-KS|Unknown|2025-02-07|feline|D1.1,Central,Central
1281,97,0.0973595868192154,-72.8610424284675,42.363954640859,-72.8605946342967,42.3449491343716,0.650555778263409,0.553196191444194,2025.00401027619,2025.10136986301,SRR33125151|A/mallard/ME/25-006144-064/2025|H5N1|USA-ME|York|2025-02-07|wild_avian|D1.1,Atlantic,Atlantic
1323,1324,0.0316033392900846,-93.2299004787863,39.0489837301815,-94.0365084612539,37.50967906877,0.652802616965636,0.621199277675552,2025.07201336243,2025.10361670172,NA,Mississippi,Mississippi
1155,188,0.363511194581267,-106.066910146194,39.8186706524569,-104.367478964596,37.8592348758437,0.653295504290994,0.289784309709727,2024.74059839446,2025.10410958904,SRR33125079|A/Black_Vulture/TN/25-006120-003-original/2025|H5N1|USA-TN|Unknown|2025-02-08|wild_avian|D1.1,Mississippi,Mississippi
1132,134,0.187356070437385,-110.177829886662,42.5428179091851,-106.652026245066,47.7201782232656,0.653295504290994,0.465939433853609,2024.9167535186,2025.10410958904,SRR32512844|A/chicken/MN/25-004931-004-original/2025|H5N1|USA-MN|Unknown|2025-02-08|domestic_avian|D1.1,Mississippi,Mississippi
1286,1287,0.167568374015025,-72.5335089443568,42.1998220630679,-72.7601280872402,42.1064127873034,0.654386255023106,0.486817881008081,2024.93763196576,2025.10520033977,NA,Atlantic,Atlantic
919,586,0.381676821053817,-101.724653974303,44.7887266723809,-95.7416564758516,41.7605082619328,0.658774956345709,0.277098135291892,2024.72791222004,2025.1095890411,SRR32653667|A/cat/NM/25-005387-001-original/2025|H5N1|USA-NM|Unknown|2025-02-10|feline|D1.1,Pacific,Central
1201,216,0.163714457696886,-94.6973367705558,30.3607995313637,-103.275818823325,35.5116618118442,0.658774956345709,0.495060498648824,2024.9458745834,2025.1095890411,SRR33125081|A/Black_Vulture/GA/25-005756-004-original/2025|H5N1|USA-GA|Unknown|2025-02-10|wild_avian|D1.1,Mississippi,Atlantic
798,802,0.0261268514244013,-110.382191461375,39.6683074302644,-114.471421953352,41.0576529224235,0.659029485962803,0.632902634538401,2025.08371671929,2025.10984357071,NA,Central,Central
926,525,0.36019903755497,-101.069687473237,45.0075017200774,-123.269903064878,46.0531953575063,0.661514682373066,0.301315644818096,2024.75212972957,2025.11232876712,SRR32804547|A/red_shouldered_hawk/PA/25-006939-001/2025|H5N1|USA-PA|Lancaster|2025-02-11|wild_avian|D1.1,Central,Atlantic
1050,642,0.284942509179562,-116.898923150713,48.1205942568431,-117.736018834062,48.3530445205552,0.661514682373066,0.376572173193504,2024.82738625794,2025.11232876712,SRR32973810|A/chicken/NE/25-005224-001-original-repeat2/2025|H5N1|USA-NE|Unknown|2025-02-11|domestic_avian|D1.1,Mississippi,Central
1248,112,0.208279151093322,-98.454409448895,32.3199204585713,-98.5070616311233,32.3801537106813,0.661514682373066,0.453235531279744,2024.90404961603,2025.11232876712,SRR33125172|A/bald_eagle/NJ/25-006329-001/2025|H5N1|USA-NJ|Sussex|2025-02-11|wild_avian|D1.1,Atlantic,Atlantic
1201,217,0.166454183724243,-94.6973367705558,30.3607995313637,-107.720997478555,32.8446226024494,0.661514682373066,0.495060498648824,2024.9458745834,2025.11232876712,SRR33125061|A/herring_gull/PA/25-005864-001/2025|H5N1|USA-PA|Erie|2025-02-11|wild_avian|D1.1,Mississippi,Atlantic
1185,179,0.320132745099039,-107.279251346188,36.2689637130743,-104.695511746029,32.3885332644191,0.664254408400424,0.344121663301385,2024.79493574805,2025.11506849315,SRR33125038|A/Canada_Goose/AL/25-006220-001-original/2025|H5N1|USA-AL|Unknown|2025-02-12|wild_avian|D1.1,Mississippi,Mississippi
1206,210,0.0601206183440596,-101.335627903868,33.9690816194644,-101.267639859554,33.8872544193073,0.664254408400424,0.604133790056364,2025.05494787481,2025.11506849315,SRR33319056|A/Great_Horned_Owl/KY/25-006499-001-original-repeat/2025|H5N1|USA-KY|Unknown|2025-02-12|wild_avian|D1.1,Mississippi,Mississippi
1276,100,0.372114104016409,-97.5445224851035,34.7853771897448,-100.028428115967,35.809073867825,0.666994134428009,0.2948800304116,2024.74569411516,2025.11780821918,SRR32868681|A/canada_goose/RI/25-007119-019/2025|H5N1|USA-RI|Kent|2025-02-13|wild_avian|D1.1,Atlantic,Atlantic
1280,95,0.201150413837264,-71.5462167422773,42.0428061420633,-72.543627965727,41.4064559213396,0.666994134428009,0.465843720590744,2024.91665780534,2025.11780821918,SRR32804576|A/red_tailed_hawk/NH/25-006653-001/2025|H5N1|USA-NH|Strafford|2025-02-13|wild_avian|D1.1,Atlantic,Atlantic
928,522,0.054288513031586,-98.6529891769925,44.641157824224,-94.215345316157,40.8801928451348,0.666994134428009,0.612705621396423,2025.06351970615,2025.11780821918,SRR32804622|A/black_vulture/TX/25-006660-004/2025|H5N1|USA-TX|Bexar|2025-02-13|wild_avian|D1.1,Central,Central
929,523,0.0267003607013793,-102.706971080911,43.2979870977343,-109.577928730634,46.4641707079524,0.666994134428009,0.640293773726629,2025.09110785848,2025.11780821918,SRR32804616|A/black_vulture/TX/25-006661-005/2025|H5N1|USA-TX|Bexar|2025-02-13|wild_avian|D1.1,Central,Central
1046,657,0.370623526121958,-113.23930603184,47.68216335767,-97.1724991836514,47.9763063093772,0.669733860455366,0.299110334333408,2024.74992441908,2025.12054794521,SRR32974108|A/Bald_Eagle/MT/25-009371-001-original/2025|H5N1|USA-MT|Unknown|2025-02-14|wild_avian|D1.1,Central,Pacific
727,336,0.185057166216664,-97.4447722446183,43.7250255519032,-101.234470817594,42.9189704553637,0.669733860455366,0.484676694238702,2024.93549077899,2025.12054794521,SRR32804591|A/snow_goose/OK/25-006647-001/2025|H5N1|USA-OK|Texas|2025-02-14|wild_avian|D1.1,Central,Central
1332,21,0.141247606990846,-87.0251926833698,37.724754249771,-86.4999638515256,39.4353704180762,0.669733860455366,0.52848625346452,2024.97930033821,2025.12054794521,SRR32868736|A/Peregrine_Falcon/VA/25-007709-003-original/2025|H5N1|USA-VA|Unknown|2025-02-14|wild_avian|D1.1,Atlantic,Atlantic
1321,34,0.0679831622034955,-91.9643179466416,39.2613823258146,-93.3816522048648,39.1191827736806,0.669733860455366,0.60175069825187,2025.052564783,2025.12054794521,SRR32868800|A/herring_gull/IL/25-007474-006/2025|H5N1|USA-IL|Cook|2025-02-14|wild_avian|D1.1,Mississippi,Mississippi
929,524,0.0294400867287367,-102.706971080911,43.2979870977343,-101.993954976176,43.0726788533069,0.669733860455366,0.640293773726629,2025.09110785848,2025.12054794521,SRR32804590|A/snow_goose/OK/25-006648-001/2025|H5N1|USA-OK|Texas|2025-02-14|wild_avian|D1.1,Central,Central
1194,1195,0.0402932986543805,-107.895821115503,41.901263388542,-107.862787235647,41.8343795432763,0.671428741965523,0.631135443311143,2025.08194952806,2025.12224282672,NA,Mississippi,Mississippi
1242,107,0.222406657452958,-99.358028972382,32.8051792064862,-97.5242017126064,31.3109122980054,0.680692764564796,0.458286107111838,2024.90910019186,2025.13150684931,SRR32804565|A/mallard/MA/25-006665-001/2025|H5N1|USA-MA|Worcester|2025-02-18|wild_avian|D1.1,Atlantic,Atlantic
1190,170,0.179581197526796,-113.517278710701,36.4828383837619,-103.389198189154,34.4120931100301,0.680692764564796,0.501111567038,2024.95192565179,2025.13150684931,SRR33125097|A/Snowy_Owl/IA/25-005856-001-original/2025|H5N1|USA-IA|Unknown|2025-02-18|wild_avian|D1.1,Mississippi,Mississippi
1224,3,0.494474676357818,-85.1971723263636,44.9999529259936,-85.4049673232123,41.8263008655441,0.688911942647095,0.194437266289277,2024.64525135104,2025.1397260274,SRR32804615|A/cat/ID/25-007150-001-original/2025|H5N1|USA-ID|Unknown|2025-02-21|feline|D1.1,Pacific,Pacific
993,325,0.242566553820253,-83.3388752071373,31.4976064599722,-83.7647493449856,34.7654671410733,0.688911942647095,0.446345388826842,2024.89715947358,2025.1397260274,SRR32868875|A/Bald_Eagle/NC/25-007708-003-original/2025|H5N1|USA-NC|Unknown|2025-02-21|wild_avian|D1.1,Atlantic,Atlantic
1328,9,0.386874758192278,-113.26715880283,40.5148370332865,-114.96720049214,41.996634100977,0.697131120729167,0.310256362536889,2024.76107044729,2025.14794520548,SRR32804645|A/Cooper_s_Hawk/MO/25-007115-002-original/2025|H5N1|USA-MO|Unknown|2025-02-24|wild_avian|D1.1,Central,Mississippi
1199,218,0.371458243453253,-104.420214046829,37.5153103540752,-80.2879207006007,41.4531779656015,0.697131120729167,0.325672877275915,2024.77648696203,2025.14794520548,SRR32804608|A/Skunk/NM/25-006932-001-original/2025|H5N1|USA-NM|Unknown|2025-02-24|other_mammal|D1.1,Atlantic,Central
1245,109,0.0402651637351753,-71.467946501848,42.4270412462292,-72.1434307691626,42.7520830784032,0.699870846756752,0.659605683021577,2025.11041976777,2025.15068493151,SRR34784269|A/herring_gull/RI/25-019394-001/2025|H5N1|USA-RI|Kent|2025-02-25|wild_avian|D1.1,Atlantic,Atlantic
1265,55,0.252518452075986,-98.0376318556662,39.377778694689,-100.755323788716,41.1626382646961,0.702610572784109,0.450092120708123,2024.90090620546,2025.15342465753,SRR32868713|A/red_tailed_hawk/NY/25-007155-001/2025|H5N1|USA-NY|Tioga|2025-02-26|wild_avian|D1.1,Atlantic,Atlantic
997,328,0.229189437623775,-80.1160940271609,32.8548772582619,-82.9802170001878,38.8850176148946,0.702610572784109,0.473421135160334,2024.92423521991,2025.15342465753,SRR32973981|A/Brown_Pelican/VA/25-008328-003-original/2025|H5N1|USA-VA|Unknown|2025-02-26|wild_avian|D1.1,Atlantic,Atlantic
733,513,0.127651828355189,-98.596882823676,43.5842619896295,-99.5628197891527,37.7198786548882,0.702610572784109,0.574958744428921,2025.02577282918,2025.15342465753,SRR32868818|A/canada_goose/WY/25-008078-001/2025|H5N1|USA-WY|Platte|2025-02-26|wild_avian|D1.1,Central,Central
1208,213,0.422583814303743,-105.727685478526,33.8814409921805,-108.159741424906,46.2480717971554,0.705350298811467,0.282766484507723,2024.73358056926,2025.15616438356,SRR32804611|A/cat/KS/25-007581-001-original/2025|H5N1|USA-KS|Unknown|2025-02-27|feline|D1.1,Mississippi,Central
1239,105,0.402765708090599,-93.6995537591804,34.7027767693792,-90.5439975626216,39.8979364340726,0.705350298811467,0.302584590720868,2024.75339867547,2025.15616438356,SRR32868891|A/dark_eyed_junco/NJ/25-007152-004/2025|H5N1|USA-NJ|Somerset|2025-02-27|wild_avian|D1.1,Atlantic,Atlantic
993,323,0.259004909984625,-83.3388752071373,31.4976064599722,-82.9833736851388,32.27648494568,0.705350298811467,0.446345388826842,2024.89715947358,2025.15616438356,SRR32868711|A/Red-tailed_Hawk/WV/25-007392-001-original/2025|H5N1|USA-WV|Unknown|2025-02-27|wild_avian|D1.1,Atlantic,Atlantic
718,619,0.155010514056206,-93.6933776228923,39.5594384245559,-94.17764606652,39.0408862699866,0.705350298811467,0.55033978475526,2025.00115386951,2025.15616438356,SRR33476791|A/Peregrine_falcon/CA/25-012990-002/2025|H5N1|USA-CA|Solano|2025-02-27|wild_avian|D1.1,Pacific,Pacific
721,620,0.0648178535633609,-92.8105720832318,39.5325791638142,-93.1796308859729,39.645757523933,0.705350298811467,0.640532445248106,2025.09134653,2025.15616438356,SRR33476783|A/Sanderling/CA/25-012990-001/2025|H5N1|USA-CA|Alameda|2025-02-27|wild_avian|D1.1,Pacific,Pacific
1324,37,0.0580271339005454,-94.0365084612539,37.50967906877,-95.9731098103157,40.9296386429232,0.710829750866182,0.652802616965636,2025.10361670172,2025.16164383562,SRR32974035|A/Peregrine_Falcon/WI/25-008493-001-original/2025|H5N1|USA-WI|Unknown|2025-03-01|wild_avian|D1.1,Mississippi,Mississippi
1186,175,0.436448526036368,-104.609027624139,36.3267573613586,-109.070700815833,43.9857880735014,0.716309202921124,0.279860676884756,2024.73067476163,2025.16712328767,SRR32868755|A/red_tailed_hawk/NY/25-007854-001/2025|H5N1|USA-NY|Steuben|2025-03-03|wild_avian|D1.1,Mississippi,Atlantic
702,609,0.424449869143147,-99.7530367917475,47.1104534285479,-98.6797061475141,34.0971505095424,0.716309202921124,0.291859333777977,2024.74267341853,2025.16712328767,SRR33476782|A/Bald_Eagle/WA/25-013105-001-original/2025|H5N1|USA-WA|Unknown|2025-03-03|wild_avian|D1.1,Central,Pacific
1086,259,0.392509326366011,-116.267333091723,42.2147385338193,-91.8137675252654,42.3693577909604,0.716309202921124,0.323799876555113,2024.77461396131,2025.16712328767,SRR33029790|A/turkey_vulture/MO/25-007994-001/2025|H5N1|USA-MO|Howell|2025-03-03|wild_avian|D1.1,Pacific,Mississippi
1175,167,0.353689587691568,-100.55013163267,34.9708867769449,-98.1311166723315,31.3855823418879,0.716309202921124,0.362619615229556,2024.81343369998,2025.16712328767,SRR32868886|A/bald_eagle/GA/25-007707-001/2025|H5N1|USA-GA|Walton|2025-03-03|wild_avian|D1.1,Mississippi,Atlantic
1104,276,0.307829613711937,-118.452597131946,41.6991515794966,-118.697947799037,41.1655673397186,0.716309202921124,0.408479589209187,2024.85929367396,2025.16712328767,SRR32974025|A/Red-tailed_Hawk/SD/25-008825-001-original/2025|H5N1|USA-SD|Unknown|2025-03-03|wild_avian|D1.1,Central,Central
904,408,0.229342665781591,-105.810765064341,42.3132163066684,-108.569881946829,41.5040720541814,0.716309202921124,0.486966537139533,2024.93778062189,2025.16712328767,SRR32868817|A/Canada_Goose/WY/25-008079-001-original/2025|H5N1|USA-WY|Unknown|2025-03-03|wild_avian|D1.1,Central,Central
739,397,0.221364904941483,-107.170092484177,39.4227423705726,-104.62414066944,42.6925480355947,0.716309202921124,0.49494429797964,2024.94575838273,2025.16712328767,SRR32974002|A/Skunk/KS/25-008665-001-original/2025|H5N1|USA-KS|Unknown|2025-03-03|other_mammal|D1.1,Central,Central
1324,36,0.0635065859554875,-94.0365084612539,37.50967906877,-94.8029633525887,39.0414067033072,0.716309202921124,0.652802616965636,2025.10361670172,2025.16712328767,SRR32868795|A/Bald_Eagle/IN/25-007837-001-original/2025|H5N1|USA-IN|Unknown|2025-03-03|wild_avian|D1.1,Mississippi,Mississippi
1286,88,0.232231047940401,-72.5335089443568,42.1998220630679,-71.9535495483597,42.6933727773707,0.719048928948481,0.486817881008081,2024.93763196576,2025.1698630137,SRR34710265|A/Peregrine_Falcon/RI/25-019394-007-original/2025|H5N1|USA-RI|Unknown|2025-03-04|wild_avian|D1.1,Atlantic,Atlantic
1008,599,0.0768676116485546,-95.6579277907055,46.4957406256319,-95.1644740557818,46.2184814097326,0.721788654975839,0.644921043327284,2025.09573512808,2025.17260273973,SRR32974026|A/Red-tailed_Hawk/OR/25-008819-001-original/2025|H5N1|USA-OR|Unknown|2025-03-05|wild_avian|D1.1,Pacific,Pacific
1156,1159,0.442769543507963,-102.824512998302,37.0528180991094,-103.73851951033,34.7590194027255,0.723823276669469,0.281053733161506,2024.73186781791,2025.17463736142,NA,Mississippi,Mississippi
728,339,0.32561060044175,-100.749171440065,39.1202798089056,-100.823805621971,37.5536898292334,0.724528381003196,0.398917780561446,2024.84973186531,2025.17534246575,SRR32868560|A/chicken/NE/25-008023-001-original/2025|H5N1|USA-NE|Unknown|2025-03-06|domestic_avian|D1.1,Central,Central
1216,231,0.254793599149926,-107.714262806843,35.8392180676833,-107.574246276873,35.7724127251563,0.724528381003196,0.46973478185327,2024.9205488666,2025.17534246575,SRR32868618|A/chicken/IN/25-008062-001-original/2025|H5N1|USA-IN|Unknown|2025-03-06|domestic_avian|D1.1,Mississippi,Mississippi
947,543,0.106086252674666,-108.398754340299,46.7364570663808,-107.764531893382,47.2581740683161,0.724528381003196,0.61844212832853,2025.06925621308,2025.17534246575,SRR32974113|A/turkey_vulture/KY/25-009319-001/2025|H5N1|USA-KY|Oldham|2025-03-06|wild_avian|D1.1,Mississippi,Mississippi
721,622,0.08399593575509,-92.8105720832318,39.5325791638142,-92.3810722325394,40.1839419167459,0.724528381003196,0.640532445248106,2025.09134653,2025.17534246575,SRR33029846|A/barn_owl/CA/25-010283-002/2025|H5N1|USA-CA|San_Mateo|2025-03-06|wild_avian|D1.1,Pacific,Pacific
1336,1337,0.0910751637941571,-97.8702003545988,41.5800035496319,-98.5743778528954,40.0449039907694,0.725469427662331,0.634394263868174,2025.08520834862,2025.17628351241,NA,Mississippi,Mississippi
969,301,0.255869109997063,-81.2932929949217,31.9941397534,-83.963427158797,31.2172083169268,0.727268107030553,0.47139899703349,2024.92221308178,2025.17808219178,SRR32974111|A/Brown_Pelican/NC/25-009321-002-original/2025|H5N1|USA-NC|Unknown|2025-03-07|wild_avian|D1.1,Atlantic,Atlantic
1333,19,0.197435399501406,-87.255716045906,37.4702996254034,-96.4382952994448,35.6173882250969,0.727268107030553,0.529832707529147,2024.98064679228,2025.17808219178,SRR34980370|A/American_Crow/ME/25-021406-005-original/2025|H5N1|USA-ME|Unknown|2025-03-07|wild_avian|D1.1,Atlantic,Atlantic
905,407,0.230566344342114,-106.118269535281,41.0720477485849,-111.260586566467,45.6769571529538,0.730007833058138,0.499441488716024,2024.95025557347,2025.18082191781,SRR32868567|A/Guineafowl/OK/25-008449-003-original/2025|H5N1|USA-OK|Unknown|2025-03-08|domestic_avian|D1.1,Central,Central
951,551,0.386162641888589,-112.644503612562,34.7824373335451,-113.051534175505,33.0957774373226,0.735487285112853,0.349324643224264,2024.80013872797,2025.18630136986,SRR33682322|A/Owl/OR/25-014765-001-original/2025|H5N1|USA-OR|Unknown|2025-03-10|wild_avian|D1.1,Pacific,Pacific
1180,158,0.281534679137731,-108.52768244672,35.641541649449,-101.885039568321,37.5342030896305,0.735487285112853,0.453952605975122,2024.90476669073,2025.18630136986,SRR32974019|A/bald_eagle/NY/25-009027-001/2025|H5N1|USA-NY|Erie|2025-03-10|wild_avian|D1.1,Mississippi,Atlantic
1299,64,0.12805870805049,-91.4202070704833,42.5239770193444,-90.9836002574407,41.3218761767339,0.735487285112853,0.607428577062363,2025.05824266181,2025.18630136986,SRR32868593|A/chicken/MD/25-008577-002-original/2025|H5N1|USA-MD|Unknown|2025-03-10|domestic_avian|D1.1,Atlantic,Atlantic
953,575,0.472429514570027,-100.530901625858,36.5488689005766,-89.1725266989699,46.39797213496,0.740966737167568,0.268537222597541,2024.71935130735,2025.19178082192,SRR32973826|A/chicken/IL/25-009367-001-original/2025|H5N1|USA-IL|Unknown|2025-03-12|domestic_avian|D1.1,Central,Mississippi
1257,124,0.251881834363988,-99.7536563326798,31.6862998848429,-98.4842306897498,31.385918980486,0.740966737167568,0.48908490280358,2024.93989898755,2025.19178082192,SRR32974073|A/bald_eagle/NJ/25-009512-004/2025|H5N1|USA-NJ|Bergen|2025-03-12|wild_avian|D1.1,Atlantic,Atlantic
720,621,0.123986872514227,-92.4789047284952,39.2929394802649,-92.4126904103403,39.3006965449366,0.740966737167568,0.61697986465334,2025.0677939494,2025.19178082192,SRR33682329|A/great_blue_heron/CA/25-014655-001/2025|H5N1|USA-CA|Alameda|2025-03-12|wild_avian|D1.1,Pacific,Pacific
741,396,0.113841445254565,-102.396177745032,30.8555569967072,-106.554927132459,32.5538583669293,0.740966737167568,0.627125291913002,2025.07793937666,2025.19178082192,SRR32868813|A/Canada_Goose/OK/25-009017-002-original/2025|H5N1|USA-OK|Unknown|2025-03-12|wild_avian|D1.1,Mississippi,Central
730,515,0.277233926251448,-99.2432976122667,40.0767973414292,-109.550423739828,34.4499531738677,0.743706463194925,0.466472536943477,2024.91728662169,2025.19452054795,SRR33508799|A/Skunk/TX/25-010819-006-original/2025|H5N1|USA-TX|Unknown|2025-03-13|other_mammal|D1.1,Central,Central
1221,219,0.251749050340982,-104.666115918994,40.8355058369869,-100.549437545036,39.5075138208769,0.743706463194925,0.491957412853943,2024.9427714976,2025.19452054795,SRR32974022|A/Peregrine_Falcon/IA/25-009016-001-original/2025|H5N1|USA-IA|Unknown|2025-03-13|wild_avian|D1.1,Mississippi,Mississippi
1260,1261,0.456075512877337,-98.6305691512942,32.4139900910681,-97.9384017959797,32.3402451737139,0.744514149162571,0.288438636285233,2024.73925272104,2025.19532823391,NA,Atlantic,Atlantic
973,974,0.247859167985449,-87.4035379726204,33.592069471995,-87.1664774612377,33.422358330152,0.745031448857829,0.49717228087238,2024.94798636562,2025.19584553361,NA,Atlantic,Atlantic
1195,184,0.0777571732843442,-107.862787235647,41.8343795432763,-107.047579246898,40.915363501076,0.749185915249867,0.671428741965523,2025.12224282672,2025.2,SRR33476771|A/black_vulture/OH/25-012888-001/2025|H5N1|USA-OH|Licking|2025-03-15|wild_avian|D1.1,Mississippi,Mississippi
1000,560,0.345819822587556,-106.946886223292,38.5823928867804,-107.649873401713,37.5901314488871,0.754665367304582,0.408845544717026,2024.85965962947,2025.20547945205,SRR32973825|A/chicken/NM/25-009470-001-original/2025|H5N1|USA-NM|Unknown|2025-03-17|domestic_avian|D1.1,Central,Central
1133,132,0.341218637449654,-99.93996529955,44.5836061481888,-98.1124290578669,35.3719429811335,0.754665367304582,0.413446729854928,2024.86426081461,2025.20547945205,SRR32974069|A/bald_eagle/NJ/25-009514-002/2025|H5N1|USA-NJ|Camden|2025-03-17|wild_avian|D1.1,Mississippi,Atlantic
1273,75,0.279009331118028,-76.6114548041593,41.0221731054098,-76.7025398376814,40.7352035376261,0.754665367304582,0.475656036186554,2024.92647012094,2025.20547945205,SRR33370215|A/black_vulture/PA/25-011842-001/2025|H5N1|USA-PA|Dauphin|2025-03-17|wild_avian|D1.1,Atlantic,Atlantic
1159,1160,0.0321597083020297,-103.73851951033,34.7590194027255,-103.894820863075,31.692009225247,0.755982984971499,0.723823276669469,2025.17463736142,2025.20679706972,NA,Mississippi,Mississippi
1043,646,0.48244836670147,-111.024920047211,43.9636962950504,-119.454843206448,39.8709952554708,0.757405093331939,0.27495672663047,2024.72577081138,2025.20821917808,SRR32973819|A/Duck/MT/25-009376-001-original/2025|H5N1|USA-MT|Unknown|2025-03-18|domestic_avian|D1.1,Central,Central
1023,678,0.438731657135148,-98.3389259261804,36.5803690619398,-97.2909025662442,34.6034577256626,0.757405093331939,0.318673436196791,2024.76948752095,2025.20821917808,SRR33508800|A/Skunk/TX/25-010819-005-original/2025|H5N1|USA-TX|Unknown|2025-03-18|other_mammal|D1.1,Central,Central
948,547,0.424912176754886,-100.152118923416,41.2609533512903,-116.588185054408,35.2389985815025,0.757405093331939,0.332492916577053,2024.78330700133,2025.20821917808,SRR33508852|A/Turkey/IL/25-009630-001-original/2025|H5N1|USA-IL|Unknown|2025-03-18|domestic_avian|D1.1,Pacific,Mississippi
938,541,0.301388769875154,-101.720069222261,47.3604714595039,-98.4883004171462,46.5062385408609,0.757405093331939,0.456016323456785,2024.90683040821,2025.20821917808,SRR33029751|A/chicken/KS/25-009496-002-original/2025|H5N1|USA-KS|Unknown|2025-03-18|domestic_avian|D1.1,Mississippi,Central
1194,182,0.126269650020797,-107.895821115503,41.901263388542,-107.936001146004,42.0780520161901,0.757405093331939,0.631135443311143,2025.08194952806,2025.20821917808,SRR33029849|A/black_vulture/OH/25-009864-005/2025|H5N1|USA-OH|Highland|2025-03-18|wild_avian|D1.1,Mississippi,Mississippi
1245,108,0.0977994103103627,-71.467946501848,42.4270412462292,-72.2002537717713,42.6984873069376,0.757405093331939,0.659605683021577,2025.11041976777,2025.20821917808,SRR35089326|A/Fish_Crow/RI/25-021409-001-original/2025|H5N1|USA-RI|Unknown|2025-03-18|wild_avian|D1.1,Atlantic,Atlantic
974,975,0.0133822069466552,-87.1664774612377,33.422358330152,-87.6867902844357,33.4858525023656,0.758413655804485,0.745031448857829,2025.19584553361,2025.20922774055,NA,Atlantic,Atlantic
975,989,0.000800763285835338,-87.6867902844357,33.4858525023656,-87.681945300808,33.5608978134769,0.75921441909032,0.758413655804485,2025.20922774055,2025.21002850384,NA,Atlantic,Atlantic
1282,98,0.189210707368445,-72.387775942239,42.1915763142192,-73.4974581242574,42.3217342877052,0.760144819359524,0.570934111991079,2025.02174819674,2025.21095890411,SRR34980328|A/Gull/NH/25-021405-005-original/2025|H5N1|USA-NH|Unknown|2025-03-19|wild_avian|D1.1,Atlantic,Atlantic
1203,208,0.13320063091071,-98.3355437243884,33.3315036163503,-98.965517042716,32.6309798339724,0.760144819359524,0.626944188448814,2025.0777582732,2025.21095890411,SRR33029853|A/Black_Vulture/AL/25-010338-002-original/2025|H5N1|USA-AL|Unknown|2025-03-19|wild_avian|D1.1,Mississippi,Mississippi
1124,138,0.502696358236963,-100.095211805874,44.5328069309759,-89.9219595895389,40.4929892462562,0.762884545386882,0.260188187149919,2024.7110022719,2025.21369863014,SRR33029789|A/Bald_Eagle/FL/25-009986-004-original/2025|H5N1|USA-FL|Unknown|2025-03-20|wild_avian|D1.1,Mississippi,Atlantic
1045,658,0.47924602041985,-114.018298511267,47.4445422769835,-121.832385061088,48.3958297748826,0.762884545386882,0.283638524967032,2024.73445260972,2025.21369863014,SRR33319026|A/turkey_vulture/MO/25-011519-002/2025|H5N1|USA-MO|Cape_Girardeau|2025-03-20|wild_avian|D1.1,Central,Mississippi
1183,178,0.475644518069579,-103.976638923657,35.1791176856307,-94.4895341819466,35.6841446684173,0.762884545386882,0.287240027317303,2024.73805411207,2025.21369863014,SRR33370194|A/Great_Horned_Owl/FL/25-012397-001-original/2025|H5N1|USA-FL|Unknown|2025-03-20|wild_avian|D1.1,Mississippi,Atlantic
1082,264,0.442476596143841,-121.32885161672,39.7522763443877,-120.317676329957,48.1225688103927,0.762884545386882,0.320407949243041,2024.77122203399,2025.21369863014,SRR33319031|A/Skunk/NV/25-011566-001-original/2025|H5N1|USA-NV|Unknown|2025-03-20|other_mammal|D1.1,Central,Pacific
799,402,0.124920734027161,-111.861446267152,40.2062621035826,-109.14533064576,38.5645329530927,0.765624271414239,0.640703537387078,2025.09151762214,2025.21643835616,SRR33319040|A/Ross_s_Goose/ND/25-011280-001-original/2025|H5N1|USA-ND|Unknown|2025-03-21|wild_avian|D1.1,Central,Central
1337,1340,0.0401876390089598,-98.5743778528954,40.0449039907694,-100.236464689998,38.4644607658805,0.765657066671291,0.725469427662331,2025.17628351241,2025.21647115142,NA,Mississippi,Mississippi
1337,1338,0.0402882992055014,-98.5743778528954,40.0449039907694,-91.7700126952653,31.0736823223024,0.765757726867832,0.725469427662331,2025.17628351241,2025.21657181162,NA,Mississippi,Atlantic
805,806,0.269322826680366,-104.849226413967,42.9172998687736,-114.652678217103,40.0796778669512,0.765789016668249,0.496466189987883,2024.94728027474,2025.21660310142,NA,Central,Pacific
741,742,0.139295158081325,-102.396177745032,30.8555569967072,-92.8189505470478,35.6001673546691,0.766420449994327,0.627125291913002,2025.07793937666,2025.21723453474,NA,Mississippi,Mississippi
1160,1161,0.0115532833626614,-103.894820863075,31.692009225247,-103.867844586957,31.5961495019859,0.76753626833416,0.755982984971499,2025.20679706972,2025.21835035308,NA,Mississippi,Mississippi
975,976,0.00977610167304732,-87.6867902844357,33.4858525023656,-86.4937126717741,33.9610809561338,0.768189757477532,0.758413655804485,2025.20922774055,2025.21900384223,NA,Atlantic,Atlantic
913,914,0.151616453279707,-101.811176415802,39.6363496881179,-97.8922271517094,36.5202555635593,0.768476017294107,0.6168595640144,2025.06767364876,2025.21929010204,NA,Pacific,Pacific
961,962,0.324012769827962,-80.8074360877652,32.5764338007075,-82.0377592039926,32.8938892355653,0.768672830938131,0.444660061110169,2024.89547414586,2025.21948691569,NA,Atlantic,Atlantic
1220,222,0.315920545764692,-104.520456212306,40.4559232628069,-104.983366177138,40.7221984580492,0.773843449496311,0.457922903731619,2024.90873698848,2025.22465753425,SRR33029828|A/cat/IA/25-010114-001-original/2025|H5N1|USA-IA|Unknown|2025-03-24|feline|D1.1,Mississippi,Mississippi
797,400,0.258040542778654,-107.790016720643,38.1930568223793,-107.578112583864,37.6691151957461,0.773843449496311,0.515802906717657,2024.96661699147,2025.22465753425,SRR33508770|A/Duck/NE/25-010532-002-original/2025|H5N1|USA-NE|Unknown|2025-03-24|domestic_avian|D1.1,Central,Central
1300,60,0.147394411015736,-92.0796662736061,42.6870285109411,-91.1715588093709,42.00708463385,0.773843449496311,0.626449038480575,2025.07726312323,2025.22465753425,SRR34710271|A/Turkey_Vulture/MD/25-019391-002-original/2025|H5N1|USA-MD|Unknown|2025-03-24|wild_avian|D1.1,Atlantic,Atlantic
976,307,0.00565369201877919,-86.4937126717741,33.9610809561338,-85.8407822924013,33.5779297570387,0.773843449496311,0.768189757477532,2025.21900384223,2025.22465753425,SRR33508772|A/black_vulture/MA/25-010531-001/2025|H5N1|USA-MA|Harford|2025-03-24|wild_avian|D1.1,Atlantic,Atlantic
914,580,0.00810715822978925,-97.8922271517094,36.5202555635593,-97.3018951726136,33.4847503083494,0.776583175523896,0.768476017294107,2025.21929010204,2025.22739726027,SRR33319085|A/cattle/AZ/25-010942-001-original/2025|H5N1|USA-AZ|Unknown|2025-03-25|cattle|D1.1,Pacific,Pacific
1287,1289,0.123111209242975,-72.7601280872402,42.1064127873034,-71.8251632907225,42.1800069400708,0.777497464266081,0.654386255023106,2025.10520033977,2025.22831154902,NA,Atlantic,Atlantic
1287,1288,0.12438590970349,-72.7601280872402,42.1064127873034,-71.9102656078596,42.8554870947323,0.778772164726596,0.654386255023106,2025.10520033977,2025.22958624948,NA,Atlantic,Atlantic
736,512,0.327164566259451,-105.346776944465,41.8374224705895,-105.454767959407,44.0647347288142,0.779322901551253,0.452158335291802,2024.90297242004,2025.2301369863,SRR33508736|A/Red-tailed_Hawk/CO/25-010882-001-original/2025|H5N1|USA-CO|Unknown|2025-03-26|wild_avian|D1.1,Central,Central
947,544,0.160880773222724,-108.398754340299,46.7364570663808,-112.895656544908,45.7113421794556,0.779322901551253,0.61844212832853,2025.06925621308,2025.2301369863,SRR33508738|A/Great_Horned_Owl/MI/25-010812-002-original/2025|H5N1|USA-MI|Unknown|2025-03-26|wild_avian|D1.1,Mississippi,Mississippi
1058,1059,0.505387918667648,-112.645251578404,46.5380991551119,-92.9880403831874,39.77766664863,0.779729485336843,0.274341566669194,2024.72515565142,2025.23054357009,NA,Central,Atlantic
1008,1009,0.136553338165668,-95.6579277907055,46.4957406256319,-96.8793034404902,45.158269197261,0.781474381492952,0.644921043327284,2025.09573512808,2025.23228846624,NA,Pacific,Pacific
1197,187,0.157236701768723,-111.114508548699,44.0336807370622,-113.794824457566,44.2947971954929,0.782062627578611,0.624825925809887,2025.07564001056,2025.23287671233,SRR33370162|A/Mallard/MN/25-012246-005-original/2025|H5N1|USA-MN|Unknown|2025-03-27|wild_avian|D1.1,Mississippi,Mississippi
989,319,0.0228482084882907,-87.681945300808,33.5608978134769,-87.8819707466866,33.1263235560499,0.782062627578611,0.75921441909032,2025.21002850384,2025.23287671233,SRR33508749|A/black_vulture/PA/25-010745-004/2025|H5N1|USA-PA|Lancaster|2025-03-27|wild_avian|D1.1,Atlantic,Atlantic
1059,1061,0.00294220373067167,-92.9880403831874,39.77766664863,-92.9994458579801,39.7748182303995,0.782671689067514,0.779729485336843,2025.23054357009,2025.23348577382,NA,Atlantic,Atlantic
1355,282,0.672271851912031,-95.3213785058035,31.4150747600404,-79.132752842138,34.1542246231839,0.793021531688268,0.120749679776236,2024.57156376453,2025.24383561644,SRR33319032|A/Skunk/UT/25-011119-002-original/2025|H5N1|USA-UT|Unknown|2025-03-31|other_mammal|D1.1,Central,Pacific
930,530,0.468216056398508,-98.3665835145744,43.8867622489623,-108.843921473987,46.6523204089497,0.795761257715625,0.327545201317117,2024.77835928607,2025.24657534247,SRR33319029|A/Snow_Goose/ND/25-011281-001-original/2025|H5N1|USA-ND|Unknown|2025-04-01|wild_avian|D1.1,Central,Central
731,517,0.322935180512503,-99.4476368334696,37.6219088667052,-100.53680506268,38.2771214018632,0.795761257715625,0.472826077203122,2024.92364016195,2025.24657534247,SRR33319054|A/Great_Horned_Owl/ND/25-011283-001-original/2025|H5N1|USA-ND|Unknown|2025-04-01|wild_avian|D1.1,Central,Central
1007,603,0.188835293361043,-97.3432708747682,43.664576446378,-97.2821780541247,40.7263462702671,0.795761257715625,0.606925964354582,2025.0577400491,2025.24657534247,SRR33682347|A/Canada_Goose/WA/25-014080-001-original/2025|H5N1|USA-WA|Unknown|2025-04-01|wild_avian|D1.1,Pacific,Pacific
1336,17,0.161366993847451,-97.8702003545988,41.5800035496319,-92.5987766970988,34.4734483181705,0.795761257715625,0.634394263868174,2025.08520834862,2025.24657534247,SRR33319022|A/Black_Vulture/VA/25-011541-002-original/2025|H5N1|USA-VA|Unknown|2025-04-01|wild_avian|D1.1,Mississippi,Atlantic
1321,35,0.196750285491112,-91.9643179466416,39.2613823258146,-92.6429821698313,38.706049413721,0.798500983742982,0.60175069825187,2025.052564783,2025.24931506849,SRR33370139|A/red_breasted_merganser/MI/25-011271-008/2025|H5N1|USA-MI|Allegan|2025-04-02|wild_avian|D1.1,Mississippi,Mississippi
1289,1290,0.0234328459918042,-71.8251632907225,42.1800069400708,-72.8236928804397,42.0770987354242,0.800930310257885,0.777497464266081,2025.22831154902,2025.25174439501,NA,Atlantic,Atlantic
974,320,0.0562092609125103,-87.1664774612377,33.422358330152,-87.1772946612024,32.0205713880525,0.80124070977034,0.745031448857829,2025.19584553361,2025.25205479452,SRR33319024|A/black_vulture/PA/25-011728-001/2025|H5N1|USA-PA|York|2025-04-03|wild_avian|D1.1,Atlantic,Atlantic
1340,1341,0.0358982722277077,-100.236464689998,38.4644607658805,-100.079099999288,38.2179899082462,0.801555338898998,0.765657066671291,2025.21647115142,2025.25236942365,NA,Mississippi,Mississippi
914,915,0.0433141741456529,-97.8922271517094,36.5202555635593,-99.2098613837382,38.396651138481,0.81179019143976,0.768476017294107,2025.21929010204,2025.26260427619,NA,Pacific,Pacific
1195,183,0.140770871914474,-107.862787235647,41.8343795432763,-108.237481323403,42.0731689985869,0.812199613879997,0.671428741965523,2025.12224282672,2025.26301369863,SRR33370172|A/vulture/OH/25-012105-001/2025|H5N1|USA-OH|Unknown|2025-04-07|wild_avian|D1.1,Mississippi,Mississippi
1159,149,0.0883763372105276,-103.73851951033,34.7590194027255,-98.8998320955922,34.4848967762327,0.812199613879997,0.723823276669469,2025.17463736142,2025.26301369863,SRR33370169|A/vulture/OH/25-012105-004/2025|H5N1|USA-OH|Unknown|2025-04-07|wild_avian|D1.1,Mississippi,Mississippi
1314,43,0.543636760477924,-112.340390441979,36.547288523363,-100.432144279883,32.4981091765408,0.814939339907354,0.271302579429431,2024.72211666418,2025.26575342466,SRR33370196|A/Great_Horned_Owl/MT/25-012288-002-original/2025|H5N1|USA-MT|Unknown|2025-04-08|wild_avian|D1.1,Central,Pacific
1126,131,0.498626360094858,-103.271333870352,45.3966306631805,-102.032964871273,43.4371868443231,0.814939339907354,0.316312979812497,2024.76712706456,2025.26575342466,SRR33370177|A/Snowy_Owl/WI/25-012050-001-original/2025|H5N1|USA-WI|Unknown|2025-04-08|wild_avian|D1.1,Mississippi,Mississippi
1197,186,0.190113414097467,-111.114508548699,44.0336807370622,-108.845969652129,44.4689328077989,0.814939339907354,0.624825925809887,2025.07564001056,2025.26575342466,SRR33370176|A/Trumpeter_Swan/IA/25-011816-001-original/2025|H5N1|USA-IA|Unknown|2025-04-08|wild_avian|D1.1,Mississippi,Mississippi
716,564,0.485409830113883,-103.598019118626,47.2369367209765,-106.477817065944,33.4142028282616,0.820418791962069,0.335008961848186,2024.7858230466,2025.27123287671,SRR33476799|A/Cooper_s_Hawk/MO/25-012813-008-original/2025|H5N1|USA-MO|Unknown|2025-04-10|wild_avian|D1.1,Central,Mississippi
1014,595,0.47919863780872,-100.621995340698,44.6050183275958,-108.114863304603,36.012285854208,0.820418791962069,0.341220154153349,2024.7920342389,2025.27123287671,SRR34710266|A/Red-tailed_Hawk/CO/25-019366-002-original/2025|H5N1|USA-CO|Unknown|2025-04-10|wild_avian|D1.1,Pacific,Central
1216,232,0.350684010108799,-107.714262806843,35.8392180676833,-107.882198432624,42.0760013950816,0.820418791962069,0.46973478185327,2024.9205488666,2025.27123287671,SRR33476774|A/Turkey_Vulture/MO/25-012813-002-original/2025|H5N1|USA-MO|Unknown|2025-04-10|wild_avian|D1.1,Mississippi,Mississippi
802,406,0.161389305999266,-114.471421953352,41.0576529224235,-110.878030218791,43.4261060302223,0.820418791962069,0.659029485962803,2025.10984357071,2025.27123287671,SRR33476801|A/Canada_Goose/SD/25-013305-001-original/2025|H5N1|USA-SD|Unknown|2025-04-10|wild_avian|D1.1,Central,Central
1160,148,0.0644358069905701,-103.894820863075,31.692009225247,-105.55761435619,32.0361577786585,0.820418791962069,0.755982984971499,2025.20679706972,2025.27123287671,SRR33476805|A/black_vulture/KY/25-013218-001/2025|H5N1|USA-KY|Mason|2025-04-10|wild_avian|D1.1,Mississippi,Mississippi
1161,150,0.0528825236279087,-103.867844586957,31.5961495019859,-103.469340842315,33.2149914120996,0.820418791962069,0.76753626833416,2025.21835035308,2025.27123287671,SRR33476809|A/canada_goose/KY/25-013218-002/2025|H5N1|USA-KY|Mason|2025-04-10|wild_avian|D1.1,Mississippi,Mississippi
1061,654,0.0377471028945546,-92.9994458579801,39.7748182303995,-91.9009087873658,38.3159906924025,0.820418791962069,0.782671689067514,2025.23348577382,2025.27123287671,SRR33370209|A/Black_Vulture/VA/25-012471-002-original/2025|H5N1|USA-VA|Unknown|2025-04-10|wild_avian|D1.1,Atlantic,Atlantic
976,977,0.0549150959957841,-86.4937126717741,33.9610809561338,-85.0789194803207,35.3768791853423,0.823104853473316,0.768189757477532,2025.21900384223,2025.27391893822,NA,Atlantic,Atlantic
1221,220,0.33120110513571,-104.666115918994,40.8355058369869,-101.032237058406,37.9955428489137,0.823158517989654,0.491957412853943,2024.9427714976,2025.27397260274,SRR33682307|A/Turkey_Vulture/IN/25-014056-001-original/2025|H5N1|USA-IN|Unknown|2025-04-11|wild_avian|D1.1,Mississippi,Mississippi
962,963,0.0559544423096293,-82.0377592039926,32.8938892355653,-82.3419348320365,33.5796932108578,0.82462727324776,0.768672830938131,2025.21948691569,2025.275441358,NA,Atlantic,Atlantic
907,334,0.544652637914786,-106.238455629596,43.2123641318857,-119.07458481399,41.3542884153079,0.828637970044368,0.283985332129582,2024.73479941688,2025.27945205479,SRR33682331|A/Cougar/CA/25-014656-002-original/2025|H5N1|USA-CA|Unknown|2025-04-13|feline|D1.1,Central,Pacific
1248,113,0.386361342874281,-98.454409448895,32.3199204585713,-99.132846028875,31.6179409103515,0.839596874154025,0.453235531279744,2024.90404961603,2025.2904109589,SRR34425892|A/red_fox/NJ/25-018509-002/2025|H5N1|USA-NJ|Mercer|2025-04-17|other_mammal|D1.1,Atlantic,Atlantic
1335,18,0.316559403549985,-90.6698708864999,39.1226708702183,-89.0309106559637,42.6324354800389,0.839596874154025,0.52303747060404,2024.97385155535,2025.2904109589,SRR34425893|A/red_fox/NJ/25-018509-001/2025|H5N1|USA-NJ|Mercer|2025-04-17|other_mammal|D1.1,Atlantic,Atlantic
943,537,0.0616832770811744,-82.1399349881478,31.3386761866903,-81.795883753044,28.8575913655732,0.842336600181383,0.780653323100208,2025.23146740785,2025.29315068493,SRR34270262|A/black_vulture/GA/25-017626-002/2025|H5N1|USA-GA|Monroe|2025-04-18|wild_avian|D1.1,Atlantic,Atlantic
1338,1339,0.0765965103663706,-91.7700126952653,31.0736823223024,-91.1008663021807,32.2554918202152,0.842354237234203,0.765757726867832,2025.21657181162,2025.29316832198,NA,Atlantic,Atlantic
1290,1291,0.0423316455623016,-72.8236928804397,42.0770987354242,-74.2899757334654,43.2874028224679,0.843261955820187,0.800930310257885,2025.25174439501,2025.29407604057,NA,Atlantic,Atlantic
1261,57,0.10056217704617,-97.9384017959797,32.3402451737139,-89.5408692778104,32.2919495187544,0.84507632620874,0.744514149162571,2025.19532823391,2025.29589041096,SRR34710269|A/Snowy_Owl/ME/25-019392-006-original/2025|H5N1|USA-ME|Unknown|2025-04-19|wild_avian|D1.1,Atlantic,Atlantic
915,916,0.0355986644582618,-99.2098613837382,38.396651138481,-99.4645402320934,38.7440831784457,0.847388855898021,0.81179019143976,2025.26260427619,2025.29820294065,NA,Pacific,Pacific
1288,79,0.0690438875095019,-71.9102656078596,42.8554870947323,-71.6828145681428,43.4135183439975,0.847816052236098,0.778772164726596,2025.22958624948,2025.29863013699,SRR35319688|A/Common_Eider/MA/25-021407-030-original/2025|H5N1|USA-MA|Unknown|2025-04-20|wild_avian|D1.1,Atlantic,Atlantic
690,616,0.584659137207388,-99.0621556014712,45.3322818412406,-94.7065485093082,48.7457217741069,0.850555778263455,0.265896641056067,2024.71671072581,2025.30136986301,SRR33476770|A/Turkey_Vulture/WY/25-013045-001-original/2025|H5N1|USA-WY|Unknown|2025-04-21|wild_avian|D1.1,Pacific,Central
1329,25,0.562731271129015,-111.545696110783,38.2076652281833,-93.9522324158704,47.4593175739153,0.850555778263455,0.28782450713444,2024.73863859188,2025.30136986301,SRR33565201|A/canada_goose/NY/25-013428-001/2025|H5N1|USA-NY|Niagara|2025-04-21|wild_avian|D1.1,Central,Atlantic
1254,125,0.406597942831015,-99.1340752804347,33.0276590729742,-96.2705331280477,35.2555983846948,0.850555778263455,0.44395783543244,2024.89477192018,2025.30136986301,SRR33830326|A/red_tailed_hawk/NY/25-013427-001/2025|H5N1|USA-NY|Jefferson|2025-04-21|wild_avian|D1.1,Atlantic,Atlantic
802,405,0.191526292300652,-114.471421953352,41.0576529224235,-114.345561081585,48.322183142536,0.850555778263455,0.659029485962803,2025.10984357071,2025.30136986301,SRR33476668|A/chicken/MN/25-013149-001-original/2025|H5N1|USA-MN|Unknown|2025-04-21|domestic_avian|D1.1,Central,Mississippi
962,292,0.081882947325324,-82.0377592039926,32.8938892355653,-82.2847301527348,33.2212095863958,0.850555778263455,0.768672830938131,2025.21948691569,2025.30136986301,SRR33682355|A/black_vulture/NC/25-013413-001/2025|H5N1|USA-NC|Mecklenburg|2025-04-21|wild_avian|D1.1,Atlantic,Atlantic
977,978,0.0312045519345966,-85.0789194803207,35.3768791853423,-84.4643202080595,38.7380588772525,0.854309405407913,0.823104853473316,2025.27391893822,2025.30512349016,NA,Atlantic,Atlantic
915,581,0.0442450388786376,-99.2098613837382,38.396651138481,-100.358522382321,34.7925175236308,0.856035230318397,0.81179019143976,2025.26260427619,2025.30684931507,SRR33764593|A/cattle/AZ/25-013772-001-original-repeat2/2025|H5N1|USA-AZ|Unknown|2025-04-23|cattle|D1.1,Pacific,Pacific
1339,13,0.0136809930841942,-91.1008663021807,32.2554918202152,-88.1789900055257,32.3921528073544,0.856035230318397,0.842354237234203,2025.29316832198,2025.30684931507,SRR33764586|A/Great_Horned_Owl/CT/25-013382-001-original-repeat2/2025|H5N1|USA-CT|Unknown|2025-04-23|wild_avian|D1.1,Atlantic,Atlantic
1316,41,0.415863650001689,-93.6434668138819,41.8050172028408,-96.1098086081027,44.7006988832445,0.858774956345755,0.442911306344066,2024.89372539109,2025.3095890411,SRR33764590|A/bald_eagle/MI/25-013929-001/2025|H5N1|USA-MI|Manistee|2025-04-24|wild_avian|D1.1,Mississippi,Mississippi
1009,601,0.077300574852803,-96.8793034404902,45.158269197261,-97.3801117666112,44.8048419853243,0.858774956345755,0.781474381492952,2025.23228846624,2025.3095890411,SRR33682312|A/Sand_Crane/WA/25-014081-001-original/2025|H5N1|USA-WA|Unknown|2025-04-24|wild_avian|D1.1,Pacific,Pacific
1183,1184,0.572853243971508,-103.976638923657,35.1791176856307,-102.882408622993,42.1684802367151,0.860093271288811,0.287240027317303,2024.73805411207,2025.31090735604,NA,Mississippi,Mississippi
1345,28,0.394034622041279,-109.616456900745,37.8100099160056,-113.64143090603,35.1629601685237,0.861514682373112,0.467480060331833,2024.91829414508,2025.31232876712,SRR33682328|A/Great_Horned_Owl/ID/25-014531-001-original/2025|H5N1|USA-ID|Unknown|2025-04-25|wild_avian|D1.1,Pacific,Pacific
1029,627,0.378090866202126,-104.883893149936,37.2563436113608,-105.867149742142,39.3258900345732,0.861514682373112,0.483423816170986,2024.93423790092,2025.31232876712,SRR33682316|A/Red-tailed_Hawk/ID/25-014530-001-original/2025|H5N1|USA-ID|Unknown|2025-04-25|wild_avian|D1.1,Pacific,Pacific
963,964,0.0376577414477463,-82.3419348320365,33.5796932108578,-81.6472975790638,33.9117222469125,0.862285014695507,0.82462727324776,2025.275441358,2025.31309909945,NA,Atlantic,Atlantic
805,807,0.371983959466421,-104.849226413967,42.9172998687736,-109.364249569971,43.5426682901079,0.868450149454304,0.496466189987883,2024.94728027474,2025.3192642342,NA,Central,Central
978,979,0.0150449192277039,-84.4643202080595,38.7380588772525,-84.6017772744563,38.8914510778072,0.869354324635617,0.854309405407913,2025.30512349016,2025.32016840939,NA,Atlantic,Atlantic
979,304,0.000379535819794885,-84.6017772744563,38.8914510778072,-84.6695497048149,39.0748015749336,0.869733860455411,0.869354324635617,2025.32016840939,2025.32054794521,SRR33830330|A/black_vulture/PA/25-015563-001/2025|H5N1|USA-PA|Chester|2025-04-28|wild_avian|D1.1,Atlantic,Atlantic
1061,1062,0.0891926377543685,-92.9994458579801,39.7748182303995,-92.9417169322004,38.5338746647369,0.871864326821883,0.782671689067514,2025.23348577382,2025.32267841157,NA,Atlantic,Atlantic
919,585,0.598115177218234,-101.724653974303,44.7887266723809,-99.2936490313331,45.5320918036757,0.875213312510126,0.277098135291892,2024.72791222004,2025.32602739726,SRR33682297|A/Turkey_Vulture/UT/25-014690-001-original/2025|H5N1|USA-UT|Unknown|2025-04-30|wild_avian|D1.1,Pacific,Pacific
1340,14,0.109556245838835,-100.236464689998,38.4644607658805,-100.034492001931,40.5129995390459,0.875213312510126,0.765657066671291,2025.21647115142,2025.32602739726,SRR33564631|A/chicken/IN/25-014151-001-original/2025|H5N1|USA-IN|Unknown|2025-04-30|domestic_avian|D1.1,Mississippi,Mississippi
1341,16,0.0736579736111278,-100.079099999288,38.2179899082462,-100.321753370909,39.1564686554703,0.875213312510126,0.801555338898998,2025.25236942365,2025.32602739726,SRR33564627|A/Guineafowl/IL/25-014146-002-original/2025|H5N1|USA-IL|Unknown|2025-04-30|domestic_avian|D1.1,Mississippi,Mississippi
916,917,0.0306519053753228,-99.4645402320934,38.7440831784457,-99.6417157862264,39.2252559843106,0.878040761273344,0.847388855898021,2025.29820294065,2025.32885484602,NA,Pacific,Pacific
963,966,0.0540568945273061,-82.3419348320365,33.5796932108578,-83.1960056580918,33.1133223046378,0.878684167775066,0.82462727324776,2025.275441358,2025.32949825253,NA,Atlantic,Atlantic
1301,1302,0.231256457263262,-91.3915368779529,41.9809444125003,-90.7263420003604,39.0862514854866,0.879229924389708,0.647973467126446,2025.09878755188,2025.33004400914,NA,Atlantic,Atlantic
979,980,0.0107076850414012,-84.6017772744563,38.8914510778072,-84.0161778353431,39.5942998649341,0.880062009677018,0.869354324635617,2025.32016840939,2025.33087609443,NA,Atlantic,Atlantic
806,412,0.114903747896592,-114.652678217103,40.0796778669512,-114.75824039579,38.0172287049264,0.880692764564841,0.765789016668249,2025.21660310142,2025.33150684932,SRR33830328|A/Great_Horned_Owl/MT/25-015870-001-original/2025|H5N1|USA-MT|Unknown|2025-05-02|wild_avian|D1.1,Pacific,Central
807,815,0.0154696401626618,-109.364249569971,43.5426682901079,-108.266853499215,41.6407369259799,0.883919789616966,0.868450149454304,2025.3192642342,2025.33473387437,NA,Central,Central
742,743,0.117992555304347,-92.8189505470478,35.6001673546691,-93.155482380959,41.5948294040883,0.884413005298675,0.766420449994327,2025.21723453474,2025.33522709005,NA,Mississippi,Mississippi
905,409,0.392210179958474,-106.118269535281,41.0720477485849,-108.403096733082,38.2300383577247,0.891651668674498,0.499441488716024,2024.95025557347,2025.34246575342,SRR33764588|A/cat/SD/25-015467-001-original/2025|H5N1|USA-SD|Unknown|2025-05-06|feline|D1.1,Central,Central
1302,62,0.0124217442847895,-90.7263420003604,39.0862514854866,-91.2968930068465,35.114210701006,0.891651668674498,0.879229924389708,2025.33004400914,2025.34246575342,SRR33764507|A/chicken/MD/25-014921-001-original/2025|H5N1|USA-MD|Unknown|2025-05-06|domestic_avian|D1.1,Atlantic,Atlantic
1059,1060,0.113062884605208,-92.9880403831874,39.77766664863,-92.0116601062024,41.1065295457842,0.892792369942051,0.779729485336843,2025.23054357009,2025.34360645469,NA,Atlantic,Atlantic
1223,235,0.410055035491029,-102.433567807329,43.2169774667424,-100.650713468061,44.7248094033338,0.894391394701855,0.484336359210827,2024.93515044396,2025.34520547945,SRR33764582|A/Turkey_Vulture/IA/25-014877-001-original/2025|H5N1|USA-IA|Unknown|2025-05-07|wild_avian|D1.1,Mississippi,Mississippi
1105,266,0.372948752429181,-118.512696235922,35.7524664979912,-119.715753274801,37.8694967942732,0.894391394701855,0.521442642272675,2024.97225672702,2025.34520547945,SRR33764581|A/Turkey_Vulture/IA/25-014877-002-original/2025|H5N1|USA-IA|Unknown|2025-05-07|wild_avian|D1.1,Central,Mississippi
1339,12,0.0575166095223673,-91.1008663021807,32.2554918202152,-91.2895744601054,32.4194032296952,0.89987084675657,0.842354237234203,2025.29316832198,2025.35068493151,SRR33682397|A/Duck/NJ/25-015044-006-original/2025|H5N1|USA-NJ|Unknown|2025-05-09|domestic_avian|D1.1,Atlantic,Atlantic
943,944,0.125143217612811,-82.1399349881478,31.3386761866903,-82.8134168179068,31.2733490001157,0.905796540713019,0.780653323100208,2025.23146740785,2025.35661062546,NA,Atlantic,Atlantic
977,981,0.0922222159393914,-85.0789194803207,35.3768791853423,-84.6618702304827,33.1129619339791,0.915327069412707,0.823104853473316,2025.27391893822,2025.36614115416,NA,Atlantic,Atlantic
980,306,0.0362471932439241,-84.0161778353431,39.5942998649341,-82.1567073672145,39.4540645231028,0.916309202920942,0.880062009677018,2025.33087609443,2025.36712328767,SRR33993064|A/Black_Vulture/PA/25-017251-001-original/2025|H5N1|USA-PA|Unknown|2025-05-15|wild_avian|D1.1,Atlantic,Atlantic
1289,87,0.141551464682446,-71.8251632907225,42.1800069400708,-72.8717429026665,43.6047045294253,0.919048928948527,0.777497464266081,2025.22831154902,2025.3698630137,SRR34710290|A/Great_Black-Backed_Gull/MA/25-019390-021-original/2025|H5N1|USA-MA|Unknown|2025-05-16|wild_avian|D1.1,Atlantic,Atlantic
1291,1293,0.0819020953008628,-74.2899757334654,43.2874028224679,-75.6452526010098,38.7368020774711,0.925164051121049,0.843261955820187,2025.29407604057,2025.37597813587,NA,Atlantic,Atlantic
964,299,0.0677228183624496,-81.6472975790638,33.9117222469125,-80.6295452664004,33.8528984864782,0.930007833057956,0.862285014695507,2025.31309909945,2025.38082191781,SRR33943915|A/black_vulture/SC/25-016638-003/2025|H5N1|USA-SC|Chester|2025-05-20|wild_avian|D1.1,Atlantic,Atlantic
966,293,0.0513236652828898,-83.1960056580918,33.1133223046378,-83.3438181449729,32.9759518145316,0.930007833057956,0.878684167775066,2025.32949825253,2025.38082191781,SRR33943914|A/black_vulture/SC/25-016638-004/2025|H5N1|USA-SC|Chester|2025-05-20|wild_avian|D1.1,Atlantic,Atlantic
916,582,0.0880984292148771,-99.4645402320934,38.7440831784457,-99.3920363244492,39.0530280437675,0.935487285112898,0.847388855898021,2025.29820294065,2025.38630136986,SRR33830342|A/chicken/AZ/25-016339-007-original/2025|H5N1|USA-AZ|Unknown|2025-05-22|domestic_avian|D1.1,Pacific,Pacific
1062,651,0.066362684318373,-92.9417169322004,38.5338746647369,-92.8084229451367,38.7593093337,0.938227011140256,0.871864326821883,2025.32267841157,2025.38904109589,SRR34710267|A/Black_Vulture/VA/25-019364-001-original/2025|H5N1|USA-VA|Unknown|2025-05-23|wild_avian|D1.1,Atlantic,Atlantic
1188,169,0.502834879952371,-107.088557836088,35.9980762397501,-110.568253069883,43.414138050907,0.949185915249913,0.446351035297541,2024.89716512005,2025.4,SRR33993059|A/Turkey_Vulture/NY/25-016857-001-original/2025|H5N1|USA-NY|Unknown|2025-05-27|wild_avian|D1.1,Atlantic,Atlantic
815,816,0.0675853919537863,-108.266853499215,41.6407369259799,-108.744256073628,42.0519311501826,0.951505181570752,0.883919789616966,2025.33473387437,2025.40231926632,NA,Central,Central
908,518,0.623289422135033,-101.6577719757,42.4344300961709,-94.0499898896078,39.793170176895,0.954665367304627,0.331375945169595,2024.78219002992,2025.40547945205,SRR33993061|A/Red_Fox/CO/25-017245-001-original/2025|H5N1|USA-CO|Unknown|2025-05-29|other_mammal|D1.1,Central,Pacific
1319,33,0.460254631645406,-93.7077418441898,39.2437563623391,-93.8345583974141,38.9615101499399,0.954665367304627,0.494410735659221,2024.94522482041,2025.40547945205,SRR33993066|A/bald_eagle/MI/25-017061-001/2025|H5N1|USA-MI|Osceola|2025-05-29|wild_avian|D1.1,Mississippi,Mississippi
1184,176,0.0945720960158164,-102.882408622993,42.1684802367151,-104.144671589244,42.7609263298517,0.954665367304627,0.860093271288811,2025.31090735604,2025.40547945205,SRR33993065|A/bald_eagle/MI/25-017061-002/2025|H5N1|USA-MI|Mason|2025-05-29|wild_avian|D1.1,Mississippi,Mississippi
1293,85,0.0404602202932349,-75.6452526010098,38.7368020774711,-76.726690694154,38.9084453490008,0.965624271414284,0.925164051121049,2025.37597813587,2025.41643835616,SRR34710258|A/Common_Eider/MA/25-019390-025-original/2025|H5N1|USA-MA|Unknown|2025-06-02|wild_avian|D1.1,Atlantic,Atlantic
989,308,0.209149578351322,-87.681945300808,33.5608978134769,-87.3987254265339,32.5289266941302,0.968363997441642,0.75921441909032,2025.21002850384,2025.41917808219,SRR34270259|A/black_vulture/PA/25-017748-001/2025|H5N1|USA-PA|Lehigh|2025-06-03|wild_avian|D1.1,Atlantic,Atlantic
980,305,0.0883019877646241,-84.0161778353431,39.5942998649341,-83.5822122320807,38.7793379684975,0.968363997441642,0.880062009677018,2025.33087609443,2025.41917808219,SRR34270258|A/black_vulture/PA/25-017748-002/2025|H5N1|USA-PA|Lehigh|2025-06-03|wild_avian|D1.1,Atlantic,Atlantic
1184,177,0.113750178207546,-102.882408622993,42.1684802367151,-102.519098589888,44.4953941907892,0.973843449496357,0.860093271288811,2025.31090735604,2025.42465753425,SRR34425901|A/caspian_tern/WI/25-018001-001/2025|H5N1|USA-WI|Door|2025-06-05|wild_avian|D1.1,Mississippi,Mississippi
917,583,0.0958026882230125,-99.6417157862264,39.2252559843106,-100.286491017771,40.0887699162768,0.973843449496357,0.878040761273344,2025.32885484602,2025.42465753425,SRR34270136|A/chicken/AZ/25-017630-002-original/2025|H5N1|USA-AZ|Unknown|2025-06-05|domestic_avian|D1.1,Pacific,Pacific
939,532,0.495568783401101,-107.359035401332,45.3853570679522,-103.075884330251,42.9602643297734,0.976583175523714,0.481014392122613,2024.93182847687,2025.42739726027,SRR34270261|A/turkey_vulture/NC/25-017667-001/2025|H5N1|USA-NC|Durham|2025-06-06|wild_avian|D1.1,Mississippi,Atlantic
816,819,0.0350812049535979,-108.744256073628,42.0519311501826,-108.049060186597,41.4105621334669,0.98658638652435,0.951505181570752,2025.40231926632,2025.43740047127,NA,Central,Central
743,744,0.103191647099903,-93.155482380959,41.5948294040883,-93.2431100808672,42.9836889942836,0.987604652398577,0.884413005298675,2025.33522709005,2025.43841873715,NA,Mississippi,Central
1341,15,0.18872646676173,-100.079099999288,38.2179899082462,-101.014145361982,38.1298343289365,0.990281805660728,0.801555338898998,2025.25236942365,2025.44109589041,SRR34425894|A/Peregrine_falcon/IL/25-018249-001/2025|H5N1|USA-IL|DuPage|2025-06-11|wild_avian|D1.1,Mississippi,Mississippi
744,745,0.00356647659919651,-93.2431100808672,42.9836889942836,-93.5526769869717,43.4527511848657,0.991171128997774,0.987604652398577,2025.43841873715,2025.44198521375,NA,Central,Central
819,820,0.00500088611820437,-108.049060186597,41.4105621334669,-107.966459761903,41.3877683810429,0.991587272642554,0.98658638652435,2025.43740047127,2025.44240135739,NA,Central,Central
820,821,0.000553977571369435,-107.966459761903,41.3877683810429,-108.038671002347,41.4079896173813,0.992141250213924,0.991587272642554,2025.44240135739,2025.44295533496,NA,Central,Central
820,841,0.000611923653037416,-107.966459761903,41.3877683810429,-106.733505834006,41.4337666621179,0.992199196295592,0.991587272642554,2025.44240135739,2025.44301328105,NA,Central,Central
841,848,0.00301514310539575,-106.733505834006,41.4337666621179,-108.919325833072,38.491312266788,0.995214339400988,0.992199196295592,2025.44301328105,2025.44602842415,NA,Central,Central
745,771,0.00467080208670267,-93.5526769869717,43.4527511848657,-93.8941500366028,43.4264288667321,0.995841931084476,0.991171128997774,2025.44198521375,2025.44665601583,NA,Central,Central
771,772,0.000543167789953558,-93.8941500366028,43.4264288667321,-93.9871022520975,43.5067325461899,0.99638509887443,0.995841931084476,2025.44665601583,2025.44719918362,NA,Central,Central
807,808,0.129271083306445,-109.364249569971,43.5426682901079,-117.551665921799,37.1172706572883,0.997721232760749,0.868450149454304,2025.3192642342,2025.44853531751,NA,Central,Central
772,775,0.00215178384685988,-93.9871022520975,43.5067325461899,-93.2557492883417,43.9109417539485,0.99853688272129,0.99638509887443,2025.44719918362,2025.44935096747,NA,Central,Central
1161,1162,0.231010377828921,-103.867844586957,31.5961495019859,-100.360070554119,32.4468417231434,0.998546646163081,0.76753626833416,2025.21835035308,2025.44936073091,NA,Mississippi,Atlantic
1142,1143,0.00892901974229132,-74.0478946927958,42.9606637506531,-74.7949241281243,43.318694504795,0.998742202726468,0.989813182984177,2025.44062726773,2025.44955628748,NA,Atlantic,Atlantic
848,859,0.00384777428301575,-108.919325833072,38.491312266788,-108.496289461236,37.662635279366,0.999062113684003,0.995214339400988,2025.44602842415,2025.44987619843,NA,Central,Central
745,746,0.00914653171315294,-93.5526769869717,43.4527511848657,-93.690022055252,43.1767485845585,1.00031766071093,0.991171128997774,2025.44198521375,2025.45113174546,NA,Central,Central
775,776,0.00186202277253367,-93.2557492883417,43.9109417539485,-93.2394396101942,43.9640316492177,1.00039890549382,0.99853688272129,2025.44935096747,2025.45121299024,NA,Central,Central
808,809,0.00325789627683659,-117.551665921799,37.1172706572883,-118.896684202426,36.6521504643582,1.00097912903759,0.997721232760749,2025.44853531751,2025.45179321379,NA,Central,Pacific
859,860,0.00271375354041747,-108.496289461236,37.662635279366,-108.601492437919,37.4283893154211,1.00177586722442,0.999062113684003,2025.44987619843,2025.45258995197,NA,Central,Central
841,842,0.0108821875705494,-106.733505834006,41.4337666621179,-107.125831307822,44.189554576846,1.00308138386614,0.992199196295592,2025.44301328105,2025.45389546862,NA,Central,Central
746,747,0.00348513015205842,-93.690022055252,43.1767485845585,-93.7062978067914,43.243833786002,1.00380279086299,1.00031766071093,2025.45113174546,2025.45461687561,NA,Central,Central
821,822,0.0123341019359465,-108.038671002347,41.4079896173813,-107.197246044245,40.755272817798,1.00447535214987,0.992141250213924,2025.44295533496,2025.4552894369,NA,Central,Central
809,810,0.00440449128361164,-118.896684202426,36.6521504643582,-119.085086576944,36.5918628836522,1.0053836203212,1.00097912903759,2025.45179321379,2025.45619770507,NA,Pacific,Pacific
747,748,0.0024006637345857,-93.7062978067914,43.243833786002,-93.8938075814573,43.4126492132159,1.00620345459757,1.00380279086299,2025.45461687561,2025.45701753935,NA,Central,Central
748,749,5.50212825212171e-05,-93.8938075814573,43.4126492132159,-93.7536706373783,43.270117067283,1.00625847588009,1.00620345459757,2025.45701753935,2025.45707256063,NA,Central,Central
749,750,2.00134987164979e-05,-93.7536706373783,43.270117067283,-93.9867149858628,43.5567760472853,1.00627848937881,1.00625847588009,2025.45707256063,2025.45709257413,NA,Central,Central
776,777,0.00645713844686435,-93.2394396101942,43.9640316492177,-93.450860018451,43.8998095769614,1.00685604394069,1.00039890549382,2025.45121299024,2025.45767012869,NA,Central,Central
964,965,0.144703991698498,-81.6472975790638,33.9117222469125,-81.693823983294,32.4547911425373,1.006989006394,0.862285014695507,2025.31309909945,2025.45780309114,NA,Atlantic,Atlantic
859,867,0.00938638666213965,-108.496289461236,37.662635279366,-108.399314904301,37.1842747573391,1.00844850034614,0.999062113684003,2025.44987619843,2025.4592625851,NA,Central,Central
848,849,0.0134565722098201,-108.919325833072,38.491312266788,-109.682219006829,38.0430868638699,1.00867091161081,0.995214339400988,2025.44602842415,2025.45948499636,NA,Central,Central
750,751,0.0056790562216591,-93.9867149858628,43.5567760472853,-101.19285355396,47.805703493253,1.01195754560047,1.00627848937881,2025.45709257413,2025.46277163035,NA,Central,Mississippi
816,817,0.0610898578640754,-108.744256073628,42.0519311501826,-97.0447607903843,39.017407159604,1.01259503943483,0.951505181570752,2025.40231926632,2025.46340912419,NA,Central,Mississippi
1291,1292,0.174837934033684,-74.2899757334654,43.2874028224679,-75.1732981851232,39.3065322662137,1.01809988985387,0.843261955820187,2025.29407604057,2025.4689139746,NA,Atlantic,Atlantic
981,984,0.105007920672053,-84.6618702304827,33.1129619339791,-82.611459387433,32.2508432240251,1.02033499008476,0.915327069412707,2025.36614115416,2025.47114907484,NA,Atlantic,Atlantic
822,827,0.0163164657973254,-107.197246044245,40.755272817798,-108.355574580279,41.3515448925691,1.0207918179472,1.00447535214987,2025.4552894369,2025.4716059027,NA,Central,Central
821,838,0.0292920787053325,-108.038671002347,41.4079896173813,-108.616580102349,41.6129685191364,1.02143332891926,0.992141250213924,2025.44295533496,2025.47224741367,NA,Central,Central
809,814,0.0266220306211724,-118.896684202426,36.6521504643582,-117.279525773507,44.1305913892223,1.02760115965876,1.00097912903759,2025.45179321379,2025.47841524441,NA,Pacific,Pacific
746,768,0.0274678807736084,-93.690022055252,43.1767485845585,-91.3878199638962,45.4847149154571,1.02778554148454,1.00031766071093,2025.45113174546,2025.47859962623,NA,Central,Central
1338,11,0.262880243176582,-91.7700126952653,31.0736823223024,-91.6668554414815,29.7950909840552,1.02863797004441,0.765757726867832,2025.21657181162,2025.47945205479,SRR34542590|A/Domestic_Cat/NJ/25-019482-001-original/2025|H5N1|USA-NJ|Unknown|2025-06-25|feline|D1.1,Atlantic,Atlantic
1142,1150,0.0404111115585815,-74.0478946927958,42.9606637506531,-77.6418973440066,41.3733077684513,1.03022429454276,0.989813182984177,2025.44062726773,2025.48103837929,NA,Atlantic,Atlantic
1292,82,0.0132778062179009,-75.1732981851232,39.3065322662137,-75.0195597531705,40.3824571845101,1.03137769607177,1.01809988985387,2025.4689139746,2025.48219178082,SRR34980327|A/Herring_Gull/NH/25-021405-002-original/2025|H5N1|USA-NH|Unknown|2025-06-26|wild_avian|D1.1,Atlantic,Atlantic
827,828,0.0106828086922204,-108.355574580279,41.3515448925691,-108.544428948698,41.3448069218037,1.03147462663942,1.0207918179472,2025.4716059027,2025.48228871139,NA,Central,Central
777,778,0.0261905551436661,-93.450860018451,43.8998095769614,-92.9407445880179,42.1268844994349,1.03304659908435,1.00685604394069,2025.45767012869,2025.48386068383,NA,Central,Central
775,784,0.0378322352748015,-93.2557492883417,43.9109417539485,-93.107948619987,43.3632701145698,1.03636911799609,0.99853688272129,2025.44935096747,2025.48718320275,NA,Central,Central
1162,1165,0.0384042180412307,-100.360070554119,32.4468417231434,-100.376603903107,33.5222427306901,1.03695086420431,0.998546646163081,2025.44936073091,2025.48776494895,NA,Atlantic,Mississippi
810,811,0.0317866931530306,-119.085086576944,36.5918628836522,-116.883523213062,34.4912672481608,1.03717031347423,1.0053836203212,2025.45619770507,2025.48798439822,NA,Pacific,Central
1292,81,0.021496984299973,-75.1732981851232,39.3065322662137,-75.8175771796716,39.7019966168015,1.03959687415384,1.01809988985387,2025.4689139746,2025.4904109589,SRR34980362|A/Common_Eider/ME/25-021406-018-original/2025|H5N1|USA-ME|Unknown|2025-06-29|wild_avian|D1.1,Atlantic,Atlantic
778,779,0.00922619529300528,-92.9407445880179,42.1268844994349,-93.1348122238062,42.0919718571062,1.04227279437736,1.03304659908435,2025.48386068383,2025.49308687913,NA,Central,Central
978,309,0.190766920800873,-84.4643202080595,38.7380588772525,-84.7411281437625,36.7225374192635,1.04507632620879,0.854309405407913,2025.30512349016,2025.49589041096,SRR34542496|A/Mallard_Duck/PA/25-019408-006-original/2025|H5N1|USA-PA|Unknown|2025-07-01|wild_avian|D1.1,Atlantic,Atlantic
779,781,0.00288481515857519,-93.1348122238062,42.0919718571062,-93.3971497835139,42.3338179571225,1.04515760953593,1.04227279437736,2025.49308687913,2025.49597169429,NA,Central,Central
849,850,0.0366431449534097,-109.682219006829,38.0430868638699,-106.342516420392,46.7985178789174,1.04531405656422,1.00867091161081,2025.45948499636,2025.49612814131,NA,Central,Mississippi
779,780,0.00737352322580143,-93.1348122238062,42.0919718571062,-96.5318878418295,40.445049216536,1.04964631760316,1.04227279437736,2025.49308687913,2025.50046040235,NA,Central,Central
768,769,0.0221216166139502,-91.3878199638962,45.4847149154571,-97.1442500316661,44.7701280420838,1.04990715809849,1.02778554148454,2025.47859962623,2025.50072124285,NA,Central,Mississippi
828,829,0.019234685344854,-108.544428948698,41.3448069218037,-106.650875176035,38.1285741228883,1.05070931198427,1.03147462663942,2025.48228871139,2025.50152339673,NA,Central,Central
817,818,0.0384881242686725,-97.0447607903843,39.017407159604,-95.0934030337361,38.0148225052173,1.0510831637035,1.01259503943483,2025.46340912419,2025.50189724845,NA,Mississippi,Mississippi
1143,1144,0.0603657952702392,-74.7949241281243,43.318694504795,-73.9498985226639,44.9516771372566,1.05910799799671,0.998742202726468,2025.44955628748,2025.50992208275,NA,Atlantic,Atlantic
1143,1149,0.0615605266988404,-74.7949241281243,43.318694504795,-74.9205031071882,43.1802991526583,1.06030272942531,0.998742202726468,2025.44955628748,2025.51111681418,NA,Atlantic,Atlantic
748,757,0.0565372638478445,-93.8938075814573,43.4126492132159,-101.299980054007,40.709793231265,1.06274071844542,1.00620345459757,2025.45701753935,2025.5135548032,NA,Central,Mississippi
850,855,0.0184687058389117,-106.342516420392,46.7985178789174,-108.737021513077,38.0541491715013,1.06378276240313,1.04531405656422,2025.49612814131,2025.51459684715,NA,Mississippi,Central
867,887,0.0572522179639046,-108.399314904301,37.1842747573391,-105.773536836571,32.7067166901564,1.06570071831005,1.00844850034614,2025.4592625851,2025.51651480306,NA,Central,Central
819,900,0.0796302347898326,-108.049060186597,41.4105621334669,-90.8765727547156,39.1739833279912,1.06621662131418,0.98658638652435,2025.43740047127,2025.51703070606,NA,Central,Pacific
1290,86,0.266063824169987,-72.8236928804397,42.0770987354242,-73.2611028834173,41.4043731089589,1.06699413442787,0.800930310257885,2025.25174439501,2025.51780821918,SRR34980314|A/Common_Eider/NH/25-021405-003-original/2025|H5N1|USA-NH|Unknown|2025-07-09|wild_avian|D1.1,Atlantic,Atlantic
818,423,0.0159109707243721,-95.0934030337361,38.0148225052173,-94.9224487535556,38.1446965859482,1.06699413442787,1.0510831637035,2025.50189724845,2025.51780821918,SRR36209098|A/Blue-winged_Teal/OH/25G02925-001-original/2025|H5N1|USA-OH|Unknown|2025-07-09|wild_avian|D1.1,Mississippi,Mississippi
842,843,0.0659721034684846,-107.125831307822,44.189554576846,-108.41197535316,46.5354065384157,1.06905348733463,1.00308138386614,2025.45389546862,2025.51986757208,NA,Central,Central
1200,215,0.580250819150689,-94.5297270193638,30.3101719302642,-103.828569411165,37.998575459771,1.06973386045523,0.489483041304541,2024.94029712605,2025.52054794521,SRR35151399|A/snow_goose/ND/25-020340-001/2025|H5N1|USA-ND|Ward|2025-07-10|wild_avian|D1.1,Mississippi,Central
1288,80,0.296441147783576,-71.9102656078596,42.8554870947323,-70.8010928735854,43.5976940186812,1.07521331251017,0.778772164726596,2025.22958624948,2025.52602739726,SRR34980303|A/Common_Eider/NH/25-021405-004-original/2025|H5N1|USA-NH|Unknown|2025-07-12|wild_avian|D1.1,Atlantic,Atlantic
1261,56,0.333438889374958,-97.9384017959797,32.3402451737139,-95.354399105254,36.0663840966981,1.07795303853753,0.744514149162571,2025.19532823391,2025.52876712329,SRR35089323|A/Great_black-backed_gull/MA/25-021407-024-original/2025|H5N1|USA-MA|Unknown|2025-07-13|wild_avian|D1.1,Atlantic,Atlantic
1302,63,0.206942292229893,-90.7263420003604,39.0862514854866,-103.696262289806,37.950579667062,1.0861722166196,0.879229924389708,2025.33004400914,2025.53698630137,SRR35151393|A/Common_Tern/ME/25-021406-008-original-repeat2/2025|H5N1|USA-ME|Unknown|2025-07-16|wild_avian|D1.1,Atlantic,Atlantic
843,844,0.0181914802993952,-108.41197535316,46.5354065384157,-107.222837821425,45.3296864190183,1.08724496763402,1.06905348733463,2025.51986757208,2025.53805905238,NA,Central,Central
811,813,0.054197582985942,-116.883523213062,34.4912672481608,-114.645776021154,42.9097940487708,1.09136789646017,1.03717031347423,2025.48798439822,2025.54218198121,NA,Central,Pacific
1144,1145,0.0346043439085328,-73.9498985226639,44.9516771372566,-73.5808477190657,44.5909954583837,1.09371234190524,1.05910799799671,2025.50992208275,2025.54452642666,NA,Atlantic,Atlantic
887,888,0.0325134061348895,-105.773536836571,32.7067166901564,-104.459734241877,33.0701539434194,1.09821412444494,1.06570071831005,2025.51651480306,2025.5490282092,NA,Central,Central
1145,1147,0.00576849632397392,-73.5808477190657,44.5909954583837,-73.751191160445,43.1191534480185,1.09948083822921,1.09371234190524,2025.54452642666,2025.55029492298,NA,Atlantic,Atlantic
917,584,0.224569811510629,-99.6417157862264,39.2252559843106,-99.8907335429523,39.2583106127023,1.10261057278397,0.878040761273344,2025.32885484602,2025.55342465753,SRR35150577|A/cattle/AZ/25-021143-001-original-repeat2/2025|H5N1|USA-AZ|Unknown|2025-07-22|cattle|D1.1,Pacific,Pacific
838,839,0.0819560145280034,-108.616580102349,41.6129685191364,-103.530409435925,43.3225068237697,1.10338934344726,1.02143332891926,2025.47224741367,2025.5542034282,NA,Central,Central
867,868,0.0966629568566124,-108.399314904301,37.1842747573391,-96.6302207288965,34.8109704123848,1.10511145720276,1.00844850034614,2025.4592625851,2025.55592554195,NA,Central,Pacific
868,874,0.00157589128920055,-96.6302207288965,34.8109704123848,-96.6457263543494,34.6476760907318,1.10668734849196,1.10511145720276,2025.55592554195,2025.55750143324,NA,Pacific,Pacific
860,861,0.107750213827403,-108.601492437919,37.4283893154211,-111.853520231115,35.5045825597554,1.10952608105182,1.00177586722442,2025.45258995197,2025.5603401658,NA,Central,Central
822,823,0.105476752623737,-107.197246044245,40.755272817798,-107.694584624879,40.1419348982774,1.10995210477361,1.00447535214987,2025.4552894369,2025.56076618952,NA,Central,Central
784,785,0.0753776181076466,-93.107948619987,43.3632701145698,-80.359505785224,39.0889168274579,1.11174673610374,1.03636911799609,2025.48718320275,2025.56256082085,NA,Central,Mississippi
749,755,0.106023908194901,-93.7536706373783,43.270117067283,-94.047373334877,40.0289688356789,1.11228238407499,1.00625847588009,2025.45707256063,2025.56309646883,NA,Central,Central
827,835,0.0915171149094398,-108.355574580279,41.3515448925691,-107.270947577362,35.1169032327903,1.11230893285664,1.0207918179472,2025.4716059027,2025.56312301761,NA,Central,Central
874,880,0.00642986629871922,-96.6457263543494,34.6476760907318,-96.5223584892523,33.9527632373024,1.11311721479068,1.10668734849196,2025.55750143324,2025.56393129954,NA,Pacific,Pacific
757,758,0.0509871404794704,-101.299980054007,40.709793231265,-101.493255715496,40.4436879444579,1.11372785892489,1.06274071844542,2025.5135548032,2025.56454194368,NA,Mississippi,Mississippi
758,760,0.000667228882378801,-101.493255715496,40.4436879444579,-100.839715403246,40.2619244926945,1.11439508780726,1.11372785892489,2025.56454194368,2025.56520917256,NA,Mississippi,Mississippi
887,889,0.0493735343637434,-105.773536836571,32.7067166901564,-108.752530685925,37.2827960635768,1.11507425267379,1.06570071831005,2025.51651480306,2025.56588833742,NA,Central,Mississippi
751,753,0.103620529132475,-101.19285355396,47.805703493253,-97.3366929103826,46.832763830156,1.11557807473294,1.01195754560047,2025.46277163035,2025.56639215948,NA,Mississippi,Mississippi
785,786,0.00422123330120017,-80.359505785224,39.0889168274579,-79.4742966406083,39.4493934128489,1.11596796940494,1.11174673610374,2025.56256082085,2025.56678205416,NA,Mississippi,Mississippi
981,982,0.200947405553609,-84.6618702304827,33.1129619339791,-82.4972297535052,29.8296714374498,1.11627447496632,0.915327069412707,2025.36614115416,2025.56708855972,NA,Atlantic,Atlantic
823,825,0.00711181281120821,-107.694584624879,40.1419348982774,-108.179359844877,41.1398155574508,1.11706391758482,1.10995210477361,2025.56076618952,2025.56787800233,NA,Central,Central
855,856,0.0538927897959636,-108.737021513077,38.0541491715013,-111.679784200555,36.6448134119017,1.11767555219909,1.06378276240313,2025.51459684715,2025.56848963695,NA,Central,Central
786,787,0.00185650474805499,-79.4742966406083,39.4493934128489,-79.7392041076756,38.193274766388,1.11782447415299,1.11596796940494,2025.56678205416,2025.5686385589,NA,Mississippi,Mississippi
825,826,0.00253845680096321,-108.179359844877,41.1398155574508,-110.028264311465,40.6775991858713,1.11960237438578,1.11706391758482,2025.56787800233,2025.57041645914,NA,Central,Mississippi
889,896,0.00452905522679381,-108.752530685925,37.2827960635768,-109.446604851377,37.5223448951598,1.11960330790058,1.11507425267379,2025.56588833742,2025.57041739265,NA,Mississippi,Mississippi
839,840,0.016352622756086,-103.530409435925,43.3225068237697,-99.8068491829386,32.3853636029374,1.11974196620335,1.10338934344726,2025.5542034282,2025.57055605095,NA,Central,Mississippi
889,890,0.00468524021811523,-108.752530685925,37.2827960635768,-108.841788243729,37.597543292173,1.11975949289191,1.11507425267379,2025.56588833742,2025.57057357764,NA,Mississippi,Mississippi
900,901,0.0537112803766098,-90.8765727547156,39.1739833279912,-97.9579695179275,39.0976659164097,1.11992790169079,1.06621662131418,2025.51703070606,2025.57074198644,NA,Pacific,Pacific
760,766,0.00607247359233787,-100.839715403246,40.2619244926945,-100.159767368839,40.6029091323551,1.1204675613996,1.11439508780726,2025.56520917256,2025.57128164615,NA,Mississippi,Mississippi
1147,1148,0.0217340779332251,-73.751191160445,43.1191534480185,-72.0239912611749,42.3464182325601,1.12121491616244,1.09948083822921,2025.55029492298,2025.57202900091,NA,Atlantic,Atlantic
835,836,0.00927221495884689,-107.270947577362,35.1169032327903,-108.997740409186,36.6502050192666,1.12158114781548,1.11230893285664,2025.56312301761,2025.57239523257,NA,Central,Central
772,773,0.125199098843486,-93.9871022520975,43.5067325461899,-92.1638931911156,41.9077614643135,1.12158419771792,0.99638509887443,2025.44719918362,2025.57239828247,NA,Central,Mississippi
835,837,0.00937803950985217,-107.270947577362,35.1169032327903,-105.963946121607,33.8974739110601,1.12168697236649,1.11230893285664,2025.56312301761,2025.57250105712,NA,Central,Central
758,759,0.00796840740550531,-101.493255715496,40.4436879444579,-101.148799023289,41.1812880364583,1.12169626633039,1.11372785892489,2025.56454194368,2025.57251035108,NA,Mississippi,Mississippi
755,756,0.00970442213085687,-94.047373334877,40.0289688356789,-94.8756859323711,39.6190241367283,1.12198680620585,1.11228238407499,2025.56309646883,2025.57280089096,NA,Central,Central
829,833,0.0714056831260166,-106.650875176035,38.1285741228883,-107.581084103678,34.570605327165,1.12211499511029,1.05070931198427,2025.50152339673,2025.57292907986,NA,Central,Central
868,869,0.0177453638981169,-96.6302207288965,34.8109704123848,-100.908234085228,37.1607750141684,1.12285682110087,1.10511145720276,2025.55592554195,2025.57367090585,NA,Pacific,Central
896,898,0.00342806455112399,-109.446604851377,37.5223448951598,-109.443941842882,37.5084282508459,1.12303137245171,1.11960330790058,2025.57041739265,2025.5738454572,NA,Mississippi,Mississippi
787,788,0.00553946379636039,-79.7392041076756,38.193274766388,-79.7336487546409,38.1957205002883,1.12336393794935,1.11782447415299,2025.5686385589,2025.5741780227,NA,Mississippi,Mississippi
787,789,0.00676944124914192,-79.7392041076756,38.193274766388,-77.5623582720896,42.409189632139,1.12459391540214,1.11782447415299,2025.5686385589,2025.57540800015,NA,Mississippi,Atlantic
861,862,0.0150853647526996,-111.853520231115,35.5045825597554,-112.345303385974,38.8604000978922,1.12461144580452,1.10952608105182,2025.5603401658,2025.57542553055,NA,Central,Central
880,881,0.01157172640967,-96.5223584892523,33.9527632373024,-98.6903418888626,36.4324707924885,1.12468894120035,1.11311721479068,2025.56393129954,2025.57550302595,NA,Pacific,Pacific
862,863,0.000111017326289486,-112.345303385974,38.8604000978922,-112.403022870571,38.8173659227838,1.12472246313081,1.12461144580452,2025.57542553055,2025.57553654788,NA,Central,Central
789,790,0.000649934376060646,-77.5623582720896,42.409189632139,-77.2496221938617,42.5668378235069,1.1252438497782,1.12459391540214,2025.57540800015,2025.57605793453,NA,Atlantic,Atlantic
881,882,0.000885086365686183,-98.6903418888626,36.4324707924885,-99.0037451377224,36.1028421801791,1.12557402756603,1.12468894120035,2025.57550302595,2025.57638811232,NA,Pacific,Pacific
874,875,0.0193107173835183,-96.6457263543494,34.6476760907318,-96.684949897398,34.613837877937,1.12599806587547,1.10668734849196,2025.55750143324,2025.57681215063,NA,Pacific,Pacific
1145,1146,0.0325887759991479,-73.5808477190657,44.5909954583837,-75.4320294584784,42.6977742183626,1.12630111790439,1.09371234190524,2025.54452642666,2025.57711520265,NA,Atlantic,Atlantic
984,985,0.106332766926457,-82.611459387433,32.2508432240251,-82.5063620311408,30.7594765835961,1.12666775701122,1.02033499008476,2025.47114907484,2025.57748184176,NA,Atlantic,Atlantic
833,834,0.00516902396096941,-107.581084103678,34.570605327165,-109.949228114847,31.8528531142631,1.12728401907126,1.12211499511029,2025.57292907986,2025.57809810382,NA,Central,Central
896,897,0.00835297200882801,-109.446604851377,37.5223448951598,-112.802018137399,36.9190862270766,1.12795627990941,1.11960330790058,2025.57041739265,2025.57877036466,NA,Mississippi,Mississippi
882,883,0.0026231385841966,-99.0037451377224,36.1028421801791,-97.7712531149321,36.1407573315078,1.12819716615023,1.12557402756603,2025.57638811232,2025.5790112509,NA,Pacific,Pacific
785,796,0.0170152788613567,-80.359505785224,39.0889168274579,-76.6138798531918,40.6013098307324,1.12876201496509,1.11174673610374,2025.56256082085,2025.57957609972,NA,Mississippi,Mississippi
856,857,0.0112029072400726,-111.679784200555,36.6448134119017,-102.119633145998,32.3326331589914,1.12887845943917,1.11767555219909,2025.56848963695,2025.57969254419,NA,Central,Pacific
760,761,0.014703879043265,-100.839715403246,40.2619244926945,-101.606598884539,39.7964720882971,1.12909896685053,1.11439508780726,2025.56520917256,2025.5799130516,NA,Mississippi,Mississippi
875,876,0.00676664616191602,-96.684949897398,34.613837877937,-96.3047974097444,34.3702704753598,1.13276471203739,1.12599806587547,2025.57681215063,2025.58357879679,NA,Pacific,Pacific
890,891,0.0134100203298506,-108.841788243729,37.597543292173,-109.856787923491,35.6386248820033,1.13316951322176,1.11975949289191,2025.57057357764,2025.58398359797,NA,Mississippi,Mississippi
863,864,0.00851758231421429,-112.403022870571,38.8173659227838,-112.818685568523,39.5142951297285,1.13324004544503,1.12472246313081,2025.57553654788,2025.5840541302,NA,Central,Central
790,793,0.00808255971400373,-77.2496221938617,42.5668378235069,-77.1709173008684,42.5933169380901,1.1333264094922,1.1252438497782,2025.57605793453,2025.58414049424,NA,Atlantic,Atlantic
931,932,0.815887637281355,-106.478393785319,45.9259821090243,-112.317790232492,41.1028541951823,1.13377613167951,0.317888494398151,2024.76870257915,2025.58459021643,NA,Central,Central
829,830,0.0845919885526958,-106.650875176035,38.1285741228883,-98.4370448138991,37.6360683877099,1.13530130053697,1.05070931198427,2025.50152339673,2025.58611538529,NA,Central,Pacific
761,762,0.00811805036190472,-101.606598884539,39.7964720882971,-103.874953610709,38.9226624618952,1.13721701721243,1.12909896685053,2025.5799130516,2025.58803110196,NA,Mississippi,Mississippi
823,824,0.0273941089077463,-107.694584624879,40.1419348982774,-106.400242994127,42.8402087064721,1.13734621368135,1.10995210477361,2025.56076618952,2025.58816029843,NA,Central,Mississippi
898,899,0.014937794066944,-109.443941842882,37.5084282508459,-109.591168613182,35.6124611428391,1.13796916651865,1.12303137245171,2025.5738454572,2025.58878325127,NA,Mississippi,Mississippi
773,774,0.0174654306355777,-92.1638931911156,41.9077614643135,-91.701391503099,42.0582320034572,1.13904962835349,1.12158419771792,2025.57239828247,2025.5898637131,NA,Mississippi,Mississippi
982,983,0.0246087375533646,-82.4972297535052,29.8296714374498,-82.2588749294466,29.61374197722,1.14088321251968,1.11627447496632,2025.56708855972,2025.59169729727,NA,Atlantic,Atlantic
1162,1163,0.144603226926185,-100.360070554119,32.4468417231434,-101.753831220383,35.2878356741839,1.14314987308927,0.998546646163081,2025.44936073091,2025.59396395784,NA,Atlantic,Mississippi
862,866,0.018989508778755,-112.345303385974,38.8604000978922,-111.131205993908,35.6356225855286,1.14360095458328,1.12461144580452,2025.57542553055,2025.59441503933,NA,Central,Pacific
864,865,0.0119025996836553,-112.818685568523,39.5142951297285,-113.2538138739,40.5445442928678,1.14514264512868,1.13324004544503,2025.5840541302,2025.59595672988,NA,Central,Central
781,782,0.100252566065108,-93.3971497835139,42.3338179571225,-100.434569164375,33.5608646464709,1.14541017560104,1.04515760953593,2025.49597169429,2025.59622426035,NA,Central,Mississippi
762,763,0.00911496684550084,-103.874953610709,38.9226624618952,-103.534366800734,38.992342482495,1.14633198405794,1.13721701721243,2025.58803110196,2025.59714606881,NA,Mississippi,Mississippi
869,870,0.0243892855844838,-100.908234085228,37.1607750141684,-102.87381057078,35.9440874874497,1.14724610668536,1.12285682110087,2025.57367090585,2025.59806019144,NA,Central,Central
1062,1063,0.280853243484078,-92.9417169322004,38.5338746647369,-88.6103019373147,38.2756779190783,1.15271757030596,0.871864326821883,2025.32267841157,2025.60353165506,NA,Atlantic,Mississippi
762,765,0.0167542770189386,-103.874953610709,38.9226624618952,-101.257263545881,40.0029998037551,1.15397129423137,1.13721701721243,2025.58803110196,2025.60478537898,NA,Mississippi,Mississippi
786,795,0.0386130194635079,-79.4742966406083,39.4493934128489,-79.6686076330257,38.6532453935043,1.15458098886845,1.11596796940494,2025.56678205416,2025.60539507362,NA,Mississippi,Mississippi
790,791,0.0308340213515288,-77.2496221938617,42.5668378235069,-87.441551879191,34.7454927973878,1.15607787112972,1.1252438497782,2025.57605793453,2025.60689195588,NA,Atlantic,Mississippi
890,895,0.0370982103620019,-108.841788243729,37.597543292173,-108.019685046753,32.3939971607943,1.15685770325391,1.11975949289191,2025.57057357764,2025.607671788,NA,Mississippi,Central
857,858,0.0291396184194335,-102.119633145998,32.3326331589914,-102.397596853189,34.4942887128892,1.1580180778586,1.12887845943917,2025.57969254419,2025.60883216261,NA,Pacific,Pacific
891,892,0.0276108419389458,-109.856787923491,35.6386248820033,-109.722454965641,36.4411794548608,1.1607803551607,1.13316951322176,2025.58398359797,2025.61159443991,NA,Mississippi,Mississippi
830,831,0.0264402255237497,-98.4370448138991,37.6360683877099,-98.012920605373,37.7944081686569,1.16174152606072,1.13530130053697,2025.58611538529,2025.61255561081,NA,Pacific,Pacific
985,986,0.0353870508005203,-82.5063620311408,30.7594765835961,-82.9549664617537,31.2220610320536,1.16205480781174,1.12666775701122,2025.57748184176,2025.61286889256,NA,Atlantic,Atlantic
875,879,0.0368459147841833,-96.684949897398,34.613837877937,-93.0002768672332,34.5574137465553,1.16284398065966,1.12599806587547,2025.57681215063,2025.61365806541,NA,Pacific,Pacific
983,310,0.0220013328670643,-82.2588749294466,29.61374197722,-84.6163818887124,31.6501871613096,1.16288454538675,1.14088321251968,2025.59169729727,2025.61369863014,SRR35319489|A/Black_Vulture/PA/25-023113-001-original/2025|H5N1|USA-PA|Unknown|2025-08-13|wild_avian|D1.1,Atlantic,Atlantic
876,877,0.030163848243363,-96.3047974097444,34.3702704753598,-99.3339469829799,30.8311915445536,1.16292856028075,1.13276471203739,2025.58357879679,2025.61374264503,NA,Pacific,Central
1165,1166,0.126956405484768,-100.376603903107,33.5222427306901,-98.6250892900114,35.0165684114072,1.16390726968908,1.03695086420431,2025.48776494895,2025.61472135444,NA,Mississippi,Mississippi
892,894,0.00444279732809538,-109.722454965641,36.4411794548608,-109.932279828245,35.8238304273068,1.1652231524888,1.1607803551607,2025.61159443991,2025.61603723724,NA,Mississippi,Mississippi
1230,6,0.837075981336191,-84.3219657690478,38.1669382459864,-82.4757655140752,39.0688745336992,1.1656242714141,0.328548290077911,2024.77936237483,2025.61643835616,SRR35949988|A/duck_mallard/ID/25-023507-024/2025|H5N1|USA-ID|Cassia|2025-08-14|wild_avian|D1.1,Pacific,Pacific
968,294,0.0752230120621693,-76.3577245552808,35.3343277578659,-76.8809815552436,34.8461034838342,1.1656242714141,1.09040125935193,2025.5412153441,2025.61643835616,SRR35949967|A/Black_Vulture/NC/25-023724-001-original/2025|H5N1|USA-NC|Unknown|2025-08-14|wild_avian|D1.1,Atlantic,Atlantic
986,987,0.00490051382173351,-82.9549664617537,31.2220610320536,-83.0734114344855,31.0722764963661,1.16695532163347,1.16205480781174,2025.61286889256,2025.61776940638,NA,Atlantic,Atlantic
791,792,0.0111955853113836,-87.441551879191,34.7454927973878,-84.2171716159397,35.997397136228,1.16727345644111,1.15607787112972,2025.60689195588,2025.61808754119,NA,Mississippi,Mississippi
753,754,0.0519273856690881,-97.3366929103826,46.832763830156,-106.202816704036,47.7025756135341,1.16750546040203,1.11557807473294,2025.56639215948,2025.61831954515,NA,Mississippi,Central
768,770,0.143926409366806,-91.3878199638962,45.4847149154571,-92.0399048231673,43.1741657008787,1.17171195085134,1.02778554148454,2025.47859962623,2025.6225260356,NA,Central,Central
870,871,0.0260822312164763,-102.87381057078,35.9440874874497,-103.186464917443,35.7452768618936,1.17332833790183,1.14724610668536,2025.59806019144,2025.62414242265,NA,Central,Central
763,764,0.0290322376046792,-103.534366800734,38.992342482495,-102.240520785407,37.0384790275876,1.17536422166261,1.14633198405794,2025.59714606881,2025.62617830641,NA,Mississippi,Mississippi
850,851,0.132712898745152,-106.342516420392,46.7985178789174,-121.863777765369,45.2242153291091,1.17802695530937,1.04531405656422,2025.49612814131,2025.62884104006,NA,Mississippi,Atlantic
986,313,0.0172680937393788,-82.9549664617537,31.2220610320536,-82.4186827106273,31.1264580286954,1.17932290155112,1.16205480781174,2025.61286889256,2025.6301369863,SRR35950028|A/Black_Vulture/NJ/25-023587-001-original/2025|H5N1|USA-NJ|Unknown|2025-08-19|wild_avian|D1.1,Atlantic,Atlantic
987,314,0.0123675799176453,-83.0734114344855,31.0722764963661,-83.3130529074213,30.7665852006594,1.17932290155112,1.16695532163347,2025.61776940638,2025.6301369863,SRR35949975|A/Black_Vulture/NJ/25-023587-003-original/2025|H5N1|USA-NJ|Unknown|2025-08-19|wild_avian|D1.1,Atlantic,Atlantic
944,945,0.278085327830292,-82.8134168179068,31.2733490001157,-81.8033627183188,32.6336387070991,1.18388186854331,0.905796540713019,2025.35661062546,2025.63469595329,NA,Atlantic,Atlantic
851,852,0.00637240288538443,-121.863777765369,45.2242153291091,-120.818260367631,45.1361475292298,1.18439935819475,1.17802695530937,2025.62884104006,2025.63521344294,NA,Atlantic,Atlantic
1147,194,0.0853215153768454,-73.751191160445,43.1191534480185,-74.8314624750417,44.7962524676972,1.18480235360606,1.09948083822921,2025.55029492298,2025.63561643836,SRR35318191|A/chicken/NY/25-023583-002-original/2025|H5N1|USA-NY|Unknown|2025-08-21|domestic_avian|D1.1,Atlantic,Atlantic
987,988,0.0205150497021065,-83.0734114344855,31.0722764963661,-83.3573714186584,30.4807263125277,1.18747037133558,1.16695532163347,2025.61776940638,2025.63828445609,NA,Atlantic,Atlantic
844,845,0.102167052990642,-107.222837821425,45.3296864190183,-109.837947009703,45.2435115423906,1.18941202062466,1.08724496763402,2025.53805905238,2025.64022610537,NA,Central,Central
831,832,0.0336495213725529,-98.012920605373,37.7944081686569,-97.5492961401041,38.7082766102316,1.19539104743327,1.16174152606072,2025.61255561081,2025.64620513218,NA,Pacific,Pacific
1163,1164,0.0527281391895065,-101.753831220383,35.2878356741839,-103.745811001877,35.1779795637106,1.19587801227877,1.14314987308927,2025.59396395784,2025.64669209703,NA,Mississippi,Mississippi
765,356,0.0445296895117004,-101.257263545881,40.0029998037551,-104.495574460668,39.2722487510764,1.19850098374307,1.15397129423137,2025.60478537898,2025.64931506849,SRR35318189|A/Turkey/SD/25-023747-001-original/2025|H5N1|USA-SD|Unknown|2025-08-26|domestic_avian|D1.1,Mississippi,Central
881,885,0.0755817947785575,-98.6903418888626,36.4324707924885,-96.169737339377,35.0959818259437,1.2002707359789,1.12468894120035,2025.57550302595,2025.65108482073,NA,Pacific,Pacific
871,872,0.0307899795659967,-103.186464917443,35.7452768618936,-104.334552271691,41.4056276718101,1.20411831746783,1.17332833790183,2025.62414242265,2025.65493240222,NA,Central,Pacific
945,535,0.0228382932818338,-81.8033627183188,32.6336387070991,-82.267912665987,31.3320808730998,1.20672016182515,1.18388186854331,2025.63469595329,2025.65753424658,SRR35949432|A/chicken/GA/25-024057-002-original/2025|H5N1|USA-GA|Unknown|2025-08-29|domestic_avian|D1.1,Atlantic,Atlantic
751,752,0.196516734782649,-101.19285355396,47.805703493253,-102.850699659294,46.4660011933986,1.20847428038312,1.01195754560047,2025.46277163035,2025.65928836513,NA,Mississippi,Mississippi
901,902,0.0889726507097905,-97.9579695179275,39.0976659164097,-98.0593733577345,39.0875815987325,1.20890055240058,1.11992790169079,2025.57074198644,2025.65971463715,NA,Pacific,Pacific
777,379,0.202603843911815,-93.450860018451,43.8998095769614,-99.1958248144893,40.7495539986117,1.2094598878525,1.00685604394069,2025.45767012869,2025.6602739726,SRR35949426|A/Domestic_Grower/Meat-type_Turkey/ND/25-024186-001-original/2025|H5N1|USA-ND|Unknown|2025-08-30|domestic_avian|D1.1,Central,Central
892,893,0.0508533688755191,-109.722454965641,36.4411794548608,-111.407994684738,44.1498344257496,1.21163372403622,1.1607803551607,2025.61159443991,2025.66244780879,NA,Mississippi,Mississippi
780,373,0.1625532962767,-96.5318878418295,40.445049216536,-95.2235117395218,36.11929896909,1.21219961387986,1.04964631760316,2025.50046040235,2025.66301369863,SRR35949424|A/Domestic_Grower/Meat-type_Turkey/SD/25-024189-001-original/2025|H5N1|USA-SD|Unknown|2025-08-31|domestic_avian|D1.1,Central,Central
776,369,0.217280160440979,-93.2394396101942,43.9640316492177,-89.7964255715657,31.4113567488085,1.2176790659348,1.00039890549382,2025.45121299024,2025.66849315068,SRR36211907|A/Canada_Goose/UT/25-024323-001-original/2025|H5N1|USA-UT|Unknown|2025-09-02|wild_avian|D1.1,Central,Pacific
814,419,0.19555735833076,-117.279525773507,44.1305913892223,-114.994499147088,43.9582198613917,1.22315851798952,1.02760115965876,2025.47841524441,2025.67397260274,SRR35705730|A/Mallard_Duck/ID/25-024960-007-original/2025|H5N1|USA-ID|Unknown|2025-09-04|wild_avian|D1.1,Pacific,Pacific
744,367,0.238293591618297,-93.2431100808672,42.9836889942836,-92.5045863529893,48.0575440830949,1.22589824401687,0.987604652398577,2025.43841873715,2025.67671232877,SRR35705007|A/Turkey/SD/25-024863-004-original/2025|H5N1|USA-SD|Unknown|2025-09-05|domestic_avian|D1.1,Central,Central
965,298,0.221648963650228,-81.693823983294,32.4547911425373,-81.5446062605021,32.2887407906401,1.22863797004423,1.006989006394,2025.45780309114,2025.67945205479,SRR35705677|A/Black_Vulture/NC/25-025013-001-original/2025|H5N1|USA-NC|Unknown|2025-09-06|wild_avian|D1.1,Atlantic,Atlantic
773,371,0.107053772326316,-92.1638931911156,41.9077614643135,-85.5351621666357,39.3545410942947,1.22863797004423,1.12158419771792,2025.57239828247,2025.67945205479,SRR35705728|A/blue-winged_Teal/IL/25-025061-004-original/2025|H5N1|USA-IL|Unknown|2025-09-06|wild_avian|D1.1,Mississippi,Mississippi
793,794,0.0978856329751276,-77.1709173008684,42.5933169380901,-82.3762216511196,39.7376455935201,1.23121204246733,1.1333264094922,2025.58414049424,2025.68202612722,NA,Atlantic,Mississippi
796,382,0.102615681106722,-76.6138798531918,40.6013098307324,-80.79137562824,28.3789837554606,1.23137769607182,1.12876201496509,2025.57957609972,2025.68219178082,SRR35586405|A/Turkey/SD/25-024550-002-original/2025|H5N1|USA-SD|Unknown|2025-09-07|domestic_avian|D1.1,Mississippi,Central
984,318,0.213782432014413,-82.611459387433,32.2508432240251,-83.9112052877062,32.6228183100651,1.23411742209917,1.02033499008476,2025.47114907484,2025.68493150685,SRR36212204|A/Black_Vulture/PA/25-025223-001-original/2025|H5N1|USA-PA|Unknown|2025-09-08|wild_avian|D1.1,Atlantic,Atlantic
1063,1064,0.0816013159458921,-88.6103019373147,38.2756779190783,-86.2140719189766,32.9126621883403,1.23431888625185,1.15271757030596,2025.60353165506,2025.685132971,NA,Mississippi,Atlantic
770,350,0.0651451972751906,-92.0399048231673,43.1741657008787,-95.5348563781074,46.5364149235731,1.23685714812653,1.17171195085134,2025.6225260356,2025.68767123288,SRR36212521|A/Mallard_Duck/CO/25-025267-001-original/2025|H5N1|USA-CO|Unknown|2025-09-09|wild_avian|D1.1,Central,Central
1301,61,0.591623407027443,-91.3915368779529,41.9809444125003,-91.9215590805667,43.4866416779833,1.23959687415389,0.647973467126446,2025.09878755188,2025.6904109589,SRR35705785|A/Vulture/MD/25-024862-001-original/2025|H5N1|USA-MD|Unknown|2025-09-10|wild_avian|D1.1,Atlantic,Atlantic
771,368,0.243754943069412,-93.8941500366028,43.4264288667321,-85.4903702098456,38.4501723732638,1.23959687415389,0.995841931084476,2025.44665601583,2025.6904109589,SRR35705788|A/Swainson_s_Hawk/ND/25-024871-001-original/2025|H5N1|USA-ND|Unknown|2025-09-10|other|D1.1,Central,Central
883,884,0.113254689661444,-97.7712531149321,36.1407573315078,-98.29713218109,37.2775405773683,1.24145185581167,1.12819716615023,2025.5790112509,2025.69226594056,NA,Pacific,Pacific
828,442,0.21086197354183,-108.544428948698,41.3448069218037,-114.355713598107,41.0120102893463,1.24233660018125,1.03147462663942,2025.48228871139,2025.69315068493,SRR36212532|A/Mallard_Duck/WY/25-025186-001-original/2025|H5N1|USA-WY|Unknown|2025-09-11|wild_avian|D1.1,Central,Central
988,316,0.0548662288456683,-83.3573714186584,30.4807263125277,-83.4132300494926,30.5991148331153,1.24233660018125,1.18747037133558,2025.63828445609,2025.69315068493,SRR36212060|A/Black_Vulture/NJ/25-025220-002-original/2025|H5N1|USA-NJ|Unknown|2025-09-11|wild_avian|D1.1,Atlantic,Atlantic
988,315,0.0548662288456683,-83.3573714186584,30.4807263125277,-83.3798325740772,30.5282738622613,1.24233660018125,1.18747037133558,2025.63828445609,2025.69315068493,SRR36212431|A/Black_Vulture/NJ/25-025220-003-original/2025|H5N1|USA-NJ|Unknown|2025-09-11|wild_avian|D1.1,Atlantic,Atlantic
791,385,0.0889984550791065,-87.441551879191,34.7454927973878,-93.811677035639,32.4915094821355,1.24507632620883,1.15607787112972,2025.60689195588,2025.69589041096,SRR36211905|A/Canada_Goose/ND/25-025249-001-original/2025|H5N1|USA-ND|Unknown|2025-09-12|wild_avian|D1.1,Mississippi,Central
901,903,0.127421430868669,-97.9579695179275,39.0976659164097,-96.4661557156038,42.4025005757166,1.24734933255946,1.11992790169079,2025.57074198644,2025.69816341731,NA,Pacific,Pacific
755,352,0.135533668161195,-94.047373334877,40.0289688356789,-93.173101014939,39.0956947111784,1.24781605223619,1.11228238407499,2025.56309646883,2025.69863013699,SRR36211782|A/blue_winged_teal/KS/25-025843-038/2025|H5N1|USA-KS|Barton|2025-09-13|wild_avian|D1.1,Central,Central
756,351,0.125829246030338,-94.8756859323711,39.6190241367283,-94.8416016333575,40.2196423170225,1.24781605223619,1.12198680620585,2025.57280089096,2025.69863013699,SRR36211787|A/blue_winged_teal/KS/25-025843-026/2025|H5N1|USA-KS|Barton|2025-09-13|wild_avian|D1.1,Central,Central
759,357,0.131599237960512,-101.148799023289,41.1812880364583,-104.50094545897,36.3125493149998,1.2532955042909,1.12169626633039,2025.57251035108,2025.70410958904,SRR36212111|A/mallard_duck/MN/25-025867-005/2025|H5N1|USA-MN|Scott|2025-09-15|wild_avian|D1.1,Mississippi,Mississippi
876,878,0.12079530636198,-96.3047974097444,34.3702704753598,-98.1467580986571,29.4752687761495,1.25356001839937,1.13276471203739,2025.58357879679,2025.70437410315,NA,Pacific,Pacific
840,461,0.136293264114915,-99.8068491829386,32.3853636029374,-122.204408428709,41.4316798881907,1.25603523031826,1.11974196620335,2025.57055605095,2025.70684931507,SRR36211763|A/Gadwell/NV/25G01828-004-original/2025|H5N1|USA-NV|Unknown|2025-09-16|wild_avian|D1.1,Mississippi,Pacific
759,355,0.13433896398787,-101.148799023289,41.1812880364583,-104.014944044756,36.3996001477435,1.25603523031826,1.12169626633039,2025.57251035108,2025.70684931507,SRR36211924|A/Red-tailed_Hawk/IA/25-025278-001-original/2025|H5N1|USA-IA|Unknown|2025-09-16|wild_avian|D1.1,Mississippi,Mississippi
1146,197,0.129734112413873,-75.4320294584784,42.6977742183626,-75.4257716594173,42.7033762596024,1.25603523031826,1.12630111790439,2025.57711520265,2025.70684931507,SRR36212518|A/Mallard_Duck/NH/25-025612-017-original-repeat2/2025|H5N1|USA-NH|Unknown|2025-09-16|wild_avian|D1.1,Atlantic,Atlantic
1064,1065,0.0238172686569713,-86.2140719189766,32.9126621883403,-85.8166056188556,37.7525264664606,1.25813615490882,1.23431888625185,2025.685132971,2025.70895023966,NA,Atlantic,Atlantic
879,474,0.0959309756859603,-93.0002768672332,34.5574137465553,-92.3840013272206,35.5307620418824,1.25877495634562,1.16284398065966,2025.61365806541,2025.7095890411,SRR36212466|A/Great_horned_Owl/MT/25-025599-001-original/2025|H5N1|USA-MT|Unknown|2025-09-17|wild_avian|D1.1,Pacific,Pacific
766,362,0.1410471209736,-100.159767368839,40.6029091323551,-102.768806879172,32.275161915153,1.2615146823732,1.1204675613996,2025.57128164615,2025.71232876712,SRR36211892|A/Mallard_Duck/OH/25-025982-002-original/2025|H5N1|USA-OH|Unknown|2025-09-18|wild_avian|D1.1,Mississippi,Mississippi
794,383,0.0303026399058759,-82.3762216511196,39.7376455935201,-82.3392161817991,39.7015174627315,1.2615146823732,1.23121204246733,2025.68202612722,2025.71232876712,SRR36212068|A/wood_duck/MI/25-025965-014/2025|H5N1|USA-MI|Saginaw|2025-09-18|wild_avian|D1.1,Mississippi,Mississippi
766,767,0.142359189916754,-100.159767368839,40.6029091323551,-102.171285757446,43.2400519031784,1.26282675131636,1.1204675613996,2025.57128164615,2025.71364083607,NA,Mississippi,Mississippi
782,783,0.121240718970217,-100.434569164375,33.5608646464709,-100.523472045452,34.718212735521,1.26665089457126,1.14541017560104,2025.59622426035,2025.71746497932,NA,Mississippi,Mississippi
845,846,0.0793027567691289,-109.837947009703,45.2435115423906,-109.607802580223,45.6235129230468,1.26871477739379,1.18941202062466,2025.64022610537,2025.71952886214,NA,Central,Central
1165,151,0.23552272227832,-100.376603903107,33.5222427306901,-100.018214557788,33.5899609464439,1.27247358648263,1.03695086420431,2025.48776494895,2025.72328767123,SRR36211881|A/Black_Vulture/OH/25-026070-003-original/2025|H5N1|USA-OH|Unknown|2025-09-22|wild_avian|D1.1,Mississippi,Mississippi
769,366,0.222566428384147,-97.1442500316661,44.7701280420838,-93.288470284909,46.3660983112933,1.27247358648263,1.04990715809849,2025.50072124285,2025.72328767123,SRR36211605|A/American_blue-winged_Teal/LA/25G01386-003-original/2025|H5N1|USA-LA|Unknown|2025-09-22|wild_avian|D1.1,Mississippi,Mississippi
830,438,0.137172285945667,-98.4370448138991,37.6360683877099,-110.096177461705,40.0413850707114,1.27247358648263,1.13530130053697,2025.58611538529,2025.72328767123,SRR36212227|A/Great_horned_Owl/WA/25G01455-001-original/2025|H5N1|USA-WA|Unknown|2025-09-22|wild_avian|D1.1,Pacific,Pacific
1149,199,0.214910583084682,-74.9205031071882,43.1802991526583,-74.5704799848236,40.108621819433,1.27521331250999,1.06030272942531,2025.51111681418,2025.72602739726,SRR36211866|A/wood_duck/NY/25-026198-009/2025|H5N1|USA-NY|Monroe|2025-09-23|wild_avian|D1.1,Atlantic,Atlantic
794,384,0.0440012700426629,-82.3762216511196,39.7376455935201,-82.372005463255,39.7570719581902,1.27521331250999,1.23121204246733,2025.68202612722,2025.72602739726,SRR36211854|A/wood_duck/MI/25G01274-008/2025|H5N1|USA-MI|Saginaw|2025-09-23|wild_avian|D1.1,Mississippi,Mississippi
747,341,0.274150247674589,-93.7062978067914,43.243833786002,-79.1967171437526,37.3006493662711,1.27795303853757,1.00380279086299,2025.45461687561,2025.72876712329,SRR36212429|A/blue-winged_Teal/FL/25-026196-001-original/2025|H5N1|USA-FL|Unknown|2025-09-24|wild_avian|D1.1,Central,Atlantic
813,416,0.186585142077405,-114.645776021154,42.9097940487708,-113.189609592796,39.5455645176029,1.27795303853757,1.09136789646017,2025.54218198121,2025.72876712329,SRR36212382|A/wild_goose/WA/25G01700-001-original/2025|H5N1|USA-WA|Unknown|2025-09-24|wild_avian|D1.1,Pacific,Pacific
833,432,0.155838043427288,-107.581084103678,34.570605327165,-84.2223634488123,36.6701525173818,1.27795303853757,1.12211499511029,2025.57292907986,2025.72876712329,SRR36406419|A/american_green_winged_teal/NY/25G02842-011/2025|H5N1|USA-NY|Jefferson|2025-09-24|wild_avian|D1.1,Central,Atlantic
763,361,0.131621054479639,-103.534366800734,38.992342482495,-102.064676698639,36.6649532676383,1.27795303853757,1.14633198405794,2025.59714606881,2025.72876712329,SRR36212149|A/Mallard_Duck/WI/25G02258-001-original/2025|H5N1|USA-WI|Unknown|2025-09-24|wild_avian|D1.1,Mississippi,Mississippi
1166,153,0.114045768848494,-98.6250892900114,35.0165684114072,-98.2860345567641,35.2795299339202,1.27795303853757,1.16390726968908,2025.61472135444,2025.72876712329,SRR36212441|A/Black_Vulture/IN/25G01314-001-original/2025|H5N1|USA-IN|Unknown|2025-09-24|wild_avian|D1.1,Mississippi,Mississippi
845,847,0.0896397003546106,-109.837947009703,45.2435115423906,-108.301707177816,47.6182801672022,1.27905172097927,1.18941202062466,2025.64022610537,2025.72986580573,NA,Central,Central
764,360,0.105328542902317,-102.240520785407,37.0384790275876,-103.356016434299,34.9247548086969,1.28069276456493,1.17536422166261,2025.62617830641,2025.73150684932,SRR36212424|A/Canada_Goose/IL/25-026184-001-original/2025|H5N1|USA-IL|Unknown|2025-09-25|wild_avian|D1.1,Mississippi,Mississippi
1164,156,0.0848147522861586,-103.745811001877,35.1779795637106,-103.643796528911,35.3513033011228,1.28069276456493,1.19587801227877,2025.64669209703,2025.73150684932,SRR36212433|A/Black_Vulture/KY/25G01831-001-original/2025|H5N1|USA-KY|Unknown|2025-09-25|wild_avian|D1.1,Mississippi,Mississippi
903,456,0.0333434320054709,-96.4661557156038,42.4025005757166,-96.4661557156038,42.4025005757166,1.28069276456493,1.24734933255946,2025.69816341731,2025.73150684932,SRR36211970|A/Mottled_Duck/FL/25G01837-001-original/2025|H5N1|USA-FL|Unknown|2025-09-25|wild_avian|D1.1,Pacific,Atlantic
982,312,0.167158015625973,-82.4972297535052,29.8296714374498,-81.565233677541,27.489762001141,1.28343249059229,1.11627447496632,2025.56708855972,2025.73424657534,SRR36203399|A/Black_Vulture/MD/25-026167-001-original/2025|H5N1|USA-MD|Unknown|2025-09-26|wild_avian|D1.1,Atlantic,Atlantic
1063,647,0.130714920286328,-88.6103019373147,38.2756779190783,-91.2135543767095,38.9370124331306,1.28343249059229,1.15271757030596,2025.60353165506,2025.73424657534,SRR36212436|A/Black_Vulture/WV/25G01830-001-original/2025|H5N1|USA-WV|Unknown|2025-09-26|wild_avian|D1.1,Mississippi,Atlantic
1064,648,0.0491136043404363,-86.2140719189766,32.9126621883403,-82.9978397189436,36.8875959948119,1.28343249059229,1.23431888625185,2025.685132971,2025.73424657534,SRR36163010|A/chicken/NC/25-026098-002-original/2025|H5N1|USA-NC|Unknown|2025-09-26|domestic_avian|D1.1,Atlantic,Atlantic
1065,649,0.025296335683465,-85.8166056188556,37.7525264664606,-85.7941223251751,37.8185805569192,1.28343249059229,1.25813615490882,2025.70895023966,2025.73424657534,SRR36212435|A/Black_Vulture/WV/25G01830-002-original/2025|H5N1|USA-WV|Unknown|2025-09-26|wild_avian|D1.1,Atlantic,Atlantic
866,462,0.142571262036368,-111.131205993908,35.6356225855286,-115.104380515444,45.2143024455442,1.28617221661965,1.14360095458328,2025.59441503933,2025.73698630137,SRR36211600|A/American_blue-winged_Teal/OR/25G01565-017-original/2025|H5N1|USA-OR|Unknown|2025-09-27|wild_avian|D1.1,Pacific,Pacific
750,348,0.28537317929578,-93.9867149858628,43.5567760472853,-91.0901100117532,32.8789916569381,1.29165166867459,1.00627848937881,2025.45709257413,2025.74246575342,SRR36211769|A/Canada_Goose/WY/25G01869-001-original/2025|H5N1|USA-WY|Unknown|2025-09-29|wild_avian|D1.1,Central,Pacific
792,387,0.124378212233481,-84.2171716159397,35.997397136228,-81.7206546116014,36.2145818572978,1.29165166867459,1.16727345644111,2025.61808754119,2025.74246575342,SRR36212318|A/canada_goose/MN/25G01920-001/2025|H5N1|USA-MN|Otter_Tail|2025-09-29|wild_avian|D1.1,Mississippi,Mississippi
781,375,0.249233785166012,-93.3971497835139,42.3338179571225,-94.7392904693374,31.0232994253057,1.29439139470195,1.04515760953593,2025.49597169429,2025.74520547945,SRR36212386|A/wild_duck/TX/25G01488-001-original/2025|H5N1|USA-TX|Unknown|2025-09-30|wild_avian|D1.1,Central,Central
857,446,0.165512935262781,-102.119633145998,32.3326331589914,-107.262143628924,39.0859275007868,1.29439139470195,1.12887845943917,2025.57969254419,2025.74520547945,SRR36212241|A/Canada_Goose/AZ/25G01642-001-original/2025|H5N1|USA-AZ|Unknown|2025-09-30|wild_avian|D1.1,Pacific,Pacific
752,343,0.0859171143188293,-102.850699659294,46.4660011933986,-102.806167604618,46.8823847162159,1.29439139470195,1.20847428038312,2025.65928836513,2025.74520547945,SRR36163013|A/chicken/WI/25-026290-001-original/2025|H5N1|USA-WI|Unknown|2025-09-30|domestic_avian|D1.1,Mississippi,Mississippi
864,464,0.163891075284277,-112.818685568523,39.5142951297285,-114.301850024147,36.8296680171271,1.2971311207293,1.13324004544503,2025.5840541302,2025.74794520548,SRR36212238|A/Canada_Goose/MT/25G01677-001-original/2025|H5N1|USA-MT|Unknown|2025-10-01|wild_avian|D1.1,Central,Central
1164,155,0.10125310845053,-103.745811001877,35.1779795637106,-103.165409843712,37.7340893918777,1.2971311207293,1.19587801227877,2025.64669209703,2025.74794520548,SRR36209119|A/black_vulture/IN/25G01855-003/2025|H5N1|USA-IN|Franklin|2025-10-01|wild_avian|D1.1,Mississippi,Mississippi
757,354,0.239869854338603,-101.299980054007,40.709793231265,-95.285820375479,38.448035245478,1.30261057278402,1.06274071844542,2025.5135548032,2025.75342465753,SRR36212006|A/mallard_duck/MI/25G01983-007/2025|H5N1|USA-MI|Washtenaw|2025-10-03|wild_avian|D1.1,Mississippi,Mississippi
783,376,0.0359596782127587,-100.523472045452,34.718212735521,-100.712610488452,35.7356503090975,1.30261057278402,1.26665089457126,2025.71746497932,2025.75342465753,SRR36162674|A/Domestic_Duck/IL/25G03338-009-original/2025|H5N1|USA-IL|Unknown|2025-10-03|domestic_avian|D1.1,Mississippi,Mississippi
783,377,0.0359596782127587,-100.523472045452,34.718212735521,-101.66854779417,34.9637629391538,1.30261057278402,1.26665089457126,2025.71746497932,2025.75342465753,SRR36162678|A/chicken/IL/25G03338-005-original/2025|H5N1|USA-IL|Unknown|2025-10-03|domestic_avian|D1.1,Mississippi,Mississippi
769,342,0.255443140712891,-97.1442500316661,44.7701280420838,-96.0419874494373,45.3604149495479,1.30535029881138,1.04990715809849,2025.50072124285,2025.75616438356,SRR36212242|A/Canada_Goose/AR/25G01638-001-original/2025|H5N1|USA-AR|Unknown|2025-10-04|wild_avian|D1.1,Mississippi,Mississippi
866,463,0.161749344228098,-111.131205993908,35.6356225855286,-116.132956548255,39.8238827657768,1.30535029881138,1.14360095458328,2025.59441503933,2025.75616438356,SRR36211975|A/mallard_duck/CO/25G02242-003/2025|H5N1|USA-CO|Jackson|2025-10-04|wild_avian|D1.1,Pacific,Central
888,503,0.209875900394024,-104.459734241877,33.0701539434194,-81.2919049170693,32.2079207803991,1.30809002483896,1.09821412444494,2025.5490282092,2025.75890410959,SRR36162760|A/chicken/OR/25G01792-001-original/2025|H5N1|USA-OR|Unknown|2025-10-05|domestic_avian|D1.1,Central,Pacific
1060,653,0.418037380924267,-92.0116601062024,41.1065295457842,-92.0627270852913,42.6826700556584,1.31082975086632,0.892792369942051,2025.34360645469,2025.76164383562,SRR36212366|A/Black_Vulture/WV/25G02062-001-original/2025|H5N1|USA-WV|Unknown|2025-10-06|wild_avian|D1.1,Atlantic,Atlantic
774,372,0.171780122512824,-91.701391503099,42.0582320034572,-92.106882959797,44.6844653686768,1.31082975086632,1.13904962835349,2025.5898637131,2025.76164383562,SRR36212344|A/sandhill_crane/MN/25G02201-001/2025|H5N1|USA-MN|Hennepin|2025-10-06|wild_avian|D1.1,Mississippi,Mississippi
814,418,0.285968317234918,-117.279525773507,44.1305913892223,-122.518355374974,45.7239886709386,1.31356947689368,1.02760115965876,2025.47841524441,2025.76438356164,SRR36162812|A/Guinea_Fowl/ID/25G01895-002-original/2025|H5N1|USA-ID|Unknown|2025-10-07|domestic_avian|D1.1,Pacific,Pacific
865,466,0.168426831764993,-113.2538138739,40.5445442928678,-118.027215893906,40.9681354257471,1.31356947689368,1.14514264512868,2025.59595672988,2025.76438356164,SRR36162806|A/Peafowl/ID/25G01896-003-original/2025|H5N1|USA-ID|Unknown|2025-10-07|wild_avian|D1.1,Central,Pacific
792,386,0.146296020452567,-84.2171716159397,35.997397136228,-85.8577880233559,31.670320932312,1.31356947689368,1.16727345644111,2025.61808754119,2025.76438356164,SRR36211964|A/Trumpeter_Swan/WI/25G01871-001-original/2025|H5N1|USA-WI|Unknown|2025-10-07|wild_avian|D1.1,Mississippi,Mississippi
1148,193,0.195094286758594,-72.0239912611749,42.3464182325601,-75.3515212903312,41.4973144399946,1.31630920292103,1.12121491616244,2025.57202900091,2025.76712328767,SRR36212136|A/Peregrine_Falcon/DE/25G02350-001-original/2025|H5N1|USA-DE|Unknown|2025-10-08|wild_avian|D1.1,Atlantic,Atlantic
752,344,0.110574648565273,-102.850699659294,46.4660011933986,-100.274111985867,48.2287977395509,1.31904892894839,1.20847428038312,2025.65928836513,2025.7698630137,SRR36211770|A/canada_goose/MI/25G01985-002/2025|H5N1|USA-MI|Isabella|2025-10-09|wild_avian|D1.1,Mississippi,Mississippi
840,459,0.202046688772402,-99.8068491829386,32.3853636029374,-96.6716498221268,46.7909386240556,1.32178865497575,1.11974196620335,2025.57055605095,2025.77260273973,SRR36211962|A/Turkey_Vulture/WY/25G02109-001-original/2025|H5N1|USA-WY|Unknown|2025-10-10|wild_avian|D1.1,Mississippi,Central
837,435,0.20010168260926,-105.963946121607,33.8974739110601,-107.063865941854,33.6991859346948,1.32178865497575,1.12168697236649,2025.57250105712,2025.77260273973,SRR36406423|A/canada_goose/KS/25G02613-001/2025|H5N1|USA-KS|Butler|2025-10-10|wild_avian|D1.1,Central,Central
843,429,0.255474893668707,-108.41197535316,46.5354065384157,-116.590542662664,35.0811809776009,1.32452838100333,1.06905348733463,2025.51986757208,2025.77534246575,SRR36538389|A/american_blue_winged_teal/NV/25G04892-001/2025|H5N1|USA-NV|Churchill|2025-10-11|wild_avian|D1.1,Central,Pacific
863,465,0.19980591787252,-112.403022870571,38.8173659227838,-101.388099441899,34.9723951023241,1.32452838100333,1.12472246313081,2025.57553654788,2025.77534246575,SRR36538296|A/american_green_winged_teal/NV/25G04893-003/2025|H5N1|USA-NV|Lyon|2025-10-11|wild_avian|D1.1,Central,Pacific
932,528,0.190752249323827,-112.317790232492,41.1028541951823,-104.158044577463,47.56006429643,1.32452838100333,1.13377613167951,2025.58459021643,2025.77534246575,SRR36211847|A/american_blue_winged_teal/KS/25G02173-002/2025|H5N1|USA-KS|McPherson|2025-10-11|wild_avian|D1.1,Central,Central
795,389,0.169947392134886,-79.6686076330257,38.6532453935043,-76.4612123600207,43.2444492005999,1.32452838100333,1.15458098886845,2025.60539507362,2025.77534246575,SRR36212325|A/american_green_winged_teal/NY/25G02284-024/2025|H5N1|USA-NY|Genesee|2025-10-11|wild_avian|D1.1,Mississippi,Atlantic
795,390,0.169947392134886,-79.6686076330257,38.6532453935043,-82.7704866792491,34.2485862571622,1.32452838100333,1.15458098886845,2025.60539507362,2025.77534246575,SRR36209116|A/Mallard_Duck/PA/25G02313-006-original-repeat2/2025|H5N1|USA-PA|Unknown|2025-10-11|wild_avian|D1.1,Mississippi,Atlantic
894,491,0.159305228514534,-109.932279828245,35.8238304273068,-99.373139154243,44.5611531429219,1.32452838100333,1.1652231524888,2025.61603723724,2025.77534246575,SRR36203306|A/mallard_duck/NY/25G02284-011/2025|H5N1|USA-NY|Genesee|2025-10-11|wild_avian|D1.1,Mississippi,Atlantic
968,295,0.236866847678757,-76.3577245552808,35.3343277578659,-75.8802435734826,35.7706450288548,1.32726810703069,1.09040125935193,2025.5412153441,2025.77808219178,SRR36211960|A/Vulture/NC/25G02114-001-original/2025|H5N1|USA-NC|Unknown|2025-10-12|wild_avian|D1.1,Atlantic,Atlantic
778,394,0.296961233973693,-92.9407445880179,42.1268844994349,-93.60146620291,36.2996674983774,1.33000783305805,1.03304659908435,2025.48386068383,2025.78082191781,SRR36212343|A/Swan/OK/25G02155-001-original/2025|H5N1|USA-OK|Unknown|2025-10-13|wild_avian|D1.1,Central,Central
756,353,0.210760752879554,-94.8756859323711,39.6190241367283,-97.8355079563553,34.7856198982788,1.3327475590854,1.12198680620585,2025.57280089096,2025.78356164384,SRR36212302|A/canada_goose/CO/25G02439-001/2025|H5N1|USA-CO|Weld|2025-10-14|wild_avian|D1.1,Central,Central
774,370,0.199177382786626,-91.701391503099,42.0582320034572,-85.7832423338301,44.6273542311011,1.33822701114012,1.13904962835349,2025.5898637131,2025.78904109589,SRR36212274|A/Pintail_Duck/ND/25G02720-001-original/2025|H5N1|USA-ND|Unknown|2025-10-16|wild_avian|D1.1,Mississippi,Central
834,433,0.213682718096448,-109.949228114847,31.8528531142631,-111.407716695346,33.8943109139329,1.3409667371677,1.12728401907126,2025.57809810382,2025.79178082192,SRR36211957|A/Wild_Goose/OK/25G02530-001-original/2025|H5N1|USA-OK|Unknown|2025-10-17|wild_avian|D1.1,Central,Central
764,359,0.16560251550509,-102.240520785407,37.0384790275876,-102.147386333748,36.8661769722776,1.3409667371677,1.17536422166261,2025.62617830641,2025.79178082192,SRR36209083|A/Green-winged_Teal/IA/25G03115-001-original/2025|H5N1|USA-IA|Unknown|2025-10-17|wild_avian|D1.1,Mississippi,Mississippi
1065,650,0.0828305822588797,-85.8166056188556,37.7525264664606,-85.6148473725615,37.8521518105224,1.3409667371677,1.25813615490882,2025.70895023966,2025.79178082192,SRR36211659|A/Black_Vulture/WV/25G03060-003-original/2025|H5N1|USA-WV|Unknown|2025-10-17|wild_avian|D1.1,Atlantic,Atlantic
789,388,0.219112547792927,-77.5623582720896,42.409189632139,-81.8950720647707,40.2482828952879,1.34370646319506,1.12459391540214,2025.57540800015,2025.79452054795,SRR36406418|A/northern_shoveler/OH/25G03080-047/2025|H5N1|USA-OH|Ottawa|2025-10-18|wild_avian|D1.1,Atlantic,Mississippi
855,444,0.28266342681929,-108.737021513077,38.0541491715013,-108.09077095769,37.1695542261054,1.34644618922242,1.06378276240313,2025.51459684715,2025.79726027397,SRR36162647|A/Turkey/SD/25G02403-003-original/2025|H5N1|USA-SD|Unknown|2025-10-19|domestic_avian|D1.1,Central,Central
885,480,0.146175453243516,-96.169737339377,35.0959818259437,-99.5158349482631,35.2269266499962,1.34644618922242,1.2002707359789,2025.65108482073,2025.79726027397,SRR36212130|A/Ring-necked_Duck/OR/25G02626-019-original/2025|H5N1|USA-OR|Unknown|2025-10-19|wild_avian|D1.1,Pacific,Pacific
1203,207,0.722241726800962,-98.3355437243884,33.3315036163503,-96.1334358342093,29.6412881086082,1.34918591524978,0.626944188448814,2025.0777582732,2025.8,SRR36211724|A/Black_Vulture/MS/25G02635-003-original/2025|H5N1|USA-MS|Unknown|2025-10-20|wild_avian|D1.1,Mississippi,Mississippi
1110,271,0.729822953827503,-123.806853539073,44.2131234948528,-121.904237671739,43.0589340841886,1.35192564127713,0.622102687449631,2025.0729167722,2025.80273972603,SRR36211667|A/Black_Vulture/AR/25G03056-001-original/2025|H5N1|USA-AR|Unknown|2025-10-21|wild_avian|D1.1,Central,Mississippi
1144,198,0.292817643280427,-73.9498985226639,44.9516771372566,-74.5103824796945,40.3463621022622,1.35192564127713,1.05910799799671,2025.50992208275,2025.80273972603,SRR36538387|A/american_crow/NJ/25G04652-002/2025|H5N1|USA-NJ|Salem|2025-10-21|wild_avian|D1.1,Atlantic,Atlantic
854,506,0.154394175292914,-76.5736029751311,40.6332051598292,-75.3467609912297,39.7207834208839,1.35192564127713,1.19753146598422,2025.64834555073,2025.80273972603,SRR36538388|A/american_crow/NJ/25G04652-001/2025|H5N1|USA-NJ|Salem|2025-10-21|wild_avian|D1.1,Atlantic,Atlantic
767,364,0.0890988899607768,-102.171285757446,43.2400519031784,-103.238517585555,43.3602811635796,1.35192564127713,1.26282675131636,2025.71364083607,2025.80273972603,SRR36211652|A/canada_goose/IN/25G02680-001/2025|H5N1|USA-IN|Johnson|2025-10-21|wild_avian|D1.1,Mississippi,Mississippi
1060,652,0.461872997362668,-92.0116601062024,41.1065295457842,-93.5549917895706,41.9773313464005,1.35466536730472,0.892792369942051,2025.34360645469,2025.80547945205,SRR36211670|A/Black_Vulture/VA/25G03055-006-original/2025|H5N1|USA-VA|Unknown|2025-10-22|wild_avian|D1.1,Atlantic,Atlantic
782,378,0.209255191703676,-100.434569164375,33.5608646464709,-93.9154489831555,30.1559012521313,1.35466536730472,1.14541017560104,2025.59622426035,2025.80547945205,SRR36212529|A/Canada_Goose/MO/25G02853-004-original/2025|H5N1|USA-MO|Unknown|2025-10-22|wild_avian|D1.1,Mississippi,Mississippi
877,483,0.191736807023965,-99.3339469829799,30.8311915445536,-115.653352546306,35.2870379367449,1.35466536730472,1.16292856028075,2025.61374264503,2025.80547945205,SRR36209114|A/Red-tailed_Hawk/MO/25G02853-005-original/2025|H5N1|USA-MO|Unknown|2025-10-22|wild_avian|D1.1,Central,Mississippi
832,440,0.15927431987145,-97.5492961401041,38.7082766102316,-96.1879824660044,37.8742191389731,1.35466536730472,1.19539104743327,2025.64620513218,2025.80547945205,SRR36203374|A/Canada_Goose/UT/25G03448-005-original/2025|H5N1|USA-UT|Unknown|2025-10-22|wild_avian|D1.1,Pacific,Pacific
944,536,0.451608552619056,-82.8134168179068,31.2733490001157,-83.0424862693428,31.0394219815468,1.35740509333208,0.905796540713019,2025.35661062546,2025.80821917808,SRR36162703|A/chicken/GA/25G02650-001-original/2025|H5N1|USA-GA|Unknown|2025-10-23|domestic_avian|D1.1,Atlantic,Atlantic
793,391,0.224078683839877,-77.1709173008684,42.5933169380901,-72.4678435219388,41.0072969108141,1.35740509333208,1.1333264094922,2025.58414049424,2025.80821917808,SRR36406301|A/american_wigeon/OH/25G04131-008/2025|H5N1|USA-OH|Ottawa|2025-10-23|wild_avian|D1.1,Atlantic,Mississippi
858,443,0.199387015473477,-102.397596853189,34.4942887128892,-106.443204579892,39.7067442438504,1.35740509333208,1.1580180778586,2025.60883216261,2025.80821917808,SRR36212527|A/Canada_Goose/WY/25G02891-001-original/2025|H5N1|USA-WY|Unknown|2025-10-23|wild_avian|D1.1,Pacific,Central
815,445,0.48444420782454,-108.266853499215,41.6407369259799,-96.0269953170888,46.4926175654515,1.36836399744151,0.883919789616966,2025.33473387437,2025.81917808219,SRR36203333|A/Canada_Goose/AL/25G03828-001-original/2025|H5N1|USA-AL|Unknown|2025-10-27|wild_avian|D1.1,Central,Mississippi
834,431,0.241079978370249,-109.949228114847,31.8528531142631,-118.689530173082,39.53544395772,1.36836399744151,1.12728401907126,2025.57809810382,2025.81917808219,SRR36212524|A/Domestic_Goose/AL/25G03044-002-original/2025|H5N1|USA-AL|Unknown|2025-10-27|domestic_avian|D1.1,Central,Mississippi
1163,154,0.225214124352239,-101.753831220383,35.2878356741839,-101.130259310368,35.5151133563584,1.36836399744151,1.14314987308927,2025.59396395784,2025.81917808219,SRR36538272|A/black_vulture/KY/25G04374-002/2025|H5N1|USA-KY|Grant|2025-10-27|wild_avian|D1.1,Mississippi,Mississippi
1166,152,0.204456727752425,-98.6250892900114,35.0165684114072,-98.5438403805981,34.3128788823219,1.36836399744151,1.16390726968908,2025.61472135444,2025.81917808219,SRR36538273|A/black_vulture/KY/25G04374-001/2025|H5N1|USA-KY|Grant|2025-10-27|wild_avian|D1.1,Mississippi,Mississippi
965,297,0.364114717075086,-81.693823983294,32.4547911425373,-81.6679321091617,34.0492765898247,1.37110372346909,1.006989006394,2025.45780309114,2025.82191780822,SRR36209096|A/Black_Vulture/SC/25G03063-001-original/2025|H5N1|USA-SC|Unknown|2025-10-28|wild_avian|D1.1,Atlantic,Atlantic
902,455,0.164942897095865,-98.0593733577345,39.0875815987325,-97.305012157768,38.4347924211583,1.37384344949645,1.20890055240058,2025.65971463715,2025.82465753425,SRR36406399|A/american_green_winged_teal/CA/25G03928-006/2025|H5N1|USA-CA|Yolo|2025-10-29|wild_avian|D1.1,Pacific,Pacific
846,428,0.105128672102655,-109.607802580223,45.6235129230468,-90.9106404754772,44.1906818633587,1.37384344949645,1.26871477739379,2025.71952886214,2025.82465753425,SRR36406410|A/american_wigeon/CA/25G03928-001/2025|H5N1|USA-CA|Yolo|2025-10-29|wild_avian|D1.1,Central,Pacific
753,345,0.261005100790862,-97.3366929103826,46.832763830156,-114.159135253221,46.4995716226655,1.3765831755238,1.11557807473294,2025.56639215948,2025.82739726027,SRR36209076|A/Black_Swan/PA/25G03182-002-original/2025|H5N1|USA-PA|Unknown|2025-10-30|wild_avian|D1.1,Mississippi,Atlantic
891,497,0.243413662302048,-109.856787923491,35.6386248820033,-96.9130326234355,29.2774055108546,1.3765831755238,1.13316951322176,2025.58398359797,2025.82739726027,SRR36209051|A/Muscovy_Duck/FL/25G03354-001-original/2025|H5N1|USA-FL|Unknown|2025-10-30|wild_avian|D1.1,Mississippi,Atlantic
865,468,0.231440530395123,-113.2538138739,40.5445442928678,-98.4147243724967,39.8230902385933,1.3765831755238,1.14514264512868,2025.59595672988,2025.82739726027,SRR36406351|A/cackling_goose/WA/25G03973-001/2025|H5N1|USA-WA|Whatcom|2025-10-30|wild_avian|D1.1,Central,Pacific
767,363,0.116496150234805,-102.171285757446,43.2400519031784,-108.641471705824,38.3493467337612,1.37932290155116,1.26282675131636,2025.71364083607,2025.8301369863,SRR36406409|A/wood_duck/MN/25G04157-001/2025|H5N1|USA-MN|Anoka|2025-10-31|wild_avian|D1.1,Mississippi,Mississippi
788,392,0.258698689629166,-79.7336487546409,38.1957205002883,-79.5429809963736,37.1510147233371,1.38206262757852,1.12336393794935,2025.5741780227,2025.83287671233,SRR36406415|A/american_green_winged_teal/OH/25G04131-027/2025|H5N1|USA-OH|Ottawa|2025-11-01|wild_avian|D1.1,Mississippi,Mississippi
879,475,0.219218646918862,-93.0002768672332,34.5574137465553,-97.5655295750465,39.060668822669,1.38206262757852,1.16284398065966,2025.61365806541,2025.83287671233,SRR36406349|A/red_tailed_hawk/WA/25G03976-001/2025|H5N1|USA-WA|Whatcom|2025-11-01|wild_avian|D1.1,Pacific,Pacific
754,346,0.220036619231431,-106.202816704036,47.7025756135341,-102.216308417722,33.5593609185869,1.38754207963346,1.16750546040203,2025.61831954515,2025.83835616438,SRR36162625|A/Red-breasted_Goose/TN/25G03365-002-original/2025|H5N1|USA-TN|Unknown|2025-11-03|wild_avian|D1.1,Central,Mississippi
826,451,0.270679431275041,-110.028264311465,40.6775991858713,-110.720857030768,31.3581538208372,1.39028180566082,1.11960237438578,2025.57041645914,2025.84109589041,SRR36202277|A/Domestic_Cat/ND/25G03436-001-original/2025|H5N1|USA-ND|Unknown|2025-11-04|feline|D1.1,Mississippi,Central
837,434,0.268594833294332,-105.963946121607,33.8974739110601,-98.7328464963566,39.3607016616068,1.39028180566082,1.12168697236649,2025.57250105712,2025.84109589041,SRR36203396|A/wild_goose/NM/25G03506-001-original/2025|H5N1|USA-NM|Unknown|2025-11-04|wild_avian|D1.1,Central,Central
878,489,0.136721787261449,-98.1467580986571,29.4752687761495,-97.4261782762248,30.9494907899194,1.39028180566082,1.25356001839937,2025.70437410315,2025.84109589041,SRR36203296|A/Swan/UT/25G03453-001-original/2025|H5N1|USA-UT|Unknown|2025-11-04|wild_avian|D1.1,Pacific,Pacific
1150,201,0.365536963172776,-77.6418973440066,41.3733077684513,-78.341869611249,39.9591247476929,1.39576125771553,1.03022429454276,2025.48103837929,2025.84657534247,SRR36202283|A/chicken/NH/25G03769-001-original/2025|H5N1|USA-NH|Unknown|2025-11-06|domestic_avian|D1.1,Atlantic,Atlantic
1149,200,0.335458528290226,-74.9205031071882,43.1802991526583,-76.4399244891044,41.1982163139717,1.39576125771553,1.06030272942531,2025.51111681418,2025.84657534247,SRR36406342|A/Striped_skunk/NY/25G03988-001/2025|H5N1|USA-NY|St_Lawrence|2025-11-06|other_mammal|D1.1,Atlantic,Atlantic
852,505,0.21136189952078,-120.818260367631,45.1361475292298,-121.499227534716,44.579323361695,1.39576125771553,1.18439935819475,2025.63521344294,2025.84657534247,SRR36202234|A/chicken/DE/25G03562-002-original/2025|H5N1|USA-DE|Unknown|2025-11-06|domestic_avian|D1.1,Atlantic,Atlantic
854,507,0.200969517758672,-76.5736029751311,40.6332051598292,-82.600823047322,43.5821713969104,1.39850098374289,1.19753146598422,2025.64834555073,2025.84931506849,SRR36538326|A/canada_goose/NC/25G04376-001/2025|H5N1|USA-NC|New_Hanover|2025-11-07|wild_avian|D1.1,Atlantic,Atlantic
880,886,0.287921836595718,-96.5223584892523,33.9527632373024,-94.4988307738024,32.7318280381827,1.40103905138639,1.11311721479068,2025.56393129954,2025.85185313614,NA,Pacific,Pacific
849,447,0.392569798159668,-109.682219006829,38.0430868638699,-102.313402511943,34.0691517232357,1.40124070977048,1.00867091161081,2025.45948499636,2025.85205479452,SRR36538295|A/american_green_winged_teal/OK/25G04973-021/2025|H5N1|USA-OK|Sequoyah|2025-11-08|wild_avian|D1.1,Central,Central
817,421,0.388645670335649,-97.0447607903843,39.017407159604,-98.3771580902235,40.1737541608801,1.40124070977048,1.01259503943483,2025.46340912419,2025.85205479452,SRR36203391|A/wood_duck/IN/25G03805-006/2025|H5N1|USA-IN|Newton|2025-11-08|wild_avian|D1.1,Mississippi,Mississippi
780,374,0.351594392167315,-96.5318878418295,40.445049216536,-111.804281779809,35.0084158215354,1.40124070977048,1.04964631760316,2025.50046040235,2025.85205479452,SRR36538290|A/bald_eagle/IN/25G04807-001/2025|H5N1|USA-IN|Hamilton|2025-11-08|wild_avian|D1.1,Central,Mississippi
846,427,0.132525932376684,-109.607802580223,45.6235129230468,-110.014246359641,37.2910769252905,1.40124070977048,1.26871477739379,2025.71952886214,2025.85205479452,SRR36406324|A/gadwall/KS/25G04225-001/2025|H5N1|USA-KS|Neosho|2025-11-08|wild_avian|D1.1,Central,Central
847,425,0.122188988791202,-108.301707177816,47.6182801672022,-112.365397306908,42.6338443921432,1.40124070977048,1.27905172097927,2025.72986580573,2025.85205479452,SRR36538311|A/gadwall/KS/25G04225-031/2025|H5N1|USA-KS|Neosho|2025-11-08|wild_avian|D1.1,Central,Central
985,317,0.280052404813973,-82.5063620311408,30.7594765835961,-81.385663913509,33.8146256993689,1.40672016182519,1.12666775701122,2025.57748184176,2025.85753424658,SRR36203383|A/Black_Vulture/CT/25G03770-001-original/2025|H5N1|USA-CT|Unknown|2025-11-10|wild_avian|D1.1,Atlantic,Atlantic
765,365,0.252748867593818,-101.257263545881,40.0029998037551,-101.576818157087,40.4583063126398,1.40672016182519,1.15397129423137,2025.60478537898,2025.85753424658,SRR36406411|A/great_horned_owl/MN/25G04156-001/2025|H5N1|USA-MN|Kandiyohi|2025-11-10|wild_avian|D1.1,Mississippi,Mississippi
877,482,0.243791601544438,-99.3339469829799,30.8311915445536,-107.250025239614,39.368293782716,1.40672016182519,1.16292856028075,2025.61374264503,2025.85753424658,SRR36538310|A/gadwall/SD/25G04284-006/2025|H5N1|USA-SD|Day|2025-11-10|wild_avian|D1.1,Central,Central
894,492,0.241497009336393,-109.932279828245,35.8238304273068,-107.596152409052,45.8798458379211,1.40672016182519,1.1652231524888,2025.61603723724,2025.85753424658,SRR36538325|A/canada_goose/WV/25G04377-001/2025|H5N1|USA-WV|Mason|2025-11-10|wild_avian|D1.1,Mississippi,Atlantic
886,473,0.00568111043879793,-94.4988307738024,32.7318280381827,-94.4418808608618,32.210908832077,1.40672016182519,1.40103905138639,2025.85185313614,2025.85753424658,SRR36406343|A/trumpeter_swan/ID/25G03984-001/2025|H5N1|USA-ID|Bannock|2025-11-10|wild_avian|D1.1,Pacific,Pacific
808,417,0.414478381119157,-117.551665921799,37.1172706572883,-98.3379424612674,34.0914702590514,1.41219961387991,0.997721232760749,2025.44853531751,2025.86301369863,SRR36538417|A/ross_s_goose/LA/25G04375-002/2025|H5N1|USA-LA|Vernon|2025-11-12|wild_avian|D1.1,Central,Mississippi
983,311,0.271316401360225,-82.2588749294466,29.61374197722,-82.2140391577254,31.8010157161438,1.41219961387991,1.14088321251968,2025.59169729727,2025.86301369863,SRR36406338|A/black_vulture/PA/25G03999-001/2025|H5N1|USA-PA|Adams|2025-11-12|wild_avian|D1.1,Atlantic,Atlantic
895,496,0.255341910625998,-108.019685046753,32.3939971607943,-108.426887611587,36.7607790360952,1.41219961387991,1.15685770325391,2025.607671788,2025.86301369863,SRR36406276|A/snow_goose/CO/25G04393-001/2025|H5N1|USA-CO|Sedgwick|2025-11-12|wild_avian|D1.1,Central,Central
872,486,0.208081296412076,-104.334552271691,41.4056276718101,-106.300623645838,32.3139138874187,1.41219961387991,1.20411831746783,2025.65493240222,2025.86301369863,SRR36538334|A/wild_goose/TX/25G04762-002/2025|H5N1|USA-TX|Randall|2025-11-12|wild_avian|D1.1,Pacific,Central
886,472,0.0111605624935127,-94.4988307738024,32.7318280381827,-97.0275909896165,34.807327046417,1.41219961387991,1.40103905138639,2025.85185313614,2025.86301369863,SRR36406329|A/trumpeter_swan/ID/25G04021-001/2025|H5N1|USA-ID|Ada|2025-11-12|wild_avian|D1.1,Pacific,Pacific
839,460,0.311549996460003,-103.530409435925,43.3225068237697,-103.535299156641,43.3488035926896,1.41493933990726,1.10338934344726,2025.5542034282,2025.86575342466,SRR36406289|A/canada_goose/NE/25G04294-001/2025|H5N1|USA-NE|Box_Butte|2025-11-13|wild_avian|D1.1,Central,Central
796,381,0.286177324942169,-76.6138798531918,40.6013098307324,-76.5757830674327,40.5990389179625,1.41493933990726,1.12876201496509,2025.57957609972,2025.86575342466,SRR36582225|A/mallard_duck/WI/25G04982-005/2025|H5N1|USA-WI|Oconto|2025-11-13|wild_avian|D1.1,Mississippi,Mississippi
858,510,0.256921262048665,-102.397596853189,34.4942887128892,-112.235533024148,38.5351953785024,1.41493933990726,1.1580180778586,2025.60883216261,2025.86575342466,SRR36406291|A/red_tailed_hawk/OR/25G04260-001/2025|H5N1|USA-OR|Klamath|2025-11-13|wild_avian|D1.1,Pacific,Pacific
945,534,0.231057471363951,-81.8033627183188,32.6336387070991,-81.5105007151919,33.273218201242,1.41493933990726,1.18388186854331,2025.63469595329,2025.86575342466,SRR36538281|A/black_vulture/GA/25G04368-001/2025|H5N1|USA-GA|Houston|2025-11-13|wild_avian|D1.1,Atlantic,Atlantic
878,488,0.161379321507893,-98.1467580986571,29.4752687761495,-92.1784012865924,38.6491495424599,1.41493933990726,1.25356001839937,2025.70437410315,2025.86575342466,SRR36406292|A/red_tailed_hawk/OR/25G04259-001/2025|H5N1|USA-OR|Klamath|2025-11-13|wild_avian|D1.1,Pacific,Pacific
824,452,0.280332852253495,-106.400242994127,42.8402087064721,-105.745939668525,38.2243204499129,1.41767906593485,1.13734621368135,2025.58816029843,2025.86849315069,SRR36406424|A/trumpeter_swan/MN/25G04483-001/2025|H5N1|USA-MN|Rice|2025-11-14|wild_avian|D1.1,Mississippi,Mississippi
844,424,0.333173824328184,-107.222837821425,45.3296864190183,-102.766943643502,48.17448320666,1.42041879196221,1.08724496763402,2025.53805905238,2025.87123287671,SRR36406281|A/trumpeter_swan/WY/25G04344-003/2025|H5N1|USA-WY|Lincoln|2025-11-15|wild_avian|D1.1,Central,Pacific
861,467,0.310892710910382,-111.853520231115,35.5045825597554,-109.612146779826,40.0618575732513,1.42041879196221,1.10952608105182,2025.5603401658,2025.87123287671,SRR36406282|A/trumpeter_swan/WY/25G04344-002/2025|H5N1|USA-WY|Lincoln|2025-11-15|wild_avian|D1.1,Central,Pacific
818,422,0.372075354286063,-95.0934030337361,38.0148225052173,-94.7392995590266,37.4808770502763,1.42315851798956,1.0510831637035,2025.50189724845,2025.87397260274,SRR36538390|A/american_black_duck/OH/25G04930-025/2025|H5N1|USA-OH|Ottawa|2025-11-16|wild_avian|D1.1,Mississippi,Mississippi
836,437,0.30157737017408,-108.997740409186,36.6502050192666,-116.280757683946,32.9086658383378,1.42315851798956,1.12158114781548,2025.57239523257,2025.87397260274,SRR36406371|A/canvasback_duck/IL/25G04631-002/2025|H5N1|USA-IL|Jefferson|2025-11-16|wild_avian|D1.1,Central,Mississippi
825,449,0.308834326432105,-108.179359844877,41.1398155574508,-107.945995251347,34.5536718731826,1.42589824401692,1.11706391758482,2025.56787800233,2025.87671232877,SRR36406429|A/mallard_duck/IL/25G04430-008/2025|H5N1|USA-IL|Clinton|2025-11-17|wild_avian|D1.1,Central,Mississippi
903,457,0.178548911457459,-96.4661557156038,42.4025005757166,-96.4661557156038,42.4025005757166,1.42589824401692,1.24734933255946,2025.69816341731,2025.87671232877,SRR36406277|A/Fish_crow/FL/25G04379-001/2025|H5N1|USA-FL|Lee|2025-11-17|wild_avian|D1.1,Pacific,Atlantic
754,347,0.261132509642247,-106.202816704036,47.7025756135341,-109.56947592208,40.5875241993914,1.42863797004428,1.16750546040203,2025.61831954515,2025.87945205479,SRR36538338|A/wild_goose/TX/25G04760-001/2025|H5N1|USA-TX|Potter|2025-11-18|wild_avian|D1.1,Central,Central
770,349,0.256926019192937,-92.0399048231673,43.1741657008787,-98.6275093691068,43.4547958380707,1.42863797004428,1.17171195085134,2025.6225260356,2025.87945205479,SRR36538318|A/canada_goose/CO/25G04853-001/2025|H5N1|USA-CO|Larimer|2025-11-18|wild_avian|D1.1,Central,Central
884,478,0.187186114232606,-98.29713218109,37.2775405773683,-101.572428619837,37.1680590029238,1.42863797004428,1.24145185581167,2025.69226594056,2025.87945205479,SRR36538351|A/trumpeter_swan/WA/25G04846-002/2025|H5N1|USA-WA|Snohomish|2025-11-18|wild_avian|D1.1,Pacific,Pacific
1331,22,0.943280323514128,-86.5345324104776,38.3995587939506,-90.3618702805355,32.6198491708821,1.43411742209922,0.490837098585092,2024.94165118334,2025.88493150685,SRR36582238|A/Black_vulture/SC/25G05160-001/2025|H5N1|USA-SC|Charleston|2025-11-20|wild_avian|D1.1,Atlantic,Atlantic
1110,272,0.812014734649589,-123.806853539073,44.2131234948528,-122.454997419959,44.4484330094935,1.43411742209922,0.622102687449631,2025.0729167722,2025.88493150685,SRR36538271|A/black_vulture/AR/25G04946-001/2025|H5N1|USA-AR|Washington|2025-11-20|wild_avian|D1.1,Central,Mississippi
813,415,0.34274952563905,-114.645776021154,42.9097940487708,-91.4903829649576,36.9656633500263,1.43411742209922,1.09136789646017,2025.54218198121,2025.88493150685,SRR36538357|A/snow_goose/OK/25G05185-001/2025|H5N1|USA-OK|Cleveland|2025-11-20|wild_avian|D1.1,Pacific,Central
856,430,0.316441869900127,-111.679784200555,36.6448134119017,-95.6613812858074,46.07973341155,1.43411742209922,1.11767555219909,2025.56848963695,2025.88493150685,SRR36538343|A/western_gull/CA/25G04840-001/2025|H5N1|USA-CA|Contra_Costa|2025-11-20|wild_avian|D1.1,Central,Pacific
872,485,0.22999910463139,-104.334552271691,41.4056276718101,-115.594505579616,34.3888172615774,1.43411742209922,1.20411831746783,2025.65493240222,2025.88493150685,SRR36538363|A/ross_s_goose/SD/25G04635-003/2025|H5N1|USA-SD|McPherson|2025-11-20|wild_avian|D1.1,Pacific,Central
902,454,0.225216869698637,-98.0593733577345,39.0875815987325,-98.5177275457679,39.3408604744827,1.43411742209922,1.20890055240058,2025.65971463715,2025.88493150685,SRR36538375|A/red_tailed_hawk/CA/25G04838-002/2025|H5N1|USA-CA|Sacramento|2025-11-20|wild_avian|D1.1,Pacific,Pacific
899,499,0.298887981607924,-109.591168613182,35.6124611428391,-109.801766052001,35.1297311072859,1.43685714812658,1.13796916651865,2025.58878325127,2025.88767123288,SRR36582215|A/ring_necked_duck/WI/25G05226-008/2025|H5N1|USA-WI|Burnet|2025-11-21|wild_avian|D1.1,Mississippi,Mississippi
810,420,0.434213253832738,-119.085086576944,36.5918628836522,-85.5159899492082,33.2765924427957,1.43959687415393,1.0053836203212,2025.45619770507,2025.8904109589,SRR36582245|A/american_green_winged_teal/VA/25G05021-005/2025|H5N1|USA-VA|Surry|2025-11-22|wild_avian|D1.1,Pacific,Atlantic
824,448,0.302250660472581,-106.400242994127,42.8402087064721,-92.1676076943054,39.0843496384125,1.43959687415393,1.13734621368135,2025.58816029843,2025.8904109589,SRR36582243|A/american_green_winged_teal/GA/25G05285-010/2025|H5N1|USA-GA|McIntosh|2025-11-22|wild_avian|D1.1,Mississippi,Atlantic
870,484,0.292350767468578,-102.87381057078,35.9440874874497,-69.3036650657602,46.253482521396,1.43959687415393,1.14724610668536,2025.59806019144,2025.8904109589,SRR36538305|A/greater_scaup/VA/25G04885-001/2025|H5N1|USA-VA|Suffolk|2025-11-22|wild_avian|D1.1,Central,Atlantic
893,494,0.227963150117713,-111.407994684738,44.1498344257496,-120.36731034052,46.7178442954475,1.43959687415393,1.21163372403622,2025.66244780879,2025.8904109589,SRR36538366|A/ring_necked_duck/FL/25G04963-061/2025|H5N1|USA-FL|Lake|2025-11-22|wild_avian|D1.1,Mississippi,Atlantic
888,502,0.346862201763712,-104.459734241877,33.0701539434194,-97.4146755043158,32.444694728862,1.44507632620865,1.09821412444494,2025.5490282092,2025.89589041096,SRR36538359|A/snow_goose/MO/25G04856-004/2025|H5N1|USA-MO|Clay|2025-11-24|wild_avian|D1.1,Central,Mississippi
788,393,0.321712388259296,-79.7336487546409,38.1957205002883,-78.8418562690705,39.1772695719562,1.44507632620865,1.12336393794935,2025.5741780227,2025.89589041096,SRR36538288|A/bald_eagle/MI/25G04925-001/2025|H5N1|USA-MI|Saginaw|2025-11-24|wild_avian|D1.1,Mississippi,Mississippi
761,358,0.31597735935812,-101.606598884539,39.7964720882971,-98.1343340184872,34.5196571998539,1.44507632620865,1.12909896685053,2025.5799130516,2025.89589041096,SRR36538286|A/bald_eagle/MI/25G04925-005/2025|H5N1|USA-MI|Newaygo|2025-11-24|wild_avian|D1.1,Mississippi,Mississippi
847,426,0.166024605229375,-108.301707177816,47.6182801672022,-119.17401182307,48.8384750924774,1.44507632620865,1.27905172097927,2025.72986580573,2025.89589041096,SRR36538302|A/mallard_duck/MO/25G04856-003/2025|H5N1|USA-MO|St_Louis|2025-11-24|wild_avian|D1.1,Central,Mississippi
1150,202,0.417591757693476,-77.6418973440066,41.3733077684513,-79.6929319327576,37.9608661013502,1.44781605223623,1.03022429454276,2025.48103837929,2025.89863013699,SRR36538185|A/Domestic_goose/ME/25G04880-003/2025|H5N1|USA-ME|Penobscot|2025-11-25|domestic_avian|D1.1,Atlantic,Atlantic
1148,195,0.326601136073795,-72.0239912611749,42.3464182325601,-72.324872077467,42.9951602000257,1.44781605223623,1.12121491616244,2025.57202900091,2025.89863013699,SRR36538317|A/canada_goose/NY/25G04881-001/2025|H5N1|USA-NY|Chemung|2025-11-25|wild_avian|D1.1,Atlantic,Atlantic
836,436,0.326234904420752,-108.997740409186,36.6502050192666,-122.812294747379,46.3020209272628,1.44781605223623,1.12158114781548,2025.57239523257,2025.89863013699,SRR36582221|A/Mute_swan/SC/25G05056-001/2025|H5N1|USA-SC|Sumter|2025-11-25|wild_avian|D1.1,Central,Atlantic
897,501,0.319859772326821,-112.802018137399,36.9190862270766,-93.6753559854634,45.8083765762178,1.44781605223623,1.12795627990941,2025.57877036466,2025.89863013699,SRR36538193|A/Domestic_chicken/ME/25G05080-001/2025|H5N1|USA-ME|Penobscot|2025-11-25|domestic_avian|D1.1,Mississippi,Atlantic
871,487,0.274487714334402,-103.186464917443,35.7452768618936,-103.473937702413,42.043836194383,1.44781605223623,1.17332833790183,2025.62414242265,2025.89863013699,SRR36582231|A/canada_goose/MT/25G05375-001/2025|H5N1|USA-MT|Roosevelt|2025-11-25|wild_avian|D1.1,Central,Central
826,450,0.333693129905171,-110.028264311465,40.6775991858713,-94.8832562979654,46.4956692761297,1.45329550429095,1.11960237438578,2025.57041645914,2025.90410958904,SRR36538195|A/Domestic_turkey/NC/25G05083-001/2025|H5N1|USA-NC|Wayne|2025-11-27|domestic_avian|D1.1,Mississippi,Atlantic
851,509,0.278008275008937,-121.863777765369,45.2242153291091,-123.535892473734,43.3664151026069,1.45603523031831,1.17802695530937,2025.62884104006,2025.90684931507,SRR36582240|A/Bald_eagle/NJ/25G05298-001/2025|H5N1|USA-NJ|Burlington|2025-11-28|wild_avian|D1.1,Atlantic,Atlantic
832,439,0.266123634939752,-97.5492961401041,38.7082766102316,-84.4359887206751,37.8052322788169,1.46151468237302,1.19539104743327,2025.64620513218,2025.91232876712,SRR36582209|A/snow_goose/NE/25G05292-001/2025|H5N1|USA-NE|York|2025-11-30|wild_avian|D1.1,Pacific,Central
784,380,0.427885290404515,-93.107948619987,43.3632701145698,-95.3719085649416,44.0977226519858,1.46425440840061,1.03636911799609,2025.48718320275,2025.91506849315,SRR36582207|A/snow_goose/NE/25G05294-001/2025|H5N1|USA-NE|Sarpy|2025-12-01|wild_avian|D1.1,Central,Central
898,498,0.341223035948897,-109.443941842882,37.5084282508459,-121.845251492672,43.2058551231815,1.46425440840061,1.12303137245171,2025.5738454572,2025.91506849315,SRR36582197|A/wild_goose/TX/25G05380-001/2025|H5N1|USA-TX|Lubbock|2025-12-01|wild_avian|D1.1,Mississippi,Central
885,481,0.263983672421703,-96.169737339377,35.0959818259437,-89.9104218810686,39.969973256819,1.46425440840061,1.2002707359789,2025.65108482073,2025.91506849315,SRR36582205|A/snow_goose/MT/25G05372-001/2025|H5N1|USA-MT|Gallatin|2025-12-01|wild_avian|D1.1,Pacific,Pacific
893,493,0.252620684364384,-111.407994684738,44.1498344257496,-105.463149485511,31.4844937142201,1.46425440840061,1.21163372403622,2025.66244780879,2025.91506849315,SRR36582206|A/snow_goose/NE/25G05295-001/2025|H5N1|USA-NE|Adams|2025-12-01|wild_avian|D1.1,Mississippi,Central
860,469,0.465218267203542,-108.601492437919,37.4283893154211,-99.6406811957204,29.0867341691072,1.46699413442796,1.00177586722442,2025.45258995197,2025.91780821918,SRR36582198|A/Wild_duck/TX/25G05240-001/2025|H5N1|USA-TX|Galveston|2025-12-02|wild_avian|D1.1,Central,Central
897,490,0.33903785451855,-112.802018137399,36.9190862270766,-113.072840054958,37.838550649693,1.46699413442796,1.12795627990941,2025.57877036466,2025.91780821918,SRR36538194|A/peafowl/WI/25G05091-001/2025|H5N1|USA-WI|Marquette|2025-12-02|wild_avian|D1.1,Mississippi,Mississippi
895,495,0.310136431174055,-108.019685046753,32.3939971607943,-109.037483096045,34.0586588091387,1.46699413442796,1.15685770325391,2025.607671788,2025.91780821918,SRR36582213|A/snow_goose/KS/25G05234-001/2025|H5N1|USA-KS|Riley|2025-12-02|wild_avian|D1.1,Central,Central
838,458,0.448300531536064,-108.616580102349,41.6129685191364,-104.606323990117,39.6141014063481,1.46973386045532,1.02143332891926,2025.47224741367,2025.92054794521,SRR36538358|A/snow_goose/IA/25G05071-001/2025|H5N1|USA-IA|Story|2025-12-03|wild_avian|D1.1,Central,Mississippi
882,477,0.349639284944004,-99.0037451377224,36.1028421801791,-93.8719465857534,38.271156700484,1.47521331251004,1.12557402756603,2025.57638811232,2025.92602739726,SRR36582220|A/Raccoon/WA/25G05425-001/2025|H5N1|USA-WA|San_Juan|2025-12-05|other_mammal|D1.1,Pacific,Pacific
