node1,node2,length,startLon,startLat,endLon,endLat,endNodeL,startNodeL,startYear,endYear,tipLabel,startFlyway,endFlyway
679,281,0.583357444757729,-114.983649455942,38.6334172906885,-109.396695643914,39.6482704338229,0.583357444757729,0,2024.43582063743,2025.01917808219,SRR33508711|A/barn_owl/AZ/25-000514-002/2025|H5N1|USA-AZ|Maricopa|2025-01-08|wild_avian|D1.1,Pacific,Pacific
679,680,0.049467335400492,-114.983649455942,38.6334172906885,-114.131967644692,38.2112103681523,0.049467335400492,0,2024.43582063743,2024.48528797283,NA,Pacific,Pacific
680,681,0.02438261910069,-114.131967644692,38.2112103681523,-120.489943087078,38.3595246700675,0.0738499545011819,0.049467335400492,2024.48528797283,2024.50967059194,NA,Pacific,Pacific
681,1077,0.0214600655317887,-120.489943087078,38.3595246700675,-120.566818720857,44.280321122758,0.0953100200329706,0.0738499545011819,2024.50967059194,2024.53113065747,NA,Pacific,Central
681,682,0.0294636920167541,-120.489943087078,38.3595246700675,-119.027205267741,36.7193727003439,0.103313646517936,0.0738499545011819,2024.50967059194,2024.53913428395,NA,Pacific,Pacific
682,683,0.00845311555302253,-119.027205267741,36.7193727003439,-119.447700796885,36.6948414635842,0.111766762070959,0.103313646517936,2024.53913428395,2024.5475873995,NA,Pacific,Central
1077,1078,0.0649947896255112,-120.566818720857,44.280321122758,-123.58315689407,39.6863006707652,0.160304809658482,0.0953100200329706,2024.53113065747,2024.59612544709,NA,Central,Central
682,737,0.0586783222103315,-119.027205267741,36.7193727003439,-116.198926024424,41.0885966069715,0.161991968728268,0.103313646517936,2024.53913428395,2024.59781260616,NA,Pacific,Pacific
1078,1079,0.0105674653892136,-123.58315689407,39.6863006707652,-121.229480407405,38.5478563264159,0.170872275047695,0.160304809658482,2024.59612544709,2024.60669291248,NA,Central,Central
1078,1106,0.0110639197137696,-123.58315689407,39.6863006707652,-123.698909071812,39.3950385878236,0.171368729372251,0.160304809658482,2024.59612544709,2024.60718936681,NA,Central,Central
1106,1107,0.00499600582711568,-123.698909071812,39.3950385878236,-123.599874899699,39.6286108538791,0.176364735199367,0.171368729372251,2024.60718936681,2024.61218537263,NA,Central,Central
1107,1108,0.00161980189791477,-123.599874899699,39.6286108538791,-123.653571358133,39.6108571798023,0.177984537097282,0.176364735199367,2024.61218537263,2024.61380517453,NA,Central,Central
683,685,0.0781669834715082,-119.447700796885,36.6948414635842,-119.551831350236,36.4582387094953,0.189933745542467,0.111766762070959,2024.5475873995,2024.62575438298,NA,Central,Pacific
1079,1080,0.021254075848151,-121.229480407405,38.5478563264159,-123.644359919342,45.3205832740053,0.192126350895846,0.170872275047695,2024.60669291248,2024.62794698833,NA,Central,Pacific
1108,1109,0.0147752468244218,-123.653571358133,39.6108571798023,-122.728257763364,38.1103505694487,0.192759783921704,0.177984537097282,2024.61380517453,2024.62858042136,NA,Central,Central
1106,1244,0.0215714183051912,-123.698909071812,39.3950385878236,-121.602782518439,39.9892380085142,0.192940147677443,0.171368729372251,2024.60718936681,2024.62876078511,NA,Central,Central
737,738,0.038926412264179,-116.198926024424,41.0885966069715,-117.806294741349,42.0234477352362,0.200918380992447,0.161991968728268,2024.59781260616,2024.63673901843,NA,Pacific,Pacific
1108,1230,0.0364425560204191,-123.653571358133,39.6108571798023,-120.155072070931,37.9441737312017,0.214427093117701,0.177984537097282,2024.61380517453,2024.65024773055,NA,Central,Central
1230,1236,0.000953763009023945,-120.155072070931,37.9441737312017,-120.168466266543,37.9223119711708,0.215380856126725,0.214427093117701,2024.65024773055,2024.65120149356,NA,Central,Central
1079,1100,0.0458969602398747,-121.229480407405,38.5478563264159,-121.352060627727,37.6575007120228,0.21676923528757,0.170872275047695,2024.60669291248,2024.65258987272,NA,Central,Central
1244,1245,0.0247415245485454,-121.602782518439,39.9892380085142,-122.351161389157,40.3902249399729,0.217681672225988,0.192940147677443,2024.62876078511,2024.65350230966,NA,Central,Central
1080,1081,0.026049548799882,-123.644359919342,45.3205832740053,-123.583868323649,45.2153498440356,0.218175899695728,0.192126350895846,2024.62794698833,2024.65399653713,NA,Pacific,Pacific
1245,1352,0.00113534213060884,-122.351161389157,40.3902249399729,-122.253468774629,40.9240785091275,0.218817014356597,0.217681672225988,2024.65350230966,2024.65463765179,NA,Central,Central
1107,1242,0.046224473694539,-123.599874899699,39.6286108538791,-123.133360917095,39.3808616633313,0.222589208893906,0.176364735199367,2024.61218537263,2024.65840984633,NA,Central,Central
1100,1101,0.00823144213075588,-121.352060627727,37.6575007120228,-121.538466383503,37.6358304482367,0.225000677418326,0.21676923528757,2024.65258987272,2024.66082131485,NA,Central,Central
1245,1246,0.00743525983056825,-122.351161389157,40.3902249399729,-123.108951378132,40.1063546101498,0.225116932056556,0.217681672225988,2024.65350230966,2024.66093756949,NA,Central,Central
1109,1226,0.0330646981550344,-122.728257763364,38.1103505694487,-120.04904425767,44.1288636129283,0.225824482076738,0.192759783921704,2024.62858042136,2024.66164511951,NA,Central,Pacific
685,723,0.0406744138281403,-119.551831350236,36.4582387094953,-121.219975977524,37.0639640874315,0.230608159370607,0.189933745542467,2024.62575438298,2024.6664287968,NA,Pacific,Pacific
685,686,0.0434489929656652,-119.551831350236,36.4582387094953,-123.708809770741,41.637627523523,0.233382738508132,0.189933745542467,2024.62575438298,2024.66920337594,NA,Pacific,Central
1077,1354,0.140462508788583,-120.566818720857,44.280321122758,-114.278981996473,34.5557619196694,0.235772528821553,0.0953100200329706,2024.53113065747,2024.67159316626,NA,Central,Pacific
1109,1110,0.04301467169046,-122.728257763364,38.1103505694487,-122.853726614146,40.5034770823777,0.235774455612164,0.192759783921704,2024.62858042136,2024.67159509305,NA,Central,Central
686,687,0.00258548293588623,-123.708809770741,41.637627523523,-123.84765788611,41.6968143726503,0.235968221444018,0.233382738508132,2024.66920337594,2024.67178885888,NA,Central,Central
737,743,0.0742078447984402,-116.198926024424,41.0885966069715,-116.379500107101,38.602513968599,0.236199813526708,0.161991968728268,2024.59781260616,2024.67202045096,NA,Pacific,Pacific
1110,1111,0.00251137256422784,-122.853726614146,40.5034770823777,-123.540918705637,42.712174136653,0.238285828176392,0.235774455612164,2024.67159509305,2024.67410646561,NA,Central,Central
743,744,0.00326396349914648,-116.379500107101,38.602513968599,-119.768276530593,38.7357523773235,0.239463777025854,0.236199813526708,2024.67202045096,2024.67528441446,NA,Pacific,Pacific
687,692,0.00426924458608124,-123.84765788611,41.6968143726503,-122.09173866523,39.9582968358535,0.240237466030099,0.235968221444018,2024.67178885888,2024.67605810346,NA,Central,Central
692,693,0.0013285274511976,-122.09173866523,39.9582968358535,-121.824667786843,40.0120210018798,0.241565993481297,0.240237466030099,2024.67605810346,2024.67738663092,NA,Central,Central
1101,1102,0.019009747840053,-121.538466383503,37.6358304482367,-122.235842930627,40.287192634098,0.244010425258379,0.225000677418326,2024.66082131485,2024.67983106269,NA,Central,Central
723,725,0.0164827549992601,-121.219975977524,37.0639640874315,-122.087272256399,38.273556384817,0.247090914369867,0.230608159370607,2024.6664287968,2024.6829115518,NA,Pacific,Pacific
725,726,0.000937850427982889,-122.087272256399,38.273556384817,-121.949112366916,38.3332259029777,0.24802876479785,0.247090914369867,2024.6829115518,2024.68384940223,NA,Pacific,Pacific
1081,1094,0.0323336574031787,-123.583868323649,45.2153498440356,-123.712610902749,45.2516647823154,0.250509557098907,0.218175899695728,2024.65399653713,2024.68633019453,NA,Pacific,Pacific
726,727,0.00336710749255675,-121.949112366916,38.3332259029777,-122.140329786339,37.8921854636698,0.251395872290407,0.24802876479785,2024.68384940223,2024.68721650972,NA,Pacific,Pacific
1246,1334,0.028472450452574,-123.108951378132,40.1063546101498,-120.660918141463,38.068580717217,0.25358938250913,0.225116932056556,2024.66093756949,2024.68941001994,NA,Central,Central
744,769,0.0151797299468253,-119.768276530593,38.7357523773235,-108.923259189713,40.3234442336399,0.25464350697268,0.239463777025854,2024.67528441446,2024.69046414441,NA,Pacific,Central
744,745,0.016002871815054,-119.768276530593,38.7357523773235,-119.816786595231,38.7066583771798,0.255466648840908,0.239463777025854,2024.67528441446,2024.69128728627,NA,Pacific,Pacific
738,740,0.0550902658760446,-117.806294741349,42.0234477352362,-112.298143211782,38.7925200559894,0.256008646868491,0.200918380992447,2024.63673901843,2024.6918292843,NA,Pacific,Pacific
743,1045,0.0218765725306929,-116.379500107101,38.602513968599,-116.282006248689,37.4615047074264,0.258076386057401,0.236199813526708,2024.67202045096,2024.69389702349,NA,Pacific,Pacific
687,688,0.0258960350590878,-123.84765788611,41.6968143726503,-123.85950816914,42.2980021919854,0.261864256503106,0.235968221444018,2024.67178885888,2024.69768489394,NA,Central,Central
1226,1229,0.0363409202602822,-120.04904425767,44.1288636129283,-116.344225219213,46.6283728152194,0.26216540233702,0.225824482076738,2024.66164511951,2024.69798603977,NA,Pacific,Pacific
769,770,0.00777857823672146,-108.923259189713,40.3234442336399,-105.933223048587,46.0955050537613,0.262422085209401,0.25464350697268,2024.69046414441,2024.69824272264,NA,Central,Mississippi
1081,1082,0.0475265340505233,-123.583868323649,45.2153498440356,-123.781170349774,45.0466554482308,0.265702433746252,0.218175899695728,2024.65399653713,2024.70152307118,NA,Pacific,Pacific
770,813,0.00471032452026665,-105.933223048587,46.0955050537613,-105.99305112546,47.6225924638232,0.267132409729668,0.262422085209401,2024.69824272264,2024.70295304716,NA,Mississippi,Mississippi
686,720,0.0344719231431732,-123.708809770741,41.637627523523,-122.038559636216,42.2659004916029,0.267854661651305,0.233382738508132,2024.66920337594,2024.70367529909,NA,Central,Central
1246,1247,0.0438776506643259,-123.108951378132,40.1063546101498,-110.608893970364,40.3751097951212,0.268994582720882,0.225116932056556,2024.66093756949,2024.70481522015,NA,Central,Mississippi
1082,1090,0.0034118301957109,-123.781170349774,45.0466554482308,-123.925701059835,45.0643481296962,0.269114263941963,0.265702433746252,2024.70152307118,2024.70493490138,NA,Pacific,Pacific
769,831,0.014786057532544,-108.923259189713,40.3234442336399,-109.219302380413,37.62223882658,0.269429564505224,0.25464350697268,2024.69046414441,2024.70525020194,NA,Central,Central
1045,1046,0.0123433244705895,-116.282006248689,37.4615047074264,-102.555854567144,31.1250308976228,0.27041971052799,0.258076386057401,2024.69389702349,2024.70624034796,NA,Pacific,Central
1247,1292,0.00155291656732204,-110.608893970364,40.3751097951212,-110.622808777613,40.2972487391669,0.270547499288204,0.268994582720882,2024.70481522015,2024.70636813672,NA,Mississippi,Mississippi
1094,1096,0.0203235314205765,-123.712610902749,45.2516647823154,-121.557282441333,43.5896048657506,0.270833088519484,0.250509557098907,2024.68633019453,2024.70665372595,NA,Pacific,Pacific
1292,1324,0.000679814839686266,-110.622808777613,40.2972487391669,-110.56478164137,40.5756580158283,0.27122731412789,0.270547499288204,2024.70636813672,2024.70704795156,NA,Mississippi,Mississippi
1090,1091,0.00348168744465838,-123.925701059835,45.0643481296962,-123.762477506983,45.2760879542061,0.272595951386621,0.269114263941963,2024.70493490138,2024.70841658882,NA,Pacific,Pacific
745,764,0.017663401196482,-119.816786595231,38.7066583771798,-122.297196213672,37.4182489873953,0.27313005003739,0.255466648840908,2024.69128728627,2024.70895068747,NA,Pacific,Central
1046,1072,0.00282632833415364,-102.555854567144,31.1250308976228,-102.103427241288,31.511401835695,0.273246038862144,0.27041971052799,2024.70624034796,2024.7090666763,NA,Central,Central
1236,1237,0.0582167128966915,-120.168466266543,37.9223119711708,-120.91875059473,41.5879866751431,0.273597569023416,0.215380856126725,2024.65120149356,2024.70941820646,NA,Central,Central
745,746,0.0181492998293631,-119.816786595231,38.7066583771798,-121.51434891109,39.8872717458184,0.273615948670271,0.255466648840908,2024.69128728627,2024.7094365861,NA,Pacific,Pacific
1080,1098,0.0818706050256297,-123.644359919342,45.3205832740053,-123.417436086492,44.566515736967,0.273996955921476,0.192126350895846,2024.62794698833,2024.70981759336,NA,Pacific,Pacific
813,816,0.00691804325170331,-105.99305112546,47.6225924638232,-106.875008719805,47.2510042155202,0.274050452981371,0.267132409729668,2024.70295304716,2024.70987109042,NA,Mississippi,Mississippi
1292,1293,0.00379012076642682,-110.622808777613,40.2972487391669,-109.395479635,39.4474565995155,0.274337620054631,0.270547499288204,2024.70636813672,2024.71015825749,NA,Mississippi,Mississippi
1082,1083,0.00865308199876447,-123.781170349774,45.0466554482308,-123.077729501254,42.9933314218713,0.274355515745016,0.265702433746252,2024.70152307118,2024.71017615318,NA,Pacific,Pacific
1111,1134,0.0362111993287173,-123.540918705637,42.712174136653,-104.002657775305,38.3506546163555,0.274497027505109,0.238285828176392,2024.67410646561,2024.71031766494,NA,Central,Atlantic
720,722,0.0067215987553626,-122.038559636216,42.2659004916029,-122.456403898731,42.4470081004673,0.274576260406668,0.267854661651305,2024.70367529909,2024.71039689784,NA,Central,Central
1247,1248,0.00561046612279803,-110.608893970364,40.3751097951212,-112.02609012848,44.6001332801257,0.27460504884368,0.268994582720882,2024.70481522015,2024.71042568628,NA,Mississippi,Mississippi
726,733,0.0267197122095646,-121.949112366916,38.3332259029777,-115.846397284812,33.1278755348411,0.274748477007415,0.24802876479785,2024.68384940223,2024.71056911444,NA,Pacific,Pacific
1293,1294,0.000544717919579885,-109.395479635,39.4474565995155,-109.302941436864,38.6417550845915,0.274882337974211,0.274337620054631,2024.71015825749,2024.71070297541,NA,Mississippi,Mississippi
770,771,0.0124858387049407,-105.933223048587,46.0955050537613,-106.245119195521,38.0225083225067,0.274907923914342,0.262422085209401,2024.69824272264,2024.71072856135,NA,Mississippi,Mississippi
1237,1238,0.00230096422521786,-120.91875059473,41.5879866751431,-120.751618476486,41.8080111094184,0.275898533248634,0.273597569023416,2024.70941820646,2024.71171917068,NA,Central,Central
1046,1047,0.00620749159623779,-102.555854567144,31.1250308976228,-102.705748151526,30.5880987228318,0.276627202124228,0.27041971052799,2024.70624034796,2024.71244783956,NA,Central,Central
683,684,0.164899442129447,-119.447700796885,36.6948414635842,-123.244968158112,40.5832955924195,0.276666204200406,0.111766762070959,2024.5475873995,2024.71248684163,NA,Central,Central
831,855,0.00787397246274013,-109.219302380413,37.62223882658,-113.573195083327,34.4931166681594,0.277303536967964,0.269429564505224,2024.70525020194,2024.7131241744,NA,Central,Central
727,728,0.0264631829481965,-122.140329786339,37.8921854636698,-124.138267073861,40.2632544905753,0.277859055238603,0.251395872290407,2024.68721650972,2024.71367969267,NA,Pacific,Pacific
1248,1262,0.00363015066899774,-112.02609012848,44.6001332801257,-110.957382612913,43.0446119726901,0.278235199512678,0.27460504884368,2024.71042568628,2024.71405583695,NA,Mississippi,Mississippi
1102,1103,0.0346522107272393,-122.235842930627,40.287192634098,-114.599236801765,44.7274925424626,0.278662635985618,0.244010425258379,2024.67983106269,2024.71448327342,NA,Central,Pacific
746,748,0.00508415909894944,-121.51434891109,39.8872717458184,-121.570193082539,39.9987156629535,0.278700107769221,0.273615948670271,2024.7094365861,2024.7145207452,NA,Pacific,Pacific
1226,1227,0.0528823881829543,-120.04904425767,44.1288636129283,-121.537350201788,39.0190304744684,0.278706870259692,0.225824482076738,2024.66164511951,2024.71452750769,NA,Pacific,Pacific
1230,1231,0.0646399064996663,-120.155072070931,37.9441737312017,-119.608238964163,38.4848149157947,0.279066999617367,0.214427093117701,2024.65024773055,2024.71488763705,NA,Central,Central
855,856,0.00225601015198484,-113.573195083327,34.4931166681594,-113.560107817546,34.4824223899165,0.279559547119949,0.277303536967964,2024.7131241744,2024.71538018455,NA,Central,Central
1111,1112,0.041487129407439,-123.540918705637,42.712174136653,-119.306459782211,42.1936754062519,0.279772957583831,0.238285828176392,2024.67410646561,2024.71559359502,NA,Central,Central
856,1040,0.000821359506952613,-113.560107817546,34.4824223899165,-112.108934307435,34.8051382466007,0.280380906626901,0.279559547119949,2024.71538018455,2024.71620154406,NA,Central,Central
1324,1325,0.00917627647568664,-110.56478164137,40.5756580158283,-109.697186630047,38.881835734406,0.280403590603577,0.27122731412789,2024.70704795156,2024.71622422804,NA,Mississippi,Mississippi
738,739,0.0795090955449476,-117.806294741349,42.0234477352362,-119.201510049093,44.6068820005547,0.280427476537394,0.200918380992447,2024.63673901843,2024.71624811397,NA,Pacific,Pacific
1047,1048,0.00422613440135877,-102.705748151526,30.5880987228318,-103.601687396066,31.322851351757,0.280853336525587,0.276627202124228,2024.71244783956,2024.71667397396,NA,Central,Central
1294,1311,0.00648893101722936,-109.302941436864,38.6417550845915,-109.311104489956,38.3965348102717,0.28137126899144,0.274882337974211,2024.71070297541,2024.71719190643,NA,Mississippi,Mississippi
816,817,0.00755939690449536,-106.875008719805,47.2510042155202,-106.113616472038,45.4710753312204,0.281609849885866,0.274050452981371,2024.70987109042,2024.71743048732,NA,Mississippi,Mississippi
727,729,0.0302791225483983,-122.140329786339,37.8921854636698,-122.552372818479,38.1317991455401,0.281674994838805,0.251395872290407,2024.68721650972,2024.71749563227,NA,Pacific,Pacific
1091,1092,0.0093669718670113,-123.762477506983,45.2760879542061,-121.793214321485,47.6329615595915,0.281962923253632,0.272595951386621,2024.70841658882,2024.71778356069,NA,Pacific,Pacific
1112,1113,0.00226019735171645,-119.306459782211,42.1936754062519,-119.311319328454,42.2051664027446,0.282033154935547,0.279772957583831,2024.71559359502,2024.71785379237,NA,Central,Central
856,857,0.00271474447038011,-113.560107817546,34.4824223899165,-112.803566764339,32.3854545977382,0.282274291590329,0.279559547119949,2024.71538018455,2024.71809492902,NA,Central,Central
1083,1084,0.00827381105458747,-123.077729501254,42.9933314218713,-120.40389589958,43.8623720512614,0.282629326799604,0.274355515745016,2024.71017615318,2024.71844996423,NA,Pacific,Pacific
1084,1085,0.00013550099471038,-120.40389589958,43.8623720512614,-120.550242289489,44.0987223786904,0.282764827794314,0.282629326799604,2024.71844996423,2024.71858546523,NA,Pacific,Pacific
748,757,0.00431209165673563,-121.570193082539,39.9987156629535,-121.447982752786,40.2232260172478,0.283012199425956,0.278700107769221,2024.7145207452,2024.71883283686,NA,Pacific,Pacific
1231,1235,0.00449564672000924,-119.608238964163,38.4848149157947,-120.551529376679,40.605798065533,0.283562646337377,0.279066999617367,2024.71488763705,2024.71938328377,NA,Central,Central
1048,1049,0.00295436501061941,-103.601687396066,31.322851351757,-104.047636210582,31.738270996287,0.283807701536206,0.280853336525587,2024.71667397396,2024.71962833897,NA,Central,Central
1262,1286,0.00576121462091428,-110.957382612913,43.0446119726901,-112.223144794542,43.3990065922457,0.283996414133592,0.278235199512678,2024.71405583695,2024.71981705157,NA,Mississippi,Mississippi
831,832,0.0146355897513391,-109.219302380413,37.62223882658,-98.9926406033518,37.8875364190312,0.284065154256563,0.269429564505224,2024.70525020194,2024.71988579169,NA,Central,Pacific
688,691,0.0222581787766467,-123.85950816914,42.2980021919854,-123.750214351106,42.3559181986817,0.284122435279753,0.261864256503106,2024.69768489394,2024.71994307271,NA,Central,Central
1083,1086,0.010859508624155,-123.077729501254,42.9933314218713,-123.681871737592,40.9051541550065,0.285215024369171,0.274355515745016,2024.71017615318,2024.7210356618,NA,Pacific,Pacific
757,758,0.00258587335172678,-121.447982752786,40.2232260172478,-122.592438861165,38.4189901235176,0.285598072777683,0.283012199425956,2024.71883283686,2024.72141871021,NA,Pacific,Pacific
1334,1335,0.0322514780463214,-120.660918141463,38.068580717217,-119.712955239828,43.8349983643444,0.285840860555452,0.25358938250913,2024.68941001994,2024.72166149799,NA,Central,Mississippi
1248,1249,0.0112869904581323,-112.02609012848,44.6001332801257,-112.201508197019,44.6174728518948,0.285892039301813,0.27460504884368,2024.71042568628,2024.72171267674,NA,Mississippi,Mississippi
1286,1287,0.00229607775677132,-112.223144794542,43.3990065922457,-112.896096348299,43.2900841520426,0.286292491890364,0.283996414133592,2024.71981705157,2024.72211312932,NA,Mississippi,Mississippi
832,833,0.00293206612172003,-98.9926406033518,37.8875364190312,-97.2767210660388,36.3124780879673,0.286997220378283,0.284065154256563,2024.71988579169,2024.72281785781,NA,Pacific,Pacific
1096,1097,0.0162344064390703,-121.557282441333,43.5896048657506,-117.082571182644,43.2092113410765,0.287067494958554,0.270833088519484,2024.70665372595,2024.72288813239,NA,Pacific,Central
758,759,0.00168870992906855,-122.592438861165,38.4189901235176,-122.592728334965,38.3263816972176,0.287286782706752,0.285598072777683,2024.72141871021,2024.72310742014,NA,Pacific,Pacific
833,843,0.000423534045758567,-97.2767210660388,36.3124780879673,-96.5974324866928,38.6507451206633,0.287420754424041,0.286997220378283,2024.72281785781,2024.72324139186,NA,Pacific,Pacific
1047,1058,0.0108535257496989,-102.705748151526,30.5880987228318,-101.537181996159,30.2607500880961,0.287480727873927,0.276627202124228,2024.71244783956,2024.72330136531,NA,Central,Central
1094,1095,0.0371429786481507,-123.712610902749,45.2516647823154,-120.990899376625,45.015822951836,0.287652535747058,0.250509557098907,2024.68633019453,2024.72347317318,NA,Pacific,Pacific
1311,1313,0.00628906131042473,-109.311104489956,38.3965348102717,-109.875393972027,36.4353743702916,0.287660330301865,0.28137126899144,2024.71719190643,2024.72348096774,NA,Mississippi,Mississippi
693,705,0.04611910972913,-121.824667786843,40.0120210018798,-120.054196113048,41.6359434282424,0.287685103210427,0.241565993481297,2024.67738663092,2024.72350574064,NA,Central,Central
759,760,0.000452361736813067,-122.592728334965,38.3263816972176,-122.645005636323,38.366273791917,0.287739144443565,0.287286782706752,2024.72310742014,2024.72355978188,NA,Pacific,Pacific
1335,1336,0.00192163325093131,-119.712955239828,43.8349983643444,-118.896670189954,44.6036265523005,0.287762493806383,0.285840860555452,2024.72166149799,2024.72358313124,NA,Mississippi,Mississippi
1058,1059,0.000363412465708812,-101.537181996159,30.2607500880961,-100.954575500459,30.6207816117959,0.287844140339636,0.287480727873927,2024.72330136531,2024.72366477777,NA,Central,Central
729,730,0.00634323528757297,-122.552372818479,38.1317991455401,-122.388401944059,38.4191391819775,0.288018230126378,0.281674994838805,2024.71749563227,2024.72383886756,NA,Pacific,Pacific
1336,1337,0.000285103885563132,-118.896670189954,44.6036265523005,-119.362175978851,44.8186301959347,0.288047597691946,0.287762493806383,2024.72358313124,2024.72386823513,NA,Mississippi,Mississippi
1262,1263,0.00983081318416179,-110.957382612913,43.0446119726901,-110.077243458673,43.4099406799591,0.28806601269684,0.278235199512678,2024.71405583695,2024.72388665013,NA,Mississippi,Mississippi
843,850,0.000738033118925507,-96.5974324866928,38.6507451206633,-96.8456470228318,38.2539572096024,0.288158787542967,0.287420754424041,2024.72324139186,2024.72397942498,NA,Pacific,Pacific
817,818,0.00662166455809343,-106.113616472038,45.4710753312204,-105.208441717315,45.6016546588024,0.28823151444396,0.281609849885866,2024.71743048732,2024.72405215188,NA,Mississippi,Mississippi
1335,1340,0.00239092183670331,-119.712955239828,43.8349983643444,-119.330461925534,44.7476518452582,0.288231782392155,0.285840860555452,2024.72166149799,2024.72405241983,NA,Mississippi,Mississippi
748,749,0.00966252242840682,-121.570193082539,39.9987156629535,-123.457258531856,46.7613233957777,0.288362630197628,0.278700107769221,2024.7145207452,2024.72418326763,NA,Pacific,Pacific
1049,1050,0.00458691396206112,-104.047636210582,31.738270996287,-104.584636374827,32.0022111572511,0.288394615498267,0.283807701536206,2024.71962833897,2024.72421525293,NA,Central,Central
1101,1104,0.0634391576242113,-121.538466383503,37.6358304482367,-120.256707923098,40.854285706904,0.288439835042537,0.225000677418326,2024.66082131485,2024.72426047248,NA,Central,Central
843,844,0.00116975872977654,-96.5974324866928,38.6507451206633,-95.3461654697121,39.2053069255313,0.288590513153818,0.287420754424041,2024.72324139186,2024.72441115059,NA,Pacific,Pacific
813,814,0.0217007874358708,-105.99305112546,47.6225924638232,-102.542810035207,43.7714816678448,0.288833197165538,0.267132409729668,2024.70295304716,2024.7246538346,NA,Mississippi,Central
1263,1270,0.000796143233507518,-110.077243458673,43.4099406799591,-110.093063512776,43.5596260575434,0.288862155930347,0.28806601269684,2024.72388665013,2024.72468279336,NA,Mississippi,Mississippi
1242,1243,0.0664622280615246,-123.133360917095,39.3808616633313,-123.397145332669,39.2414950124059,0.289051436955431,0.222589208893906,2024.65840984633,2024.72487207439,NA,Central,Central
816,821,0.0150353615606593,-106.875008719805,47.2510042155202,-95.6849293898245,38.8949445464513,0.28908581454203,0.274050452981371,2024.70987109042,2024.72490645198,NA,Mississippi,Central
1270,1274,0.000532670074771424,-110.093063512776,43.5596260575434,-109.551802886077,42.6475868558512,0.289394826005119,0.288862155930347,2024.72468279336,2024.72521546344,NA,Mississippi,Mississippi
1113,1114,0.00746966508243685,-119.311319328454,42.2051664027446,-119.710094795661,43.140819646893,0.289502820017984,0.282033154935547,2024.71785379237,2024.72532345745,NA,Central,Central
1112,1121,0.00977775470756614,-119.306459782211,42.1936754062519,-119.955186682283,43.440918865572,0.289550712291397,0.279772957583831,2024.71559359502,2024.72537134973,NA,Central,Central
725,735,0.0424678141589636,-122.087272256399,38.273556384817,-121.389462795835,37.0149026266589,0.289558728528831,0.247090914369867,2024.6829115518,2024.72537936596,NA,Pacific,Central
1161,1166,0.00075101427030444,-70.6514813950072,41.9215515247647,-70.6975339514791,41.9447718553912,0.289573442700892,0.288822428430587,2024.72464306586,2024.72539408013,NA,Atlantic,Atlantic
857,858,0.0073277083841008,-112.803566764339,32.3854545977382,-111.396393462414,31.94782019462,0.289601999974429,0.282274291590329,2024.71809492902,2024.72542263741,NA,Central,Central
760,761,0.00188362911473083,-122.645005636323,38.366273791917,-121.699213037731,38.1348371803174,0.289622773558296,0.287739144443565,2024.72355978188,2024.72544341099,NA,Pacific,Pacific
1048,1056,0.00883813728774996,-103.601687396066,31.322851351757,-102.471390682017,30.6484659758993,0.289691473813337,0.280853336525587,2024.71667397396,2024.72551211125,NA,Central,Central
1249,1250,0.00395092648425299,-112.201508197019,44.6174728518948,-112.617547398704,43.9502796468843,0.289842965786065,0.285892039301813,2024.72171267674,2024.72566360322,NA,Mississippi,Mississippi
1098,1099,0.0161387321167956,-123.417436086492,44.566515736967,-120.313527459675,42.6595367613831,0.290135688038272,0.273996955921476,2024.70981759336,2024.72595632547,NA,Pacific,Pacific
814,815,0.00130681084020745,-102.542810035207,43.7714816678448,-103.762113187778,43.8563751906648,0.290140008005746,0.288833197165538,2024.7246538346,2024.72596064544,NA,Central,Central
692,711,0.0501144918082534,-122.09173866523,39.9582968358535,-120.254698313849,36.1568950949631,0.290351957838353,0.240237466030099,2024.67605810346,2024.72617259527,NA,Central,Mississippi
760,763,0.00312680123209486,-122.645005636323,38.366273791917,-122.40208997364,38.1821760158518,0.29086594567566,0.287739144443565,2024.72355978188,2024.72668658311,NA,Pacific,Pacific
821,826,0.00219799260216114,-95.6849293898245,38.8949445464513,-97.103533428577,40.0750941069159,0.291283807144191,0.28908581454203,2024.72490645198,2024.72710444458,NA,Central,Central
1166,1167,0.00209053203643883,-70.6975339514791,41.9447718553912,-71.4062734524346,42.2867782586431,0.291663974737331,0.289573442700892,2024.72539408013,2024.72748461217,NA,Atlantic,Atlantic
711,712,0.00177813668132987,-120.254698313849,36.1568950949631,-118.968446295822,35.8713332394161,0.292130094519683,0.290351957838353,2024.72617259527,2024.72795073195,NA,Mississippi,Mississippi
740,742,0.0365100922849804,-112.298143211782,38.7925200559894,-115.54079735001,33.8563584726832,0.292518739153472,0.256008646868491,2024.6918292843,2024.72833937659,NA,Pacific,Pacific
1045,1074,0.0344927450693564,-116.282006248689,37.4615047074264,-117.622352277442,37.2070691480872,0.292569131126757,0.258076386057401,2024.69389702349,2024.72838976856,NA,Pacific,Pacific
1167,1168,0.000930646963767989,-71.4062734524346,42.2867782586431,-71.0628633338299,42.431584474034,0.292594621701099,0.291663974737331,2024.72748461217,2024.72841525914,NA,Atlantic,Atlantic
1231,1232,0.0135743080425743,-119.608238964163,38.4848149157947,-120.881032534055,39.365532555463,0.292641307659942,0.279066999617367,2024.71488763705,2024.72846194509,NA,Central,Central
1059,1067,0.00503716969813461,-100.954575500459,30.6207816117959,-100.937079831789,29.8513581449193,0.29288131003777,0.287844140339636,2024.72366477777,2024.72870194747,NA,Central,Central
832,852,0.00900185204883375,-98.9926406033518,37.8875364190312,-99.0450366801052,37.6606853948709,0.293067006305396,0.284065154256563,2024.71988579169,2024.72888764374,NA,Pacific,Pacific
1167,1190,0.00550019246026334,-71.4062734524346,42.2867782586431,-71.3238457121586,42.0079081073739,0.297164167197594,0.291663974737331,2024.72748461217,2024.73298480463,NA,Atlantic,Atlantic
749,753,0.00926623460466947,-123.457258531856,46.7613233957777,-123.529371409735,46.5073598255949,0.297628864802297,0.288362630197628,2024.72418326763,2024.73344950224,NA,Pacific,Pacific
705,706,0.0101687522683953,-120.054196113048,41.6359434282424,-120.12414616909,42.4685028450515,0.297853855478822,0.287685103210427,2024.72350574064,2024.73367449291,NA,Central,Central
1114,1115,0.00961831237465871,-119.710094795661,43.140819646893,-121.537591288656,43.9645681460767,0.299121132392643,0.289502820017984,2024.72532345745,2024.73494176983,NA,Central,Central
746,747,0.028425924522131,-121.51434891109,39.8872717458184,-121.312056397474,39.503085202125,0.302041873192402,0.273615948670271,2024.7094365861,2024.73786251063,NA,Pacific,Pacific
712,715,0.0109513493070541,-118.968446295822,35.8713332394161,-118.889049186396,37.3477345450653,0.303081443826737,0.292130094519683,2024.72795073195,2024.73890208126,NA,Mississippi,Mississippi
1274,1275,0.0154679329889997,-109.551802886077,42.6475868558512,-109.581563319301,43.9998582507322,0.304862758994118,0.289394826005119,2024.72521546344,2024.74068339643,NA,Mississippi,Mississippi
1168,1169,0.0122885960665695,-71.0628633338299,42.431584474034,-70.8973473722605,42.7302215417963,0.304883217767668,0.292594621701099,2024.72841525914,2024.7407038552,NA,Atlantic,Atlantic
1190,1191,0.0103352428664039,-71.3238457121586,42.0079081073739,-72.5057107692484,41.4000164837983,0.307499410063998,0.297164167197594,2024.73298480463,2024.7433200475,NA,Atlantic,Atlantic
1325,1326,0.0278004659849111,-109.697186630047,38.881835734406,-109.041447551774,35.6567375538164,0.308204056588488,0.280403590603577,2024.71622422804,2024.74402469402,NA,Mississippi,Mississippi
1050,1053,0.0198949402217845,-104.584636374827,32.0022111572511,-103.299161080816,31.5419963380174,0.308289555720052,0.288394615498267,2024.72421525293,2024.74411019315,NA,Central,Central
1100,1105,0.0916728480603515,-121.352060627727,37.6575007120228,-119.358841729174,36.1878299407675,0.308442083347922,0.21676923528757,2024.65258987272,2024.74426272078,NA,Central,Pacific
1294,1295,0.0338681437896464,-109.302941436864,38.6417550845915,-109.533183185204,38.0499492089641,0.308750481763857,0.274882337974211,2024.71070297541,2024.7445711192,NA,Mississippi,Mississippi
1340,1341,0.0209726060203146,-119.330461925534,44.7476518452582,-118.714846265854,48.4916874083077,0.30920438841247,0.288231782392155,2024.72405241983,2024.74502502585,NA,Mississippi,Mississippi
764,765,0.0373770426175566,-122.297196213672,37.4182489873953,-122.003095849825,37.4083183774104,0.310507092654947,0.27313005003739,2024.70895068747,2024.74632773009,NA,Central,Central
1275,1281,0.00574846000645257,-109.581563319301,43.9998582507322,-109.399985837706,44.0763947534037,0.310611219000571,0.304862758994118,2024.74068339643,2024.74643185643,NA,Mississippi,Mississippi
826,827,0.0194311318619385,-97.103533428577,40.0750941069159,-99.4867014444514,37.100876894545,0.31071493900613,0.291283807144191,2024.72710444458,2024.74653557644,NA,Central,Pacific
855,1042,0.0338058004182646,-113.573195083327,34.4931166681594,-115.771339497969,36.7331682772242,0.311109337386228,0.277303536967964,2024.7131241744,2024.74692997482,NA,Central,Central
1337,1338,0.0239082068814931,-119.362175978851,44.8186301959347,-118.992112093413,44.884870487983,0.311955804573439,0.288047597691946,2024.72386823513,2024.74777644201,NA,Mississippi,Mississippi
833,834,0.025883268006232,-97.2767210660388,36.3124780879673,-98.0562366143847,38.6156970410621,0.312880488384515,0.286997220378283,2024.72281785781,2024.74870112582,NA,Pacific,Pacific
1137,1144,0.0242301290790821,-70.2117577830638,41.7443694388315,-72.2952753631546,44.484243867486,0.313059511372414,0.288829382293331,2024.72465001973,2024.74888014881,NA,Atlantic,Atlantic
1281,1282,0.00259348648591895,-109.399985837706,44.0763947534037,-109.27329532739,44.0280904920264,0.31320470548649,0.310611219000571,2024.74643185643,2024.74902534292,NA,Mississippi,Mississippi
1324,1329,0.0431093914030272,-110.56478164137,40.5756580158283,-113.029491399527,39.661407677466,0.314336705530918,0.27122731412789,2024.70704795156,2024.75015734296,NA,Mississippi,Mississippi
1270,1271,0.0257779039568087,-110.093063512776,43.5596260575434,-108.323981097385,46.0814183792322,0.314640059887156,0.288862155930347,2024.72468279336,2024.75046069732,NA,Mississippi,Mississippi
715,716,0.011833818927298,-118.889049186396,37.3477345450653,-116.616589019042,37.1163219763652,0.314915262754035,0.303081443826737,2024.73890208126,2024.75073590019,NA,Mississippi,Mississippi
1086,1087,0.0316095447617215,-123.681871737592,40.9051541550065,-122.639045638106,42.7390230539734,0.316824569130893,0.285215024369171,2024.7210356618,2024.75264520656,NA,Pacific,Pacific
827,828,0.00641769831239269,-99.4867014444514,37.100876894545,-99.3543739799335,37.0737179103955,0.317132637318523,0.31071493900613,2024.74653557644,2024.75295327475,NA,Pacific,Pacific
729,731,0.035900928727244,-122.552372818479,38.1317991455401,-117.644871769951,40.2851099402792,0.317575923566049,0.281674994838805,2024.71749563227,2024.753396561,NA,Pacific,Pacific
771,772,0.0427808329095338,-106.245119195521,38.0225083225067,-106.224676491795,37.9558345225722,0.317688756823876,0.274907923914342,2024.71072856135,2024.75350939426,NA,Mississippi,Mississippi
688,689,0.0563133550486952,-123.85950816914,42.2980021919854,-117.273418640886,47.1874513315275,0.318177611551801,0.261864256503106,2024.69768489394,2024.75399824899,NA,Central,Mississippi
1042,1043,0.00764863256707371,-115.771339497969,36.7331682772242,-116.12000665951,40.0629385097005,0.318757969953302,0.311109337386228,2024.74692997482,2024.75457860739,NA,Central,Central
1092,1093,0.0370453901266581,-121.793214321485,47.6329615595915,-118.897443769276,45.1474852702792,0.31900831338029,0.281962923253632,2024.71778356069,2024.75482895081,NA,Pacific,Pacific
1110,1214,0.0842496249440019,-122.853726614146,40.5034770823777,-117.774953704448,41.8854632351347,0.320024080556166,0.235774455612164,2024.67159509305,2024.75584471799,NA,Central,Central
693,694,0.0794645299980079,-121.824667786843,40.0120210018798,-121.840989504455,40.0901325379624,0.321030523479305,0.241565993481297,2024.67738663092,2024.75685116091,NA,Central,Central
1238,1240,0.0451878177580938,-120.751618476486,41.8080111094184,-120.00791244377,40.4931847340567,0.321086351006728,0.275898533248634,2024.71171917068,2024.75690698844,NA,Central,Central
1341,1343,0.0121017670623977,-118.714846265854,48.4916874083077,-118.624467646421,47.4332016714657,0.321306155474867,0.30920438841247,2024.74502502585,2024.75712679291,NA,Mississippi,Mississippi
1337,1339,0.0344479210451127,-119.362175978851,44.8186301959347,-120.500139430126,42.7838847432922,0.322495518737059,0.288047597691946,2024.72386823513,2024.75831615617,NA,Mississippi,Mississippi
1161,1162,0.033730681136128,-70.6514813950072,41.9215515247647,-71.2051703541798,41.7999368644267,0.322553109566715,0.288822428430587,2024.72464306586,2024.758373747,NA,Atlantic,Atlantic
689,690,0.00515787105047139,-117.273418640886,47.1874513315275,-117.658751535541,47.6324414644597,0.323335482602273,0.318177611551801,2024.75399824899,2024.75915612004,NA,Mississippi,Central
1341,1342,0.0142540472271089,-118.714846265854,48.4916874083077,-121.673922721004,47.7383515613026,0.323458435639578,0.30920438841247,2024.74502502585,2024.75927907307,NA,Mississippi,Mississippi
1287,1288,0.0382365619404277,-112.896096348299,43.2900841520426,-114.613867632018,41.8740736433833,0.324529053830791,0.286292491890364,2024.72211312932,2024.76034969126,NA,Mississippi,Mississippi
1227,1228,0.0464393132677929,-121.537350201788,39.0190304744684,-120.095810562713,40.1963419040646,0.325146183527485,0.278706870259692,2024.71452750769,2024.76096682096,NA,Pacific,Pacific
1043,1044,0.00648501305459126,-116.12000665951,40.0629385097005,-115.594249417951,35.6844762261948,0.325242983007893,0.318757969953302,2024.75457860739,2024.76106362044,NA,Central,Pacific
761,762,0.0356792533273702,-121.699213037731,38.1348371803174,-121.479253099411,38.0090537895065,0.325302026885666,0.289622773558296,2024.72544341099,2024.76112266432,NA,Pacific,Pacific
1040,1041,0.0457946383747525,-112.108934307435,34.8051382466007,-119.432425730628,38.5195038105001,0.326175545001654,0.280380906626901,2024.71620154406,2024.76199618244,NA,Central,Central
1074,1075,0.0338135736082252,-117.622352277442,37.2070691480872,-117.674173187147,37.151528725224,0.326382704734982,0.292569131126757,2024.72838976856,2024.76220334217,NA,Pacific,Pacific
1313,1322,0.0389019470811409,-109.875393972027,36.4353743702916,-109.208718172569,39.6003558503701,0.326562277383006,0.287660330301865,2024.72348096774,2024.76238291482,NA,Mississippi,Mississippi
712,713,0.0344754224472859,-118.968446295822,35.8713332394161,-117.967160668137,35.5431058560547,0.326605516966969,0.292130094519683,2024.72795073195,2024.7624261544,NA,Mississippi,Mississippi
1275,1276,0.0220578982735917,-109.581563319301,43.9998582507322,-109.239810453196,44.1004050463182,0.32692065726771,0.304862758994118,2024.74068339643,2024.7627412947,NA,Mississippi,Mississippi
1072,1073,0.0537585071853512,-102.103427241288,31.511401835695,-104.690537071176,33.0632084128743,0.327004546047495,0.273246038862144,2024.7090666763,2024.76282518348,NA,Central,Central
772,804,0.00974974387749628,-106.224676491795,37.9558345225722,-104.996846959521,37.4348733227084,0.327438500701372,0.317688756823876,2024.75350939426,2024.76325913814,NA,Mississippi,Mississippi
753,754,0.0299482258538288,-123.529371409735,46.5073598255949,-124.087946751886,43.5855531815683,0.327577090656126,0.297628864802297,2024.73344950224,2024.76339772809,NA,Pacific,Pacific
1191,1192,0.0213063469635426,-72.5057107692484,41.4000164837983,-71.1026517879634,41.6575698272202,0.32880575702754,0.307499410063998,2024.7433200475,2024.76462639446,NA,Atlantic,Atlantic
1087,1089,0.0119870496788994,-122.639045638106,42.7390230539734,-117.438244601213,41.575346990265,0.328811618809792,0.316824569130893,2024.75264520656,2024.76463225624,NA,Pacific,Pacific
1050,1051,0.0409300116901781,-104.584636374827,32.0022111572511,-104.952399298627,35.0659996079112,0.329324627188445,0.288394615498267,2024.72421525293,2024.76514526462,NA,Central,Central
1276,1277,0.00417129079956369,-109.239810453196,44.1004050463182,-109.262233946232,43.690408176523,0.331091948067274,0.32692065726771,2024.7627412947,2024.7669125855,NA,Mississippi,Mississippi
1343,1344,0.00980836775028893,-118.624467646421,47.4332016714657,-119.980225949643,48.9512054144948,0.331114523225156,0.321306155474867,2024.75712679291,2024.76693516066,NA,Mississippi,Mississippi
772,773,0.0135068412383237,-106.224676491795,37.9558345225722,-108.414671543743,39.1049677938554,0.331195598062199,0.317688756823876,2024.75350939426,2024.7670162355,NA,Mississippi,Mississippi
706,707,0.0348373656193828,-120.12414616909,42.4685028450515,-123.618760127565,43.7890901925973,0.332691221098205,0.297853855478822,2024.73367449291,2024.76851185853,NA,Central,Mississippi
754,755,0.00796977883734096,-124.087946751886,43.5855531815683,-122.198170414289,41.1332023858064,0.335546869493467,0.327577090656126,2024.76339772809,2024.77136750693,NA,Pacific,Pacific
694,696,0.0157778770165933,-121.840989504455,40.0901325379624,-122.095964853175,42.6156159164876,0.336808400495898,0.321030523479305,2024.75685116091,2024.77262903793,NA,Central,Central
1329,1330,0.0227115571183572,-113.029491399527,39.661407677466,-113.542730621392,40.4596612836473,0.337048262649275,0.314336705530918,2024.75015734296,2024.77286890008,NA,Mississippi,Mississippi
1115,1116,0.0384833889176863,-121.537591288656,43.9645681460767,-109.919551730868,44.4418200930259,0.337604521310329,0.299121132392643,2024.73494176983,2024.77342515874,NA,Central,Pacific
715,718,0.034668315794411,-118.889049186396,37.3477345450653,-117.276885294096,35.1686587383792,0.337749759621148,0.303081443826737,2024.73890208126,2024.77357039706,NA,Mississippi,Central
834,835,0.0260407236211466,-98.0562366143847,38.6156970410621,-98.3318623735608,39.0814825485782,0.338921212005661,0.312880488384515,2024.74870112582,2024.77474184944,NA,Pacific,Pacific
844,845,0.0504869608814484,-95.3461654697121,39.2053069255313,-97.1917128965134,39.0260557074306,0.339077474035266,0.288590513153818,2024.72441115059,2024.77489811147,NA,Pacific,Pacific
858,859,0.0497184884430246,-111.396393462414,31.94782019462,-109.167051483706,34.3841219077992,0.339320488417454,0.289601999974429,2024.72542263741,2024.77514112585,NA,Central,Central
723,724,0.111317200966146,-121.219975977524,37.0639640874315,-103.53941454359,43.6712049386945,0.341925360336753,0.230608159370607,2024.6664287968,2024.77774599777,NA,Pacific,Mississippi
1271,1272,0.0273471952905591,-108.323981097385,46.0814183792322,-111.026506858571,41.7058867419221,0.341987255177715,0.314640059887156,2024.75046069732,2024.77780789261,NA,Mississippi,Mississippi
1229,4,0.0807024848190312,-116.344225219213,46.6283728152194,-118.357512248827,41.9631187495603,0.342867887156052,0.26216540233702,2024.69798603977,2024.77868852459,SRR34491317|A/mallard/NV/24-030919-002/2024|H5N1|USA-NV|Churchill|2024-10-12|wild_avian|D1.1,Pacific,Pacific
1343,1348,0.0216405862092555,-118.624467646421,47.4332016714657,-117.296725298831,42.8266873519019,0.342946741684123,0.321306155474867,2024.75712679291,2024.77876737912,NA,Mississippi,Mississippi
1277,1278,0.0120821245463776,-109.262233946232,43.690408176523,-111.539891557844,47.3710947026039,0.343174072613651,0.331091948067274,2024.7669125855,2024.77899471005,NA,Mississippi,Atlantic
1263,1264,0.0563556623351962,-110.077243458673,43.4099406799591,-107.666265970727,42.2220232263766,0.344421675032036,0.28806601269684,2024.72388665013,2024.78024231247,NA,Mississippi,Mississippi
765,766,0.0345672627539608,-122.003095849825,37.4083183774104,-103.37671291114,38.6267065487878,0.345074355408908,0.310507092654947,2024.74632773009,2024.78089499284,NA,Central,Mississippi
694,695,0.0241940332991673,-121.840989504455,40.0901325379624,-121.383007963654,39.6109996246989,0.345224556778472,0.321030523479305,2024.75685116091,2024.78104519421,NA,Central,Central
1067,1068,0.0525988721755866,-100.937079831789,29.8513581449193,-110.353195176882,31.7716867085377,0.345480182213357,0.29288131003777,2024.72870194747,2024.78130081965,NA,Central,Mississippi
1075,1076,0.0192176559445378,-117.674173187147,37.151528725224,-119.689877066004,36.6611264200334,0.34560036067952,0.326382704734982,2024.76220334217,2024.78142099811,NA,Pacific,Pacific
1214,1225,0.0283391585132668,-117.774953704448,41.8854632351347,-117.286317600305,42.4591039128195,0.348363239069432,0.320024080556166,2024.75584471799,2024.7841838765,NA,Central,Central
1051,1052,0.0216872028436423,-104.952399298627,35.0659996079112,-106.501092324781,34.5629359399583,0.351011830032088,0.329324627188445,2024.76514526462,2024.78683246747,NA,Central,Central
1086,252,0.0658495840984863,-123.681871737592,40.9051541550065,-116.836112839725,47.7852184049382,0.351064608467657,0.285215024369171,2024.7210356618,2024.7868852459,SRR34491564|A/northern_pintail/WA/24-030720-008/2024|H5N1|USA-WA|Grant|2024-10-15|wild_avian|D1.1,Pacific,Pacific
1354,1355,0.117918153117178,-114.278981996473,34.5557619196694,-107.716178766677,34.2497354384546,0.353690681938732,0.235772528821553,2024.67159316626,2024.78951131937,NA,Pacific,Pacific
1278,1279,0.0141434611925204,-111.539891557844,47.3710947026039,-111.985964656742,47.1712057078748,0.357317533806172,0.343174072613651,2024.77899471005,2024.79313817124,NA,Atlantic,Atlantic
1250,1252,0.0704234316358636,-112.617547398704,43.9502796468843,-113.4037255322,43.3897183551823,0.360266397421929,0.289842965786065,2024.72566360322,2024.79608703486,NA,Mississippi,Mississippi
1330,1331,0.0241221019916209,-113.542730621392,40.4596612836473,-110.595665595814,43.0253630995021,0.361170364640896,0.337048262649275,2024.77286890008,2024.79699100207,NA,Mississippi,Mississippi
1103,241,0.0833309342305437,-114.599236801765,44.7274925424626,-119.155535146149,40.1710921954135,0.361993570216162,0.278662635985618,2024.71448327342,2024.79781420765,SRR34491467|A/mallard/WA/24-031817-001/2024|H5N1|USA-WA|Grant|2024-10-19|wild_avian|D1.1,Pacific,Pacific
765,615,0.0514864775612152,-122.003095849825,37.4083183774104,-114.056545049039,48.8954744690005,0.361993570216162,0.310507092654947,2024.74632773009,2024.79781420765,SRR34491407|A/american_white_pelican/CA/24-031867-001/2024|H5N1|USA-CA|San_Diego|2024-10-19|wild_avian|D1.1,Central,Pacific
762,558,0.0366915433304962,-121.479253099411,38.0090537895065,-120.80670305185,40.2400963716622,0.361993570216162,0.325302026885666,2024.76112266432,2024.79781420765,SRR36628568|A/green_winged_teal/MT/24-031811-004/2024|H5N1|USA-MT|Broadwater|2024-10-19|wild_avian|D1.1,Pacific,Pacific
720,721,0.0960026938113001,-122.038559636216,42.2659004916029,-122.144979637336,43.1791913330633,0.363857355462605,0.267854661651305,2024.70367529909,2024.7996779929,NA,Central,Central
713,714,0.0384773706206423,-117.967160668137,35.5431058560547,-121.656529619023,39.7675693246624,0.365082887587611,0.326605516966969,2024.7624261544,2024.80090352502,NA,Mississippi,Central
1344,1345,0.0347331214697923,-119.980225949643,48.9512054144948,-117.363644137335,48.6214319942979,0.365847644694949,0.331114523225156,2024.76693516066,2024.80166828213,NA,Mississippi,Mississippi
742,285,0.0749393119371702,-115.54079735001,33.8563584726832,-113.516992112585,33.7072939919691,0.367458051090642,0.292518739153472,2024.72833937659,2024.80327868852,SRR34491396|A/cackling_goose/OR/24-031821-001/2024|H5N1|USA-OR|Marion|2024-10-21|wild_avian|D1.1,Pacific,Pacific
1252,1254,0.00833476310162107,-113.4037255322,43.3897183551823,-106.469672278036,41.0030529515613,0.36860116052355,0.360266397421929,2024.79608703486,2024.80442179796,NA,Mississippi,Mississippi
1322,1323,0.0424178632862984,-109.208718172569,39.6003558503701,-108.601038426737,41.526959065199,0.368980140669304,0.326562277383006,2024.76238291482,2024.8048007781,NA,Mississippi,Mississippi
747,588,0.0681484183353656,-121.312056397474,39.503085202125,-113.945415918743,48.2530859251105,0.370190291527768,0.302041873192402,2024.73786251063,2024.80601092896,SRR34491351|A/canada_goose/OR/24-033934-001/2024|H5N1|USA-OR|Lincoln|2024-10-22|wild_avian|D1.1,Pacific,Pacific
705,708,0.0855736583298239,-120.054196113048,41.6359434282424,-123.60716324953,40.8089064061045,0.373258761540251,0.287685103210427,2024.72350574064,2024.80907939897,NA,Central,Mississippi
766,767,0.0303547463910228,-103.37671291114,38.6267065487878,-102.686791031179,38.8077680765623,0.37542910179993,0.345074355408908,2024.78089499284,2024.81124973923,NA,Mississippi,Mississippi
1084,249,0.0930254456024167,-120.40389589958,43.8623720512614,-102.675254900069,32.3632870847489,0.37565477240202,0.282629326799604,2024.71844996423,2024.81147540984,SRR34491527|A/american_coot/MN/24-032215-004/2024|H5N1|USA-MN|Itasca|2024-10-24|wild_avian|D1.1,Pacific,Mississippi
1085,250,0.0928899446077063,-120.550242289489,44.0987223786904,-100.668675879891,37.7999268510713,0.37565477240202,0.282764827794314,2024.71858546523,2024.81147540984,SRR34491441|A/american_coot/MN/24-032215-006/2024|H5N1|USA-MN|Itasca|2024-10-24|wild_avian|D1.1,Pacific,Mississippi
1190,1198,0.0807903256903801,-71.3238457121586,42.0079081073739,-72.2363461641056,41.6922880247884,0.377954492887974,0.297164167197594,2024.73298480463,2024.81377513032,NA,Atlantic,Atlantic
1087,1088,0.0612872658948862,-122.639045638106,42.7390230539734,-119.561647177741,41.5586700852438,0.378111835025779,0.316824569130893,2024.75264520656,2024.81393247246,NA,Pacific,Pacific
1067,1070,0.0870373158479778,-100.937079831789,29.8513581449193,-95.6267425723351,39.9326860547098,0.379918625885748,0.29288131003777,2024.72870194747,2024.81573926332,NA,Central,Mississippi
850,851,0.0929557633900115,-96.8456470228318,38.2539572096024,-70.3324652690819,45.1717914048098,0.381114550932978,0.288158787542967,2024.72397942498,2024.81693518837,NA,Pacific,Atlantic
728,676,0.103260198037669,-124.138267073861,40.2632544905753,-112.982960147596,41.5137516096272,0.381119253276273,0.277859055238603,2024.71367969267,2024.81693989071,SRR36617365|A/mallard_duck/CA/24-032544-016/2024|H5N1|USA-CA|Yolo|2024-10-26|wild_avian|D1.1,Pacific,Pacific
1169,1170,0.0763451022457078,-70.8973473722605,42.7302215417963,-71.1510570229007,42.3059138621903,0.381228320013376,0.304883217767668,2024.7407038552,2024.81704895745,NA,Atlantic,Atlantic
755,756,0.0461347646030317,-122.198170414289,41.1332023858064,-123.031462259617,41.4964523400787,0.381681634096499,0.335546869493467,2024.77136750693,2024.81750227153,NA,Pacific,Pacific
696,697,0.0468405291499003,-122.095964853175,42.6156159164876,-121.65607762886,47.8324916674234,0.383648929645799,0.336808400495898,2024.77262903793,2024.81946956708,NA,Central,Central
716,717,0.069473110787559,-116.616589019042,37.1163219763652,-115.463360987575,39.0096388886956,0.384388373541594,0.314915262754035,2024.75073590019,2024.82020901098,NA,Mississippi,Mississippi
1204,1205,0.0558277984107471,-75.020125963496,42.4964878548974,-77.3716132961844,43.1500290727843,0.385574168473018,0.329746370062271,2024.7655670075,2024.82139480591,NA,Atlantic,Atlantic
1121,1122,0.0978633703340939,-119.955186682283,43.440918865572,-96.9653556118431,46.2615343790847,0.387414082625491,0.289550712291397,2024.72537134973,2024.82323472006,NA,Central,Atlantic
708,709,0.0145706558248897,-123.60716324953,40.8089064061045,-123.801181351181,40.1534532185415,0.387829417365141,0.373258761540251,2024.80907939897,2024.8236500548,NA,Mississippi,Mississippi
1348,1349,0.0451346281937071,-117.296725298831,42.8266873519019,-112.684116921664,43.9061695614185,0.38808136987783,0.342946741684123,2024.77876737912,2024.82390200731,NA,Mississippi,Mississippi
767,768,0.0137072589391229,-102.686791031179,38.8077680765623,-105.227399168149,35.9933114812975,0.389136360739053,0.37542910179993,2024.81124973923,2024.82495699817,NA,Mississippi,Mississippi
1170,1175,0.00809686183897917,-71.1510570229007,42.3059138621903,-71.1829328665711,42.3492001972962,0.389325181852355,0.381228320013376,2024.81704895745,2024.82514581929,NA,Atlantic,Atlantic
1085,251,0.109283387230691,-120.550242289489,44.0987223786904,-119.356555502394,45.6833258320282,0.392048215025005,0.282764827794314,2024.71858546523,2024.82786885246,SRR34491342|A/bald_eagle/MT/24-033248-001/2024|H5N1|USA-MT|Flathead|2024-10-30|wild_avian|D1.1,Pacific,Pacific
1349,1350,0.00523883128329694,-112.684116921664,43.9061695614185,-112.494975645743,43.893667004458,0.393320201161127,0.38808136987783,2024.82390200731,2024.8291408386,NA,Mississippi,Mississippi
1114,1120,0.107028901815649,-119.710094795661,43.140819646893,-119.153253989038,44.8478211289828,0.396531721833633,0.289502820017984,2024.72532345745,2024.83235235927,NA,Central,Central
1170,1171,0.015989370999606,-71.1510570229007,42.3059138621903,-71.1716153860236,42.203837297701,0.397217691012982,0.381228320013376,2024.81704895745,2024.83303832845,NA,Atlantic,Atlantic
1249,1257,0.111593262509141,-112.201508197019,44.6174728518948,-104.599566551051,47.9215044530229,0.397485301810953,0.285892039301813,2024.72171267674,2024.83330593925,NA,Mississippi,Mississippi
1105,238,0.0890706125513354,-119.358841729174,36.1878299407675,-118.074315862934,38.3269998207214,0.397512695899257,0.308442083347922,2024.74426272078,2024.83333333333,SRR36617768|A/great_horned_owl/WY/24-033104-001/2024|H5N1|USA-WY|Albany|2024-11-01|wild_avian|D1.1,Pacific,Central
1355,278,0.0438220139605254,-107.716178766677,34.2497354384546,-107.534656111025,34.5442677438042,0.397512695899257,0.353690681938732,2024.78951131937,2024.83333333333,SRR36628797|A/northern_shoveler/NV/24-033106-004/2024|H5N1|USA-NV|Churchill|2024-11-01|wild_avian|D1.1,Pacific,Pacific
850,610,0.112086148793416,-96.8456470228318,38.2539572096024,-85.313352874101,30.3967733967774,0.400244936336383,0.288158787542967,2024.72397942498,2024.83606557377,SRR34491330|A/canada_goose/OR/24-033933-001/2024|H5N1|USA-OR|Crook|2024-11-02|wild_avian|D1.1,Pacific,Pacific
731,629,0.082669012770334,-117.644871769951,40.2851099402792,-113.770237690077,43.9527622918434,0.400244936336383,0.317575923566049,2024.753396561,2024.83606557377,SRR34491332|A/mallard/NV/24-033109-013/2024|H5N1|USA-NV|Churchill|2024-11-02|wild_avian|D1.1,Pacific,Pacific
1116,1118,0.0631837105734401,-109.919551730868,44.4418200930259,-109.726582270543,44.7533966230511,0.400788231883769,0.337604521310329,2024.77342515874,2024.83660886932,NA,Pacific,Pacific
1205,1206,0.0166200100038381,-77.3716132961844,43.1500290727843,-74.9492311846085,40.336611320835,0.402194178476856,0.385574168473018,2024.82139480591,2024.83801481591,NA,Atlantic,Atlantic
1122,1123,0.0169982037247998,-96.9653556118431,46.2615343790847,-97.3916348156908,46.3879103590638,0.40441228635029,0.387414082625491,2024.82323472006,2024.84023292378,NA,Atlantic,Atlantic
1254,1255,0.0360237057669452,-106.469672278036,41.0030529515613,-106.450696643549,41.0673517947974,0.404624866290495,0.36860116052355,2024.80442179796,2024.84044550372,NA,Mississippi,Mississippi
835,836,0.067338559338201,-98.3318623735608,39.0814825485782,-99.0392385474962,39.1818122200494,0.406259771343862,0.338921212005661,2024.77474184944,2024.84208040878,NA,Pacific,Pacific
733,734,0.131762572797016,-115.846397284812,33.1278755348411,-121.459851574561,36.076909541965,0.40651104980443,0.274748477007415,2024.71056911444,2024.84233168724,NA,Pacific,Pacific
1214,1215,0.0874924275996498,-117.774953704448,41.8854632351347,-97.7897099322266,40.5766543356389,0.407516508155815,0.320024080556166,2024.75584471799,2024.84333714559,NA,Central,Mississippi
1137,1138,0.118748080680851,-70.2117577830638,41.7443694388315,-70.3595369797334,43.9017098925565,0.407577462974182,0.288829382293331,2024.72465001973,2024.84339810041,NA,Atlantic,Atlantic
852,853,0.114772563729993,-99.0450366801052,37.6606853948709,-97.7731780263137,42.0970588324217,0.40783957003539,0.293067006305396,2024.72888764374,2024.84366020747,NA,Pacific,Central
1282,1283,0.0950708124290613,-109.27329532739,44.0280904920264,-109.457570377205,42.8089913751872,0.408275517915551,0.31320470548649,2024.74902534292,2024.84409615535,NA,Mississippi,Mississippi
804,805,0.0808682572881347,-104.996846959521,37.4348733227084,-104.844914486375,37.2085210674468,0.408306757989507,0.327438500701372,2024.76325913814,2024.84412739542,NA,Mississippi,Mississippi
827,594,0.0977267186418591,-99.4867014444514,37.100876894545,-91.2040627957482,47.9629036228112,0.408441657647989,0.31071493900613,2024.74653557644,2024.84426229508,SRR34491322|A/green_winged_teal/WA/24-033431-002/2024|H5N1|USA-WA|Grant|2024-11-05|wild_avian|D1.1,Pacific,Pacific
1264,1265,0.0666738099797319,-107.666265970727,42.2220232263766,-108.464825419511,45.040166249212,0.411095485011768,0.344421675032036,2024.78024231247,2024.84691612245,NA,Mississippi,Atlantic
1138,1142,0.00444318784436848,-70.3595369797334,43.9017098925565,-70.7299847525232,44.40971243127,0.41202065081855,0.407577462974182,2024.84339810041,2024.84784128825,NA,Atlantic,Atlantic
828,829,0.0955413270882799,-99.3543739799335,37.0737179103955,-88.3013537359385,38.0770133460998,0.412673964406802,0.317132637318523,2024.75295327475,2024.84849460184,NA,Pacific,Pacific
1206,1208,0.0105137631671945,-74.9492311846085,40.336611320835,-75.4301925246852,40.4525072094661,0.41270794164405,0.402194178476856,2024.83801481591,2024.84852857908,NA,Atlantic,Atlantic
1104,243,0.125466303479704,-120.256707923098,40.854285706904,-118.616811621194,38.1292824292104,0.413906138522241,0.288439835042537,2024.72426047248,2024.84972677596,SRR34491320|A/ross_s_goose/ND/24-034667-001/2024|H5N1|USA-ND|Divide|2024-11-07|wild_avian|D1.1,Central,Central
742,286,0.12138739936877,-115.54079735001,33.8563584726832,-113.213425756419,33.4810844507904,0.413906138522241,0.292518739153472,2024.72833937659,2024.84972677596,SRR34491321|A/cackling_goose/OR/24-033931-001/2024|H5N1|USA-OR|Washington|2024-11-07|wild_avian|D1.1,Pacific,Pacific
1206,1207,0.0135445628684836,-74.9492311846085,40.336611320835,-75.4540923121976,39.4558041583908,0.41573874134534,0.402194178476856,2024.83801481591,2024.85155937878,NA,Atlantic,Atlantic
1243,2,0.127586942003937,-123.397145332669,39.2414950124059,-107.140274488252,38.6819923517733,0.416638378959368,0.289051436955431,2024.72487207439,2024.85245901639,SRR36628420|A/blue_winged_teal/TX/24-037863-008/2024|H5N1|USA-TX|Chambers|2024-11-08|wild_avian|D1.1,Central,Central
724,624,0.0747130186226146,-103.53941454359,43.6712049386945,-95.7477049870922,41.518346054004,0.416638378959368,0.341925360336753,2024.77774599777,2024.85245901639,SRR36617252|A/green_winged_teal/TX/24-037863-003/2024|H5N1|USA-TX|Chambers|2024-11-08|wild_avian|D1.1,Mississippi,Central
1175,1176,0.0275463083424832,-71.1829328665711,42.3492001972962,-71.5870053271468,42.6717290940205,0.416871490194838,0.389325181852355,2024.82514581929,2024.85269212763,NA,Atlantic,Atlantic
740,741,0.162109345475059,-112.298143211782,38.7925200559894,-120.594153147615,48.3334476493129,0.41811799234355,0.256008646868491,2024.6918292843,2024.85393862978,NA,Pacific,Pacific
805,808,0.00990141436351855,-104.844914486375,37.2085210674468,-104.778589594082,35.3740192923954,0.418208172353025,0.408306757989507,2024.84412739542,2024.85402880979,NA,Mississippi,Mississippi
1325,1327,0.137914518932326,-109.697186630047,38.881835734406,-106.887027583552,42.0521461006213,0.418318109535903,0.280403590603577,2024.71622422804,2024.85413874697,NA,Mississippi,Mississippi
1142,1143,0.00647479293560083,-70.7299847525232,44.40971243127,-72.3096159109142,44.0651128265604,0.418495443754151,0.41202065081855,2024.84784128825,2024.85431608119,NA,Atlantic,Atlantic
1059,1060,0.130936111581845,-100.954575500459,30.6207816117959,-104.056281375633,44.7794235918765,0.418780251921481,0.287844140339636,2024.72366477777,2024.85460088936,NA,Central,Mississippi
1235,274,0.135807973059117,-120.551529376679,40.605798065533,-111.399170489803,41.3211051095512,0.419370619396494,0.283562646337377,2024.71938328377,2024.85519125683,SRR34491500|A/green_winged_teal/OK/24-034551-045/2024|H5N1|USA-OK|Sequoyah|2024-11-09|wild_avian|D1.1,Central,Central
1074,549,0.126801488269737,-117.622352277442,37.2070691480872,-101.073857568516,32.4403934878309,0.419370619396494,0.292569131126757,2024.72838976856,2024.85519125683,SRR34491499|A/green_winged_teal/KS/24-034556-004/2024|H5N1|USA-KS|Crawford|2024-11-09|wild_avian|D1.1,Pacific,Central
689,655,0.101193007844693,-117.273418640886,47.1874513315275,-117.445227865104,47.9302777057902,0.419370619396494,0.318177611551801,2024.75399824899,2024.85519125683,SRR34491498|A/green_winged_teal/KS/24-034557-008/2024|H5N1|USA-KS|Neosho|2024-11-09|wild_avian|D1.1,Mississippi,Central
697,671,0.0357216897506951,-121.65607762886,47.8324916674234,-118.584880506209,44.3220031557116,0.419370619396494,0.383648929645799,2024.81946956708,2024.85519125683,SRR36628704|A/green_winged_teal/OK/24-034551-041/2024|H5N1|USA-OK|Sequoyah|2024-11-09|wild_avian|D1.1,Central,Central
808,809,0.00283611720721888,-104.778589594082,35.3740192923954,-103.72212055704,36.1154538763036,0.421044289560244,0.418208172353025,2024.85402880979,2024.85686492699,NA,Mississippi,Mississippi
1060,1061,0.0042487332199157,-104.056281375633,44.7794235918765,-101.370290516883,44.1484002989903,0.423028985141397,0.418780251921481,2024.85460088936,2024.85884962258,NA,Mississippi,Atlantic
1176,1177,0.00672472740913044,-71.5870053271468,42.6717290940205,-70.4669066474868,44.4215044829995,0.423596217603969,0.416871490194838,2024.85269212763,2024.85941685504,NA,Atlantic,Atlantic
1146,1147,0.0285993164838461,-70.616414102605,41.9153744291372,-70.9104077117179,41.6045695851932,0.425579215919381,0.396979899435534,2024.83280053687,2024.86139985335,NA,Atlantic,Atlantic
853,854,0.0183313746471994,-97.7731780263137,42.0970588324217,-101.379608488196,41.5013191912677,0.426170944682589,0.40783957003539,2024.84366020747,2024.86199158212,NA,Central,Central
757,577,0.147287381719269,-121.447982752786,40.2232260172478,-120.983208877974,40.0464667987586,0.430299581145226,0.283012199425956,2024.71883283686,2024.86612021858,SRR34491487|A/trumpeter_swan/ID/24-034853-004/2024|H5N1|USA-ID|Jefferson|2024-11-13|wild_avian|D1.1,Pacific,Pacific
1105,237,0.121857497797304,-119.358841729174,36.1878299407675,-114.704192438122,35.0294863107558,0.430299581145226,0.308442083347922,2024.74426272078,2024.86612021858,SRR34491488|A/trumpeter_swan/ID/24-034853-002/2024|H5N1|USA-ID|Jefferson|2024-11-13|wild_avian|D1.1,Pacific,Pacific
1122,1131,0.043088345029866,-96.9653556118431,46.2615343790847,-98.5671574976304,46.4746496298152,0.430502427655357,0.387414082625491,2024.82323472006,2024.86632306509,NA,Atlantic,Atlantic
1336,142,0.145269327775969,-118.896670189954,44.6036265523005,-122.852335684061,43.8427195567146,0.433031821582352,0.287762493806383,2024.72358313124,2024.86885245902,SRR34491479|A/canvasback/MN/24-035695-001/2024|H5N1|USA-MN|Wabasha|2024-11-14|wild_avian|D1.1,Mississippi,Mississippi
1338,140,0.121076017008913,-118.992112093413,44.884870487983,-120.488941051945,37.7040987568854,0.433031821582352,0.311955804573439,2024.74777644201,2024.86885245902,SRR34491480|A/ring_necked_duck/MN/24-035413-001/2024|H5N1|USA-MN|Cass|2024-11-14|wild_avian|D1.1,Mississippi,Mississippi
859,862,0.0942706263370239,-109.167051483706,34.3841219077992,-111.07729417028,32.954629384982,0.433591114754478,0.339320488417454,2024.77514112585,2024.86941175219,NA,Central,Central
862,863,0.000752688329064943,-111.07729417028,32.954629384982,-110.852741751291,33.3846323024616,0.434343803083543,0.433591114754478,2024.86941175219,2024.87016444052,NA,Central,Central
1329,1332,0.120032711530138,-113.029491399527,39.661407677466,-109.25950814184,40.0703506625636,0.434369417061055,0.314336705530918,2024.75015734296,2024.87019005449,NA,Mississippi,Mississippi
863,969,0.000694530897521028,-110.852741751291,33.3846323024616,-110.758993526922,33.281668418523,0.435038333981064,0.434343803083543,2024.87016444052,2024.87085897142,NA,Central,Central
1116,1117,0.0974706583916565,-109.919551730868,44.4418200930259,-110.663327669072,45.1380327091182,0.435075179701985,0.337604521310329,2024.77342515874,2024.87089581714,NA,Pacific,Pacific
805,806,0.0268335505263702,-104.844914486375,37.2085210674468,-104.049421818718,36.6924488654814,0.435140308515877,0.408306757989507,2024.84412739542,2024.87096094595,NA,Mississippi,Mississippi
863,864,0.00123830044506268,-110.852741751291,33.3846323024616,-110.751459118198,33.5119790662105,0.435582103528606,0.434343803083543,2024.87016444052,2024.87140274096,NA,Central,Central
763,554,0.144898116343818,-122.40208997364,38.1821760158518,-119.461932849371,44.6855319691347,0.435764062019478,0.29086594567566,2024.72668658311,2024.87158469945,SRR36617493|A/golden_eagle/CO/25-010611-001/2024|H5N1|USA-CO|Morgan|2024-11-15|wild_avian|D1.1,Pacific,Central
1228,5,0.110617878491993,-120.095810562713,40.1963419040646,-120.027822550648,40.634561051213,0.435764062019478,0.325146183527485,2024.76096682096,2024.87158469945,SRR34491413|A/mallard/UT/24-034892-003/2024|H5N1|USA-UT|Box_Elder|2024-11-15|wild_avian|D1.1,Pacific,Pacific
1331,212,0.0745936973785823,-110.595665595814,43.0253630995021,-114.894946270039,33.7302505605878,0.435764062019478,0.361170364640896,2024.79699100207,2024.87158469945,SRR34491411|A/green_winged_teal/ND/24-034964-002/2024|H5N1|USA-ND|LaMoure|2024-11-15|wild_avian|D1.1,Mississippi,Central
1146,1152,0.0396401059260583,-70.616414102605,41.9153744291372,-74.5606337842759,39.4311795625561,0.436620005361593,0.396979899435534,2024.83280053687,2024.8724406428,NA,Atlantic,Atlantic
1093,254,0.119487989076314,-118.897443769276,45.1474852702792,-112.283229720717,45.6598032215606,0.438496302456604,0.31900831338029,2024.75482895081,2024.87431693989,SRR34491569|A/gadwall/CA/24-035297-036/2024|H5N1|USA-CA|Fresno|2024-11-16|wild_avian|D1.1,Pacific,Pacific
1120,10,0.0419645806229711,-119.153253989038,44.8478211289828,-116.279773398126,32.8370324355228,0.438496302456604,0.396531721833633,2024.83235235927,2024.87431693989,SRR34491574|A/green_winged_teal/IL/24-035153-025/2024|H5N1|USA-IL|Clinton|2024-11-16|wild_avian|D1.1,Central,Mississippi
1255,1256,0.0342794819383072,-106.450696643549,41.0673517947974,-106.538743827241,41.1534148051839,0.438904348228803,0.404624866290495,2024.84044550372,2024.87472498566,NA,Mississippi,Mississippi
1265,1266,0.0289255191128728,-108.464825419511,45.040166249212,-109.014441308098,45.305296681706,0.440021004124641,0.411095485011768,2024.84691612245,2024.87584164156,NA,Atlantic,Atlantic
1344,1346,0.109573856433402,-119.980225949643,48.9512054144948,-119.686721783965,47.871447466043,0.440688379658558,0.331114523225156,2024.76693516066,2024.87650901709,NA,Mississippi,Mississippi
851,576,0.0601139919609794,-70.3324652690819,45.1717914048098,-78.8444060753624,41.2931250067448,0.441228542893958,0.381114550932978,2024.81693518837,2024.87704918033,SRR34491566|A/northern_pintail/IL/24-035154-001/2024|H5N1|USA-IL|Clinton|2024-11-17|wild_avian|D1.1,Atlantic,Mississippi
864,865,0.00676640625871516,-110.751459118198,33.5119790662105,-109.874631480953,33.9036380527603,0.442348509787321,0.435582103528606,2024.87140274096,2024.87816914722,NA,Central,Central
1177,1178,0.0218144966877782,-70.4669066474868,44.4215044829995,-69.5892682814492,46.3310738856579,0.445410714291747,0.423596217603969,2024.85941685504,2024.88123135173,NA,Atlantic,Atlantic
1123,1124,0.0437713600155227,-97.3916348156908,46.3879103590638,-97.2028365336114,47.9521769953572,0.448183646365813,0.40441228635029,2024.84023292378,2024.8840042838,NA,Atlantic,Atlantic
1352,1353,0.229477928599894,-122.253468774629,40.9240785091275,-120.276831674593,43.1540666936137,0.448294942956491,0.218817014356597,2024.65463765179,2024.88411558039,NA,Central,Central
1068,1069,0.103100687929976,-110.353195176882,31.7716867085377,-108.50088054458,32.0637328827946,0.448580870143333,0.345480182213357,2024.78130081965,2024.88440150758,NA,Mississippi,Mississippi
859,860,0.11067056045263,-109.167051483706,34.3841219077992,-109.53297566511,35.0618654297366,0.449991048870084,0.339320488417454,2024.77514112585,2024.8858116863,NA,Central,Central
844,846,0.163793885735808,-95.3461654697121,39.2053069255313,-106.712536871618,40.4824329885622,0.452384398889626,0.288590513153818,2024.72441115059,2024.88820503632,NA,Pacific,Pacific
969,974,0.018715331944448,-110.758993526922,33.281668418523,-106.885340061446,34.777471956271,0.453753665925512,0.435038333981064,2024.87085897142,2024.88957430336,NA,Central,Central
974,1039,4.86291824097762e-06,-106.885340061446,34.777471956271,-106.813216632559,34.8091316798735,0.453758528843753,0.453753665925512,2024.88957430336,2024.88957916628,NA,Central,Central
829,830,0.0416433043579234,-88.3013537359385,38.0770133460998,-89.0507423193938,38.560712233716,0.454317268764726,0.412673964406802,2024.84849460184,2024.8901379062,NA,Pacific,Pacific
1265,1267,0.0433306324357723,-108.464825419511,45.040166249212,-108.51523358672,45.1962479767303,0.45442611744754,0.411095485011768,2024.84691612245,2024.89024675488,NA,Atlantic,Atlantic
1267,1268,0.000351966179156005,-108.51523358672,45.1962479767303,-108.941425809755,43.7510385580272,0.454778083626696,0.45442611744754,2024.89024675488,2024.89059872106,NA,Atlantic,Atlantic
741,287,0.0367717527360383,-120.594153147615,48.3334476493129,-118.888070309309,45.9538196669684,0.454889745079589,0.41811799234355,2024.85393862978,2024.89071038251,SRR36617849|A/house_sparrow/AZ/24-036612-005/2024|H5N1|USA-AZ|Pinal|2024-11-22|wild_avian|D1.1,Pacific,Pacific
1338,141,0.145666180943276,-118.992112093413,44.884870487983,-102.004139158198,38.2081546679847,0.457621985516715,0.311955804573439,2024.74777644201,2024.89344262295,SRR34491474|A/blue_winged_teal/FL/24-036665-008/2024|H5N1|USA-FL|Palm_Beach|2024-11-23|wild_avian|D1.1,Mississippi,Atlantic
1339,143,0.135126466779656,-120.500139430126,42.7838847432922,-120.633007078865,45.8919891296163,0.457621985516715,0.322495518737059,2024.75831615617,2024.89344262295,EPI_ISL_19777455|A/northern_pintail/Tennessee/158/2024|H5N1|USA-TN|Unknown|2024-11-23|wild_avian|D1.1,Mississippi,Mississippi
1339,144,0.135126466779656,-120.500139430126,42.7838847432922,-113.007016952335,36.7804526726636,0.457621985516715,0.322495518737059,2024.75831615617,2024.89344262295,SRR36617263|A/ring_necked_duck/GA/24-036176-005/2024|H5N1|USA-GA|Seminole|2024-11-23|wild_avian|D1.1,Mississippi,Atlantic
1342,137,0.134163549877136,-121.673922721004,47.7383515613026,-111.219836731038,40.1874784946152,0.457621985516715,0.323458435639578,2024.75927907307,2024.89344262295,SRR34491475|A/blue_winged_teal/FL/24-036665-004/2024|H5N1|USA-FL|Palm_Beach|2024-11-23|wild_avian|D1.1,Mississippi,Atlantic
1346,136,0.0169336058581568,-119.686721783965,47.871447466043,-112.714708422483,48.0795491955942,0.457621985516715,0.440688379658558,2024.87650901709,2024.89344262295,SRR36617264|A/ring_necked_duck/GA/24-036176-004/2024|H5N1|USA-GA|Seminole|2024-11-23|wild_avian|D1.1,Mississippi,Atlantic
1238,1239,0.182067882998615,-120.751618476486,41.8080111094184,-121.747355729056,46.0472164084991,0.45796641624725,0.275898533248634,2024.71171917068,2024.89378705368,NA,Central,Central
865,866,0.0167070696893137,-109.874631480953,33.9036380527603,-109.451458737319,34.2263279907874,0.459055579476634,0.442348509787321,2024.87816914722,2024.89487621691,NA,Central,Central
1235,269,0.176791579616692,-120.551529376679,40.605798065533,-122.96413700657,39.6332559098945,0.460354225954068,0.283562646337377,2024.71938328377,2024.89617486339,SRR36617491|A/Peregrine_falcon/CO/25-019366-001/2024|H5N1|USA-CO|Denver|2024-11-24|wild_avian|D1.1,Central,Central
759,555,0.173067443247316,-122.592728334965,38.3263816972176,-111.857010016504,33.2860130423286,0.460354225954068,0.287286782706752,2024.72310742014,2024.89617486339,SRR36617504|A/mallard_duck/NE/25-004748-004/2024|H5N1|USA-NE|Buffalo|2024-11-24|wild_avian|D1.1,Pacific,Central
696,644,0.12354582545817,-122.095964853175,42.6156159164876,-122.019001500438,42.1107006373961,0.460354225954068,0.336808400495898,2024.77262903793,2024.89617486339,SRR31914411|A/Turkey/SD/24-035157-004-original/2024|H5N1|USA-SD|Unknown|2024-11-24|domestic_avian|D1.1,Central,Central
845,617,0.121276751918802,-97.1917128965134,39.0260557074306,-110.999350886054,43.1313268669422,0.460354225954068,0.339077474035266,2024.77489811147,2024.89617486339,SRR36617269|A/mallard_duck/WA/24-036061-007/2024|H5N1|USA-WA|Grant|2024-11-24|wild_avian|D1.1,Pacific,Pacific
1118,1119,0.0604785741982787,-109.726582270543,44.7533966230511,-109.421969703095,43.7272547796505,0.461266806082048,0.400788231883769,2024.83660886932,2024.89708744352,NA,Pacific,Pacific
809,810,0.0404508590266983,-103.72212055704,36.1154538763036,-98.0767747336094,33.11781185079,0.461495148586942,0.421044289560244,2024.85686492699,2024.89731578602,NA,Mississippi,Atlantic
1281,1285,0.151308399631769,-109.399985837706,44.0763947534037,-110.165465152788,43.8561042776655,0.46191961863234,0.310611219000571,2024.74643185643,2024.89774025607,NA,Mississippi,Mississippi
1138,1139,0.0546741144668372,-70.3595369797334,43.9017098925565,-74.9045519220437,44.1373046748934,0.462251577441019,0.407577462974182,2024.84339810041,2024.89807221488,NA,Atlantic,Atlantic
722,660,0.188510205984527,-122.456403898731,42.4470081004673,-122.244841141995,42.6474947892639,0.463086466391194,0.274576260406668,2024.71039689784,2024.89890710383,SRR36617524|A/mallard_duck/NE/25-003309-011/2024|H5N1|USA-NE|Buffalo|2024-11-25|wild_avian|D1.1,Central,Central
1092,256,0.181123543137562,-121.793214321485,47.6329615595915,-121.476895619244,48.7970867370295,0.463086466391194,0.281962923253632,2024.71778356069,2024.89890710383,SRR36617265|A/great_horned_owl/WY/24-036166-001/2024|H5N1|USA-WY|Lincoln|2024-11-25|wild_avian|D1.1,Pacific,Pacific
1213,46,0.137782052523471,-86.9998087511275,36.9874758699302,-98.1228727406943,40.9591253345005,0.463086466391194,0.325304413867724,2024.7611250513,2024.89890710383,SRR31914406|A/Turkey/SD/24-035288-003-original/2024|H5N1|USA-SD|Unknown|2024-11-25|domestic_avian|D1.1,Mississippi,Central
766,611,0.118012110982287,-103.37671291114,38.6267065487878,-101.784076184134,42.6019002722821,0.463086466391194,0.345074355408908,2024.78089499284,2024.89890710383,SRR34491460|A/blue_winged_teal/LA/24-035708-007/2024|H5N1|USA-LA|Cameron|2024-11-25|wild_avian|D1.1,Mississippi,Mississippi
721,662,0.0992291109285892,-122.144979637336,43.1791913330633,-109.118610107598,46.7404542693943,0.463086466391194,0.363857355462605,2024.7996779929,2024.89890710383,SRR34491454|A/blue_winged_teal/LA/24-035708-014/2024|H5N1|USA-LA|Cameron|2024-11-25|wild_avian|D1.1,Central,Mississippi
741,288,0.0449684740476441,-120.594153147615,48.3334476493129,-119.986819757564,44.9507742156696,0.463086466391194,0.41811799234355,2024.85393862978,2024.89890710383,SRR36617855|A/black_necked_stilt/AZ/24-036610-002/2024|H5N1|USA-AZ|Pinal|2024-11-25|wild_avian|D1.1,Pacific,Pacific
733,674,0.191070229820906,-115.846397284812,33.1278755348411,-113.522236120643,37.2671641053812,0.465818706828321,0.274748477007415,2024.71056911444,2024.90163934426,SRR36617487|A/canada_goose/UT/24-035683-001/2024|H5N1|USA-UT|Weber|2024-11-26|wild_avian|D1.1,Pacific,Pacific
771,290,0.190910782913979,-106.245119195521,38.0225083225067,-88.2729642003002,31.7811902309681,0.465818706828321,0.274907923914342,2024.71072856135,2024.90163934426,SRR34491451|A/green_winged_teal/NM/24-036318-011/2024|H5N1|USA-NM|San_Miguel|2024-11-26|wild_avian|D1.1,Mississippi,Central
845,618,0.126741232793054,-97.1917128965134,39.0260557074306,-92.2895986122893,41.1763254881483,0.465818706828321,0.339077474035266,2024.77489811147,2024.90163934426,SRR34491450|A/green_winged_teal/NM/24-036318-014/2024|H5N1|USA-NM|San_Miguel|2024-11-26|wild_avian|D1.1,Pacific,Central
1349,128,0.0777373369504908,-112.684116921664,43.9061695614185,-113.908893479279,46.4853226020568,0.465818706828321,0.38808136987783,2024.82390200731,2024.90163934426,SRR36628221|A/mallard_duck/IA/24-037337-003/2024|H5N1|USA-IA|Jackson|2024-11-26|wild_avian|D1.1,Mississippi,Mississippi
768,612,0.0766823460892672,-105.227399168149,35.9933114812975,-99.289028084182,37.0645073150068,0.465818706828321,0.389136360739053,2024.82495699817,2024.90163934426,SRR31914398|A/chicken/TN/24-035519-005-original/2024|H5N1|USA-TN|Unknown|2024-11-26|domestic_avian|D1.1,Mississippi,Mississippi
1131,1132,0.0355481505636801,-98.5671574976304,46.4746496298152,-100.677453508695,47.3710754367315,0.466050578219037,0.430502427655357,2024.86632306509,2024.90187121565,NA,Atlantic,Atlantic
969,970,0.0318616250913579,-110.758993526922,33.281668418523,-117.085340598182,34.0659688691473,0.466899959072422,0.435038333981064,2024.87085897142,2024.90272059651,NA,Central,Central
1350,1351,0.0746830086735855,-112.494975645743,43.893667004458,-111.906861628328,43.3395018749714,0.468003209834712,0.393320201161127,2024.8291408386,2024.90382384727,NA,Mississippi,Mississippi
818,819,0.180005952016833,-105.208441717315,45.6016546588024,-100.202028522793,47.1571398727905,0.468237466460793,0.28823151444396,2024.72405215188,2024.90405810389,NA,Mississippi,Mississippi
1098,244,0.194553991343971,-123.417436086492,44.566515736967,-113.496090876335,38.8321250981675,0.468550947265447,0.273996955921476,2024.70981759336,2024.9043715847,SRR34491403|A/western_gull/CA/24-036324-002/2024|H5N1|USA-CA|Santa_Barbara|2024-11-27|wild_avian|D1.1,Pacific,Pacific
1340,139,0.180319164873292,-119.330461925534,44.7476518452582,-106.685749335424,44.4408736395893,0.468550947265447,0.288231782392155,2024.72405241983,2024.9043715847,SRR34491447|A/blue_winged_teal/SC/24-036315-006/2024|H5N1|USA-SC|Colleton|2024-11-27|wild_avian|D1.1,Mississippi,Atlantic
1272,162,0.126563692087732,-111.026506858571,41.7058867419221,-114.353966233578,45.2861331485541,0.468550947265447,0.341987255177715,2024.77780789261,2024.9043715847,SRR34491402|A/mallard/AR/24-036997-003/2024|H5N1|USA-AR|Prairie|2024-11-27|wild_avian|D1.1,Mississippi,Mississippi
829,596,0.0558769828586443,-88.3013537359385,38.0770133460998,-85.5297308861043,30.9126444342971,0.468550947265447,0.412673964406802,2024.84849460184,2024.9043715847,SRR33508820|A/snow_goose/MT/24-035974-001/2024|H5N1|USA-MT|Gallatin|2024-11-27|wild_avian|D1.1,Pacific,Pacific
735,736,0.179061269703695,-121.389462795835,37.0149026266589,-105.071975966721,46.5333692116047,0.468619998232526,0.289558728528831,2024.72537936596,2024.90444063567,NA,Central,Mississippi
1327,1328,0.0503384688797355,-106.887027583552,42.0521461006213,-108.568838122158,39.1704712349409,0.468656578415639,0.418318109535903,2024.85413874697,2024.90447721585,NA,Mississippi,Mississippi
1155,1156,0.0736150116558023,-71.5063595336939,43.366943791975,-71.710814844222,43.0568589141716,0.468927917577178,0.395312905921376,2024.83113354336,2024.90474855501,NA,Atlantic,Atlantic
819,820,0.00160718972898621,-100.202028522793,47.1571398727905,-99.849744263147,47.7108280092025,0.469844656189779,0.468237466460793,2024.90405810389,2024.90566529362,NA,Mississippi,Mississippi
866,867,0.0113125527972213,-109.451458737319,34.2263279907874,-111.290719539738,34.081488234665,0.470368132273856,0.459055579476634,2024.89487621691,2024.90618876971,NA,Central,Central
1115,26,0.17216205530993,-121.537591288656,43.9645681460767,-122.938524253521,39.8032622645999,0.471283187702573,0.299121132392643,2024.73494176983,2024.90710382514,SRR36617643|A/trumpeter_swan/MT/24-037728-001/2024|H5N1|USA-MT|Big_Horn|2024-11-28|wild_avian|D1.1,Central,Central
773,774,0.140189033662965,-108.414671543743,39.1049677938554,-110.903863424732,41.5453574456539,0.471384631725165,0.331195598062199,2024.7670162355,2024.90720526916,NA,Mississippi,Atlantic
1286,1291,0.187722407408191,-112.223144794542,43.3990065922457,-104.131520842953,37.3526749433566,0.471718821541783,0.283996414133592,2024.71981705157,2024.90753945898,NA,Mississippi,Mississippi
1061,1062,0.0488347004563416,-101.370290516883,44.1484002989903,-101.928052507231,45.4344097359727,0.471863685597739,0.423028985141397,2024.85884962258,2024.90768432303,NA,Atlantic,Atlantic
970,971,0.00497024360013554,-117.085340598182,34.0659688691473,-113.838938778555,32.2889374759629,0.471870202672557,0.466899959072422,2024.90272059651,2024.90769084011,NA,Central,Central
1155,1157,0.0770221479890365,-71.5063595336939,43.366943791975,-71.0476447004338,43.2126534779939,0.472335053910412,0.395312905921376,2024.83113354336,2024.90815569134,NA,Atlantic,Atlantic
1232,1233,0.180294145506214,-120.881032534055,39.365532555463,-119.839962189952,36.5692470963478,0.472935453166156,0.292641307659942,2024.72846194509,2024.9087560906,NA,Central,Central
1132,1133,0.00715061961005925,-100.677453508695,47.3710754367315,-102.27545359013,47.8306486678416,0.473201197829096,0.466050578219037,2024.90187121565,2024.90902183526,NA,Atlantic,Atlantic
1277,168,0.142923480072425,-109.262233946232,43.690408176523,-118.866127377235,42.4656321482892,0.474015428139699,0.331091948067274,2024.7669125855,2024.90983606557,SRR34491401|A/mallard/IA/24-036924-003/2024|H5N1|USA-IA|Marion|2024-11-29|wild_avian|D1.1,Mississippi,Mississippi
1287,185,0.193187417123815,-112.896096348299,43.2900841520426,-108.198233201049,43.4807335712154,0.479479909014179,0.286292491890364,2024.72211312932,2024.91530054645,SRR34491391|A/green_winged_teal/TN/24-036998-013/2024|H5N1|USA-TN|Obion|2024-12-01|wild_avian|D1.1,Mississippi,Mississippi
1053,526,0.171190353294127,-103.299161080816,31.5419963380174,-95.4483624297479,32.3403654281956,0.479479909014179,0.308289555720052,2024.74411019315,2024.91530054645,SRR34491394|A/snow_goose/AR/24-035819-001/2024|H5N1|USA-AR|Prairie|2024-12-01|wild_avian|D1.1,Central,Mississippi
1139,1140,0.0193621240424511,-74.9045519220437,44.1373046748934,-74.1788994928293,41.9815744488203,0.48161370148347,0.462251577441019,2024.89807221488,2024.91743433892,NA,Atlantic,Atlantic
707,665,0.1495209283531,-123.618760127565,43.7890901925973,-113.386147530623,47.9741143031112,0.482212149451305,0.332691221098205,2024.76851185853,2024.91803278689,SRR36617866|A/trumpeter_swan/MI/24-036239-001/2024|H5N1|USA-MI|Eaton|2024-12-02|wild_avian|D1.1,Mississippi,Mississippi
1323,146,0.113232008782001,-108.601038426737,41.526959065199,-107.718680865168,36.2052510659843,0.482212149451305,0.368980140669304,2024.8048007781,2024.91803278689,SRR34491382|A/snow_goose/KS/24-036679-005/2024|H5N1|USA-KS|Montgomery|2024-12-02|wild_avian|D1.1,Mississippi,Central
971,972,0.0120524001499598,-113.838938778555,32.2889374759629,-112.836320107876,34.0557096977817,0.483922602822517,0.471870202672557,2024.90769084011,2024.91974324026,NA,Central,Central
1096,262,0.214111301368948,-121.557282441333,43.5896048657506,-121.882033732383,43.3077192593785,0.484944389888431,0.270833088519484,2024.70665372595,2024.92076502732,SRR34491344|A/owl/UT/24-036341-002/2024|H5N1|USA-UT|Box_Elder|2024-12-03|wild_avian|D1.1,Pacific,Pacific
1103,240,0.206281753902813,-114.599236801765,44.7274925424626,-116.166575879013,47.716222724675,0.484944389888431,0.278662635985618,2024.71448327342,2024.92076502732,SRR36628227|A/canada_goose/UT/24-036341-001/2024|H5N1|USA-UT|Davis|2024-12-03|wild_avian|D1.1,Pacific,Pacific
1232,270,0.192303082228489,-120.881032534055,39.365532555463,-113.800065142472,41.7983191507757,0.484944389888431,0.292641307659942,2024.72846194509,2024.92076502732,SRR36628224|A/mallard_duck/MT/24-036921-002/2024|H5N1|USA-MT|Big_Horn|2024-12-03|wild_avian|D1.1,Central,Central
1268,1269,0.0302916180059924,-108.941425809755,43.7510385580272,-110.84023190791,46.8024348053416,0.485069701632689,0.454778083626696,2024.89059872106,2024.92089033907,NA,Atlantic,Mississippi
808,811,0.0669807512369771,-104.778589594082,35.3740192923954,-106.756399804464,38.3089268103433,0.485188923590002,0.418208172353025,2024.85402880979,2024.92100956102,NA,Mississippi,Atlantic
1099,245,0.197540942287286,-120.313527459675,42.6595367613831,-112.40115641572,32.982194182735,0.487676630325557,0.290135688038272,2024.72595632547,2024.92349726776,SRR36617418|A/harris_hawk/AZ/24-038176-001/2024|H5N1|USA-AZ|Maricopa|2024-12-04|wild_avian|D1.1,Pacific,Pacific
1213,47,0.162372216457834,-86.9998087511275,36.9874758699302,-87.5350285628,37.9508267667463,0.487676630325557,0.325304413867724,2024.7611250513,2024.92349726776,SRR34491531|A/snow_goose/KY/24-036682-002/2024|H5N1|USA-KY|Henderson|2024-12-04|wild_avian|D1.1,Mississippi,Mississippi
724,625,0.145751269988804,-103.53941454359,43.6712049386945,-115.663236019273,45.8900646945591,0.487676630325557,0.341925360336753,2024.77774599777,2024.92349726776,SRR34491526|A/snow_goose/SD/24-036845-001/2024|H5N1|USA-SD|Spink|2024-12-04|wild_avian|D1.1,Mississippi,Central
684,677,0.213742666562278,-123.244968158112,40.5832955924195,-113.075096150991,35.4833417705852,0.490408870762683,0.276666204200406,2024.71248684163,2024.9262295082,SRR34491517|A/snow_goose/LA/24-036681-003/2024|H5N1|USA-LA|Cameron|2024-12-05|wild_avian|D1.1,Central,Mississippi
1052,521,0.139397040730596,-106.501092324781,34.5629359399583,-96.6384715173756,31.0185209946329,0.490408870762683,0.351011830032088,2024.78683246747,2024.9262295082,SRR34491514|A/snow_goose/LA/24-036681-005/2024|H5N1|USA-LA|Cameron|2024-12-05|wild_avian|D1.1,Central,Mississippi
734,672,0.0838978209582533,-121.459851574561,36.076909541965,-119.867397437845,36.5731280615256,0.490408870762683,0.40651104980443,2024.84233168724,2024.9262295082,SRR36617838|A/western_gull/CA/24-036784-001/2024|H5N1|USA-CA|Los_Angeles|2024-12-05|wild_avian|D1.1,Pacific,Pacific
731,732,0.173177619226612,-117.644871769951,40.2851099402792,-117.099594620866,41.176092373916,0.490753542792661,0.317575923566049,2024.753396561,2024.92657418023,NA,Pacific,Pacific
713,635,0.166535594232841,-117.967160668137,35.5431058560547,-124.143727692762,41.0624007546671,0.49314111119981,0.326605516966969,2024.7624261544,2024.92896174863,SRR36617835|A/snow_goose/MS/24-036916-001/2024|H5N1|USA-MS|Washington|2024-12-06|wild_avian|D1.1,Mississippi,Mississippi
853,561,0.0853015411644198,-97.7731780263137,42.0970588324217,-98.4386543164536,40.4357693483546,0.49314111119981,0.40783957003539,2024.84366020747,2024.92896174863,SRR36628213|A/mallard_duck/MT/24-037783-006/2024|H5N1|USA-MT|Big_Horn|2024-12-06|wild_avian|D1.1,Central,Central
1069,540,0.0445602410564767,-108.50088054458,32.0637328827946,-108.300671422277,35.5802121525579,0.49314111119981,0.448580870143333,2024.88440150758,2024.92896174863,SRR34491436|A/snow_goose/IN/24-037289-004/2024|H5N1|USA-IN|Gibson|2024-12-06|wild_avian|D1.1,Mississippi,Mississippi
774,775,0.0222154390447805,-110.903863424732,41.5453574456539,-112.905438792038,40.4508581579073,0.493600070769945,0.471384631725165,2024.90720526916,2024.9294207082,NA,Atlantic,Atlantic
1240,1241,0.173467747287919,-120.00791244377,40.4931847340567,-112.192105856825,43.0407931923358,0.494554098294647,0.321086351006728,2024.75690698844,2024.93037473573,NA,Central,Central
1217,1218,0.0385131386800867,-85.4959881549936,44.9189100563875,-86.0066312501125,41.1538625327763,0.49476301275861,0.456249874078523,2024.89207051151,2024.93058365019,NA,Mississippi,Mississippi
1285,159,0.0339537330045958,-110.165465152788,43.8561042776655,-102.027232777931,45.4773889280079,0.495873351636936,0.46191961863234,2024.89774025607,2024.93169398907,SRR36617819|A/tundra_swan/WI/24-037346-003/2024|H5N1|USA-WI|Dane|2024-12-07|wild_avian|D1.1,Mississippi,Mississippi
820,589,0.0260286954471565,-99.849744263147,47.7108280092025,-101.93462967928,42.7296887343879,0.495873351636936,0.469844656189779,2024.90566529362,2024.93169398907,SRR36628218|A/green_winged_teal/FL/24-037597-021/2024|H5N1|USA-FL|St_Johns|2024-12-07|wild_avian|D1.1,Mississippi,Atlantic
820,590,0.0260286954471565,-99.849744263147,47.7108280092025,-94.521927125158,47.2622767242833,0.495873351636936,0.469844656189779,2024.90566529362,2024.93169398907,SRR36617659|A/green_winged_teal/FL/24-037597-003/2024|H5N1|USA-FL|St_Johns|2024-12-07|wild_avian|D1.1,Mississippi,Atlantic
709,710,0.108324079317394,-123.801181351181,40.1534532185415,-123.489351530828,39.7330316958014,0.496153496682535,0.387829417365141,2024.8236500548,2024.93197413412,NA,Mississippi,Mississippi
1260,1261,0.065800492786334,-80.7721028989033,41.392423653435,-81.3591066641034,41.0348746224209,0.496518896698672,0.430718403912338,2024.86653904135,2024.93233953413,NA,Mississippi,Mississippi
811,812,0.0119020846672928,-106.756399804464,38.3089268103433,-106.60571647407,38.2774041626531,0.497091008257295,0.485188923590002,2024.92100956102,2024.93291164569,NA,Atlantic,Atlantic
1252,1253,0.137806241617724,-113.4037255322,43.3897183551823,-108.88941819148,41.9078466344301,0.498072639039653,0.360266397421929,2024.79608703486,2024.93389327647,NA,Mississippi,Mississippi
1073,548,0.171601046026794,-104.690537071176,33.0632084128743,-105.375936531216,34.2502851719963,0.498605592074289,0.327004546047495,2024.76282518348,2024.93442622951,SRR31820756|A/chicken/OK/24-036668-002-original/2024|H5N1|USA-OK|Unknown|2024-12-08|domestic_avian|D1.1,Central,Central
974,975,0.0468113256538147,-106.885340061446,34.777471956271,-116.992502224799,36.9097432092467,0.500564991579327,0.453753665925512,2024.88957430336,2024.93638562901,NA,Central,Central
1334,233,0.247748450002285,-120.660918141463,38.068580717217,-119.333165631877,36.4342388934316,0.501337832511416,0.25358938250913,2024.68941001994,2024.93715846995,SRR34491427|A/great_horned_owl/NE/24-036852-002/2024|H5N1|USA-NE|Douglas|2024-12-09|wild_avian|D1.1,Central,Central
1049,520,0.217530130975209,-104.047636210582,31.738270996287,-105.192103054782,42.192082005051,0.501337832511416,0.283807701536206,2024.71962833897,2024.93715846995,SRR36628220|A/american_wigeon/IL/24-037535-005/2024|H5N1|USA-IL|Fulton|2024-12-09|wild_avian|D1.1,Central,Mississippi
1043,563,0.182579862558113,-116.12000665951,40.0629385097005,-100.298749960445,41.6148211905988,0.501337832511416,0.318757969953302,2024.75457860739,2024.93715846995,SRR36617246|A/snow_goose/IN/24-037868-001/2024|H5N1|USA-IN|Lake|2024-12-09|wild_avian|D1.1,Central,Mississippi
1288,181,0.176808778680624,-114.613867632018,41.8740736433833,-119.978139358469,35.3892139582867,0.501337832511416,0.324529053830791,2024.76034969126,2024.93715846995,SRR36617445|A/wild_duck/MS/24-037653-002/2024|H5N1|USA-MS|Tallahatchie|2024-12-09|wild_avian|D1.1,Mississippi,Mississippi
1076,550,0.155737471831895,-119.689877066004,36.6611264200334,-123.268733908596,40.5629312027454,0.501337832511416,0.34560036067952,2024.78142099811,2024.93715846995,SRR36617634|A/snow_goose/OR/24-037761-001/2024|H5N1|USA-OR|Union|2024-12-09|wild_avian|D1.1,Pacific,Pacific
756,569,0.119656198414917,-123.031462259617,41.4964523400787,-123.008978082118,41.1861334415316,0.501337832511416,0.381681634096499,2024.81750227153,2024.93715846995,SRR33508718|A/snow_goose/OR/24-037758-001/2024|H5N1|USA-OR|Malheur|2024-12-09|wild_avian|D1.1,Pacific,Pacific
1346,1347,0.0615869961809017,-119.686721783965,47.871447466043,-118.099127767656,38.0250071639568,0.50227537583946,0.440688379658558,2024.87650901709,2024.93809601327,NA,Mississippi,Mississippi
806,807,0.0671926486052628,-104.049421818718,36.6924488654814,-105.31588529063,35.7858026738837,0.502332957121139,0.435140308515877,2024.87096094595,2024.93815359456,NA,Mississippi,Atlantic
1140,1141,0.0208124096154783,-74.1788994928293,41.9815744488203,-74.1442486742411,41.8496884645442,0.502426111098949,0.48161370148347,2024.91743433892,2024.93824674853,NA,Atlantic,Atlantic
866,870,0.0434209856182832,-109.451458737319,34.2263279907874,-109.894805769195,39.7725195086046,0.502476565094918,0.459055579476634,2024.89487621691,2024.93829720253,NA,Central,Pacific
1326,189,0.195866016360053,-109.041447551774,35.6567375538164,-106.84272416397,31.9479178832943,0.504070072948542,0.308204056588488,2024.74402469402,2024.93989071038,SRR34491424|A/blue_jay/IA/24-037140-001/2024|H5N1|USA-IA|Cerro_Gordo|2024-12-10|wild_avian|D1.1,Mississippi,Mississippi
707,666,0.171378851850337,-123.618760127565,43.7890901925973,-123.701056052595,44.3009482911903,0.504070072948542,0.332691221098205,2024.76851185853,2024.93989071038,SRR34491425|A/canada_goose/MN/24-037100-001/2024|H5N1|USA-MN|Murray|2024-12-10|wild_avian|D1.1,Mississippi,Mississippi
1070,542,0.124151447062794,-95.6267425723351,39.9326860547098,-89.5688536141649,41.895298123923,0.504070072948542,0.379918625885748,2024.81573926332,2024.93989071038,SRR36617433|A/snow_goose/IA/24-037657-004/2024|H5N1|USA-IA|Woodbury|2024-12-10|wild_avian|D1.1,Mississippi,Mississippi
1119,29,0.0428032668664939,-109.421969703095,43.7272547796505,-100.157087714516,35.2505430526701,0.504070072948542,0.461266806082048,2024.89708744352,2024.93989071038,SRR36617816|A/red_tailed_hawk/CO/24-037418-001/2024|H5N1|USA-CO|Weld|2024-12-10|wild_avian|D1.1,Pacific,Central
1119,31,0.0428032668664939,-109.421969703095,43.7272547796505,-111.109166266938,43.2242731605061,0.504070072948542,0.461266806082048,2024.89708744352,2024.93989071038,SRR33508721|A/snow_goose/ID/24-037540-001/2024|H5N1|USA-ID|Canyon|2024-12-10|wild_avian|D1.1,Pacific,Pacific
1351,129,0.0360668631138295,-111.906861628328,43.3395018749714,-111.74434787272,42.6735065048893,0.504070072948542,0.468003209834712,2024.90382384727,2024.93989071038,SRR36617403|A/canada_goose/MN/24-038291-006/2024|H5N1|USA-MN|Ramsey|2024-12-10|wild_avian|D1.1,Mississippi,Mississippi
867,869,0.0342908250155474,-111.290719539738,34.081488234665,-112.091158968462,36.3381540306562,0.504658957289403,0.470368132273856,2024.90618876971,2024.94047959472,NA,Central,Central
860,861,0.0549620027720702,-109.53297566511,35.0618654297366,-111.670637743167,35.0079744576098,0.504953051642154,0.449991048870084,2024.8858116863,2024.94077368908,NA,Central,Pacific
1208,1209,0.0932270331317987,-75.4301925246852,40.4525072094661,-75.1881933127551,40.0218352709694,0.505934974775849,0.41270794164405,2024.84852857908,2024.94175561221,NA,Atlantic,Atlantic
867,868,0.0355690387303549,-111.290719539738,34.081488234665,-116.380741034781,37.1156875970171,0.505937171004211,0.470368132273856,2024.90618876971,2024.94175780844,NA,Central,Central
1152,1153,0.0694338878804367,-74.5606337842759,39.4311795625561,-75.1571802786454,39.2599896430908,0.506053893242029,0.436620005361593,2024.8724406428,2024.94187453068,NA,Atlantic,Atlantic
975,1033,0.00574260143837024,-116.992502224799,36.9097432092467,-115.802560172007,37.7036245128251,0.506307593017697,0.500564991579327,2024.93638562901,2024.94212823045,NA,Central,Central
1075,552,0.180419608650686,-117.674173187147,37.151528725224,-96.7910912936056,33.7171136196817,0.506802313385668,0.326382704734982,2024.76220334217,2024.94262295082,SRR36617233|A/mallard_duck/AR/24-037952-006/2024|H5N1|USA-AR|Prairie|2024-12-11|wild_avian|D1.1,Pacific,Mississippi
975,976,0.00678889794029447,-116.992502224799,36.9097432092467,-116.729634376157,36.8006850891776,0.507353889519621,0.500564991579327,2024.93638562901,2024.94317452695,NA,Central,Central
846,847,0.0571003539803945,-106.712536871618,40.4824329885622,-104.107034398404,41.3512337946874,0.509484752870021,0.452384398889626,2024.88820503632,2024.9453053903,NA,Pacific,Pacific
709,668,0.121705136457653,-123.801181351181,40.1534532185415,-118.461063683559,37.5363999567454,0.509534553822794,0.387829417365141,2024.8236500548,2024.94535519126,SRR36617797|A/snow_goose/KS/24-038036-002/2024|H5N1|USA-KS|Mitchell|2024-12-12|wild_avian|D1.1,Mississippi,Central
1266,174,0.0695135496981534,-109.014441308098,45.305296681706,-117.309589684988,44.2217182950249,0.509534553822794,0.440021004124641,2024.87584164156,2024.94535519126,SRR36617408|A/bald_eagle/GA/24-038226-003/2024|H5N1|USA-GA|Glynn|2024-12-12|wild_avian|D1.1,Atlantic,Atlantic
1171,1172,0.11263346348757,-71.1716153860236,42.203837297701,-70.6924606259973,42.1223526670629,0.509851154500552,0.397217691012982,2024.83303832845,2024.94567179193,NA,Atlantic,Atlantic
1153,1154,0.00488857247122054,-75.1571802786454,39.2599896430908,-75.9810732852971,38.6958430085925,0.51094246571325,0.506053893242029,2024.94187453068,2024.94676310315,NA,Atlantic,Atlantic
1295,1296,0.202522577149993,-109.533183185204,38.0499492089641,-114.81265976921,42.7634630011244,0.51127305891385,0.308750481763857,2024.7445711192,2024.94709369635,NA,Mississippi,Mississippi
718,638,0.174517034638772,-117.276885294096,35.1686587383792,-120.439722545834,46.929726936539,0.51226679425992,0.337749759621148,2024.77357039706,2024.94808743169,SRR31885765|A/Guineafowl/AL/24-037980-001-original/2024|H5N1|USA-AL|Unknown|2024-12-13|domestic_avian|D1.1,Central,Mississippi
1354,280,0.279226505875493,-114.278981996473,34.5557619196694,-120.246968297177,36.3245327581119,0.514999034697046,0.235772528821553,2024.67159316626,2024.95081967213,SRR36617585|A/canvasback_duck/WA/24-038667-005/2024|H5N1|USA-WA|Walla_Walla|2024-12-14|wild_avian|D1.1,Pacific,Pacific
835,587,0.176077822691385,-98.3318623735608,39.0814825485782,-78.1360513005713,38.8182015410409,0.514999034697046,0.338921212005661,2024.77474184944,2024.95081967213,SRR36617600|A/gadwall/TX/24-038543-056/2024|H5N1|USA-TX|Jefferson|2024-12-14|wild_avian|D1.1,Pacific,Central
1259,226,0.0813735146147185,-81.5607206067344,40.1610224539517,-84.2429686077443,38.7048999598232,0.514999034697046,0.433625520082328,2024.86944615752,2024.95081967213,SRR36617800|A/canada_goose/OH/24-038006-001/2024|H5N1|USA-OH|Mercer|2024-12-14|wild_avian|D1.1,Mississippi,Mississippi
710,669,0.0188455380145114,-123.489351530828,39.7330316958014,-123.868880822407,43.1031923638375,0.514999034697046,0.496153496682535,2024.93197413412,2024.95081967213,SRR36617765|A/ring_necked_duck/KY/24-038721-028/2024|H5N1|USA-KY|Ballard|2024-12-14|wild_avian|D1.1,Mississippi,Mississippi
1164,1165,0.0224356778698215,-74.074069891824,41.4774661624453,-72.1243547792259,43.6992726493759,0.518946738817292,0.496511060947471,2024.93233169838,2024.95476737625,NA,Atlantic,Atlantic
1118,30,0.119675283687757,-109.726582270543,44.7533966230511,-110.504013796262,44.4643283607286,0.520463515571526,0.400788231883769,2024.83660886932,2024.95628415301,SRR36617414|A/snow_goose/ID/24-038179-001/2024|H5N1|USA-ID|Owyhee|2024-12-16|wild_avian|D1.1,Pacific,Pacific
1091,257,0.250599804622031,-123.762477506983,45.2760879542061,-121.721022089644,47.5448335062925,0.523195756008652,0.272595951386621,2024.70841658882,2024.95901639344,SRR36617969|A/mallard_duck/NV/24-039032-001/2024|H5N1|USA-NV|Elko|2024-12-17|wild_avian|D1.1,Pacific,Pacific
1072,546,0.249949717146508,-102.103427241288,31.511401835695,-112.442398035924,44.8430286554222,0.523195756008652,0.273246038862144,2024.7090666763,2024.95901639344,SRR36617967|A/gadwall/NV/24-039032-002/2024|H5N1|USA-NV|Elko|2024-12-17|wild_avian|D1.1,Central,Pacific
818,592,0.234964241564692,-105.208441717315,45.6016546588024,-114.867353338023,47.2489665452,0.523195756008652,0.28823151444396,2024.72405215188,2024.95901639344,SRR36618001|A/Muscovy_duck/TX/24-038475-001/2024|H5N1|USA-TX|Harris|2024-12-17|wild_avian|D1.1,Mississippi,Central
1351,130,0.05519254617394,-111.906861628328,43.3395018749714,-111.902158576747,43.3172009603551,0.523195756008652,0.468003209834712,2024.90382384727,2024.95901639344,SRR36617307|A/canada_goose/WI/25-001449-006/2024|H5N1|USA-WI|St_Croix|2024-12-17|wild_avian|D1.1,Mississippi,Mississippi
1254,224,0.157326835922228,-106.469672278036,41.0030529515613,-103.074191354379,40.7439470333027,0.525927996445778,0.36860116052355,2024.80442179796,2024.96174863388,SRR36617388|A/trumpeter_swan/IL/24-038496-001/2024|H5N1|USA-IL|Pike|2024-12-18|wild_avian|D1.1,Mississippi,Mississippi
736,632,0.0573079982132523,-105.071975966721,46.5333692116047,-108.088792746313,47.6435265085363,0.525927996445778,0.468619998232526,2024.90444063567,2024.96174863388,SRR36617748|A/canada_goose/MO/24-038745-013/2024|H5N1|USA-MO|St_Charles|2024-12-18|wild_avian|D1.1,Mississippi,Mississippi
710,670,0.0297744997632434,-123.489351530828,39.7330316958014,-120.206567758085,40.9678089544888,0.525927996445778,0.496153496682535,2024.93197413412,2024.96174863388,SRR36617758|A/mallard_duck/MO/24-038745-003/2024|H5N1|USA-MO|Nodaway|2024-12-18|wild_avian|D1.1,Mississippi,Mississippi
1124,1125,0.0792972669624248,-97.2028365336114,47.9521769953572,-97.177444805352,45.5685718875102,0.527480913328238,0.448183646365813,2024.8840042838,2024.96330155076,NA,Atlantic,Atlantic
1097,248,0.241592741924351,-117.082571182644,43.2092113410765,-84.77658068223,34.7364427517863,0.528660236882905,0.287067494958554,2024.72288813239,2024.96448087432,SRR36617986|A/green_winged_teal/VA/24-038857-002/2024|H5N1|USA-VA|Virginia_Beach|2024-12-19|wild_avian|D1.1,Central,Atlantic
1121,24,0.239109524591508,-119.955186682283,43.440918865572,-113.847412519646,47.6254660813473,0.528660236882905,0.289550712291397,2024.72537134973,2024.96448087432,SRR36617586|A/canada_goose/WY/24-038662-001/2024|H5N1|USA-WY|Big_Horn|2024-12-19|wild_avian|D1.1,Central,Central
1093,255,0.209651923502614,-118.897443769276,45.1474852702792,-118.766201217034,39.7560374936415,0.528660236882905,0.31900831338029,2024.75482895081,2024.96448087432,SRR36628748|A/mallard_duck/AZ/25-000743-025/2024|H5N1|USA-AZ|La_Paz|2024-12-19|wild_avian|D1.1,Pacific,Pacific
1143,119,0.110164793128753,-72.3096159109142,44.0651128265604,-72.946871582507,44.4386581702148,0.528660236882905,0.418495443754151,2024.85431608119,2024.96448087432,SRR31959989|A/chicken/VT/24-038443-001-original/2024|H5N1|USA-VT|Unknown|2024-12-19|domestic_avian|D1.1,Atlantic,Atlantic
810,331,0.0671650882959622,-98.0767747336094,33.11781185079,-97.5616634702716,32.1087308147454,0.528660236882905,0.461495148586942,2024.89731578602,2024.96448087432,SRR36617982|A/wood_duck/VA/24-038859-013/2024|H5N1|USA-VA|Henrico|2024-12-19|wild_avian|D1.1,Atlantic,Atlantic
819,591,0.0604227704221114,-100.202028522793,47.1571398727905,-96.8280862406848,42.7778125303414,0.528660236882905,0.468237466460793,2024.90405810389,2024.96448087432,SRR36617572|A/green_winged_teal/SC/25-000649-005/2024|H5N1|USA-SC|Charleston|2024-12-19|wild_avian|D1.1,Mississippi,Atlantic
1209,1210,0.0250360283368263,-75.1881933127551,40.0218352709694,-79.3503011041743,38.4791306169866,0.530971003112675,0.505934974775849,2024.94175561221,2024.96679164055,NA,Atlantic,Atlantic
1099,246,0.241256789281759,-120.313527459675,42.6595367613831,-112.265578389194,41.745441242737,0.531392477320031,0.290135688038272,2024.72595632547,2024.96721311475,SRR36617580|A/mallard_duck/WA/25-000523-001/2024|H5N1|USA-WA|Grant|2024-12-20|wild_avian|D1.1,Pacific,Pacific
1205,49,0.145818308847013,-77.3716132961844,43.1500290727843,-76.6415110305824,43.1945157416731,0.531392477320031,0.385574168473018,2024.82139480591,2024.96721311475,SRR36617989|A/cooper_s_hawk/NY/24-038846-001/2024|H5N1|USA-NY|Cayuga|2024-12-20|wild_avian|D1.1,Atlantic,Atlantic
1123,23,0.12698019096974,-97.3916348156908,46.3879103590638,-99.1829607141053,48.2729754189252,0.531392477320031,0.40441228635029,2024.84023292378,2024.96721311475,SRR36617991|A/Peregrine_falcon/NY/24-038845-001/2024|H5N1|USA-NY|Cortland|2024-12-20|wild_avian|D1.1,Atlantic,Atlantic
1033,1034,0.0263370167109085,-115.802560172007,37.7036245128251,-116.483344622541,39.3743622041541,0.532644609728605,0.506307593017697,2024.94212823045,2024.96846524716,NA,Central,Central
1044,562,0.208881734749264,-115.594249417951,35.6844762261948,-122.936894025425,44.8343732469932,0.534124717757157,0.325242983007893,2024.76106362044,2024.96994535519,SRR36628199|A/wild_goose/NE/24-038832-001/2024|H5N1|USA-NE|Douglas|2024-12-21|wild_avian|D1.1,Pacific,Central
1250,1251,0.248219564325807,-112.617547398704,43.9502796468843,-114.686208136225,42.3412388930764,0.538062530111873,0.289842965786065,2024.72566360322,2024.97388316755,NA,Mississippi,Mississippi
734,673,0.133078148827206,-121.459851574561,36.076909541965,-119.852084511371,41.0611911983337,0.539589198631637,0.40651104980443,2024.84233168724,2024.97540983607,SRR36617878|A/western_gull/CA/25-004506-003/2024|H5N1|USA-CA|Monterey|2024-12-23|wild_avian|D1.1,Pacific,Pacific
714,637,0.177238551481152,-121.656529619023,39.7675693246624,-119.761059971223,41.9234076284987,0.542321439068763,0.365082887587611,2024.80090352502,2024.9781420765,SRR36617972|A/canada_goose/SD/24-038946-001/2024|H5N1|USA-SD|Union|2024-12-24|wild_avian|D1.1,Central,Central
1279,164,0.195932867011096,-111.985964656742,47.1712057078748,-114.008011873603,44.3413859497197,0.553250400817267,0.357317533806172,2024.79313817124,2024.98907103825,SRR36617711|A/american_wigeon/SC/25-000504-002/2024|H5N1|USA-SC|Colleton|2024-12-28|wild_avian|D1.1,Atlantic,Atlantic
854,559,0.127079456134678,-101.379608488196,41.5013191912677,-98.0924406424966,38.8500833102961,0.553250400817267,0.426170944682589,2024.86199158212,2024.98907103825,SRR36617718|A/snow_goose/CO/25-000365-002/2024|H5N1|USA-CO|Pueblo|2024-12-28|wild_avian|D1.1,Central,Central
803,300,0.0397140406303828,-77.2603453635868,34.5824998714442,-78.6721475914464,35.0279139128146,0.553250400817267,0.513536360186885,2024.94935699762,2024.98907103825,SRR36617328|A/snow_goose/NC/25-001068-002/2024|H5N1|USA-NC|Hyde|2024-12-28|wild_avian|D1.1,Atlantic,Atlantic
1352,236,0.33989786733515,-122.253468774629,40.9240785091275,-105.244440335683,30.8366629290573,0.558714881691747,0.218817014356597,2024.65463765179,2024.99453551913,SRR36617726|A/canada_goose/OH/25-000228-002/2024|H5N1|USA-OH|Stark|2024-12-30|wild_avian|D1.1,Central,Mississippi
1207,54,0.142976140346408,-75.4540923121976,39.4558041583908,-75.3684013851489,39.8682306998704,0.558714881691747,0.41573874134534,2024.85155937878,2024.99453551913,SRR36628766|A/lesser_snow_goose/PA/25-000167-005/2024|H5N1|USA-PA|Northampton|2024-12-30|wild_avian|D1.1,Atlantic,Atlantic
736,633,0.090094883459221,-105.071975966721,46.5333692116047,-105.486040748898,45.9991909030139,0.558714881691747,0.468619998232526,2024.90444063567,2024.99453551913,SRR36617313|A/snow_goose/TN/25-001379-007/2024|H5N1|USA-TN|Humphreys|2024-12-30|wild_avian|D1.1,Mississippi,Mississippi
1164,74,0.0622038207442762,-74.074069891824,41.4774661624453,-74.5254741848355,43.2917614563537,0.558714881691747,0.496511060947471,2024.93233169838,2024.99453551913,SRR36617737|A/lesser_snow_goose/PA/25-000169-003/2024|H5N1|USA-PA|Lehigh|2024-12-30|wild_avian|D1.1,Atlantic,Atlantic
1283,161,0.153171604213322,-109.457570377205,42.8089913751872,-108.318525410506,40.7999370810402,0.561447122128873,0.408275517915551,2024.84409615535,2024.99726775956,SRR32006892|A/chicken/WV/25-000049-006-original/2024|H5N1|USA-WV|Unknown|2024-12-31|domestic_avian|D1.1,Mississippi,Atlantic
1139,121,0.0991955446878541,-74.9045519220437,44.1373046748934,-76.1394050537499,42.0047226272527,0.561447122128873,0.462251577441019,2024.89807221488,2024.99726775956,SRR36617325|A/snow_goose/MA/25-001222-002/2024|H5N1|USA-MA|Dorchester|2024-12-31|wild_avian|D1.1,Atlantic,Atlantic
1210,52,0.0304761190161978,-79.3503011041743,38.4791306169866,-81.8448522865163,40.8012507896487,0.561447122128873,0.530971003112675,2024.96679164055,2024.99726775956,SRR36617326|A/snow_goose/MA/25-001222-001/2024|H5N1|USA-MA|Dorchester|2024-12-31|wild_avian|D1.1,Atlantic,Atlantic
1172,1173,0.0570319475161349,-70.6924606259973,42.1223526670629,-71.0587447486523,42.4293886282824,0.566883102016687,0.509851154500552,2024.94567179193,2025.00270373945,NA,Atlantic,Atlantic
1240,268,0.245832737586629,-120.00791244377,40.4931847340567,-103.771907471517,31.4318625067071,0.566919088593357,0.321086351006728,2024.75690698844,2025.00273972603,SRR32416368|A/Canada_Goose/TN/25-003129-001-original/2025|H5N1|USA-TN|Unknown|2025-01-02|wild_avian|D1.1,Central,Mississippi
1322,147,0.240356811210351,-109.208718172569,39.6003558503701,-108.099759671755,41.0811734287722,0.566919088593357,0.326562277383006,2024.76238291482,2025.00273972603,SRR32226683|A/Canada_Goose/IL/25-000616-010/2025|H5N1|USA-IL|Cook|2025-01-02|wild_avian|D1.1,Mississippi,Mississippi
1068,539,0.22143890638,-110.353195176882,31.7716867085377,-106.779651201279,34.3209905842649,0.566919088593357,0.345480182213357,2024.78130081965,2025.00273972603,SRR32226691|A/Canada_Goose/IL/25-000616-002/2025|H5N1|USA-IL|Cook|2025-01-02|wild_avian|D1.1,Mississippi,Mississippi
1323,145,0.197938947924053,-108.601038426737,41.526959065199,-104.164913367144,44.6061362143197,0.566919088593357,0.368980140669304,2024.8048007781,2025.00273972603,SRR32254443|A/snow_goose/AL/25-001388-002/2025|H5N1|USA-AL|Limestone|2025-01-02|wild_avian|D1.1,Mississippi,Mississippi
717,643,0.182530715051763,-115.463360987575,39.0096388886956,-115.425322363931,38.9889943265763,0.566919088593357,0.384388373541594,2024.82020901098,2025.00273972603,SRR36617578|A/red_tailed_hawk/IA/25-000527-002/2024|H5N1|USA-IA|Polk|2025-01-02|wild_avian|D1.1,Mississippi,Mississippi
1142,120,0.154898437774806,-70.7299847525232,44.40971243127,-75.1601206784693,44.6607906307367,0.566919088593357,0.41202065081855,2024.84784128825,2025.00273972603,SRR32006864|A/chicken/DE/25-000201-001-original/2025|H5N1|USA-DE|Unknown|2025-01-02|domestic_avian|D1.1,Atlantic,Atlantic
806,327,0.13177878007748,-104.049421818718,36.6924488654814,-106.751964390785,41.4522756529093,0.566919088593357,0.435140308515877,2024.87096094595,2025.00273972603,SRR32254425|A/bald_eagle/SC/25-000782-001/2025|H5N1|USA-SC|Charleston|2025-01-02|wild_avian|D1.1,Mississippi,Atlantic
1157,101,0.0945840346829445,-71.0476447004338,43.2126534779939,-73.0179842515221,43.0316250317034,0.566919088593357,0.472335053910412,2024.90815569134,2025.00273972603,SRR32254418|A/canada_goose/RI/25-001721-001/2025|H5N1|USA-RI|Newport|2025-01-02|wild_avian|D1.1,Atlantic,Atlantic
812,324,0.0698280803360618,-106.60571647407,38.2774041626531,-106.328535943742,38.234748302923,0.566919088593357,0.497091008257295,2024.93291164569,2025.00273972603,SRR32868825|A/Canada_Goose/WV/25-001893-003-original/2025|H5N1|USA-WV|Unknown|2025-01-02|wild_avian|D1.1,Atlantic,Atlantic
1210,51,0.0359480854806814,-79.3503011041743,38.4791306169866,-82.909111641161,37.0146104662314,0.566919088593357,0.530971003112675,2024.96679164055,2025.00273972603,SRR32254446|A/red_tailed_hawk/PA/25-001322-001/2025|H5N1|USA-PA|Northampton|2025-01-02|wild_avian|D1.1,Atlantic,Atlantic
755,567,0.234111945127247,-122.198170414289,41.1332023858064,-108.29459218367,45.3691300893518,0.569658814620714,0.335546869493467,2024.77136750693,2025.00547945205,SRR32254439|A/snow_goose/NM/25-001448-001/2025|H5N1|USA-NM|Socorro|2025-01-03|wild_avian|D1.1,Pacific,Central
1207,53,0.153920073275375,-75.4540923121976,39.4558041583908,-75.132034756498,38.7734488077183,0.569658814620714,0.41573874134534,2024.85155937878,2025.00547945205,SRR32254501|A/snow_goose/NJ/25-000806-001/2025|H5N1|USA-NJ|Morris|2025-01-03|wild_avian|D1.1,Atlantic,Atlantic
1218,1219,0.0762919206243661,-86.0066312501125,41.1538625327763,-84.2045344615019,41.4198073887858,0.571054933382976,0.49476301275861,2024.93058365019,2025.00687557082,NA,Mississippi,Mississippi
735,631,0.285579538146826,-121.389462795835,37.0149026266589,-112.195564496766,46.6342099097617,0.575138266675656,0.289558728528831,2024.72537936596,2025.01095890411,SRR32226692|A/Great_Horned_Owl/IA/25-000440-001/2025|H5N1|USA-IA|Polk|2025-01-05|wild_avian|D1.1,Central,Mississippi
1176,93,0.158266776480818,-71.5870053271468,42.6717290940205,-71.5758756891619,41.1979829401565,0.575138266675656,0.416871490194838,2024.85269212763,2025.01095890411,SRR32512599|A/canada_goose/ME/25-003295-001/2025|H5N1|USA-ME|York|2025-01-05|wild_avian|D1.1,Atlantic,Atlantic
830,598,0.12082099791093,-89.0507423193938,38.560712233716,-88.2318225207294,36.5839315403,0.575138266675656,0.454317268764726,2024.8901379062,2025.01095890411,SRR32125546|A/chicken/OR/25-000540-001-original/2025|H5N1|USA-OR|Unknown|2025-01-05|domestic_avian|D1.1,Pacific,Pacific
1209,50,0.0692032918998072,-75.1881933127551,40.0218352709694,-75.7170216886383,40.3371104939047,0.575138266675656,0.505934974775849,2024.94175561221,2025.01095890411,SRR32254496|A/snow_goose/NJ/25-000810-002/2025|H5N1|USA-NJ|Warren|2025-01-05|wild_avian|D1.1,Atlantic,Atlantic
1168,99,0.285283371001915,-71.0628633338299,42.431584474034,-72.9709609869216,43.3119945960104,0.577877992703014,0.292594621701099,2024.72841525914,2025.01369863014,SRR32254487|A/canada_goose/NY/25-000858-002/2025|H5N1|USA-NY|Saratoga|2025-01-06|wild_avian|D1.1,Atlantic,Atlantic
1278,163,0.234703920089362,-111.539891557844,47.3710947026039,-111.318270482028,47.9659159215751,0.577877992703014,0.343174072613651,2024.77899471005,2025.01369863014,SRR32125549|A/chicken/GA/25-000538-001-original/2025|H5N1|USA-GA|Unknown|2025-01-06|domestic_avian|D1.1,Atlantic,Atlantic
1117,27,0.142802813001028,-110.663327669072,45.1380327091182,-113.374905327886,48.2739756872039,0.577877992703014,0.435075179701985,2024.87089581714,2025.01369863014,SRR32125547|A/chicken/ID/25-000539-001-original/2025|H5N1|USA-ID|Unknown|2025-01-06|domestic_avian|D1.1,Pacific,Pacific
732,628,0.0871244499103525,-117.099594620866,41.176092373916,-116.441561829144,41.805704186138,0.577877992703014,0.490753542792661,2024.92657418023,2025.01369863014,SRR32254472|A/red_tailed_hawk/ID/25-001246-001/2025|H5N1|USA-ID|Unknown|2025-01-06|wild_avian|D1.1,Pacific,Pacific
1347,135,0.0756026168635542,-118.099127767656,38.0250071639568,-113.264732584374,38.4689615425853,0.577877992703014,0.50227537583946,2024.93809601327,2025.01369863014,SRR32254451|A/red_tailed_hawk/WI/25-001295-001/2025|H5N1|USA-WI|Columbia|2025-01-06|wild_avian|D1.1,Mississippi,Mississippi
721,663,0.216760363267766,-122.144979637336,43.1791913330633,-115.868554017985,32.6625224825419,0.580617718730371,0.363857355462605,2024.7996779929,2025.01643835616,SRR32416436|A/mallard/LA/25-001905-003/2025|H5N1|USA-LA|Richland|2025-01-07|wild_avian|D1.1,Central,Mississippi
861,337,0.0756646670882167,-111.670637743167,35.0079744576098,-115.463609421972,37.9868249424877,0.580617718730371,0.504953051642154,2024.94077368908,2025.01643835616,SRR32254489|A/cackling_goose/CO/25-000848-001/2025|H5N1|USA-CO|Weld|2025-01-07|wild_avian|D1.1,Pacific,Central
1056,529,0.293665970944392,-102.471390682017,30.6484659758993,-101.003627217958,44.7431727254618,0.583357444757729,0.289691473813337,2024.72551211125,2025.01917808219,SRR32512601|A/american_wigeon/AZ/25-004049-003/2025|H5N1|USA-AZ|Mohave|2025-01-08|wild_avian|D1.1,Central,Pacific
1088,258,0.207985335759307,-119.561647177741,41.5586700852438,-95.0891341444458,36.9053540849787,0.586097170785086,0.378111835025779,2024.81393247246,2025.02191780822,SRR32254417|A/bald_eagle/AL/25-001791-001/2025|H5N1|USA-AL|Baldwin|2025-01-09|wild_avian|D1.1,Pacific,Mississippi
718,719,0.249681214862659,-117.276885294096,35.1686587383792,-114.467029828207,39.177319203906,0.587430974483807,0.337749759621148,2024.77357039706,2025.02325161192,NA,Central,Central
1219,1220,0.0208430228845143,-84.2045344615019,41.4198073887858,-84.3218647622328,41.5730433292359,0.59189795626749,0.571054933382976,2025.00687557082,2025.0277185937,NA,Mississippi,Mississippi
730,626,0.306298118741007,-122.388401944059,38.4191391819775,-110.56680264058,41.1957639775559,0.594316348867385,0.288018230126378,2024.72383886756,2025.0301369863,SRR33029793|A/Trumpeter_Swan/MN/25-002569-001-original/2025|H5N1|USA-MN|Unknown|2025-01-12|wild_avian|D1.1,Pacific,Mississippi
821,822,0.305630328479057,-95.6849293898245,38.8949445464513,-105.979162055204,48.6277506286266,0.594716143021087,0.28908581454203,2024.72490645198,2025.03053678046,NA,Central,Pacific
1173,1174,0.0283664122218533,-71.0587447486523,42.4293886282824,-70.9378363073318,42.7552333806693,0.59524951423854,0.566883102016687,2025.00270373945,2025.03107015167,NA,Atlantic,Atlantic
1070,1071,0.216235577373423,-95.6267425723351,39.9326860547098,-89.166456617703,37.0425832885359,0.596154203259171,0.379918625885748,2024.81573926332,2025.03197484069,NA,Mississippi,Mississippi
1102,239,0.353045649636364,-122.235842930627,40.287192634098,-108.294492345434,39.4784359897831,0.597056074894743,0.244010425258379,2024.67983106269,2025.03287671233,SRR32416354|A/American_Woodcock/AR/25-003125-001-original/2025|H5N1|USA-AR|Unknown|2025-01-13|wild_avian|D1.1,Central,Mississippi
1198,59,0.219101582006769,-72.2363461641056,41.6922880247884,-75.7025709055875,43.7914657652575,0.597056074894743,0.377954492887974,2024.81377513032,2025.03287671233,SRR32254424|A/mallard/VT/25-001682-021/2025|H5N1|USA-VT|Grand_Isle|2025-01-13|wild_avian|D1.1,Atlantic,Atlantic
1157,102,0.124721020984331,-71.0476447004338,43.2126534779939,-70.790290160355,44.9948139078303,0.597056074894743,0.472335053910412,2024.90815569134,2025.03287671233,SRR32254427|A/mallard/VT/25-001682-012/2025|H5N1|USA-VT|Grand_Isle|2025-01-13|wild_avian|D1.1,Atlantic,Atlantic
1140,123,0.115442373411273,-74.1788994928293,41.9815744488203,-74.3881098751173,41.0804972651987,0.597056074894743,0.48161370148347,2024.91743433892,2025.03287671233,SRR32254429|A/snow_goose/NY/25-001673-001/2025|H5N1|USA-NY|Ontario|2025-01-13|wild_avian|D1.1,Atlantic,Atlantic
1274,157,0.310400974916982,-109.551802886077,42.6475868558512,-115.511134856687,32.8477704636573,0.5997958009221,0.289394826005119,2024.72521546344,2025.03561643836,SRR33508814|A/lesser_scaup/FL/25-003912-002/2025|H5N1|USA-FL|Indian_River|2025-01-14|wild_avian|D1.1,Mississippi,Atlantic
706,664,0.304681671470635,-120.12414616909,42.4685028450515,-113.309506049102,33.2449524636275,0.602535526949458,0.297853855478822,2024.73367449291,2025.03835616438,SRR32416380|A/Wood_Duck/MS/25-002206-001-original/2025|H5N1|USA-MS|Unknown|2025-01-15|wild_avian|D1.1,Central,Mississippi
852,289,0.312208246671646,-99.0450366801052,37.6606853948709,-112.52812600529,40.6766517658216,0.605275252977042,0.293067006305396,2024.72888764374,2025.04109589041,SRR32653596|A/Weasel/WA/25-002912-001-original-repeat2/2025|H5N1|USA-WA|Unknown|2025-01-16|other_mammal|D1.1,Pacific,Pacific
708,667,0.232016491436791,-123.60716324953,40.8089064061045,-111.580015825197,41.6128463735232,0.605275252977042,0.373258761540251,2024.80907939897,2025.04109589041,SRR32513187|A/great_horned_owl/WY/25-002742-001/2025|H5N1|USA-WY|Goshen|2025-01-16|wild_avian|D1.1,Mississippi,Central
1153,114,0.099221359735013,-75.1571802786454,39.2599896430908,-75.4917505908534,39.3077540739386,0.605275252977042,0.506053893242029,2024.94187453068,2025.04109589041,SRR32513297|A/red_tailed_hawk/PA/25-003148-002/2025|H5N1|USA-PA|Lehigh|2025-01-16|wild_avian|D1.1,Atlantic,Atlantic
719,639,0.0178442784932359,-114.467029828207,39.177319203906,-114.682796219232,39.4114780674624,0.605275252977042,0.587430974483807,2025.02325161192,2025.04109589041,SRR32254412|A/cat/SD/25-002248-001/2025|H5N1|USA-SD|Faulk|2025-01-16|feline|D1.1,Central,Central
719,640,0.0178442784932359,-114.467029828207,39.177319203906,-114.637562601946,39.6491400496457,0.605275252977042,0.587430974483807,2025.02325161192,2025.04109589041,SRR32254411|A/cat/SD/25-002248-002/2025|H5N1|USA-SD|Faulk|2025-01-16|feline|D1.1,Central,Central
1220,1221,0.0157339444083713,-84.3218647622328,41.5730433292359,-85.890350565263,43.7509279300962,0.607631900675862,0.59189795626749,2025.0277185937,2025.04345253811,NA,Mississippi,Mississippi
1156,103,0.139087061427222,-71.710814844222,43.0568589141716,-71.5326244405531,42.7494105321656,0.6080149790044,0.468927917577178,2024.90474855501,2025.04383561644,SRR32513176|A/mallard/NH/25-003045-054/2025|H5N1|USA-NH|Merrimack|2025-01-17|wild_avian|D1.1,Atlantic,Atlantic
1156,104,0.139087061427222,-71.710814844222,43.0568589141716,-72.1813436879883,43.1637486746052,0.6080149790044,0.468927917577178,2024.90474855501,2025.04383561644,SRR32416416|A/mallard/NH/25-003045-041/2025|H5N1|USA-NH|Merrimack|2025-01-17|wild_avian|D1.1,Atlantic,Atlantic
1261,228,0.111496082305728,-81.3591066641034,41.0348746224209,-76.1624302717944,42.2158931866845,0.6080149790044,0.496518896698672,2024.93233953413,2025.04383561644,SRR32254410|A/African_crowned_crane/VA/25-002296-001/2025|H5N1|USA-VA|Powhatan|2025-01-17|wild_avian|D1.1,Mississippi,Atlantic
1089,260,0.281943086221965,-117.438244601213,41.575346990265,-114.015743273777,34.969862520698,0.610754705031757,0.328811618809792,2024.76463225624,2025.04657534247,SRR32513271|A/great_horned_owl/NM/25-002820-001/2025|H5N1|USA-NM|Chaves|2025-01-18|wild_avian|D1.1,Pacific,Central
1150,110,0.099620302460374,-70.1172269296422,41.7494457371883,-71.4366767505892,41.4599962561141,0.613494431059115,0.513874128598741,2024.94969476603,2025.04931506849,SRR33319045|A/hooded_merganser/RI/25-007119-005/2025|H5N1|USA-RI|Washington|2025-01-19|wild_avian|D1.1,Atlantic,Atlantic
972,973,0.133348492587166,-112.836320107876,34.0557096977817,-115.125491032169,39.7157311824238,0.617271095409683,0.483922602822517,2024.91974324026,2025.05309173284,NA,Central,Central
830,597,0.164656614349331,-89.0507423193938,38.560712233716,-88.3903575456829,38.7119059677743,0.618973883114057,0.454317268764726,2024.8901379062,2025.05479452055,SRR32254304|A/cattle/NV/25-002645-003-original/2025|H5N1|USA-NV|Unknown|2025-01-21|cattle|D1.1,Pacific,Pacific
1217,32,0.162724009035534,-85.4959881549936,44.9189100563875,-85.7360094027128,43.2385188553763,0.618973883114057,0.456249874078523,2024.89207051151,2025.05479452055,SRR34980358|A/bald_eagle/WI/25-021326-002/2025|H5N1|USA-WI|Door|2025-01-21|wild_avian|D1.1,Mississippi,Mississippi
1239,277,0.161007466866807,-121.747355729056,46.0472164084991,-121.697997040739,45.6947218545664,0.618973883114057,0.45796641624725,2024.89378705368,2025.05479452055,SRR33125070|A/Great_Horned_Owl/MT/25-006102-001-original/2025|H5N1|USA-MT|Unknown|2025-01-21|wild_avian|D1.1,Central,Central
822,823,0.0245702050268465,-105.979162055204,48.6277506286266,-107.232598187958,48.7205953872459,0.619286348047934,0.594716143021087,2025.03053678046,2025.05510698548,NA,Pacific,Pacific
847,848,0.110349679293534,-104.107034398404,41.3512337946874,-103.47457446733,38.8297099105316,0.619834432163554,0.509484752870021,2024.9453053903,2025.0556550696,NA,Pacific,Pacific
1219,1223,0.0497911005909804,-84.2045344615019,41.4198073887858,-84.3613013755297,42.1747806268738,0.620846033973956,0.571054933382976,2025.00687557082,2025.05666667141,NA,Mississippi,Mississippi
1332,1333,0.187170302424553,-109.25950814184,40.0703506625636,-106.425178381605,41.6994299621423,0.621539719485608,0.434369417061055,2024.87019005449,2025.05736035692,NA,Mississippi,Mississippi
1090,253,0.352599345199452,-123.925701059835,45.0643481296962,-119.383608421874,42.7685647659608,0.621713609141414,0.269114263941963,2024.70493490138,2025.05753424658,GenBank|A/chicken/WA/W250220054-7/2025|H5N1|USA-WA|Unknown|2025-01-22|domestic_avian|D1.1,Pacific,Pacific
1331,214,0.260543244500518,-110.595665595814,43.0253630995021,-104.305117071965,39.9683243216834,0.621713609141414,0.361170364640896,2024.79699100207,2025.05753424658,SRR32416465|A/bald_eagle/OK/25-003111-001/2025|H5N1|USA-OK|Le_Flore|2025-01-22|wild_avian|D1.1,Mississippi,Central
1060,531,0.202933357219933,-104.056281375633,44.7794235918765,-103.829866664902,45.1228936818022,0.621713609141414,0.418780251921481,2024.85460088936,2025.05753424658,SRR32512591|A/canada_goose/KY/25-004132-002/2025|H5N1|USA-KY|Kenton|2025-01-22|wild_avian|D1.1,Mississippi,Mississippi
1178,91,0.176302894849667,-69.5892682814492,46.3310738856579,-69.5638693759382,46.1859624455339,0.621713609141414,0.445410714291747,2024.88123135173,2025.05753424658,SRR32512620|A/great_horned_owl/MA/25-003297-003/2025|H5N1|USA-MA|Barnstable|2025-01-22|wild_avian|D1.1,Atlantic,Atlantic
775,303,0.128113538371469,-112.905438792038,40.4508581579073,-112.849568337483,42.6442250258394,0.621713609141414,0.493600070769945,2024.9294207082,2025.05753424658,SRR32513231|A/snow_goose/VA/25-004135-011/2025|H5N1|USA-VA|Northampton|2025-01-22|wild_avian|D1.1,Atlantic,Atlantic
1333,209,0.000173889655806114,-106.425178381605,41.6994299621423,-106.434209297389,41.7349528320458,0.621713609141414,0.621539719485608,2025.05736035692,2025.05753424658,SRR33029806|A/raccoon/KY/25-006499-002/2025|H5N1|USA-KY|Boone|2025-01-22|other_mammal|D1.1,Mississippi,Mississippi
739,284,0.344025858631377,-119.201510049093,44.6068820005547,-109.622074458959,44.54762558422,0.624453335168772,0.280427476537394,2024.71624811397,2025.0602739726,SRR32415199|A/chicken/OR/25-003575-001-original/2025|H5N1|USA-OR|Unknown|2025-01-23|domestic_avian|D1.1,Pacific,Pacific
1204,48,0.294706965106501,-75.020125963496,42.4964878548974,-77.0907451243474,41.1726057386571,0.624453335168772,0.329746370062271,2024.7655670075,2025.0602739726,SRR32512673|A/american_black_duck/CT/25-003143-002/2025|H5N1|USA-CT|New_Haven|2025-01-23|wild_avian|D1.1,Atlantic,Atlantic
1353,234,0.176158392212281,-120.276831674593,43.1540666936137,-120.424342403943,43.3401833623717,0.624453335168772,0.448294942956491,2024.88411558039,2025.0602739726,SRR32654188|A/Turkey/NE/25-002670-003-original/2025|H5N1|USA-NE|Unknown|2025-01-23|domestic_avian|D1.1,Central,Central
1174,96,0.0292038209302315,-70.9378363073318,42.7552333806693,-71.3566984464631,42.411455463514,0.624453335168772,0.59524951423854,2025.03107015167,2025.0602739726,SRR32512597|A/canada_goose/ME/25-003295-004/2025|H5N1|USA-ME|York|2025-01-23|wild_avian|D1.1,Atlantic,Atlantic
1053,1054,0.316442211386078,-103.299161080816,31.5419963380174,-101.262332818286,31.1708753870074,0.62473176710613,0.308289555720052,2024.74411019315,2025.06055240454,NA,Central,Central
834,837,0.313743527840837,-98.0562366143847,38.6156970410621,-100.188055781689,41.9622497603101,0.626624016225352,0.312880488384515,2024.74870112582,2025.06244465366,NA,Pacific,Pacific
847,623,0.117708308326108,-104.107034398404,41.3512337946874,-104.062336257836,41.6010966504289,0.627193061196129,0.509484752870021,2024.9453053903,2025.06301369863,SRR33125090|A/western_gull/CA/25-004499-005/2025|H5N1|USA-CA|San_Mateo|2025-01-24|wild_avian|D1.1,Pacific,Pacific
1221,1222,0.0214784616592464,-85.890350565263,43.7509279300962,-88.6913138090587,43.2037404524138,0.629110362335108,0.607631900675862,2025.04345253811,2025.06493099977,NA,Mississippi,Mississippi
1198,1199,0.251303878210114,-72.2363461641056,41.6922880247884,-80.3436972286649,39.2481645601258,0.629258371098089,0.377954492887974,2024.81377513032,2025.06507900853,NA,Atlantic,Atlantic
695,645,0.284708230445014,-121.383007963654,39.6109996246989,-110.272705772428,32.785815297052,0.629932787223486,0.345224556778472,2024.78104519421,2025.06575342466,SRR32654185|A/chicken/IN/25-002875-001-original/2025|H5N1|USA-IN|Unknown|2025-01-25|domestic_avian|D1.1,Central,Mississippi
774,321,0.158548155498322,-110.903863424732,41.5453574456539,-106.178126733259,44.0825478280645,0.629932787223486,0.471384631725165,2024.90720526916,2025.06575342466,SRR32654186|A/chicken/DE/25-002825-001-original/2025|H5N1|USA-DE|Unknown|2025-01-25|domestic_avian|D1.1,Atlantic,Atlantic
848,849,0.0143883087045817,-103.47457446733,38.8297099105316,-101.70703207356,40.1461618092733,0.634222740868136,0.619834432163554,2025.0556550696,2025.0700433783,NA,Pacific,Pacific
711,634,0.345060281440076,-120.254698313849,36.1568950949631,-108.0664064624,35.5004081177434,0.635412239278428,0.290351957838353,2024.72617259527,2025.07123287671,SRR32512607|A/canada_goose/CO/25-003832-001/2025|H5N1|USA-CO|Chaffee|2025-01-27|wild_avian|D1.1,Mississippi,Central
714,636,0.270329351690818,-121.656529619023,39.7675693246624,-119.157802839754,38.6848173191668,0.635412239278428,0.365082887587611,2024.80090352502,2025.07123287671,SRR32654124|A/Guineafowl/NE/25-003247-003-original/2025|H5N1|USA-NE|Unknown|2025-01-27|domestic_avian|D1.1,Central,Central
767,614,0.259983137478498,-102.686791031179,38.8077680765623,-90.7036782661526,37.322752041193,0.635412239278428,0.37542910179993,2024.81124973923,2025.07123287671,SRR32416454|A/bald_eagle/FL/25-003208-001/2025|H5N1|USA-FL|Lee|2025-01-27|wild_avian|D1.1,Mississippi,Atlantic
1283,160,0.227136721362877,-109.457570377205,42.8089913751872,-101.972696168712,35.4311723843728,0.635412239278428,0.408275517915551,2024.84409615535,2025.07123287671,SRR32513218|A/vulture/LA/25-003600-001/2025|H5N1|USA-LA|Orleans|2025-01-27|wild_avian|D1.1,Mississippi,Mississippi
865,511,0.193063729491108,-109.874631480953,33.9036380527603,-103.571494851863,38.1668790710359,0.635412239278428,0.442348509787321,2024.87816914722,2025.07123287671,SRR32416347|A/canada_goose/ND/25-003472-002/2025|H5N1|USA-ND|Oliver|2025-01-27|wild_avian|D1.1,Central,Central
1034,1035,0.104546147800226,-116.483344622541,39.3743622041541,-121.278382155416,35.9301642461138,0.637190757528831,0.532644609728605,2024.96846524716,2025.07301139496,NA,Central,Central
1061,538,0.215122980164389,-101.370290516883,44.1484002989903,-100.994573784523,43.0786720640579,0.638151965305786,0.423028985141397,2024.85884962258,2025.07397260274,SRR32653672|A/Canada_Goose/WV/25-005199-001-original/2025|H5N1|USA-WV|Unknown|2025-01-28|wild_avian|D1.1,Atlantic,Atlantic
1256,223,0.199247617076983,-106.538743827241,41.1534148051839,-106.430413550187,41.0331042058383,0.638151965305786,0.438904348228803,2024.87472498566,2025.07397260274,SRR33125126|A/Red-tailed_Hawk/MO/25-004415-009-original/2025|H5N1|USA-MO|Unknown|2025-01-28|wild_avian|D1.1,Mississippi,Mississippi
1035,1036,0.00350746599849194,-121.278382155416,35.9301642461138,-121.040542530976,36.2179797767159,0.640698223527323,0.637190757528831,2025.07301139496,2025.07651886096,NA,Central,Central
739,283,0.360464214795749,-119.201510049093,44.6068820005547,-121.883726099068,43.9902931196664,0.640891691333143,0.280427476537394,2024.71624811397,2025.07671232877,SRR32513288|A/red_tailed_hawk/UT/25-003824-002/2025|H5N1|USA-UT|Unknown|2025-01-29|wild_avian|D1.1,Pacific,Pacific
690,656,0.317556208730871,-117.658751535541,47.6324414644597,-113.648346876748,41.3442339354956,0.640891691333143,0.323335482602273,2024.75915612004,2025.07671232877,SRR32513289|A/red_tailed_hawk/TX/25-003592-003/2025|H5N1|USA-TX|Lubbock|2025-01-29|wild_avian|D1.1,Central,Central
804,332,0.313453190631771,-104.996846959521,37.4348733227084,-105.075247961507,43.8589754951884,0.640891691333143,0.327438500701372,2024.76325913814,2025.07671232877,SRR32512666|A/canada_goose/MI/25-004311-003/2025|H5N1|USA-MI|Shiawassee|2025-01-29|wild_avian|D1.1,Mississippi,Mississippi
860,338,0.190900642463059,-109.53297566511,35.0618654297366,-117.720654280486,44.0246775374809,0.640891691333143,0.449991048870084,2024.8858116863,2025.07671232877,SRR32512557|A/cackling_goose/TX/25-003592-001/2025|H5N1|USA-TX|Lubbock|2025-01-29|wild_avian|D1.1,Central,Central
1267,171,0.186465573885603,-108.51523358672,45.1962479767303,-107.550258671293,46.9228358350714,0.640891691333143,0.45442611744754,2024.89024675488,2025.07671232877,SRR32804602|A/bald_eagle/OH/25-006046-002/2025|H5N1|USA-OH|Lorain|2025-01-29|wild_avian|D1.1,Atlantic,Mississippi
972,516,0.156969088510626,-112.836320107876,34.0557096977817,-112.834156205891,33.6331998194266,0.640891691333143,0.483922602822517,2024.91974324026,2025.07671232877,SRR32512609|A/canada_goose/ND/25-003829-001/2025|H5N1|USA-ND|Mercer|2025-01-29|wild_avian|D1.1,Central,Central
1261,227,0.144372794634472,-81.3591066641034,41.0348746224209,-80.8816961441512,40.1064339134538,0.640891691333143,0.496518896698672,2024.93233953413,2025.07671232877,SRR32804603|A/bald_eagle/OH/25-006046-001/2025|H5N1|USA-OH|Mahoning|2025-01-29|wild_avian|D1.1,Mississippi,Mississippi
1296,206,0.129618632419293,-114.81265976921,42.7634630011244,-106.88738375222,46.2461023049063,0.640891691333143,0.51127305891385,2024.94709369635,2025.07671232877,SRR32512665|A/canada_goose/MI/25-004311-004/2025|H5N1|USA-MI|Washtenaw|2025-01-29|wild_avian|D1.1,Mississippi,Mississippi
716,641,0.328716154606466,-116.616589019042,37.1163219763652,-119.469661831938,35.1077642708088,0.643631417360501,0.314915262754035,2024.75073590019,2025.07945205479,SRR33682350|A/Bobcat/KS/25-014574-001-original/2025|H5N1|USA-KS|Unknown|2025-01-30|feline|D1.1,Mississippi,Central
762,553,0.318329390474835,-121.479253099411,38.0090537895065,-119.405161775486,37.5909229603147,0.643631417360501,0.325302026885666,2024.76112266432,2025.07945205479,SRR32513192|A/hawk/WY/25-004351-001/2025|H5N1|USA-WY|Fremont|2025-01-30|wild_avian|D1.1,Pacific,Central
1089,261,0.314819798550709,-117.438244601213,41.575346990265,-104.618376756314,45.2551862220416,0.643631417360501,0.328811618809792,2024.76463225624,2025.07945205479,SRR33508816|A/canada_goose/CA/25-003254-006/2025|H5N1|USA-CA|San_Luis_Obispo|2025-01-30|wild_avian|D1.1,Pacific,Pacific
1257,230,0.246146115549547,-104.599566551051,47.9215044530229,-97.167463468845,43.2218101690652,0.643631417360501,0.397485301810953,2024.83330593925,2025.07945205479,SRR32654208|A/chicken/MO/25-003398-001-original/2025|H5N1|USA-MO|Unknown|2025-01-30|domestic_avian|D1.1,Mississippi,Mississippi
1332,211,0.209262000299445,-109.25950814184,40.0703506625636,-106.865608750497,46.0942158255395,0.643631417360501,0.434369417061055,2024.87019005449,2025.07945205479,SRR33125054|A/Mallard/MD/25-005882-005-original/2025|H5N1|USA-MD|Unknown|2025-01-30|wild_avian|D1.1,Mississippi,Atlantic
807,329,0.141298460239361,-105.31588529063,35.7858026738837,-107.638384663909,39.1893146495654,0.643631417360501,0.502332957121139,2024.93815359456,2025.07945205479,SRR32513174|A/great_horned_owl/SC/25-004165-001/2025|H5N1|USA-SC|Charleston|2025-01-30|wild_avian|D1.1,Atlantic,Atlantic
1054,1055,0.0191987647714974,-101.262332818286,31.1708753870074,-102.468905630113,33.6725674809823,0.643930531877627,0.62473176710613,2025.06055240454,2025.07975116931,NA,Central,Central
1133,20,0.173169945558762,-102.27545359013,47.8306486678416,-100.27030131105,47.7432547707817,0.646371143387858,0.473201197829096,2024.90902183526,2025.08219178082,SRR32415153|A/chicken/MD/25-003830-002-original/2025|H5N1|USA-MD|Unknown|2025-01-31|domestic_avian|D1.1,Atlantic,Atlantic
837,838,0.0198754753010603,-100.188055781689,41.9622497603101,-99.8253122532097,42.1612186044808,0.646499491526412,0.626624016225352,2025.06244465366,2025.08232012896,NA,Pacific,Pacific
976,977,0.141866745858257,-116.729634376157,36.8006850891776,-120.240078717825,38.7064505846242,0.649220635377878,0.507353889519621,2024.94317452695,2025.08504127281,NA,Central,Central
1097,247,0.367522826511604,-117.082571182644,43.2092113410765,-108.292416829493,44.1092049240897,0.654590321470158,0.287067494958554,2024.72288813239,2025.0904109589,SRR32512878|A/Duck/WA/25-004661-001-original/2025|H5N1|USA-WA|Unknown|2025-02-03|domestic_avian|D1.1,Central,Pacific
826,604,0.363306514325966,-97.103533428577,40.0750941069159,-121.253715758753,47.6421034537554,0.654590321470158,0.291283807144191,2024.72710444458,2025.0904109589,SRR32653680|A/Canada_Goose/FL/25-004847-003-original/2025|H5N1|USA-FL|Unknown|2025-02-03|wild_avian|D1.1,Central,Atlantic
1044,565,0.329347338462264,-115.594249417951,35.6844762261948,-113.279433441682,36.9240767129243,0.654590321470158,0.325242983007893,2024.76106362044,2025.0904109589,SRR32512655|A/canada_goose/CO/25-004662-001/2025|H5N1|USA-CO|Larimer|2025-02-03|wild_avian|D1.1,Pacific,Central
1255,221,0.249965455179662,-106.450696643549,41.0673517947974,-111.824119800688,48.4983443907344,0.654590321470158,0.404624866290495,2024.84044550372,2025.0904109589,SRR32415110|A/chicken/LA/25-004414-001-original/2025|H5N1|USA-LA|Unknown|2025-02-03|domestic_avian|D1.1,Mississippi,Mississippi
1165,73,0.135643582652865,-72.1243547792259,43.6992726493759,-70.2660728381677,45.628574896377,0.654590321470158,0.518946738817292,2024.95476737625,2025.0904109589,SRR32513235|A/snow_goose/NY/25-004092-002/2025|H5N1|USA-NY|Tompkins|2025-02-03|wild_avian|D1.1,Atlantic,Atlantic
837,579,0.0279663052448056,-100.188055781689,41.9622497603101,-98.9499842382344,42.1376593428335,0.654590321470158,0.626624016225352,2025.06244465366,2025.0904109589,SRR32415933|A/cattle/AZ/25-004003-001-original/2025|H5N1|USA-AZ|Unknown|2025-02-03|cattle|D1.1,Pacific,Pacific
1222,39,0.0254799591350496,-88.6913138090587,43.2037404524138,-88.972906197528,43.2299108679761,0.654590321470158,0.629110362335108,2025.06493099977,2025.0904109589,SRR33508795|A/red_breasted_merganser/WI/25-005001-001/2025|H5N1|USA-WI|Milwaukee|2025-02-03|wild_avian|D1.1,Mississippi,Mississippi
838,578,0.00809082994374533,-99.8253122532097,42.1612186044808,-99.5702023437947,42.0376208459521,0.654590321470158,0.646499491526412,2025.08232012896,2025.0904109589,SRR32415932|A/cattle/AZ/25-004003-002-original/2025|H5N1|USA-AZ|Unknown|2025-02-03|cattle|D1.1,Pacific,Pacific
1034,1038,0.123538258589218,-116.483344622541,39.3743622041541,-109.175557795863,36.32275380465,0.656182868317823,0.532644609728605,2024.96846524716,2025.09200350575,NA,Central,Mississippi
1233,273,0.184394594331359,-119.839962189952,36.5692470963478,-117.524631064316,33.8472896777384,0.657330047497515,0.472935453166156,2024.9087560906,2025.09315068493,SRR32512649|A/Common_goldeneye/WY/25-004669-001/2025|H5N1|USA-WY|Natrona|2025-02-04|wild_avian|D1.1,Central,Central
1229,8,0.397904371187852,-116.344225219213,46.6283728152194,-116.742213068218,42.3381704543754,0.660069773524872,0.26216540233702,2024.69798603977,2025.09589041096,SRR32653594|A/Red-tailed_Hawk/NV/25-005369-001-original/2025|H5N1|USA-NV|Unknown|2025-02-05|wild_avian|D1.1,Pacific,Pacific
1350,127,0.266749572363746,-112.494975645743,43.893667004458,-115.268707521344,42.7495188619372,0.660069773524872,0.393320201161127,2024.8291408386,2025.09589041096,SRR32512646|A/cougar/WI/25-004744-001/2025|H5N1|USA-WI|Redacted|2025-02-05|feline|D1.1,Mississippi,Mississippi
1269,173,0.175000071892184,-110.84023190791,46.8024348053416,-108.450779129934,46.8259723247402,0.660069773524872,0.485069701632689,2024.92089033907,2025.09589041096,SRR33508812|A/bald_eagle/MI/25-004779-002/2025|H5N1|USA-MI|Tuscola|2025-02-05|wild_avian|D1.1,Mississippi,Mississippi
973,514,0.0427986781151892,-115.125491032169,39.7157311824238,-113.616088584711,39.5957217112543,0.660069773524872,0.617271095409683,2025.05309173284,2025.09589041096,SRR32513282|A/red_tailed_hawk/CO/25-004838-001/2025|H5N1|USA-CO|Weld|2025-02-05|wild_avian|D1.1,Central,Central
1134,45,0.388312472047121,-104.002657775305,38.3506546163555,-83.829623342935,43.2826571323009,0.66280949955223,0.274497027505109,2024.71031766494,2025.09863013699,SRR32512905|A/chicken/SD/25-004736-001-original/2025|H5N1|USA-SD|Unknown|2025-02-06|domestic_avian|D1.1,Atlantic,Central
1191,71,0.355310089488232,-72.5057107692484,41.4000164837983,-71.2225429916467,44.4344533278647,0.66280949955223,0.307499410063998,2024.7433200475,2025.09863013699,SRR33125120|A/mallard/ME/25-006143-001/2025|H5N1|USA-ME|Kennebec|2025-02-06|wild_avian|D1.1,Atlantic,Atlantic
1177,94,0.239213281948261,-70.4669066474868,44.4215044829995,-69.458730261256,44.8059156044964,0.66280949955223,0.423596217603969,2024.85941685504,2025.09863013699,SRR32653687|A/american_black_duck/NH/25-005332-016/2025|H5N1|USA-NH|Belknap|2025-02-06|wild_avian|D1.1,Atlantic,Atlantic
1259,225,0.229183979469902,-81.5607206067344,40.1610224539517,-79.134203555596,38.0687918813151,0.66280949955223,0.433625520082328,2024.86944615752,2025.09863013699,SRR32512588|A/bald_eagle/OH/25-004768-001/2025|H5N1|USA-OH|Unknown|2025-02-06|wild_avian|D1.1,Mississippi,Mississippi
1178,92,0.217398785260483,-69.5892682814492,46.3310738856579,-69.6271138217374,46.4623912428767,0.66280949955223,0.445410714291747,2024.88123135173,2025.09863013699,SRR32868847|A/bufflehead/MA/25-007118-042/2025|H5N1|USA-MA|Barnstable|2025-02-06|wild_avian|D1.1,Atlantic,Atlantic
1221,38,0.0551775988763682,-85.890350565263,43.7509279300962,-84.1952847204723,44.7828560349039,0.66280949955223,0.607631900675862,2025.04345253811,2025.09863013699,SRR32653607|A/red_breasted_merganser/IL/25-005366-003/2025|H5N1|USA-IL|Cook|2025-02-06|wild_avian|D1.1,Mississippi,Mississippi
810,330,0.204054076992645,-98.0767747336094,33.11781185079,-100.217217948819,32.7922224749838,0.665549225579587,0.461495148586942,2024.89731578602,2025.10136986301,SRR32974090|A/Canada_Goose/WV/25-005755-001-original-repeat2/2025|H5N1|USA-WV|Unknown|2025-02-07|wild_avian|D1.1,Atlantic,Atlantic
1241,267,0.17099512728494,-112.192105856825,43.0407931923358,-112.178215163869,43.0234169853873,0.665549225579587,0.494554098294647,2024.93037473573,2025.10136986301,SRR32653665|A/cat/KS/25-005576-002-original/2025|H5N1|USA-KS|Unknown|2025-02-07|feline|D1.1,Central,Central
1173,97,0.0986661235629005,-71.0587447486523,42.4293886282824,-71.2409968532682,42.3707331007997,0.665549225579587,0.566883102016687,2025.00270373945,2025.10136986301,SRR33125151|A/mallard/ME/25-006144-064/2025|H5N1|USA-ME|York|2025-02-07|wild_avian|D1.1,Atlantic,Atlantic
1326,188,0.360084895018684,-109.041447551774,35.6567375538164,-109.293225531607,42.623478516542,0.668288951607172,0.308204056588488,2024.74402469402,2025.10410958904,SRR33125079|A/Black_Vulture/TN/25-006120-003-original/2025|H5N1|USA-TN|Unknown|2025-02-08|wild_avian|D1.1,Mississippi,Mississippi
1347,134,0.166013575767712,-118.099127767656,38.0250071639568,-120.227140225099,39.9041278054145,0.668288951607172,0.50227537583946,2024.93809601327,2025.10410958904,SRR32512844|A/chicken/MN/25-004931-004-original/2025|H5N1|USA-MN|Unknown|2025-02-08|domestic_avian|D1.1,Mississippi,Mississippi
836,586,0.267508632318024,-99.0392385474962,39.1818122200494,-92.0465596525415,41.573810648094,0.673768403661887,0.406259771343862,2024.84208040878,2025.1095890411,SRR32653667|A/cat/NM/25-005387-001-original/2025|H5N1|USA-NM|Unknown|2025-02-10|feline|D1.1,Pacific,Central
1327,216,0.255450294125984,-106.887027583552,42.0521461006213,-99.5978878661426,32.5209349370201,0.673768403661887,0.418318109535903,2024.85413874697,2025.1095890411,SRR33125081|A/Black_Vulture/GA/25-005756-004-original/2025|H5N1|USA-GA|Unknown|2025-02-10|wild_avian|D1.1,Mississippi,Atlantic
1125,1126,0.1465546352479,-97.177444805352,45.5685718875102,-96.4905040845126,36.9716327542813,0.674035548576138,0.527480913328238,2024.96330155076,2025.10985618601,NA,Atlantic,Mississippi
1051,525,0.347183502500799,-104.952399298627,35.0659996079112,-84.2279005543285,44.0843290488049,0.676508129689244,0.329324627188445,2024.76514526462,2025.11232876712,SRR32804547|A/red_shouldered_hawk/PA/25-006939-001/2025|H5N1|USA-PA|Lancaster|2025-02-11|wild_avian|D1.1,Central,Atlantic
717,642,0.29211975614765,-115.463360987575,39.0096388886956,-110.545981469971,38.778531167186,0.676508129689244,0.384388373541594,2024.82020901098,2025.11232876712,SRR32973810|A/chicken/NE/25-005224-001-original-repeat2/2025|H5N1|USA-NE|Unknown|2025-02-11|domestic_avian|D1.1,Mississippi,Central
1328,217,0.207851551273605,-108.568838122158,39.1704712349409,-110.308303094225,45.15480539945,0.676508129689244,0.468656578415639,2024.90447721585,2025.11232876712,SRR33125061|A/herring_gull/PA/25-005864-001/2025|H5N1|USA-PA|Erie|2025-02-11|wild_avian|D1.1,Mississippi,Atlantic
1154,112,0.165565663975994,-75.9810732852971,38.6958430085925,-75.9146107854614,38.7172971781743,0.676508129689244,0.51094246571325,2024.94676310315,2025.11232876712,SRR33125172|A/bald_eagle/NJ/25-006329-001/2025|H5N1|USA-NJ|Sussex|2025-02-11|wild_avian|D1.1,Atlantic,Atlantic
1062,1063,0.206616955203873,-101.928052507231,45.4344097359727,-97.0060290096774,40.8877751509169,0.678480640801611,0.471863685597739,2024.90768432303,2025.11430127824,NA,Atlantic,Atlantic
1333,210,0.0577081362309935,-106.425178381605,41.6994299621423,-105.544530749286,41.3564249489925,0.679247855716602,0.621539719485608,2025.05736035692,2025.11506849315,SRR33319056|A/Great_Horned_Owl/KY/25-006499-001-original-repeat/2025|H5N1|USA-KY|Unknown|2025-02-12|wild_avian|D1.1,Mississippi,Mississippi
1169,100,0.377104363976518,-70.8973473722605,42.7302215417963,-71.1661378343724,43.5260967848182,0.681987581744186,0.304883217767668,2024.7407038552,2025.11780821918,SRR32868681|A/canada_goose/RI/25-007119-019/2025|H5N1|USA-RI|Kent|2025-02-13|wild_avian|D1.1,Atlantic,Atlantic
1172,95,0.172136427243635,-70.6924606259973,42.1223526670629,-70.8974893061632,41.9403836159185,0.681987581744186,0.509851154500552,2024.94567179193,2025.11780821918,SRR32804576|A/red_tailed_hawk/NH/25-006653-001/2025|H5N1|USA-NH|Strafford|2025-02-13|wild_avian|D1.1,Atlantic,Atlantic
1054,522,0.0572558146380562,-101.262332818286,31.1708753870074,-95.5639309930239,32.1947541428415,0.681987581744186,0.62473176710613,2025.06055240454,2025.11780821918,SRR32804622|A/black_vulture/TX/25-006660-004/2025|H5N1|USA-TX|Bexar|2025-02-13|wild_avian|D1.1,Central,Central
1055,523,0.0380570498665588,-102.468905630113,33.6725674809823,-109.200866071732,36.9484357686438,0.681987581744186,0.643930531877627,2025.07975116931,2025.11780821918,SRR32804616|A/black_vulture/TX/25-006661-005/2025|H5N1|USA-TX|Bexar|2025-02-13|wild_avian|D1.1,Central,Central
690,657,0.361391825169271,-117.658751535541,47.6324414644597,-104.578346256912,37.2009231171075,0.684727307771544,0.323335482602273,2024.75915612004,2025.12054794521,SRR32974108|A/Bald_Eagle/MT/25-009371-001-original/2025|H5N1|USA-MT|Unknown|2025-02-14|wild_avian|D1.1,Central,Central
1133,21,0.211526109942448,-102.27545359013,47.8306486678416,-99.4112411362458,48.9499560591963,0.684727307771544,0.473201197829096,2024.90902183526,2025.12054794521,SRR32868736|A/Peregrine_Falcon/VA/25-007709-003-original/2025|H5N1|USA-VA|Unknown|2025-02-14|wild_avian|D1.1,Atlantic,Atlantic
861,336,0.179774256129389,-111.670637743167,35.0079744576098,-112.601130664051,42.9450431325605,0.684727307771544,0.504953051642154,2024.94077368908,2025.12054794521,SRR32804591|A/snow_goose/OK/25-006647-001/2025|H5N1|USA-OK|Texas|2025-02-14|wild_avian|D1.1,Pacific,Central
1223,34,0.0638812737975873,-84.3613013755297,42.1747806268738,-86.1217904807717,42.6383419439964,0.684727307771544,0.620846033973956,2025.05666667141,2025.12054794521,SRR32868800|A/herring_gull/IL/25-007474-006/2025|H5N1|USA-IL|Cook|2025-02-14|wild_avian|D1.1,Mississippi,Mississippi
1055,524,0.0407967758939162,-102.468905630113,33.6725674809823,-100.611896844719,31.8264539883071,0.684727307771544,0.643930531877627,2025.07975116931,2025.12054794521,SRR32804590|A/snow_goose/OK/25-006648-001/2025|H5N1|USA-OK|Texas|2025-02-14|wild_avian|D1.1,Central,Central
1271,1273,0.370248229465092,-108.323981097385,46.0814183792322,-107.377717068105,43.36867534094,0.684888289352248,0.314640059887156,2024.75046069732,2025.12070892679,NA,Mississippi,Atlantic
1311,1312,0.404883953617131,-109.311104489956,38.3965348102717,-106.839548020665,40.1325702011156,0.686255222608571,0.28137126899144,2024.71719190643,2025.12207586004,NA,Mississippi,Mississippi
1150,1151,0.174948361015931,-70.1172269296422,41.7494457371883,-71.2053843480772,42.4984357870743,0.688822489614672,0.513874128598741,2024.94969476603,2025.12464312705,NA,Atlantic,Atlantic
1199,1200,0.0599028659640028,-80.3436972286649,39.2481645601258,-79.5445813996764,38.7995205620085,0.689161237062091,0.629258371098089,2025.06507900853,2025.1249818745,NA,Atlantic,Atlantic
1200,1201,0.00514085765700367,-79.5445813996764,38.7995205620085,-79.7536064208621,38.89613410993,0.694302094719095,0.689161237062091,2025.1249818745,2025.13012273215,NA,Atlantic,Atlantic
1268,170,0.240908128254277,-108.941425809755,43.7510385580272,-101.480922625938,33.3550640034503,0.695686211880973,0.454778083626696,2024.89059872106,2025.13150684931,SRR33125097|A/Snowy_Owl/IA/25-005856-001-original/2025|H5N1|USA-IA|Unknown|2025-02-18|wild_avian|D1.1,Atlantic,Mississippi
1279,1280,0.338382585807323,-111.985964656742,47.1712057078748,-111.189045507376,48.0672977431804,0.695700119613495,0.357317533806172,2024.79313817124,2025.13152075705,NA,Atlantic,Atlantic
1242,3,0.481316181069367,-123.133360917095,39.3808616633313,-120.309471720406,47.5133855531862,0.703905389963273,0.222589208893906,2024.65840984633,2025.1397260274,SRR32804615|A/cat/ID/25-007150-001-original/2025|H5N1|USA-ID|Unknown|2025-02-21|feline|D1.1,Central,Pacific
812,325,0.206814381705978,-106.60571647407,38.2774041626531,-108.275859564254,36.2104406619673,0.703905389963273,0.497091008257295,2024.93291164569,2025.1397260274,SRR32868875|A/Bald_Eagle/NC/25-007708-003-original/2025|H5N1|USA-NC|Unknown|2025-02-21|wild_avian|D1.1,Atlantic,Atlantic
1313,1314,0.423133942540989,-109.875393972027,36.4353743702916,-111.045988579455,34.6497236855388,0.710794272842854,0.287660330301865,2024.72348096774,2025.14661491028,NA,Mississippi,Mississippi
1293,218,0.437786947990714,-109.395479635,39.4474565995155,-90.5253644377153,40.4759052515204,0.712124568045345,0.274337620054631,2024.71015825749,2025.14794520548,SRR32804608|A/Skunk/NM/25-006932-001-original/2025|H5N1|USA-NM|Unknown|2025-02-24|other_mammal|D1.1,Mississippi,Central
1120,9,0.315592846211712,-119.153253989038,44.8478211289828,-110.565531665039,43.1316017976717,0.712124568045345,0.396531721833633,2024.83235235927,2025.14794520548,SRR32804645|A/Cooper_s_Hawk/MO/25-007115-002-original/2025|H5N1|USA-MO|Unknown|2025-02-24|wild_avian|D1.1,Central,Mississippi
768,613,0.325727933333876,-105.227399168149,35.9933114812975,-111.966162981337,31.7444442117501,0.71486429407293,0.389136360739053,2024.82495699817,2025.15068493151,SRR33124756|A/chicken/FL/25-006816-001-original/2025|H5N1|USA-FL|Unknown|2025-02-25|domestic_avian|D1.1,Mississippi,Atlantic
1151,109,0.0260418044582581,-71.2053843480772,42.4984357870743,-71.0487651399093,42.7046070334353,0.71486429407293,0.688822489614672,2025.12464312705,2025.15068493151,SRR34784269|A/herring_gull/RI/25-019394-001/2025|H5N1|USA-RI|Kent|2025-02-25|wild_avian|D1.1,Atlantic,Atlantic
1288,1289,0.391119772974742,-114.613867632018,41.8740736433833,-113.921831924543,42.8631049789749,0.715648826805534,0.324529053830791,2024.76034969126,2025.15146946424,NA,Mississippi,Mississippi
1208,55,0.304896078456237,-75.4301925246852,40.4525072094661,-77.706084853045,41.4512289236275,0.717604020100287,0.41270794164405,2024.84852857908,2025.15342465753,SRR32868713|A/red_tailed_hawk/NY/25-007155-001/2025|H5N1|USA-NY|Tioga|2025-02-26|wild_avian|D1.1,Atlantic,Atlantic
807,328,0.215271062979148,-105.31588529063,35.7858026738837,-106.915617239523,33.811759084073,0.717604020100287,0.502332957121139,2024.93815359456,2025.15342465753,SRR32973981|A/Brown_Pelican/VA/25-008328-003-original/2025|H5N1|USA-VA|Unknown|2025-02-26|wild_avian|D1.1,Atlantic,Atlantic
973,513,0.100332924690604,-115.125491032169,39.7157311824238,-116.772775783215,39.9628906461112,0.717604020100287,0.617271095409683,2025.05309173284,2025.15342465753,SRR32868818|A/canada_goose/WY/25-008078-001/2025|H5N1|USA-WY|Platte|2025-02-26|wild_avian|D1.1,Central,Central
1330,213,0.38329548347837,-113.542730621392,40.4596612836473,-120.477627818907,34.7754636487976,0.720343746127645,0.337048262649275,2024.77286890008,2025.15616438356,SRR32804611|A/cat/KS/25-007581-001-original/2025|H5N1|USA-KS|Unknown|2025-02-27|feline|D1.1,Mississippi,Central
1152,105,0.283723740766052,-74.5606337842759,39.4311795625561,-75.511406563948,39.9907691918625,0.720343746127645,0.436620005361593,2024.8724406428,2025.15616438356,SRR32868891|A/dark_eyed_junco/NJ/25-007152-004/2025|H5N1|USA-NJ|Somerset|2025-02-27|wild_avian|D1.1,Atlantic,Atlantic
846,619,0.267959347238018,-106.712536871618,40.4824329885622,-107.776780506765,38.299933337275,0.720343746127645,0.452384398889626,2024.88820503632,2025.15616438356,SRR33476791|A/Peregrine_falcon/CA/25-012990-002/2025|H5N1|USA-CA|Solano|2025-02-27|wild_avian|D1.1,Pacific,Pacific
811,323,0.235154822537642,-106.756399804464,38.3089268103433,-107.255228540528,37.977658641908,0.720343746127645,0.485188923590002,2024.92100956102,2025.15616438356,SRR32868711|A/Red-tailed_Hawk/WV/25-007392-001-original/2025|H5N1|USA-WV|Unknown|2025-02-27|wild_avian|D1.1,Atlantic,Atlantic
849,620,0.0861210052595083,-101.70703207356,40.1461618092733,-101.884480876723,39.8141987191907,0.720343746127645,0.634222740868136,2025.0700433783,2025.15616438356,SRR33476783|A/Sanderling/CA/25-012990-001/2025|H5N1|USA-CA|Alameda|2025-02-27|wild_avian|D1.1,Pacific,Pacific
1222,37,0.0967128358472513,-88.6913138090587,43.2037404524138,-88.380303527052,43.3399811712675,0.725823198182359,0.629110362335108,2025.06493099977,2025.16164383562,SRR32974035|A/Peregrine_Falcon/WI/25-008493-001-original/2025|H5N1|USA-WI|Unknown|2025-03-01|wild_avian|D1.1,Mississippi,Mississippi
815,609,0.441162642231556,-103.762113187778,43.8563751906648,-83.2927239976345,35.3784026936883,0.731302650237301,0.290140008005746,2024.72596064544,2025.16712328767,SRR33476782|A/Bald_Eagle/WA/25-013105-001-original/2025|H5N1|USA-WA|Unknown|2025-03-03|wild_avian|D1.1,Central,Pacific
1276,167,0.404381992969591,-109.239810453196,44.1004050463182,-110.350937116381,39.5199174760271,0.731302650237301,0.32692065726771,2024.7627412947,2025.16712328767,SRR32868886|A/bald_eagle/GA/25-007707-001/2025|H5N1|USA-GA|Walton|2025-03-03|wild_avian|D1.1,Mississippi,Atlantic
1264,175,0.386880975205266,-107.666265970727,42.2220232263766,-106.338810950905,35.8041623432066,0.731302650237301,0.344421675032036,2024.78024231247,2025.16712328767,SRR32868755|A/red_tailed_hawk/NY/25-007854-001/2025|H5N1|USA-NY|Steuben|2025-03-03|wild_avian|D1.1,Mississippi,Atlantic
1088,259,0.353190815211523,-119.561647177741,41.5586700852438,-102.24169298063,34.536884457313,0.731302650237301,0.378111835025779,2024.81393247246,2025.16712328767,SRR33029790|A/turkey_vulture/MO/25-007994-001/2025|H5N1|USA-MO|Howell|2025-03-03|wild_avian|D1.1,Pacific,Mississippi
1239,276,0.273336233990052,-121.747355729056,46.0472164084991,-112.998696548669,46.1454164384279,0.731302650237301,0.45796641624725,2024.89378705368,2025.16712328767,SRR32974025|A/Red-tailed_Hawk/SD/25-008825-001-original/2025|H5N1|USA-SD|Unknown|2025-03-03|wild_avian|D1.1,Central,Central
868,408,0.225365479233091,-116.380741034781,37.1156875970171,-120.596724492942,39.9091843190034,0.731302650237301,0.505937171004211,2024.94175780844,2025.16712328767,SRR32868817|A/Canada_Goose/WY/25-008079-001-original/2025|H5N1|USA-WY|Unknown|2025-03-03|wild_avian|D1.1,Central,Central
976,397,0.22394876071768,-116.729634376157,36.8006850891776,-118.25929805502,38.2400802456842,0.731302650237301,0.507353889519621,2024.94317452695,2025.16712328767,SRR32974002|A/Skunk/KS/25-008665-001-original/2025|H5N1|USA-KS|Unknown|2025-03-03|other_mammal|D1.1,Central,Central
1220,36,0.139404693969811,-84.3218647622328,41.5730433292359,-80.6487165691451,37.4894407111822,0.731302650237301,0.59189795626749,2025.0277185937,2025.16712328767,SRR32868795|A/Bald_Eagle/IN/25-007837-001-original/2025|H5N1|USA-IN|Unknown|2025-03-03|wild_avian|D1.1,Mississippi,Mississippi
1181,88,0.272615507566392,-71.0082807957224,41.670535986865,-71.0089463149566,42.0914895080209,0.734042376264659,0.461426868698267,2024.89724750613,2025.1698630137,SRR34710265|A/Peregrine_Falcon/RI/25-019394-007-original/2025|H5N1|USA-RI|Unknown|2025-03-04|wild_avian|D1.1,Atlantic,Atlantic
822,599,0.142065959270929,-105.979162055204,48.6277506286266,-111.111877069861,48.9314670640222,0.736782102292016,0.594716143021087,2025.03053678046,2025.17260273973,SRR32974026|A/Red-tailed_Hawk/OR/25-008819-001-original/2025|H5N1|USA-OR|Unknown|2025-03-05|wild_avian|D1.1,Pacific,Pacific
864,339,0.303939724790768,-110.751459118198,33.5119790662105,-103.590066764,39.0492390074744,0.739521828319374,0.435582103528606,2024.87140274096,2025.17534246575,SRR32868560|A/chicken/NE/25-008023-001-original/2025|H5N1|USA-NE|Unknown|2025-03-06|domestic_avian|D1.1,Central,Central
1251,231,0.201459298207501,-114.686208136225,42.3412388930764,-111.275351003445,40.9719322030588,0.739521828319374,0.538062530111873,2024.97388316755,2025.17534246575,SRR32868618|A/chicken/IN/25-008062-001-original/2025|H5N1|USA-IN|Unknown|2025-03-06|domestic_avian|D1.1,Mississippi,Mississippi
1071,543,0.143367625060202,-89.166456617703,37.0425832885359,-88.735578036944,33.156020767415,0.739521828319374,0.596154203259171,2025.03197484069,2025.17534246575,SRR32974113|A/turkey_vulture/KY/25-009319-001/2025|H5N1|USA-KY|Oldham|2025-03-06|wild_avian|D1.1,Mississippi,Mississippi
848,622,0.119687396155819,-103.47457446733,38.8297099105316,-101.203028675934,37.387340710872,0.739521828319374,0.619834432163554,2025.0556550696,2025.17534246575,SRR33029846|A/barn_owl/CA/25-010283-002/2025|H5N1|USA-CA|San_Mateo|2025-03-06|wild_avian|D1.1,Pacific,Pacific
697,698,0.356968537611266,-121.65607762886,47.8324916674234,-114.977163197368,34.5584431093667,0.740617467257064,0.383648929645799,2024.81946956708,2025.17643810469,NA,Central,Atlantic
1132,19,0.276210976127694,-100.677453508695,47.3710754367315,-91.1615317772342,41.4678427936214,0.742261554346731,0.466050578219037,2024.90187121565,2025.17808219178,SRR34980370|A/American_Crow/ME/25-021406-005-original/2025|H5N1|USA-ME|Unknown|2025-03-07|wild_avian|D1.1,Atlantic,Atlantic
803,301,0.228725194159846,-77.2603453635868,34.5824998714442,-79.0909929493165,34.1821758278561,0.742261554346731,0.513536360186885,2024.94935699762,2025.17808219178,SRR32974111|A/Brown_Pelican/NC/25-009321-002-original/2025|H5N1|USA-NC|Unknown|2025-03-07|wild_avian|D1.1,Atlantic,Atlantic
1126,1127,0.0702333078742349,-96.4905040845126,36.9716327542813,-97.0588859647419,37.2598624778287,0.744268856450373,0.674035548576138,2025.10985618601,2025.18008949388,NA,Mississippi,Mississippi
869,407,0.240342323084913,-112.091158968462,36.3381540306562,-108.337684923826,39.1119664962066,0.745001280374316,0.504658957289403,2024.94047959472,2025.18082191781,SRR32868567|A/Guineafowl/OK/25-008449-003-original/2025|H5N1|USA-OK|Unknown|2025-03-08|domestic_avian|D1.1,Central,Central
1076,551,0.40488037174951,-119.689877066004,36.6611264200334,-119.39365933752,40.8541828183287,0.750480732429031,0.34560036067952,2024.78142099811,2025.18630136986,SRR33682322|A/Owl/OR/25-014765-001-original/2025|H5N1|USA-OR|Unknown|2025-03-10|wild_avian|D1.1,Pacific,Pacific
1285,158,0.288561113796691,-110.165465152788,43.8561042776655,-115.720641528163,48.0156760400612,0.750480732429031,0.46191961863234,2024.89774025607,2025.18630136986,SRR32974019|A/bald_eagle/NY/25-009027-001/2025|H5N1|USA-NY|Erie|2025-03-10|wild_avian|D1.1,Mississippi,Atlantic
1199,64,0.121222361330942,-80.3436972286649,39.2481645601258,-80.205655777725,39.3901692702578,0.750480732429031,0.629258371098089,2025.06507900853,2025.18630136986,SRR32868593|A/chicken/MD/25-008577-002-original/2025|H5N1|USA-MD|Unknown|2025-03-10|domestic_avian|D1.1,Atlantic,Atlantic
1289,1290,0.0356361439129862,-113.921831924543,42.8631049789749,-115.67638708424,42.0618362379139,0.75128497071852,0.715648826805534,2025.15146946424,2025.18710560815,NA,Mississippi,Mississippi
851,575,0.374845633550767,-70.3324652690819,45.1717914048098,-75.4615815786401,38.0618231624055,0.755960184483745,0.381114550932978,2024.81693518837,2025.19178082192,SRR32973826|A/chicken/IL/25-009367-001-original/2025|H5N1|USA-IL|Unknown|2025-03-12|domestic_avian|D1.1,Atlantic,Mississippi
1141,124,0.253534073384797,-74.1442486742411,41.8496884645442,-70.7368555090982,44.5874090314183,0.755960184483745,0.502426111098949,2024.93824674853,2025.19178082192,SRR32974073|A/bald_eagle/NJ/25-009512-004/2025|H5N1|USA-NJ|Bergen|2025-03-12|wild_avian|D1.1,Atlantic,Atlantic
849,621,0.121737443615609,-101.70703207356,40.1461618092733,-101.522960179924,39.5638919833167,0.755960184483745,0.634222740868136,2025.0700433783,2025.19178082192,SRR33682329|A/great_blue_heron/CA/25-014655-001/2025|H5N1|USA-CA|Alameda|2025-03-12|wild_avian|D1.1,Pacific,Pacific
977,396,0.106739549105868,-120.240078717825,38.7064505846242,-123.258034901457,40.5482190685489,0.755960184483745,0.649220635377878,2025.08504127281,2025.19178082192,SRR32868813|A/Canada_Goose/OK/25-009017-002-original/2025|H5N1|USA-OK|Unknown|2025-03-12|wild_avian|D1.1,Central,Central
775,776,0.264230199389652,-112.905438792038,40.4508581579073,-116.123652230147,43.1089851260585,0.757830270159597,0.493600070769945,2024.9294207082,2025.19365090759,NA,Atlantic,Atlantic
971,515,0.286829707838545,-113.838938778555,32.2889374759629,-117.071124730141,44.4551294605126,0.758699910511103,0.471870202672557,2024.90769084011,2025.19452054795,SRR33508799|A/Skunk/TX/25-010819-006-original/2025|H5N1|USA-TX|Unknown|2025-03-13|other_mammal|D1.1,Central,Central
1253,219,0.260627271471449,-108.88941819148,41.9078466344301,-107.674606259191,37.8765322455817,0.758699910511103,0.498072639039653,2024.93389327647,2025.19452054795,SRR32974022|A/Peregrine_Falcon/IA/25-009016-001-original/2025|H5N1|USA-IA|Unknown|2025-03-13|wild_avian|D1.1,Mississippi,Mississippi
1162,77,0.438886526971972,-71.2051703541798,41.7999368644267,-69.1513649279854,44.7232262007291,0.761439636538688,0.322553109566715,2024.758373747,2025.19726027397,SRR32974049|A/Canada_Goose/VT/25-009472-001-original/2025|H5N1|USA-VT|Unknown|2025-03-14|wild_avian|D1.1,Atlantic,Atlantic
1290,184,0.0128943918475251,-115.67638708424,42.0618362379139,-115.826313556843,41.9562617096765,0.764179362566045,0.75128497071852,2025.18710560815,2025.2,SRR33476771|A/black_vulture/OH/25-012888-001/2025|H5N1|USA-OH|Licking|2025-03-15|wild_avian|D1.1,Mississippi,Mississippi
870,968,0.265267014763693,-109.894805769195,39.7725195086046,-107.395530856321,46.6923041160154,0.767743579858611,0.502476565094918,2024.93829720253,2025.20356421729,NA,Pacific,Pacific
1345,132,0.403811169925811,-117.363644137335,48.6214319942979,-105.460277460487,44.0430447502635,0.76965881462076,0.365847644694949,2024.80166828213,2025.20547945205,SRR32974069|A/bald_eagle/NJ/25-009514-002/2025|H5N1|USA-NJ|Camden|2025-03-17|wild_avian|D1.1,Mississippi,Atlantic
854,560,0.34348786993817,-101.379608488196,41.5013191912677,-96.7941851016564,44.4323431665075,0.76965881462076,0.426170944682589,2024.86199158212,2025.20547945205,SRR32973825|A/chicken/NM/25-009470-001-original/2025|H5N1|USA-NM|Unknown|2025-03-17|domestic_avian|D1.1,Central,Central
1165,75,0.250712075803467,-72.1243547792259,43.6992726493759,-72.8712581439383,44.1735628417938,0.76965881462076,0.518946738817292,2024.95476737625,2025.20547945205,SRR33370215|A/black_vulture/PA/25-011842-001/2025|H5N1|USA-PA|Dauphin|2025-03-17|wild_avian|D1.1,Atlantic,Atlantic
684,678,0.495732336447712,-123.244968158112,40.5832955924195,-118.77960644159,46.8192228116674,0.772398540648117,0.276666204200406,2024.71248684163,2025.20821917808,SRR33508800|A/Skunk/TX/25-010819-005-original/2025|H5N1|USA-TX|Unknown|2025-03-18|other_mammal|D1.1,Central,Central
1073,547,0.445393994600622,-104.690537071176,33.0632084128743,-98.6733624279078,32.1105051351603,0.772398540648117,0.327004546047495,2024.76282518348,2025.20821917808,SRR33508852|A/Turkey/IL/25-009630-001-original/2025|H5N1|USA-IL|Unknown|2025-03-18|domestic_avian|D1.1,Central,Mississippi
695,646,0.427173983869645,-121.383007963654,39.6109996246989,-116.470393561553,34.1023843950941,0.772398540648117,0.345224556778472,2024.78104519421,2025.20821917808,SRR32973819|A/Duck/MT/25-009376-001-original/2025|H5N1|USA-MT|Unknown|2025-03-18|domestic_avian|D1.1,Central,Central
1069,541,0.323817670504784,-108.50088054458,32.0637328827946,-108.448713308499,41.2281853835733,0.772398540648117,0.448580870143333,2024.88440150758,2025.20821917808,SRR33029751|A/chicken/KS/25-009496-002-original/2025|H5N1|USA-KS|Unknown|2025-03-18|domestic_avian|D1.1,Mississippi,Central
1151,108,0.0835760510334455,-71.2053843480772,42.4984357870743,-71.2774905901763,42.5060119315365,0.772398540648117,0.688822489614672,2025.12464312705,2025.20821917808,SRR35089326|A/Fish_Crow/RI/25-021409-001-original/2025|H5N1|USA-RI|Unknown|2025-03-18|wild_avian|D1.1,Atlantic,Atlantic
1289,182,0.0567497138425834,-113.921831924543,42.8631049789749,-113.514846236774,43.6371931995516,0.772398540648117,0.715648826805534,2025.15146946424,2025.20821917808,SRR33029849|A/black_vulture/OH/25-009864-005/2025|H5N1|USA-OH|Highland|2025-03-18|wild_avian|D1.1,Mississippi,Mississippi
823,824,0.153639903225426,-107.232598187958,48.7205953872459,-107.247053077588,48.3035203699453,0.772926251273359,0.619286348047934,2025.05510698548,2025.20874688871,NA,Pacific,Pacific
1174,98,0.179888752437162,-70.9378363073318,42.7552333806693,-71.2998215939567,42.7379581189236,0.775138266675702,0.59524951423854,2025.03107015167,2025.21095890411,SRR34980328|A/Gull/NH/25-021405-005-original/2025|H5N1|USA-NH|Unknown|2025-03-19|wild_avian|D1.1,Atlantic,Atlantic
1312,208,0.0888830440671305,-106.839548020665,40.1325702011156,-108.287946143187,36.7598029538871,0.775138266675702,0.686255222608571,2025.12207586004,2025.21095890411,SRR33029853|A/Black_Vulture/AL/25-010338-002-original/2025|H5N1|USA-AL|Unknown|2025-03-19|wild_avian|D1.1,Mississippi,Mississippi
691,658,0.493755557423307,-123.750214351106,42.3559181986817,-113.564623899004,36.016611928744,0.777877992703059,0.284122435279753,2024.71994307271,2025.21369863014,SRR33319026|A/turkey_vulture/MO/25-011519-002/2025|H5N1|USA-MO|Cape_Girardeau|2025-03-20|wild_avian|D1.1,Central,Mississippi
1095,264,0.490225456956001,-120.990899376625,45.015822951836,-115.243582711559,42.1701885760011,0.777877992703059,0.287652535747058,2024.72347317318,2025.21369863014,SRR33319031|A/Skunk/NV/25-011566-001-original/2025|H5N1|USA-NV|Unknown|2025-03-20|other_mammal|D1.1,Pacific,Pacific
1342,138,0.454419557063481,-121.673922721004,47.7383515613026,-115.651483311932,43.2547434851646,0.777877992703059,0.323458435639578,2024.75927907307,2025.21369863014,SRR33029789|A/Bald_Eagle/FL/25-009986-004-original/2025|H5N1|USA-FL|Unknown|2025-03-20|wild_avian|D1.1,Mississippi,Atlantic
1272,178,0.435890737525344,-111.026506858571,41.7058867419221,-105.208001734799,32.9511392764138,0.777877992703059,0.341987255177715,2024.77780789261,2025.21369863014,SRR33370194|A/Great_Horned_Owl/FL/25-012397-001-original/2025|H5N1|USA-FL|Unknown|2025-03-20|wild_avian|D1.1,Mississippi,Atlantic
698,699,0.0378394800728149,-114.977163197368,34.5584431093667,-115.342722094595,38.3170426302073,0.778456947329879,0.740617467257064,2025.17643810469,2025.21427758476,NA,Atlantic,Mississippi
838,839,0.132173795981055,-99.8253122532097,42.1612186044808,-102.208266804297,42.2298902344411,0.778673287507467,0.646499491526412,2025.08232012896,2025.21449392494,NA,Pacific,Pacific
1126,1129,0.105718256609343,-96.4905040845126,36.9716327542813,-96.0674030877225,35.737258805811,0.779753805185481,0.674035548576138,2025.10985618601,2025.21557444262,NA,Mississippi,Mississippi
1314,1315,0.0693404339584655,-111.045988579455,34.6497236855388,-111.644998217133,33.9702850111541,0.780134706801319,0.710794272842854,2025.14661491028,2025.21595534424,NA,Mississippi,Mississippi
1036,402,0.139919495203094,-121.040542530976,36.2179797767159,-120.291968720778,39.644299523301,0.780617718730417,0.640698223527323,2025.07651886096,2025.21643835616,SRR33319040|A/Ross_s_Goose/ND/25-011280-001-original/2025|H5N1|USA-ND|Unknown|2025-03-21|wild_avian|D1.1,Central,Central
776,777,0.0244732425824097,-116.123652230147,43.1089851260585,-115.320262699905,43.3519891036196,0.782303512742007,0.757830270159597,2025.19365090759,2025.21812415018,NA,Atlantic,Atlantic
824,825,0.00988885538011952,-107.247053077588,48.3035203699453,-107.395951161046,47.9029441236759,0.782815106653479,0.772926251273359,2025.20874688871,2025.21863574409,NA,Pacific,Pacific
777,778,0.00485495727296492,-115.320262699905,43.3519891036196,-115.129412061686,43.1275299566258,0.787158470014972,0.782303512742007,2025.21812415018,2025.22297910745,NA,Atlantic,Atlantic
778,779,0.000543687365243684,-115.129412061686,43.1275299566258,-115.288072351394,43.459890168202,0.787702157380215,0.787158470014972,2025.22297910745,2025.22352279481,NA,Atlantic,Atlantic
796,797,0.0239301530419609,-79.1793215178437,34.3831155469456,-79.4693036501708,34.9027444768614,0.787773347166865,0.763843194124905,2025.19966383156,2025.2235939846,NA,Atlantic,Atlantic
1315,1316,0.00828515100612714,-111.644998217133,33.9702850111541,-111.487669909963,33.5422113636103,0.788419857807447,0.780134706801319,2025.21595534424,2025.22424049524,NA,Mississippi,Mississippi
1256,222,0.349932548583686,-106.538743827241,41.1534148051839,-105.269098909784,41.9669412988724,0.788836896812489,0.438904348228803,2024.87472498566,2025.22465753425,SRR33029828|A/cat/IA/25-010114-001-original/2025|H5N1|USA-IA|Unknown|2025-03-24|feline|D1.1,Mississippi,Mississippi
1033,400,0.282529303794792,-115.802560172007,37.7036245128251,-116.901201038477,37.2710597563855,0.788836896812489,0.506307593017697,2024.94212823045,2025.22465753425,SRR33508770|A/Duck/NE/25-010532-002-original/2025|H5N1|USA-NE|Unknown|2025-03-24|domestic_avian|D1.1,Central,Central
1200,60,0.0996756597503974,-79.5445813996764,38.7995205620085,-80.8201859469755,36.6530758150045,0.788836896812489,0.689161237062091,2025.1249818745,2025.22465753425,SRR34710271|A/Turkey_Vulture/MD/25-019391-002-original/2025|H5N1|USA-MD|Unknown|2025-03-24|wild_avian|D1.1,Atlantic,Atlantic
777,307,0.00653338407048221,-115.320262699905,43.3519891036196,-116.112972833153,43.7941342638452,0.788836896812489,0.782303512742007,2025.21812415018,2025.22465753425,SRR33508772|A/black_vulture/MA/25-010531-001/2025|H5N1|USA-MA|Harford|2025-03-24|wild_avian|D1.1,Atlantic,Atlantic
839,580,0.0129033353326061,-102.208266804297,42.2298902344411,-102.162687768066,42.794517960301,0.791576622840074,0.778673287507467,2025.21449392494,2025.22739726027,SRR33319085|A/cattle/AZ/25-010942-001-original/2025|H5N1|USA-AZ|Unknown|2025-03-25|cattle|D1.1,Pacific,Pacific
779,780,0.00415681356886677,-115.288072351394,43.459890168202,-116.760718524681,44.4764464074058,0.791858970949082,0.787702157380215,2025.22352279481,2025.22767960838,NA,Atlantic,Atlantic
778,783,0.00641592706716443,-115.129412061686,43.1275299566258,-115.59583328014,43.5027231508962,0.793574397082136,0.787158470014972,2025.22297910745,2025.22939503452,NA,Atlantic,Atlantic
862,512,0.360725234112953,-111.07729417028,32.954629384982,-115.71456566131,35.0561190135145,0.794316348867431,0.433591114754478,2024.86941175219,2025.2301369863,SRR33508736|A/Red-tailed_Hawk/CO/25-010882-001-original/2025|H5N1|USA-CO|Unknown|2025-03-26|wild_avian|D1.1,Central,Central
1071,544,0.19816214560826,-89.166456617703,37.0425832885359,-90.9647305830307,45.764232366262,0.794316348867431,0.596154203259171,2025.03197484069,2025.2301369863,SRR33508738|A/Great_Horned_Owl/MI/25-010812-002-original/2025|H5N1|USA-MI|Unknown|2025-03-26|wild_avian|D1.1,Mississippi,Mississippi
1063,1064,0.117764447529652,-97.0060290096774,40.8877751509169,-94.0927553287883,39.9174244054712,0.796245088331263,0.678480640801611,2025.11430127824,2025.23206572577,NA,Atlantic,Mississippi
1291,187,0.325337253353005,-104.131520842953,37.3526749433566,-94.964659935225,39.0717754364649,0.797056074894788,0.471718821541783,2024.90753945898,2025.23287671233,SRR33370162|A/Mallard/MN/25-012246-005-original/2025|H5N1|USA-MN|Unknown|2025-03-27|wild_avian|D1.1,Mississippi,Mississippi
779,319,0.00935391751457315,-115.288072351394,43.459890168202,-116.229145839348,44.5474422176039,0.797056074894788,0.787702157380215,2025.22352279481,2025.23287671233,SRR33508749|A/black_vulture/PA/25-010745-004/2025|H5N1|USA-PA|Lancaster|2025-03-27|wild_avian|D1.1,Atlantic,Atlantic
797,798,0.0142549916351126,-79.4693036501708,34.9027444768614,-79.9432129620855,36.4235046578466,0.802028338801978,0.787773347166865,2025.2235939846,2025.23784897624,NA,Atlantic,Atlantic
839,840,0.028888342801646,-102.208266804297,42.2298902344411,-104.213885492513,42.9657409000256,0.807561630309113,0.778673287507467,2025.21449392494,2025.24338226774,NA,Pacific,Pacific
680,282,0.758547643603953,-114.131967644692,38.2112103681523,-117.565600444254,35.4917414400953,0.808014979004445,0.049467335400492,2024.48528797283,2025.24383561644,SRR33319032|A/Skunk/UT/25-011119-002-original/2025|H5N1|USA-UT|Unknown|2025-03-31|other_mammal|D1.1,Pacific,Pacific
1171,78,0.410797287991463,-71.1716153860236,42.203837297701,-77.7762295613544,39.4731121618098,0.808014979004445,0.397217691012982,2024.83303832845,2025.24383561644,SRR33370138|A/Red_Fox/VA/25-012694-001-original/2025|H5N1|USA-VA|Unknown|2025-03-31|other_mammal|D1.1,Atlantic,Atlantic
1052,530,0.459742874999715,-106.501092324781,34.5629359399583,-103.466526198269,42.1037796926823,0.810754705031803,0.351011830032088,2024.78683246747,2025.24657534247,SRR33319029|A/Snow_Goose/ND/25-011281-001-original/2025|H5N1|USA-ND|Unknown|2025-04-01|wild_avian|D1.1,Central,Central
970,517,0.343854745959381,-117.085340598182,34.0659688691473,-112.250849693811,33.0190512932388,0.810754705031803,0.466899959072422,2024.90272059651,2025.24657534247,SRR33319054|A/Great_Horned_Owl/ND/25-011283-001-original/2025|H5N1|USA-ND|Unknown|2025-04-01|wild_avian|D1.1,Central,Central
1125,17,0.283273791703565,-97.177444805352,45.5685718875102,-98.2593762073621,44.6824044253735,0.810754705031803,0.527480913328238,2024.96330155076,2025.24657534247,SRR33319022|A/Black_Vulture/VA/25-011541-002-original/2025|H5N1|USA-VA|Unknown|2025-04-01|wild_avian|D1.1,Atlantic,Atlantic
823,603,0.191468356983869,-107.232598187958,48.7205953872459,-108.714947132108,47.1128968492586,0.810754705031803,0.619286348047934,2025.05510698548,2025.24657534247,SRR33682347|A/Canada_Goose/WA/25-014080-001-original/2025|H5N1|USA-WA|Unknown|2025-04-01|wild_avian|D1.1,Pacific,Pacific
1127,1128,0.0679238801844102,-97.0588859647419,37.2598624778287,-109.242268898743,35.2130104048765,0.812192736634783,0.744268856450373,2025.18008949388,2025.24801337407,NA,Mississippi,Atlantic
1223,35,0.192648397085204,-84.3613013755297,42.1747806268738,-84.5937087669501,45.154394440311,0.81349443105916,0.620846033973956,2025.05666667141,2025.24931506849,SRR33370139|A/red_breasted_merganser/MI/25-011271-008/2025|H5N1|USA-MI|Allegan|2025-04-02|wild_avian|D1.1,Mississippi,Mississippi
776,320,0.0584038869269206,-116.123652230147,43.1089851260585,-115.603829438456,42.8081326324877,0.816234157086517,0.757830270159597,2025.19365090759,2025.25205479452,SRR33319024|A/black_vulture/PA/25-011728-001/2025|H5N1|USA-PA|York|2025-04-03|wild_avian|D1.1,Atlantic,Atlantic
1129,1130,0.0433638283792256,-96.0674030877225,35.737258805811,-95.9698372230137,35.8706409421079,0.823117633564707,0.779753805185481,2025.21557444262,2025.258938271,NA,Mississippi,Mississippi
699,700,0.0468592998971731,-115.342722094595,38.3170426302073,-114.847703131191,38.4599451133017,0.825316247227052,0.778456947329879,2025.21427758476,2025.26113688466,NA,Mississippi,Mississippi
1290,183,0.0759080904776546,-115.67638708424,42.0618362379139,-115.682008701532,42.0631594587207,0.827193061196174,0.75128497071852,2025.18710560815,2025.26301369863,SRR33370172|A/vulture/OH/25-012105-001/2025|H5N1|USA-OH|Unknown|2025-04-07|wild_avian|D1.1,Mississippi,Mississippi
1316,149,0.0387732033887278,-111.487669909963,33.5422113636103,-112.276698073964,33.5838580144483,0.827193061196174,0.788419857807447,2025.22424049524,2025.26301369863,SRR33370169|A/vulture/OH/25-012105-004/2025|H5N1|USA-OH|Unknown|2025-04-07|wild_avian|D1.1,Mississippi,Mississippi
1348,131,0.486986045539409,-117.296725298831,42.8266873519019,-115.054114982164,45.4340579119043,0.829932787223532,0.342946741684123,2024.77876737912,2025.26575342466,SRR33370177|A/Snowy_Owl/WI/25-012050-001-original/2025|H5N1|USA-WI|Unknown|2025-04-08|wild_avian|D1.1,Mississippi,Mississippi
1225,43,0.481569548154099,-117.286317600305,42.4591039128195,-107.42426391825,42.5149965154567,0.829932787223532,0.348363239069432,2024.7841838765,2025.26575342466,SRR33370196|A/Great_Horned_Owl/MT/25-012288-002-original/2025|H5N1|USA-MT|Unknown|2025-04-08|wild_avian|D1.1,Central,Pacific
1291,186,0.358213965681749,-104.131520842953,37.3526749433566,-104.271031310517,44.4804179104956,0.829932787223532,0.471718821541783,2024.90753945898,2025.26575342466,SRR33370176|A/Trumpeter_Swan/IA/25-011816-001-original/2025|H5N1|USA-IA|Unknown|2025-04-08|wild_avian|D1.1,Mississippi,Mississippi
1042,564,0.524302901892018,-115.771339497969,36.7331682772242,-108.921184500966,31.4555487084417,0.835412239278247,0.311109337386228,2024.74692997482,2025.27123287671,SRR33476799|A/Cooper_s_Hawk/MO/25-012813-008-original/2025|H5N1|USA-MO|Unknown|2025-04-10|wild_avian|D1.1,Central,Mississippi
828,595,0.518279601959724,-99.3543739799335,37.0737179103955,-99.2531953083368,38.9757289032604,0.835412239278247,0.317132637318523,2024.75295327475,2025.27123287671,SRR34710266|A/Red-tailed_Hawk/CO/25-019366-002-original/2025|H5N1|USA-CO|Unknown|2025-04-10|wild_avian|D1.1,Pacific,Pacific
1251,232,0.297349709166374,-114.686208136225,42.3412388930764,-106.717416362869,36.8528252115882,0.835412239278247,0.538062530111873,2024.97388316755,2025.27123287671,SRR33476774|A/Turkey_Vulture/MO/25-012813-002-original/2025|H5N1|USA-MO|Unknown|2025-04-10|wild_avian|D1.1,Mississippi,Mississippi
1038,406,0.179229370960423,-109.175557795863,36.32275380465,-113.935498207948,39.729972236677,0.835412239278247,0.656182868317823,2025.09200350575,2025.27123287671,SRR33476801|A/Canada_Goose/SD/25-013305-001-original/2025|H5N1|USA-SD|Unknown|2025-04-10|wild_avian|D1.1,Mississippi,Central
1314,150,0.124617966435393,-111.045988579455,34.6497236855388,-111.198152103503,35.2375150578402,0.835412239278247,0.710794272842854,2025.14661491028,2025.27123287671,SRR33476809|A/canada_goose/KY/25-013218-002/2025|H5N1|USA-KY|Mason|2025-04-10|wild_avian|D1.1,Mississippi,Mississippi
699,654,0.0569552919483676,-115.342722094595,38.3170426302073,-109.41004260195,38.1266369819847,0.835412239278247,0.778456947329879,2025.21427758476,2025.27123287671,SRR33370209|A/Black_Vulture/VA/25-012471-002-original/2025|H5N1|USA-VA|Unknown|2025-04-10|wild_avian|D1.1,Mississippi,Atlantic
1315,148,0.0552775324769271,-111.644998217133,33.9702850111541,-111.824391907232,34.2267060351835,0.835412239278247,0.780134706801319,2025.21595534424,2025.27123287671,SRR33476805|A/black_vulture/KY/25-013218-001/2025|H5N1|USA-KY|Mason|2025-04-10|wild_avian|D1.1,Mississippi,Mississippi
1253,220,0.340079326266178,-108.88941819148,41.9078466344301,-114.469046917497,39.4023475645048,0.838151965305831,0.498072639039653,2024.93389327647,2025.27397260274,SRR33682307|A/Turkey_Vulture/IN/25-014056-001-original/2025|H5N1|USA-IN|Unknown|2025-04-11|wild_avian|D1.1,Mississippi,Mississippi
1040,334,0.563250510733645,-112.108934307435,34.8051382466007,-98.9684429531555,44.2290342246047,0.843631417360546,0.280380906626901,2024.71620154406,2025.27945205479,SRR33682331|A/Cougar/CA/25-014656-002-original/2025|H5N1|USA-CA|Unknown|2025-04-13|feline|D1.1,Central,Pacific
840,841,0.0380194931141862,-104.213885492513,42.9657409000256,-103.451082363766,43.0096113652566,0.8455811234233,0.807561630309113,2025.24338226774,2025.28140176086,NA,Pacific,Pacific
1124,18,0.40640667510439,-97.2028365336114,47.9521769953572,-100.659436377278,44.1988937986481,0.854590321470203,0.448183646365813,2024.8840042838,2025.2904109589,SRR34425893|A/red_fox/NJ/25-018509-001/2025|H5N1|USA-NJ|Mercer|2025-04-17|other_mammal|D1.1,Atlantic,Atlantic
1154,113,0.343647855756953,-75.9810732852971,38.6958430085925,-76.6977547639411,38.4256618809249,0.854590321470203,0.51094246571325,2024.94676310315,2025.2904109589,SRR34425892|A/red_fox/NJ/25-018509-002/2025|H5N1|USA-NJ|Mercer|2025-04-17|other_mammal|D1.1,Atlantic,Atlantic
1064,537,0.0610849591662977,-94.0927553287883,39.9174244054712,-92.5994897844165,39.7244520107746,0.85733004749756,0.796245088331263,2025.23206572577,2025.29315068493,SRR34270262|A/black_vulture/GA/25-017626-002/2025|H5N1|USA-GA|Monroe|2025-04-18|wild_avian|D1.1,Mississippi,Atlantic
1212,57,0.0511333775181316,-71.3395094449957,41.9815094507832,-74.3608875745225,42.7593007800107,0.860069773524918,0.808936396006786,2025.24475703344,2025.29589041096,SRR34710269|A/Snowy_Owl/ME/25-019392-006-original/2025|H5N1|USA-ME|Unknown|2025-04-19|wild_avian|D1.1,Atlantic,Atlantic
780,781,0.0707445387290864,-116.760718524681,44.4764464074058,-117.619237869842,43.983125094604,0.862603509678168,0.791858970949082,2025.22767960838,2025.29842414711,NA,Atlantic,Atlantic
1183,79,0.0996614850602755,-73.1082159521091,40.8141918879172,-74.4047411844487,42.2236244055477,0.862809499552275,0.763148014492,2025.19896865193,2025.29863013699,SRR35319688|A/Common_Eider/MA/25-021407-030-original/2025|H5N1|USA-MA|Unknown|2025-04-20|wild_avian|D1.1,Atlantic,Atlantic
797,800,0.0752852895985913,-79.4693036501708,34.9027444768614,-83.7895851266724,37.720578265787,0.863058636765457,0.787773347166865,2025.2235939846,2025.2988792742,NA,Atlantic,Mississippi
870,871,0.362577815401959,-109.894805769195,39.7725195086046,-115.160128364191,48.347706280471,0.865054380496876,0.502476565094918,2024.93829720253,2025.30087501793,NA,Pacific,Central
764,616,0.592419175542242,-122.297196213672,37.4182489873953,-122.181655541205,37.0423179502518,0.865549225579633,0.27313005003739,2024.70895068747,2025.30136986301,SRR33476770|A/Turkey_Vulture/WY/25-013045-001-original/2025|H5N1|USA-WY|Unknown|2025-04-21|wild_avian|D1.1,Central,Central
1113,25,0.583516070644086,-119.311319328454,42.2051664027446,-99.6583865408379,29.8313243536893,0.865549225579633,0.282033154935547,2024.71785379237,2025.30136986301,SRR33565201|A/canada_goose/NY/25-013428-001/2025|H5N1|USA-NY|Niagara|2025-04-21|wild_avian|D1.1,Central,Atlantic
1143,125,0.447053781825481,-72.3096159109142,44.0651128265604,-74.682948933507,42.481255141738,0.865549225579633,0.418495443754151,2024.85431608119,2025.30136986301,SRR33830326|A/red_tailed_hawk/NY/25-013427-001/2025|H5N1|USA-NY|Jefferson|2025-04-21|wild_avian|D1.1,Atlantic,Atlantic
1038,405,0.20936635726181,-109.175557795863,36.32275380465,-111.792632523181,35.8128158529608,0.865549225579633,0.656182868317823,2025.09200350575,2025.30136986301,SRR33476668|A/chicken/MN/25-013149-001-original/2025|H5N1|USA-MN|Unknown|2025-04-21|domestic_avian|D1.1,Mississippi,Mississippi
796,292,0.101706031454728,-79.1793215178437,34.3831155469456,-81.0939962395112,34.0257135846687,0.865549225579633,0.763843194124905,2025.19966383156,2025.30136986301,SRR33682355|A/black_vulture/NC/25-013413-001/2025|H5N1|USA-NC|Mecklenburg|2025-04-21|wild_avian|D1.1,Atlantic,Atlantic
840,581,0.0634670473254614,-104.213885492513,42.9657409000256,-106.202167255427,40.4331356111281,0.871028677634575,0.807561630309113,2025.24338226774,2025.30684931507,SRR33764593|A/cattle/AZ/25-013772-001-original-repeat2/2025|H5N1|USA-AZ|Unknown|2025-04-23|cattle|D1.1,Pacific,Pacific
1128,13,0.0588359409997915,-109.242268898743,35.2130104048765,-108.372729408354,33.9160486152077,0.871028677634575,0.812192736634783,2025.24801337407,2025.30684931507,SRR33764586|A/Great_Horned_Owl/CT/25-013382-001-original-repeat2/2025|H5N1|USA-CT|Unknown|2025-04-23|wild_avian|D1.1,Atlantic,Atlantic
824,601,0.100842152388573,-107.247053077588,48.3035203699453,-105.00016008581,46.8061795687574,0.873768403661932,0.772926251273359,2025.20874688871,2025.3095890411,SRR33682312|A/Sand_Crane/WA/25-014081-001-original/2025|H5N1|USA-WA|Unknown|2025-04-24|wild_avian|D1.1,Pacific,Pacific
781,782,0.0134099039558647,-117.619237869842,43.983125094604,-117.486649801984,43.5204940341404,0.876013413634033,0.862603509678168,2025.29842414711,2025.31183405107,NA,Atlantic,Atlantic
1117,28,0.441432949987304,-110.663327669072,45.1380327091182,-106.557737031391,46.6200886342048,0.87650812968929,0.435075179701985,2024.87089581714,2025.31232876712,SRR33682328|A/Great_Horned_Owl/ID/25-014531-001-original/2025|H5N1|USA-ID|Unknown|2025-04-25|wild_avian|D1.1,Pacific,Pacific
732,627,0.385754586896628,-117.099594620866,41.176092373916,-115.905802216675,40.881090969686,0.87650812968929,0.490753542792661,2024.92657418023,2025.31232876712,SRR33682316|A/Red-tailed_Hawk/ID/25-014530-001-original/2025|H5N1|USA-ID|Unknown|2025-04-25|wild_avian|D1.1,Pacific,Pacific
782,304,0.00871389413755608,-117.486649801984,43.5204940341404,-117.536687833936,43.3445738677178,0.884727307771589,0.876013413634033,2025.31183405107,2025.32054794521,SRR33830330|A/black_vulture/PA/25-015563-001/2025|H5N1|USA-PA|Chester|2025-04-28|wild_avian|D1.1,Atlantic,Atlantic
836,585,0.483946988482442,-99.0392385474962,39.1818122200494,-99.5845031625911,37.7961513743261,0.890206759826304,0.406259771343862,2024.84208040878,2025.32602739726,SRR33682297|A/Turkey_Vulture/UT/25-014690-001-original/2025|H5N1|USA-UT|Unknown|2025-04-30|wild_avian|D1.1,Pacific,Pacific
1129,14,0.110452954640823,-96.0674030877225,35.737258805811,-95.664054755244,35.6699672802318,0.890206759826304,0.779753805185481,2025.21557444262,2025.32602739726,SRR33564631|A/chicken/IN/25-014151-001-original/2025|H5N1|USA-IN|Unknown|2025-04-30|domestic_avian|D1.1,Mississippi,Mississippi
1130,16,0.0670891262615971,-95.9698372230137,35.8706409421079,-93.6035049055885,39.3286134980989,0.890206759826304,0.823117633564707,2025.258938271,2025.32602739726,SRR33564627|A/Guineafowl/IL/25-014146-002-original/2025|H5N1|USA-IL|Unknown|2025-04-30|domestic_avian|D1.1,Mississippi,Mississippi
968,412,0.127942632022408,-107.395530856321,46.6923041160154,-116.094739641803,47.6031649894136,0.895686211881019,0.767743579858611,2025.20356421729,2025.33150684932,SRR33830328|A/Great_Horned_Owl/MT/25-015870-001-original/2025|H5N1|USA-MT|Unknown|2025-05-02|wild_avian|D1.1,Pacific,Pacific
1201,1202,0.207874745779393,-79.7536064208621,38.89613410993,-80.0032844779355,38.8138157887045,0.902176840498488,0.694302094719095,2025.13012273215,2025.33799747793,NA,Atlantic,Atlantic
868,409,0.400707944986465,-116.380741034781,37.1156875970171,-115.08325938602,33.84011063102,0.906645115990676,0.505937171004211,2024.94175780844,2025.34246575342,SRR33764588|A/cat/SD/25-015467-001-original/2025|H5N1|USA-SD|Unknown|2025-05-06|feline|D1.1,Central,Central
1202,62,0.00446827549218787,-80.0032844779355,38.8138157887045,-80.6920269275979,38.1940279843018,0.906645115990676,0.902176840498488,2025.33799747793,2025.34246575342,SRR33764507|A/chicken/MD/25-014921-001-original/2025|H5N1|USA-MD|Unknown|2025-05-06|domestic_avian|D1.1,Atlantic,Atlantic
1295,1297,0.598278313480075,-109.533183185204,38.0499492089641,-105.06782071978,45.7959768558564,0.907028795243933,0.308750481763857,2024.7445711192,2025.34284943268,NA,Mississippi,Atlantic
1233,1234,0.435005007581645,-119.839962189952,36.5692470963478,-105.144092115143,39.7788282759933,0.907940460747801,0.472935453166156,2024.9087560906,2025.34376109818,NA,Central,Mississippi
698,704,0.168444520508887,-114.977163197368,34.5584431093667,-115.655579617054,33.6095300537921,0.909061987765951,0.740617467257064,2025.17643810469,2025.3448826252,NA,Atlantic,Atlantic
1353,235,0.461089899061542,-120.276831674593,43.1540666936137,-118.321517561243,42.4063223505202,0.909384842018033,0.448294942956491,2024.88411558039,2025.34520547945,SRR33764582|A/Turkey_Vulture/IA/25-014877-001-original/2025|H5N1|USA-IA|Unknown|2025-05-07|wild_avian|D1.1,Central,Mississippi
1241,266,0.414830743723386,-112.192105856825,43.0407931923358,-111.017343741217,45.4505338214484,0.909384842018033,0.494554098294647,2024.93037473573,2025.34520547945,SRR33764581|A/Turkey_Vulture/IA/25-014877-002-original/2025|H5N1|USA-IA|Unknown|2025-05-07|wild_avian|D1.1,Central,Mississippi
1128,12,0.102671557437965,-109.242268898743,35.2130104048765,-106.854773364489,35.5249984399395,0.914864294072748,0.812192736634783,2025.24801337407,2025.35068493151,SRR33682397|A/Duck/NJ/25-015044-006-original/2025|H5N1|USA-NJ|Unknown|2025-05-09|domestic_avian|D1.1,Atlantic,Atlantic
871,872,0.0518820551025962,-115.160128364191,48.347706280471,-105.431195993796,47.4398502203428,0.916936435599473,0.865054380496876,2025.30087501793,2025.35275707303,NA,Central,Mississippi
1063,533,0.239123379298721,-97.0060290096774,40.8877751509169,-97.7252931504757,42.6502319310879,0.917604020100333,0.678480640801611,2025.11430127824,2025.35342465753,SRR33943918|A/Muscovy_Duck/GA/25-016493-001-original/2025|H5N1|USA-GA|Unknown|2025-05-10|wild_avian|D1.1,Atlantic,Atlantic
872,877,0.000770070639572684,-105.431195993796,47.4398502203428,-104.940037917047,47.623237527534,0.917706506239045,0.916936435599473,2025.35275707303,2025.35352714367,NA,Mississippi,Mississippi
877,880,0.000807222240833516,-104.940037917047,47.623237527534,-105.038790105157,47.5110008168362,0.918513728479879,0.917706506239045,2025.35352714367,2025.35433436591,NA,Mississippi,Mississippi
841,842,0.0730102148435509,-103.451082363766,43.0096113652566,-104.601274412669,43.4075001174222,0.91859133826685,0.8455811234233,2025.28140176086,2025.3544119757,NA,Pacific,Pacific
880,881,0.000713167649295077,-105.038790105157,47.5110008168362,-104.939335856402,47.738084737783,0.919226896129174,0.918513728479879,2025.35433436591,2025.35504753356,NA,Mississippi,Mississippi
871,961,0.055646578697705,-115.160128364191,48.347706280471,-114.536043415584,46.8912395898928,0.920700959194581,0.865054380496876,2025.30087501793,2025.35652159663,NA,Central,Central
880,925,0.00816015586670715,-105.038790105157,47.5110008168362,-104.902786545352,47.291909536177,0.926673884346586,0.918513728479879,2025.35433436591,2025.36249452178,NA,Mississippi,Mississippi
782,306,0.0552892366030865,-117.486649801984,43.5204940341404,-118.019624749943,44.5181522354555,0.93130265023712,0.876013413634033,2025.31183405107,2025.36712328767,SRR33993064|A/Black_Vulture/PA/25-017251-001-original/2025|H5N1|USA-PA|Unknown|2025-05-15|wild_avian|D1.1,Atlantic,Atlantic
1299,1301,0.00790124197628761,-76.9717598024169,42.0353166292968,-76.1654168915265,41.9311693480411,0.932024347146842,0.924123105170554,2025.3599437426,2025.36784498458,NA,Atlantic,Atlantic
798,299,0.142972941572156,-79.9432129620855,36.4235046578466,-79.4910925255469,36.4922901592528,0.945001280374134,0.802028338801978,2025.23784897624,2025.38082191781,SRR33943915|A/black_vulture/SC/25-016638-003/2025|H5N1|USA-SC|Chester|2025-05-20|wild_avian|D1.1,Atlantic,Atlantic
800,293,0.0819426436086772,-83.7895851266724,37.720578265787,-81.1675849577345,36.6339595449407,0.945001280374134,0.863058636765457,2025.2988792742,2025.38082191781,SRR33943914|A/black_vulture/SC/25-016638-004/2025|H5N1|USA-SC|Chester|2025-05-20|wild_avian|D1.1,Mississippi,Atlantic
841,582,0.104899609005776,-103.451082363766,43.0096113652566,-102.978492980394,41.1572017976153,0.950480732429076,0.8455811234233,2025.28140176086,2025.38630136986,SRR33830342|A/chicken/AZ/25-016339-007-original/2025|H5N1|USA-AZ|Unknown|2025-05-22|domestic_avian|D1.1,Pacific,Pacific
700,651,0.127904211229381,-114.847703131191,38.4599451133017,-116.579085672802,33.5218757927731,0.953220458456433,0.825316247227052,2025.26113688466,2025.38904109589,SRR34710267|A/Black_Vulture/VA/25-019364-001-original/2025|H5N1|USA-VA|Unknown|2025-05-23|wild_avian|D1.1,Mississippi,Atlantic
925,930,0.0296213253636998,-104.902786545352,47.291909536177,-105.415772650492,46.8571538559628,0.956295209710286,0.926673884346586,2025.36249452178,2025.39211584714,NA,Mississippi,Mississippi
1266,169,0.52415835844145,-109.014441308098,45.305296681706,-114.912834213423,45.9321173049595,0.96417936256609,0.440021004124641,2024.87584164156,2025.4,SRR33993059|A/Turkey_Vulture/NY/25-016857-001-original/2025|H5N1|USA-NY|Unknown|2025-05-27|wild_avian|D1.1,Atlantic,Atlantic
1299,1300,0.0451608712583708,-76.9717598024169,42.0353166292968,-78.8611710468209,42.4752007943479,0.969283976428925,0.924123105170554,2025.3599437426,2025.40510461386,NA,Atlantic,Atlantic
1041,518,0.643483269619151,-119.432425730628,38.5195038105001,-118.756264647781,43.4622445264209,0.969658814620805,0.326175545001654,2024.76199618244,2025.40547945205,SRR33993061|A/Red_Fox/CO/25-017245-001-original/2025|H5N1|USA-CO|Unknown|2025-05-29|other_mammal|D1.1,Central,Pacific
1218,33,0.474895801862195,-86.0066312501125,41.1538625327763,-85.5388306285143,44.8423956336011,0.969658814620805,0.49476301275861,2024.93058365019,2025.40547945205,SRR33993066|A/bald_eagle/MI/25-017061-001/2025|H5N1|USA-MI|Osceola|2025-05-29|wild_avian|D1.1,Mississippi,Mississippi
1273,176,0.284770525268557,-107.377717068105,43.36867534094,-113.777735433344,46.5786357108532,0.969658814620805,0.684888289352248,2025.12070892679,2025.40547945205,SRR33993065|A/bald_eagle/MI/25-017061-002/2025|H5N1|USA-MI|Mason|2025-05-29|wild_avian|D1.1,Atlantic,Mississippi
783,308,0.189783047675684,-115.59583328014,43.5027231508962,-115.369551007977,43.6187494649341,0.983357444757819,0.793574397082136,2025.22939503452,2025.41917808219,SRR34270259|A/black_vulture/PA/25-017748-001/2025|H5N1|USA-PA|Lehigh|2025-06-03|wild_avian|D1.1,Atlantic,Atlantic
781,305,0.120753935079651,-117.619237869842,43.983125094604,-117.309789846705,44.080811346595,0.983357444757819,0.862603509678168,2025.29842414711,2025.41917808219,SRR34270258|A/black_vulture/PA/25-017748-002/2025|H5N1|USA-PA|Lehigh|2025-06-03|wild_avian|D1.1,Atlantic,Atlantic
1273,177,0.303948607460286,-107.377717068105,43.36867534094,-98.7937832901039,43.8653665542511,0.988836896812534,0.684888289352248,2025.12070892679,2025.42465753425,SRR34425901|A/caspian_tern/WI/25-018001-001/2025|H5N1|USA-WI|Door|2025-06-05|wild_avian|D1.1,Atlantic,Mississippi
842,583,0.0702455585456838,-104.601274412669,43.4075001174222,-104.765234629922,43.4510518242247,0.988836896812534,0.91859133826685,2025.3544119757,2025.42465753425,SRR34270136|A/chicken/AZ/25-017630-002-original/2025|H5N1|USA-AZ|Unknown|2025-06-05|domestic_avian|D1.1,Pacific,Pacific
1062,532,0.519712937242153,-101.928052507231,45.4344097359727,-102.254528828967,47.3971299456639,0.991576622839892,0.471863685597739,2024.90768432303,2025.42739726027,SRR34270261|A/turkey_vulture/NC/25-017667-001/2025|H5N1|USA-NC|Durham|2025-06-06|wild_avian|D1.1,Atlantic,Atlantic
1064,1065,0.199150717889754,-94.0927553287883,39.9174244054712,-95.3990039880962,40.2705571385781,0.995395806221016,0.796245088331263,2025.23206572577,2025.43121644366,NA,Mississippi,Atlantic
1130,15,0.182157619412199,-95.9698372230137,35.8706409421079,-95.4595756132493,34.1146744602176,1.00527525297691,0.823117633564707,2025.258938271,2025.44109589041,SRR34425894|A/Peregrine_falcon/IL/25-018249-001/2025|H5N1|USA-IL|DuPage|2025-06-11|wild_avian|D1.1,Mississippi,Mississippi
881,884,0.109208596434156,-104.939335856402,47.738084737783,-99.1791855704392,38.094855630221,1.02843549256333,0.919226896129174,2025.35504753356,2025.46425613,NA,Mississippi,Central
925,926,0.102114252324567,-104.902786545352,47.291909536177,-93.6545322645783,39.8123690533494,1.02878813667115,0.926673884346586,2025.36249452178,2025.46460877411,NA,Mississippi,Pacific
1301,203,0.106127618158807,-76.1654168915265,41.9311693480411,-75.3181055776345,40.1228448694973,1.03815196530565,0.932024347146842,2025.36784498458,2025.47397260274,SRR34542593|A/Caspian_Tern/NY/25-019019-002-original/2025|H5N1|USA-NY|Unknown|2025-06-23|wild_avian|D1.1,Atlantic,Atlantic
980,1008,0.0325123003270005,-94.4560386635734,43.4827969575795,-94.6557652756544,40.6248961963344,1.04027476208432,1.00776246175731,2025.44358309919,2025.47609539952,NA,Mississippi,Central
881,882,0.12372113296167,-104.939335856402,47.738084737783,-105.29057120382,47.8137202151922,1.04294802909084,0.919226896129174,2025.35504753356,2025.47876866652,NA,Mississippi,Mississippi
1127,11,0.299362560910219,-97.0588859647419,37.2598624778287,-94.9826753877512,49.1750112645788,1.04363141736059,0.744268856450373,2025.18008949388,2025.47945205479,SRR34542590|A/Domestic_Cat/NJ/25-019482-001-original/2025|H5N1|USA-NJ|Unknown|2025-06-25|feline|D1.1,Mississippi,Atlantic
1008,1009,0.00351904443541051,-94.6557652756544,40.6248961963344,-94.8704342946317,40.584977051637,1.04379380651973,1.04027476208432,2025.47609539952,2025.47961444395,NA,Central,Central
1316,1317,0.255628245298224,-111.487669909963,33.5422113636103,-113.361944983663,32.2060330798068,1.04404810310567,0.788419857807447,2025.22424049524,2025.47986874054,NA,Mississippi,Mississippi
1187,82,0.0365257332691487,-70.1411496985061,45.531616642067,-69.2437145340479,44.4929289830439,1.04637114338795,1.0098454101188,2025.44566604755,2025.48219178082,SRR34980327|A/Herring_Gull/NH/25-021405-002-original/2025|H5N1|USA-NH|Unknown|2025-06-26|wild_avian|D1.1,Atlantic,Atlantic
884,885,0.0229766707949739,-99.1791855704392,38.094855630221,-100.193045897217,37.5224509228282,1.0514121633583,1.02843549256333,2025.46425613,2025.48723280079,NA,Central,Central
1009,1010,0.00958888759404353,-94.8704342946317,40.584977051637,-94.3975308689898,41.0941952548819,1.05338269411377,1.04379380651973,2025.47961444395,2025.48920333155,NA,Central,Central
961,962,0.133250504681386,-114.536043415584,46.8912395898928,-121.246517806659,45.8609202759261,1.05395146387597,0.920700959194581,2025.35652159663,2025.48977210131,NA,Central,Pacific
1187,81,0.0447449113512208,-70.1411496985061,45.531616642067,-69.675421817103,46.4006108444427,1.05459032147002,1.0098454101188,2025.44566604755,2025.4904109589,SRR34980362|A/Common_Eider/ME/25-021406-018-original/2025|H5N1|USA-ME|Unknown|2025-06-29|wild_avian|D1.1,Atlantic,Atlantic
1010,1011,0.00306937310264832,-94.3975308689898,41.0941952548819,-94.3168909225546,41.1575340119186,1.05645206721642,1.05338269411377,2025.48920333155,2025.49227270465,NA,Central,Central
780,309,0.268210802575881,-116.760718524681,44.4764464074058,-117.3975323611,44.3771479638255,1.06006977352496,0.791858970949082,2025.22767960838,2025.49589041096,SRR34542496|A/Mallard_Duck/PA/25-019408-006-original/2025|H5N1|USA-PA|Unknown|2025-07-01|wild_avian|D1.1,Atlantic,Atlantic
882,883,0.0177537455155512,-105.29057120382,47.8137202151922,-96.0585480712827,40.7578886619336,1.0607017746064,1.04294802909084,2025.47876866652,2025.49652241204,NA,Mississippi,Mississippi
1300,191,0.0935255231233956,-78.8611710468209,42.4752007943479,-79.0249499560396,42.4151598980296,1.06280949955232,0.969283976428925,2025.40510461386,2025.49863013699,SRR34784273|A/caspian_tern/NY/25-019811-001/2025|H5N1|USA-NY|Jefferson|2025-07-02|wild_avian|D1.1,Atlantic,Atlantic
1300,192,0.0935255231233956,-78.8611710468209,42.4752007943479,-78.8848075745172,43.0970405292965,1.06280949955232,0.969283976428925,2025.40510461386,2025.49863013699,SRR34784272|A/caspian_tern/NY/25-019811-002/2025|H5N1|USA-NY|Jefferson|2025-07-02|wild_avian|D1.1,Atlantic,Atlantic
885,886,0.013082734083919,-100.193045897217,37.5224509228282,-97.1378057254721,39.5283345626365,1.06449489744222,1.0514121633583,2025.48723280079,2025.50031553488,NA,Central,Central
1189,83,0.15134471827293,-71.9036626759908,43.4869967411917,-72.3144211091276,42.4072566401739,1.06554922557968,0.914204507306748,2025.35002514474,2025.50136986301,SRR34980293|A/Common_Eider/ME/25-021406-010-original/2025|H5N1|USA-ME|Unknown|2025-07-03|wild_avian|D1.1,Atlantic,Atlantic
1189,84,0.154084444300287,-71.9036626759908,43.4869967411917,-73.2508214136779,42.8543247991615,1.06828895160704,0.914204507306748,2025.35002514474,2025.50410958904,SRR35089324|A/Great_black-backed_gull/MA/25-021407-023-original/2025|H5N1|USA-MA|Unknown|2025-07-04|wild_avian|D1.1,Atlantic,Atlantic
980,981,0.0685377349120113,-94.4560386635734,43.4827969575795,-92.2479242301149,44.9602948998018,1.07630019666933,1.00776246175731,2025.44358309919,2025.5121208341,NA,Mississippi,Mississippi
883,423,0.0212858071376545,-96.0585480712827,40.7578886619336,-96.2619635138437,40.9406141037105,1.08198758174405,1.0607017746064,2025.49652241204,2025.51780821918,SRR36209098|A/Blue-winged_Teal/OH/25G02925-001-original/2025|H5N1|USA-OH|Unknown|2025-07-09|wild_avian|D1.1,Mississippi,Mississippi
962,965,0.0284513690618875,-121.246517806659,45.8609202759261,-120.871426876681,43.8634415914638,1.08240283293786,1.05395146387597,2025.48977210131,2025.51822347037,NA,Pacific,Pacific
930,931,0.12730200669317,-105.415772650492,46.8571538559628,-109.463571802674,41.7912095028771,1.08359721640346,0.956295209710286,2025.39211584714,2025.51941785384,NA,Mississippi,Central
931,935,0.000951330762310354,-109.463571802674,41.7912095028771,-111.921290753001,45.377824114966,1.08454854716577,1.08359721640346,2025.51941785384,2025.5203691846,NA,Central,Central
1328,215,0.616070729355769,-108.568838122158,39.1704712349409,-92.8313095939304,40.0522052920526,1.08472730777141,0.468656578415639,2024.90447721585,2025.52054794521,SRR35151399|A/snow_goose/ND/25-020340-001/2025|H5N1|USA-ND|Ward|2025-07-10|wild_avian|D1.1,Mississippi,Central
962,963,0.0314987239585434,-121.246517806659,45.8609202759261,-121.41042379548,38.6798427197668,1.08545018783451,1.05395146387597,2025.48977210131,2025.52127082527,NA,Pacific,Pacific
981,982,0.0114772678675585,-92.2479242301149,44.9602948998018,-89.704408261156,44.9701060209867,1.08777746453688,1.07630019666933,2025.5121208341,2025.52359810197,NA,Mississippi,Mississippi
1183,80,0.32705874533435,-73.1082159521091,40.8141918879172,-76.5611349683386,41.6562475604143,1.09020675982635,0.763148014492,2025.19896865193,2025.52602739726,SRR34980303|A/Common_Eider/NH/25-021405-004-original/2025|H5N1|USA-NH|Unknown|2025-07-12|wild_avian|D1.1,Atlantic,Atlantic
1301,1302,0.158924620714585,-76.1654168915265,41.9311693480411,-75.2817883536148,38.2197581156385,1.09094896786143,0.932024347146842,2025.36784498458,2025.5267696053,NA,Atlantic,Atlantic
1011,1012,0.0346951553579438,-94.3168909225546,41.1575340119186,-95.5525999198177,40.850457624689,1.09114722257436,1.05645206721642,2025.49227270465,2025.52696786001,NA,Central,Mississippi
798,799,0.289152774124595,-79.9432129620855,36.4235046578466,-82.3073394313177,38.4532160045927,1.09118111292657,0.802028338801978,2025.23784897624,2025.52700175036,NA,Atlantic,Atlantic
930,942,0.135173194936441,-105.415772650492,46.8571538559628,-107.028556101079,42.1977793451393,1.09146840464673,0.956295209710286,2025.39211584714,2025.52728904208,NA,Mississippi,Central
942,947,0.000161303126981815,-107.028556101079,42.1977793451393,-106.726463640938,42.4264284549391,1.09162970777371,1.09146840464673,2025.52728904208,2025.52745034521,NA,Central,Central
963,964,0.00694303351182213,-121.41042379548,38.6798427197668,-121.007696792371,39.9455550251815,1.09239322134633,1.08545018783451,2025.52127082527,2025.52821385878,NA,Pacific,Pacific
1212,56,0.284010089846921,-71.3395094449957,41.9815094507832,-70.9834217744104,41.7832952679645,1.09294648585371,0.808936396006786,2025.24475703344,2025.52876712329,SRR35089323|A/Great_black-backed_gull/MA/25-021407-024-original/2025|H5N1|USA-MA|Unknown|2025-07-13|wild_avian|D1.1,Atlantic,Atlantic
1012,1014,0.00251819688236532,-95.5525999198177,40.850457624689,-94.7999282274923,40.7762446425799,1.09366541945673,1.09114722257436,2025.52696786001,2025.52948605689,NA,Mississippi,Central
982,983,0.0065162644241834,-89.704408261156,44.9701060209867,-89.6050007992488,42.7855842119956,1.09429372896107,1.08777746453688,2025.52359810197,2025.5301143664,NA,Mississippi,Mississippi
884,919,0.0667608296960485,-99.1791855704392,38.094855630221,-99.7736592926335,37.3910800264728,1.09519632225938,1.02843549256333,2025.46425613,2025.53101695969,NA,Central,Central
919,920,0.00020978686009121,-99.7736592926335,37.3910800264728,-99.641460711532,37.5767540154042,1.09540610911947,1.09519632225938,2025.53101695969,2025.53122674655,NA,Central,Central
877,878,0.177876219237635,-104.940037917047,47.623237527534,-106.239329896626,46.8683795178256,1.09558272547668,0.917706506239045,2025.35352714367,2025.53140336291,NA,Mississippi,Mississippi
1317,1320,0.0515389001316708,-113.361944983663,32.2060330798068,-114.724012901842,34.1665146886821,1.09558700323734,1.04404810310567,2025.47986874054,2025.53140764067,NA,Mississippi,Mississippi
920,921,0.00156119304127333,-99.641460711532,37.5767540154042,-99.6385351918367,36.7778024674822,1.09696730216074,1.09540610911947,2025.53122674655,2025.53278793959,NA,Central,Central
983,984,0.00312511412207073,-89.6050007992488,42.7855842119956,-89.1284679203362,42.8712734004123,1.09741884308314,1.09429372896107,2025.5301143664,2025.53323948052,NA,Mississippi,Mississippi
1302,1303,0.00721741517037056,-75.2817883536148,38.2197581156385,-75.331689463011,38.182813919067,1.0981663830318,1.09094896786143,2025.5267696053,2025.53398702047,NA,Atlantic,Atlantic
886,887,0.0344984000212065,-97.1378057254721,39.5283345626365,-94.5153648564403,40.4465063504157,1.09899329746343,1.06449489744222,2025.50031553488,2025.5348139349,NA,Central,Central
947,954,0.00756970843912019,-106.726463640938,42.4264284549391,-107.345151447908,41.6430550867505,1.09919941621283,1.09162970777371,2025.52745034521,2025.53502005365,NA,Central,Central
954,956,0.000468391552872705,-107.345151447908,41.6430550867505,-107.273013770693,41.6923447914449,1.0996678077657,1.09919941621283,2025.53502005365,2025.5354884452,NA,Central,Central
982,995,0.0125291914232979,-89.704408261156,44.9701060209867,-90.3523003824419,44.3910945153082,1.10030665596018,1.08777746453688,2025.52359810197,2025.53612729339,NA,Mississippi,Mississippi
954,955,0.00136765476259959,-107.345151447908,41.6430550867505,-107.451453155564,41.7969888734148,1.10056707097543,1.09919941621283,2025.53502005365,2025.53638770841,NA,Central,Central
1202,63,0.198988823437291,-80.0032844779355,38.8138157887045,-89.2433849440305,37.8930341408445,1.10116566393578,0.902176840498488,2025.33799747793,2025.53698630137,SRR35151393|A/Common_Tern/ME/25-021406-008-original-repeat2/2025|H5N1|USA-ME|Unknown|2025-07-16|wild_avian|D1.1,Atlantic,Atlantic
984,985,0.00583947358913561,-89.1284679203362,42.8712734004123,-89.2635713402472,39.4951577453978,1.10325831667227,1.09741884308314,2025.53323948052,2025.53907895411,NA,Mississippi,Mississippi
985,988,5.85236387169452e-05,-89.2635713402472,39.4951577453978,-89.263762615799,39.503262978627,1.10331684031099,1.10325831667227,2025.53907895411,2025.53913747775,NA,Mississippi,Mississippi
931,932,0.0198152230095996,-109.463571802674,41.7912095028771,-106.284575038788,45.6232615357408,1.10341243941306,1.08359721640346,2025.51941785384,2025.53923307685,NA,Central,Central
956,959,0.00495060376435075,-107.273013770693,41.6923447914449,-107.274539104286,41.5611709811149,1.10461841153005,1.0996678077657,2025.5354884452,2025.54043904896,NA,Central,Central
886,900,0.0403617234069511,-97.1378057254721,39.5283345626365,-107.548206492381,40.3108770427078,1.10485662084917,1.06449489744222,2025.50031553488,2025.54067725828,NA,Central,Pacific
872,873,0.189199595040798,-105.431195993796,47.4398502203428,-90.4726380079248,45.640974924766,1.10613603064027,0.916936435599473,2025.35275707303,2025.54195666807,NA,Mississippi,Atlantic
1014,1015,0.0137005717816463,-94.7999282274923,40.7762446425799,-93.0564894238111,40.4109196586719,1.10736599123837,1.09366541945673,2025.52948605689,2025.54318662867,NA,Central,Central
873,874,0.00291450444957464,-90.4726380079248,45.640974924766,-90.5140748815582,45.613151429347,1.10905053508985,1.10613603064027,2025.54195666807,2025.54487117252,NA,Atlantic,Atlantic
1015,1017,0.00189696814848572,-93.0564894238111,40.4109196586719,-94.7601243227106,39.0973550920898,1.10926295938686,1.10736599123837,2025.54318662867,2025.54508359682,NA,Central,Central
1303,1304,0.0111906809565299,-75.331689463011,38.182813919067,-76.382349721029,40.7586112030876,1.10935706398833,1.0981663830318,2025.53398702047,2025.54517770142,NA,Atlantic,Atlantic
959,960,0.00508647583486521,-107.274539104286,41.5611709811149,-108.762892322981,41.7797236814803,1.10970488736492,1.10461841153005,2025.54043904896,2025.5455255248,NA,Central,Central
1008,1022,0.0720015300330699,-94.6557652756544,40.6248961963344,-93.6511950483796,39.0602652067618,1.11227629211738,1.04027476208432,2025.47609539952,2025.54809692955,NA,Central,Mississippi
947,948,0.0210622055202936,-106.726463640938,42.4264284549391,-107.028351575071,42.0535386556449,1.112691913294,1.09162970777371,2025.52745034521,2025.54851255073,NA,Central,Central
1303,1309,0.0157767626964558,-75.331689463011,38.182813919067,-74.9301093496832,39.4145606997388,1.11394314572825,1.0981663830318,2025.53398702047,2025.54976378316,NA,Atlantic,Atlantic
887,888,0.0149564444916555,-94.5153648564403,40.4465063504157,-94.6950864300375,41.2421539862392,1.11394974195509,1.09899329746343,2025.5348139349,2025.54977037939,NA,Central,Central
900,904,0.0104639677748588,-107.548206492381,40.3108770427078,-109.548037201952,39.1830562940054,1.11532058862403,1.10485662084917,2025.54067725828,2025.55114122606,NA,Pacific,Pacific
1302,1310,0.0256032346072208,-75.2817883536148,38.2197581156385,-77.6366750113756,37.425106281737,1.11655220246865,1.09094896786143,2025.5267696053,2025.5523728399,NA,Atlantic,Atlantic
842,584,0.1990126818333,-104.601274412669,43.4075001174222,-105.690315390504,44.3560593734436,1.11760402010015,0.91859133826685,2025.3544119757,2025.55342465753,SRR35150577|A/cattle/AZ/25-021143-001-original-repeat2/2025|H5N1|USA-AZ|Unknown|2025-07-22|cattle|D1.1,Pacific,Pacific
1317,1318,0.0738372697589478,-113.361944983663,32.2060330798068,-115.713613048283,33.1486033613574,1.11788537286462,1.04404810310567,2025.47986874054,2025.5537060103,NA,Mississippi,Mississippi
926,927,0.0902135108330748,-93.6545322645783,39.8123690533494,-85.9582078811592,34.1506249596154,1.11900164750423,1.02878813667115,2025.46460877411,2025.55482228494,NA,Pacific,Pacific
984,990,0.022961673193149,-89.1284679203362,42.8712734004123,-89.072879507322,43.3581234575357,1.12038051627629,1.09741884308314,2025.53323948052,2025.55620115371,NA,Mississippi,Mississippi
1318,1319,0.00460772612848648,-115.713613048283,33.1486033613574,-116.486222175266,33.6079034136949,1.12249309899311,1.11788537286462,2025.5537060103,2025.55831373643,NA,Mississippi,Mississippi
1022,1023,0.0147096325199134,-93.6511950483796,39.0602652067618,-92.2350174441649,34.879780310101,1.1269859246373,1.11227629211738,2025.54809692955,2025.56280656207,NA,Mississippi,Mississippi
878,879,0.0327215894854214,-106.239329896626,46.8683795178256,-104.110748137718,39.3080138012141,1.1283043149621,1.09558272547668,2025.53140336291,2025.5641249524,NA,Mississippi,Central
904,905,0.0136322421980575,-109.548037201952,39.1830562940054,-109.152749057389,38.9834260456714,1.12895283082209,1.11532058862403,2025.55114122606,2025.56477346826,NA,Pacific,Pacific
988,989,0.0259464967802279,-89.263762615799,39.503262978627,-93.8541120169384,33.2522089799917,1.12926333709122,1.10331684031099,2025.53913747775,2025.56508397453,NA,Mississippi,Central
995,996,0.0313159948646482,-90.3523003824419,44.3910945153082,-90.2616498761142,44.7026684378952,1.13162265082483,1.10030665596018,2025.53612729339,2025.56744328826,NA,Mississippi,Mississippi
887,889,0.0331346485595228,-94.5153648564403,40.4465063504157,-94.5275321746586,40.9870861287465,1.13212794602295,1.09899329746343,2025.5348139349,2025.56794858346,NA,Central,Central
985,986,0.029265921821831,-89.2635713402472,39.4951577453978,-88.6014511111086,38.3002317516336,1.13252423849411,1.10325831667227,2025.53907895411,2025.56834487593,NA,Mississippi,Mississippi
921,922,0.0360635023662224,-99.6385351918367,36.7778024674822,-98.0421089609803,34.6515212612167,1.13303080452697,1.09696730216074,2025.53278793959,2025.56885144196,NA,Central,Central
889,890,0.0018635969845362,-94.5275321746586,40.9870861287465,-95.0302691248426,40.6443742086433,1.13399154300749,1.13212794602295,2025.56794858346,2025.56981218044,NA,Central,Central
1010,1020,0.0809124933065597,-94.3975308689898,41.0941952548819,-95.5210902989118,37.1801056401452,1.13429518742033,1.05338269411377,2025.48920333155,2025.57011582485,NA,Central,Central
990,991,0.0139471129690349,-89.072879507322,43.3581234575357,-88.8900353756279,44.4464104266585,1.13432762924532,1.12038051627629,2025.55620115371,2025.57014826668,NA,Mississippi,Mississippi
890,894,0.000884287335863654,-95.0302691248426,40.6443742086433,-95.0264733045484,40.4730227963412,1.13487583034335,1.13399154300749,2025.56981218044,2025.57069646778,NA,Central,Central
889,898,0.00515590174989855,-94.5275321746586,40.9870861287465,-95.6198972163203,41.6379775529956,1.13728384777285,1.13212794602295,2025.56794858346,2025.57310448521,NA,Central,Central
1304,1305,0.0281391018794297,-76.382349721029,40.7586112030876,-76.3197129184834,40.657935634985,1.13749616586776,1.10935706398833,2025.54517770142,2025.5733168033,NA,Atlantic,Atlantic
956,957,0.0378326787999932,-107.273013770693,41.6923447914449,-107.437280698232,41.15916205836,1.13750048656569,1.0996678077657,2025.5354884452,2025.573321124,NA,Central,Central
919,923,0.0445624989359961,-99.7736592926335,37.3910800264728,-99.6391094037182,39.501992004335,1.13975882119537,1.09519632225938,2025.53101695969,2025.57557945863,NA,Central,Central
905,906,0.0114404106966759,-109.152749057389,38.9834260456714,-109.298430774222,39.8146696050507,1.14039324151877,1.12895283082209,2025.56477346826,2025.57621387895,NA,Pacific,Pacific
935,936,0.0559363214947839,-111.921290753001,45.377824114966,-112.974362557534,45.7882950866359,1.14048486866055,1.08454854716577,2025.5203691846,2025.57630550609,NA,Central,Central
996,1007,0.00932048477329017,-90.2616498761142,44.7026684378952,-91.0915729205883,45.2027415596112,1.14094313559812,1.13162265082483,2025.56744328826,2025.57676377303,NA,Mississippi,Mississippi
906,908,0.00100426195010428,-109.298430774222,39.8146696050507,-109.200834877745,39.8719555285101,1.14139750346887,1.14039324151877,2025.57621387895,2025.5772181409,NA,Pacific,Pacific
942,943,0.0505185628697455,-107.028556101079,42.1977793451393,-106.238243079035,42.1935627821665,1.14198696751647,1.09146840464673,2025.52728904208,2025.57780760495,NA,Central,Central
990,994,0.0225711753857682,-89.072879507322,43.3581234575357,-87.9106104673827,46.1952288998083,1.14295169166206,1.12038051627629,2025.55620115371,2025.5787723291,NA,Mississippi,Mississippi
1305,1307,0.00550873577014932,-76.3197129184834,40.657935634985,-75.9186614719249,40.6241162306198,1.14300490163791,1.13749616586776,2025.5733168033,2025.57882553907,NA,Atlantic,Atlantic
943,946,0.00162872050586715,-106.238243079035,42.1935627821665,-108.409039696031,41.9662768707833,1.14361568802234,1.14198696751647,2025.57780760495,2025.57943632546,NA,Central,Central
923,924,0.00421018913662397,-99.6391094037182,39.501992004335,-99.6733557179525,39.6538891983593,1.143969010332,1.13975882119537,2025.57557945863,2025.57978964777,NA,Central,Pacific
1307,1308,0.00121803115778762,-75.9186614719249,40.6241162306198,-74.8004266122406,42.2097589372488,1.14422293279569,1.14300490163791,2025.57882553907,2025.58004357023,NA,Atlantic,Atlantic
904,914,0.0336444974308965,-109.548037201952,39.1830562940054,-109.297142054008,38.9276249919622,1.14896508605493,1.11532058862403,2025.55114122606,2025.58478572349,NA,Pacific,Pacific
894,895,0.0155582103428691,-95.0264733045484,40.4730227963412,-94.1343742770549,38.1058275727077,1.15043404068622,1.13487583034335,2025.57069646778,2025.58625467812,NA,Central,Central
1065,1066,0.157236532946081,-95.3990039880962,40.2705571385781,-94.8446556920238,40.1789260554649,1.1526323391671,0.995395806221016,2025.43121644366,2025.5884529766,NA,Atlantic,Atlantic
894,896,0.0187235442276994,-95.0264733045484,40.4730227963412,-93.4458380622876,42.3418134665456,1.15359937457105,1.13487583034335,2025.57069646778,2025.58942001201,NA,Central,Central
1023,1029,0.0271253851962161,-92.2350174441649,34.879780310101,-91.3473693338451,34.4619197637604,1.15411130983351,1.1269859246373,2025.56280656207,2025.58993194727,NA,Mississippi,Mississippi
948,949,0.0415807507679138,-107.028351575071,42.0535386556449,-107.240793379087,43.1725964661471,1.15427266406192,1.112691913294,2025.54851255073,2025.5900933015,NA,Central,Central
900,901,0.0496036878385768,-107.548206492381,40.3108770427078,-108.99246738604,41.2322148265665,1.15446030868775,1.10485662084917,2025.54067725828,2025.59028094612,NA,Pacific,Pacific
788,789,0.00951595953599105,-77.0674713511244,42.7019190332054,-75.5871935253292,43.4540216088854,1.15453454985433,1.14501859031834,2025.58083922775,2025.59035518729,NA,Atlantic,Atlantic
1020,1021,0.0208975117576351,-95.5210902989118,37.1801056401452,-95.5410004718851,37.4438450918855,1.15519269917796,1.13429518742033,2025.57011582485,2025.59101333661,NA,Central,Central
943,944,0.0134338700461012,-106.238243079035,42.1935627821665,-106.427947845576,41.8212958685435,1.15542083756257,1.14198696751647,2025.57780760495,2025.591241475,NA,Central,Central
996,997,0.0282508011372342,-90.2616498761142,44.7026684378952,-96.2206901503984,40.9502340465981,1.15987345196206,1.13162265082483,2025.56744328826,2025.5956940894,NA,Mississippi,Mississippi
991,992,0.0262382642031809,-88.8900353756279,44.4464104266585,-90.7197809353308,48.0437163001114,1.1605658934485,1.13432762924532,2025.57014826668,2025.59638653088,NA,Mississippi,Mississippi
1029,1032,0.00725564475476026,-91.3473693338451,34.4619197637604,-90.5877642413277,33.6371115222196,1.16136695458827,1.15411130983351,2025.58993194727,2025.59718759202,NA,Mississippi,Mississippi
997,999,0.00221359410555633,-96.2206901503984,40.9502340465981,-97.9168437357163,40.8388668439514,1.16208704606762,1.15987345196206,2025.5956940894,2025.5979076835,NA,Mississippi,Mississippi
935,939,0.0787586150984712,-111.921290753001,45.377824114966,-111.79244017506,45.6607057009701,1.16330716226424,1.08454854716577,2025.5203691846,2025.5991277997,NA,Central,Central
936,937,0.0233530536782955,-112.974362557534,45.7882950866359,-114.704294285994,42.8150968328088,1.16383792233885,1.14048486866055,2025.57630550609,2025.59965855977,NA,Central,Mississippi
944,945,0.00914949476701721,-106.427947845576,41.8212958685435,-105.930246111983,41.56323946862,1.16457033232959,1.15542083756257,2025.591241475,2025.60039096976,NA,Central,Central
914,915,0.0156414736964332,-109.297142054008,38.9276249919622,-110.345561739757,38.5999414679366,1.16460655975136,1.14896508605493,2025.58478572349,2025.60042719719,NA,Pacific,Pacific
957,958,0.027316371617941,-107.437280698232,41.15916205836,-110.102312510787,35.5608915568962,1.16481685818364,1.13750048656569,2025.573321124,2025.60063749562,NA,Central,Central
1023,1024,0.0384655621272805,-92.2350174441649,34.879780310101,-92.7785154314191,36.2976885116711,1.16545148676458,1.1269859246373,2025.56280656207,2025.6012721242,NA,Mississippi,Mississippi
999,1000,0.00410080812921465,-97.9168437357163,40.8388668439514,-97.0293054702997,39.7076786764889,1.16618785419684,1.16208704606762,2025.5979076835,2025.60200849163,NA,Mississippi,Mississippi
915,916,0.00342789700731649,-110.345561739757,38.5999414679366,-111.411115290282,37.2681908716957,1.16803445675868,1.16460655975136,2025.60042719719,2025.60385509419,NA,Pacific,Pacific
949,950,0.014679349752418,-107.240793379087,43.1725964661471,-112.109810773025,43.3574441291625,1.16895201381433,1.15427266406192,2025.5900933015,2025.60477265125,NA,Central,Central
999,1006,0.00695888151839097,-97.9168437357163,40.8388668439514,-98.2010455740118,40.4601624082357,1.16904592758601,1.16208704606762,2025.5979076835,2025.60486656502,NA,Mississippi,Mississippi
1012,1013,0.0786940247564607,-95.5525999198177,40.850457624689,-95.3463106183587,40.1700063192597,1.16984124733082,1.09114722257436,2025.52696786001,2025.60566188476,NA,Mississippi,Central
789,790,0.0156664959008013,-75.5871935253292,43.4540216088854,-74.7423602501699,44.9382038352626,1.17020104575513,1.15453454985433,2025.59035518729,2025.60602168319,NA,Atlantic,Atlantic
908,909,0.0290829046445937,-109.200834877745,39.8719555285101,-109.52620574321,40.4147222409035,1.17048040811346,1.14139750346887,2025.5772181409,2025.60630104555,NA,Pacific,Pacific
1024,1026,0.00571934627505843,-92.7785154314191,36.2976885116711,-93.1288470491313,36.639862674768,1.17117083303964,1.16545148676458,2025.6012721242,2025.60699147047,NA,Mississippi,Mississippi
965,966,0.0892622426755423,-120.871426876681,43.8634415914638,-119.008002994864,36.3863645631201,1.1716650756134,1.08240283293786,2025.51822347037,2025.60748571305,NA,Pacific,Pacific
1029,1030,0.0184591756258417,-91.3473693338451,34.4619197637604,-92.1844713874374,35.3810714291706,1.17257048545936,1.15411130983351,2025.58993194727,2025.60839112289,NA,Mississippi,Mississippi
986,987,0.0406027096664521,-88.6014511111086,38.3002317516336,-88.0090015692669,40.7543130615228,1.17312694816056,1.13252423849411,2025.56834487593,2025.60894758559,NA,Mississippi,Mississippi
1026,1028,0.00383225612093807,-93.1288470491313,36.639862674768,-92.2168397469066,36.2694801133069,1.17500308916058,1.17117083303964,2025.60699147047,2025.61082372659,NA,Mississippi,Mississippi
700,701,0.349830105072988,-114.847703131191,38.4599451133017,-109.57182204305,36.3906783342396,1.17514635230004,0.825316247227052,2025.26113688466,2025.61096698973,NA,Mississippi,Atlantic
932,933,0.0733932576063716,-106.284575038788,45.6232615357408,-98.4879120781567,33.2187391630788,1.17680569701943,1.10341243941306,2025.53923307685,2025.61262633445,NA,Central,Mississippi
997,998,0.0172704790187264,-96.2206901503984,40.9502340465981,-96.2221049033714,40.7420729315932,1.17714393098079,1.15987345196206,2025.5956940894,2025.61296456841,NA,Mississippi,Mississippi
1000,1003,0.0113119580347625,-97.0293054702997,39.7076786764889,-97.2661867812866,39.3809301625869,1.1774998122316,1.16618785419684,2025.60200849163,2025.61332044967,NA,Mississippi,Mississippi
939,940,0.0144016540590133,-111.79244017506,45.6607057009701,-111.376513463109,46.0237602489929,1.17770881632325,1.16330716226424,2025.5991277997,2025.61352945376,NA,Central,Central
890,891,0.0438663634417675,-95.0302691248426,40.6443742086433,-95.7558079823669,39.7690012040645,1.17785790644926,1.13399154300749,2025.56981218044,2025.61367854388,NA,Central,Central
898,899,0.0414743184848421,-95.6198972163203,41.6379775529956,-97.3874834383966,44.2494118614687,1.17875816625769,1.13728384777285,2025.57310448521,2025.61457880369,NA,Central,Central
1017,1018,0.069622146202166,-94.7601243227106,39.0973550920898,-80.6388264277604,36.8628892105246,1.17888510558902,1.10926295938686,2025.54508359682,2025.61470574302,NA,Central,Mississippi
906,907,0.0388602720139122,-109.298430774222,39.8146696050507,-112.056832883989,39.9269730915692,1.17925351353268,1.14039324151877,2025.57621387895,2025.61507415097,NA,Pacific,Pacific
940,941,0.00198938803876958,-111.376513463109,46.0237602489929,-111.956947908666,45.3973165222405,1.17969820436202,1.17770881632325,2025.61352945376,2025.6155188418,NA,Central,Central
1305,1306,0.0425023413658074,-76.3197129184834,40.657935634985,-76.3663203211686,40.4197809439116,1.17999850723356,1.13749616586776,2025.5733168033,2025.61581914467,NA,Atlantic,Atlantic
905,913,0.0511249986771771,-109.152749057389,38.9834260456714,-98.0517414740408,28.7360543908905,1.18007782949927,1.12895283082209,2025.56477346826,2025.61589846693,NA,Pacific,Central
1228,6,0.855471535202795,-120.095810562713,40.1963419040646,-120.848844875687,39.6174779572038,1.18061771873028,0.325146183527485,2024.76096682096,2025.61643835616,SRR35949988|A/duck_mallard/ID/25-023507-024/2025|H5N1|USA-ID|Cassia|2025-08-14|wild_avian|D1.1,Pacific,Pacific
802,294,0.0637514383010158,-79.9640157250372,36.1068550914943,-79.1930198847397,35.088106667472,1.18061771873028,1.11686628042926,2025.55268691786,2025.61643835616,SRR35949967|A/Black_Vulture/NC/25-023724-001-original/2025|H5N1|USA-NC|Unknown|2025-08-14|wild_avian|D1.1,Atlantic,Atlantic
901,902,0.0272359233203674,-108.99246738604,41.2322148265665,-111.636273585036,39.7019321659581,1.18169623200812,1.15446030868775,2025.59028094612,2025.61751686944,NA,Pacific,Central
937,938,0.0180691126285395,-114.704294285994,42.8150968328088,-116.328305825095,40.6704710811979,1.18190703496739,1.16383792233885,2025.59965855977,2025.6177276724,NA,Mississippi,Mississippi
896,897,0.0286710752068555,-93.4458380622876,42.3418134665456,-93.3300996643758,41.2416056244492,1.18227044977791,1.15359937457105,2025.58942001201,2025.61809108721,NA,Central,Central
1026,1027,0.011415321772297,-93.1288470491313,36.639862674768,-93.7050369602712,36.7139000327595,1.18258615481193,1.17117083303964,2025.60699147047,2025.61840679225,NA,Mississippi,Mississippi
933,934,0.00676801395124427,-98.4879120781567,33.2187391630788,-99.0528638746928,30.9927811312092,1.18357371097067,1.17680569701943,2025.61262633445,2025.6193943484,NA,Mississippi,Mississippi
1024,1025,0.01849021500599,-92.7785154314191,36.2976885116711,-90.7638801784065,35.0099183557233,1.18394170177057,1.16545148676458,2025.6012721242,2025.6197623392,NA,Mississippi,Mississippi
1056,1057,0.894584227443588,-102.471390682017,30.6484659758993,-101.013842747114,34.1181787730656,1.18427570125692,0.289691473813337,2024.72551211125,2025.62009633869,NA,Central,Central
1000,1001,0.0188054939427449,-97.0293054702997,39.7076786764889,-94.7077014500973,39.7423294786067,1.18499334813958,1.16618785419684,2025.60200849163,2025.62081398557,NA,Mississippi,Mississippi
789,791,0.0315593182424796,-75.5871935253292,43.4540216088854,-74.8160129612407,43.2181296693063,1.18609386809681,1.15453454985433,2025.59035518729,2025.62191450553,NA,Atlantic,Atlantic
1297,190,0.284547827596004,-105.06782071978,45.7959768558564,-106.312871626955,48.0268360374334,1.19157662283994,0.907028795243933,2025.34284943268,2025.62739726027,SRR35950029|A/Bald_Eagle/NY/25-023581-001-original/2025|H5N1|USA-NY|Unknown|2025-08-18|wild_avian|D1.1,Atlantic,Atlantic
790,313,0.024115303112167,-74.7423602501699,44.9382038352626,-75.0179117681201,44.4435148255018,1.19431634886729,1.17020104575513,2025.60602168319,2025.6301369863,SRR35950028|A/Black_Vulture/NJ/25-023587-001-original/2025|H5N1|USA-NJ|Unknown|2025-08-19|wild_avian|D1.1,Atlantic,Atlantic
790,314,0.024115303112167,-74.7423602501699,44.9382038352626,-74.3704168671323,44.6950661902662,1.19431634886729,1.17020104575513,2025.60602168319,2025.6301369863,SRR35949975|A/Black_Vulture/NJ/25-023587-003-original/2025|H5N1|USA-NJ|Unknown|2025-08-19|wild_avian|D1.1,Atlantic,Atlantic
1015,1016,0.087641137721941,-93.0564894238111,40.4109196586719,-97.7165166905984,40.0229494870526,1.19500712896031,1.10736599123837,2025.54318662867,2025.63082776639,NA,Central,Central
1320,1321,0.100995267066366,-114.724012901842,34.1665146886821,-114.151504627546,32.9670571135827,1.19658227030371,1.09558700323734,2025.53140764067,2025.63240290774,NA,Mississippi,Mississippi
1307,194,0.0567908992843307,-75.9186614719249,40.6241162306198,-75.35484199046,42.0735021762418,1.19979580092224,1.14300490163791,2025.57882553907,2025.63561643836,SRR35318191|A/chicken/NY/25-023583-002-original/2025|H5N1|USA-NY|Unknown|2025-08-21|domestic_avian|D1.1,Atlantic,Atlantic
1028,356,0.0384913418986754,-92.2168397469066,36.2694801133069,-96.869773838826,39.6869499845198,1.21349443105925,1.17500308916058,2025.61082372659,2025.64931506849,SRR35318189|A/Turkey/SD/25-023747-001-original/2025|H5N1|USA-SD|Unknown|2025-08-26|domestic_avian|D1.1,Mississippi,Central
1030,1031,0.041490301785633,-92.1844713874374,35.3810714291706,-91.9945760672653,39.6622801994529,1.21406078724499,1.17257048545936,2025.60839112289,2025.64988142468,NA,Mississippi,Mississippi
1003,1004,0.0412896240672829,-97.2661867812866,39.3809301625869,-102.953924538582,33.5455599745681,1.21878943629888,1.1774998122316,2025.61332044967,2025.65461007373,NA,Mississippi,Mississippi
891,893,0.0426146751634888,-95.7558079823669,39.7690012040645,-96.1236846830244,41.19295428087,1.22047258161275,1.17785790644926,2025.61367854388,2025.65629321905,NA,Central,Central
1066,535,0.0690812699742256,-94.8446556920238,40.1789260554649,-93.355978094569,41.4166467091961,1.22171360914132,1.1526323391671,2025.5884529766,2025.65753424658,SRR35949432|A/chicken/GA/25-024057-002-original/2025|H5N1|USA-GA|Unknown|2025-08-29|domestic_avian|D1.1,Atlantic,Atlantic
989,379,0.0951899980774613,-93.8541120169384,33.2522089799917,-87.6509616250487,33.001963069114,1.22445333516868,1.12926333709122,2025.56508397453,2025.6602739726,SRR35949426|A/Domestic_Grower/Meat-type_Turkey/ND/25-024186-001-original/2025|H5N1|USA-ND|Unknown|2025-08-30|domestic_avian|D1.1,Central,Central
927,928,0.106656368957831,-85.9582078811592,34.1506249596154,-85.7129101627982,34.4188249368658,1.22565801646206,1.11900164750423,2025.55482228494,2025.6614786539,NA,Pacific,Pacific
891,892,0.0489486141806597,-95.7558079823669,39.7690012040645,-96.14367392355,38.777249479076,1.22680652062992,1.17785790644926,2025.61367854388,2025.66262715806,NA,Central,Central
902,903,0.0452297920445264,-111.636273585036,39.7019321659581,-117.831205739788,41.6370596139369,1.22692602405264,1.18169623200812,2025.61751686944,2025.66274666149,NA,Central,Central
994,373,0.0842413695339819,-87.9106104673827,46.1952288998083,-81.93585253556,34.3106583371152,1.22719306119604,1.14295169166206,2025.5787723291,2025.66301369863,SRR35949424|A/Domestic_Grower/Meat-type_Turkey/SD/25-024189-001-original/2025|H5N1|USA-SD|Unknown|2025-08-31|domestic_avian|D1.1,Mississippi,Central
950,951,0.0630987058563726,-112.109810773025,43.3574441291625,-120.030220017528,43.4460322805194,1.23205071967071,1.16895201381433,2025.60477265125,2025.6678713571,NA,Central,Central
988,369,0.129355672939989,-89.263762615799,39.503262978627,-109.516925823982,47.9340855493318,1.23267251325098,1.10331684031099,2025.53913747775,2025.66849315068,SRR36211907|A/Canada_Goose/UT/25-024323-001-original/2025|H5N1|USA-UT|Unknown|2025-09-02|wild_avian|D1.1,Mississippi,Pacific
961,419,0.317451006111114,-114.536043415584,46.8912395898928,-122.521092941135,37.9593539721049,1.23815196530569,0.920700959194581,2025.35652159663,2025.67397260274,SRR35705730|A/Mallard_Duck/ID/25-024960-007-original/2025|H5N1|USA-ID|Unknown|2025-09-04|wild_avian|D1.1,Central,Pacific
701,702,0.0630713041301429,-109.57182204305,36.3906783342396,-110.792128418092,35.9239463083869,1.23821765643018,1.17514635230004,2025.61096698973,2025.67403829386,NA,Atlantic,Atlantic
981,367,0.164591494663726,-92.2479242301149,44.9602948998018,-99.4314817611076,41.6479282837298,1.24089169133305,1.07630019666933,2025.5121208341,2025.67671232877,SRR35705007|A/Turkey/SD/25-024863-004-original/2025|H5N1|USA-SD|Unknown|2025-09-05|domestic_avian|D1.1,Mississippi,Central
799,298,0.152450304433836,-82.3073394313177,38.4532160045927,-82.8719693183768,41.2926235784967,1.24363141736041,1.09118111292657,2025.52700175036,2025.67945205479,SRR35705677|A/Black_Vulture/NC/25-025013-001-original/2025|H5N1|USA-NC|Unknown|2025-09-06|wild_avian|D1.1,Atlantic,Atlantic
987,371,0.0705044691998522,-88.0090015692669,40.7543130615228,-95.8031510613663,40.7500747861626,1.24363141736041,1.17312694816056,2025.60894758559,2025.67945205479,SRR35705728|A/blue-winged_Teal/IL/25-025061-004-original/2025|H5N1|USA-IL|Unknown|2025-09-06|wild_avian|D1.1,Mississippi,Mississippi
1007,382,0.105428007789873,-91.0915729205883,45.2027415596112,-97.003141633834,37.1236975609577,1.24637114338799,1.14094313559812,2025.57676377303,2025.68219178082,SRR35586405|A/Turkey/SD/25-024550-002-original/2025|H5N1|USA-SD|Unknown|2025-09-07|domestic_avian|D1.1,Mississippi,Central
1004,1005,0.0298499011977946,-102.953924538582,33.5455599745681,-101.163948700102,29.7548984823152,1.24863933749668,1.21878943629888,2025.65461007373,2025.68445997493,NA,Mississippi,Mississippi
1016,350,0.0568434664823956,-97.7165166905984,40.0229494870526,-98.0217558022489,39.3278267531888,1.25185059544271,1.19500712896031,2025.63082776639,2025.68767123288,SRR36212521|A/Mallard_Duck/CO/25-025267-001-original/2025|H5N1|USA-CO|Unknown|2025-09-09|wild_avian|D1.1,Central,Central
1201,61,0.560288226750972,-79.7536064208621,38.89613410993,-80.7261002086228,37.6891791472605,1.25459032147007,0.694302094719095,2025.13012273215,2025.6904109589,SRR35705785|A/Vulture/MD/25-024862-001-original/2025|H5N1|USA-MD|Unknown|2025-09-10|wild_avian|D1.1,Atlantic,Atlantic
983,368,0.160296592508999,-89.6050007992488,42.7855842119956,-90.1043634597269,32.8148444594785,1.25459032147007,1.09429372896107,2025.5301143664,2025.6904109589,SRR35705788|A/Swainson_s_Hawk/ND/25-024871-001-original/2025|H5N1|USA-ND|Unknown|2025-09-10|other|D1.1,Mississippi,Central
916,917,0.0871070445861128,-111.411115290282,37.2681908716957,-113.265890905576,34.9593115426182,1.25514150134479,1.16803445675868,2025.60385509419,2025.69096213878,NA,Pacific,Pacific
1001,1002,0.0720752086633958,-94.7077014500973,39.7423294786067,-93.1679564309749,37.3949919805394,1.25706855680298,1.18499334813958,2025.62081398557,2025.69288919424,NA,Mississippi,Mississippi
702,703,0.0190413595220578,-110.792128418092,35.9239463083869,-110.613339454938,35.9452667328363,1.25725901595224,1.23821765643018,2025.67403829386,2025.69307965339,NA,Atlantic,Atlantic
932,442,0.153917608084368,-106.284575038788,45.6232615357408,-105.831858582104,45.7740856060746,1.25733004749742,1.10341243941306,2025.53923307685,2025.69315068493,SRR36212532|A/Mallard_Duck/WY/25-025186-001-original/2025|H5N1|USA-WY|Unknown|2025-09-11|wild_avian|D1.1,Central,Central
791,315,0.071236179400618,-74.8160129612407,43.2181296693063,-74.4401623900515,43.0141644240928,1.25733004749742,1.18609386809681,2025.62191450553,2025.69315068493,SRR36212431|A/Black_Vulture/NJ/25-025220-003-original/2025|H5N1|USA-NJ|Unknown|2025-09-11|wild_avian|D1.1,Atlantic,Atlantic
791,316,0.071236179400618,-74.8160129612407,43.2181296693063,-75.1297106452492,43.4890836959652,1.25733004749742,1.18609386809681,2025.62191450553,2025.69315068493,SRR36212060|A/Black_Vulture/NJ/25-025220-002-original/2025|H5N1|USA-NJ|Unknown|2025-09-11|wild_avian|D1.1,Atlantic,Atlantic
927,929,0.141011199919903,-85.9582078811592,34.1506249596154,-123.463358094594,41.1798611061602,1.26001284742413,1.11900164750423,2025.55482228494,2025.69583348486,NA,Pacific,Atlantic
1004,385,0.0412803372261275,-102.953924538582,33.5455599745681,-106.603008493438,39.8204122664889,1.26006977352501,1.21878943629888,2025.65461007373,2025.69589041096,SRR36211905|A/Canada_Goose/ND/25-025249-001-original/2025|H5N1|USA-ND|Unknown|2025-09-12|wild_avian|D1.1,Mississippi,Central
1018,1019,0.0838879001379458,-80.6388264277604,36.8628892105246,-83.7843588658776,32.2677130003689,1.26277300572697,1.17888510558902,2025.61470574302,2025.69859364316,NA,Mississippi,Mississippi
1020,352,0.128514312132037,-95.5210902989118,37.1801056401452,-95.7098865131782,37.0072038038085,1.26280949955237,1.13429518742033,2025.57011582485,2025.69863013699,SRR36211782|A/blue_winged_teal/KS/25-025843-038/2025|H5N1|USA-KS|Barton|2025-09-13|wild_avian|D1.1,Central,Central
1021,351,0.107616800374402,-95.5410004718851,37.4438450918855,-95.3545531538236,37.3045416535126,1.26280949955237,1.15519269917796,2025.59101333661,2025.69863013699,SRR36211787|A/blue_winged_teal/KS/25-025843-026/2025|H5N1|USA-KS|Barton|2025-09-13|wild_avian|D1.1,Central,Central
914,918,0.118397850206889,-109.297142054008,38.9276249919622,-110.387013847014,39.3886338404448,1.26736293626182,1.14896508605493,2025.58478572349,2025.7031835737,NA,Pacific,Pacific
1028,357,0.0932858624465054,-92.2168397469066,36.2694801133069,-92.9312136045633,37.6219273976157,1.26828895160708,1.17500308916058,2025.61082372659,2025.70410958904,SRR36212111|A/mallard_duck/MN/25-025867-005/2025|H5N1|USA-MN|Scott|2025-09-15|wild_avian|D1.1,Mississippi,Mississippi
878,461,0.175445952157758,-106.239329896626,46.8683795178256,-93.0959127502917,29.9110374588198,1.27102867763444,1.09558272547668,2025.53140336291,2025.70684931507,SRR36211763|A/Gadwell/NV/25G01828-004-original/2025|H5N1|USA-NV|Unknown|2025-09-16|wild_avian|D1.1,Mississippi,Pacific
1306,197,0.0910301704008742,-76.3663203211686,40.4197809439116,-73.8553366221617,43.6327417254346,1.27102867763444,1.17999850723356,2025.61581914467,2025.70684931507,SRR36212518|A/Mallard_Duck/NH/25-025612-017-original-repeat2/2025|H5N1|USA-NH|Unknown|2025-09-16|wild_avian|D1.1,Atlantic,Atlantic
1025,355,0.0870869758638693,-90.7638801784065,35.0099183557233,-95.3701373323373,35.5533965233948,1.27102867763444,1.18394170177057,2025.6197623392,2025.70684931507,SRR36211924|A/Red-tailed_Hawk/IA/25-025278-001-original/2025|H5N1|USA-IA|Unknown|2025-09-16|wild_avian|D1.1,Mississippi,Mississippi
992,993,0.110772912524274,-90.7197809353308,48.0437163001114,-91.3284072210379,46.5411364711217,1.27133880597278,1.1605658934485,2025.59638653088,2025.70715944341,NA,Mississippi,Mississippi
907,474,0.0945148901291173,-112.056832883989,39.9269730915692,-112.829239344243,43.6910292107554,1.2737684036618,1.17925351353268,2025.61507415097,2025.7095890411,SRR36212466|A/Great_horned_Owl/MT/25-025599-001-original/2025|H5N1|USA-MT|Unknown|2025-09-17|wild_avian|D1.1,Pacific,Pacific
1030,362,0.103937644230024,-92.1844713874374,35.3810714291706,-83.5590752289266,31.1897265820354,1.27650812968938,1.17257048545936,2025.60839112289,2025.71232876712,SRR36211892|A/Mallard_Duck/OH/25-025982-002-original/2025|H5N1|USA-OH|Unknown|2025-09-18|wild_avian|D1.1,Mississippi,Mississippi
1002,383,0.0194395728864041,-93.1679564309749,37.3949919805394,-93.332464645062,36.4757299008933,1.27650812968938,1.25706855680298,2025.69288919424,2025.71232876712,SRR36212068|A/wood_duck/MI/25-025965-014/2025|H5N1|USA-MI|Saginaw|2025-09-18|wild_avian|D1.1,Mississippi,Mississippi
1009,366,0.243673227279084,-94.8704342946317,40.584977051637,-105.611477449887,43.4156879814842,1.28746703379881,1.04379380651973,2025.47961444395,2025.72328767123,SRR36211605|A/American_blue-winged_Teal/LA/25G01386-003-original/2025|H5N1|USA-LA|Unknown|2025-09-22|wild_avian|D1.1,Central,Mississippi
1320,151,0.191880030561469,-114.724012901842,34.1665146886821,-113.306957321827,34.2695929889794,1.28746703379881,1.09558700323734,2025.53140764067,2025.72328767123,SRR36211881|A/Black_Vulture/OH/25-026070-003-original/2025|H5N1|USA-OH|Unknown|2025-09-22|wild_avian|D1.1,Mississippi,Mississippi
936,438,0.146982165138259,-112.974362557534,45.7882950866359,-83.5734943370075,36.2434954059211,1.28746703379881,1.14048486866055,2025.57630550609,2025.72328767123,SRR36212227|A/Great_horned_Owl/WA/25G01455-001-original/2025|H5N1|USA-WA|Unknown|2025-09-22|wild_avian|D1.1,Central,Pacific
1310,199,0.17365455735752,-77.6366750113756,37.425106281737,-76.6615699859616,40.2992182863853,1.29020675982617,1.11655220246865,2025.5523728399,2025.72602739726,SRR36211866|A/wood_duck/NY/25-026198-009/2025|H5N1|USA-NY|Monroe|2025-09-23|wild_avian|D1.1,Atlantic,Atlantic
1002,384,0.033138203023191,-93.1679564309749,37.3949919805394,-93.9355295819032,37.8913177211661,1.29020675982617,1.25706855680298,2025.69288919424,2025.72602739726,SRR36211854|A/wood_duck/MI/25G01274-008/2025|H5N1|USA-MI|Saginaw|2025-09-23|wild_avian|D1.1,Mississippi,Mississippi
1014,341,0.199281066397026,-94.7999282274923,40.7762446425799,-108.81025387723,40.0306386932555,1.29294648585375,1.09366541945673,2025.52948605689,2025.72876712329,SRR36212429|A/blue-winged_Teal/FL/25-026196-001-original/2025|H5N1|USA-FL|Unknown|2025-09-24|wild_avian|D1.1,Central,Atlantic
966,416,0.121281410240355,-119.008002994864,36.3863645631201,-115.90359959813,38.4022064030476,1.29294648585375,1.1716650756134,2025.60748571305,2025.72876712329,SRR36212382|A/wild_goose/WA/25G01700-001-original/2025|H5N1|USA-WA|Unknown|2025-09-24|wild_avian|D1.1,Pacific,Pacific
933,432,0.116140788834325,-98.4879120781567,33.2187391630788,-84.6535263027332,42.1594880777618,1.29294648585375,1.17680569701943,2025.61262633445,2025.72876712329,SRR36406419|A/american_green_winged_teal/NY/25G02842-011/2025|H5N1|USA-NY|Jefferson|2025-09-24|wild_avian|D1.1,Mississippi,Atlantic
1025,361,0.109004784083183,-90.7638801784065,35.0099183557233,-91.2276994616253,35.5787930445718,1.29294648585375,1.18394170177057,2025.6197623392,2025.72876712329,SRR36212149|A/Mallard_Duck/WI/25G02258-001-original/2025|H5N1|USA-WI|Unknown|2025-09-24|wild_avian|D1.1,Mississippi,Mississippi
1321,153,0.096364215550045,-114.151504627546,32.9670571135827,-114.508989526267,32.7813458503784,1.29294648585375,1.19658227030371,2025.63240290774,2025.72876712329,SRR36212441|A/Black_Vulture/IN/25G01314-001-original/2025|H5N1|USA-IN|Unknown|2025-09-24|wild_avian|D1.1,Mississippi,Mississippi
951,952,0.0622865237732142,-120.030220017528,43.4460322805194,-120.020814066551,38.6382564405891,1.29433724344392,1.23205071967071,2025.6678713571,2025.73015788088,NA,Central,Central
1319,156,0.173193112888004,-116.486222175266,33.6079034136949,-116.939127472635,33.3595881470034,1.29568621188111,1.12249309899311,2025.55831373643,2025.73150684932,SRR36212433|A/Black_Vulture/KY/25G01831-001-original/2025|H5N1|USA-KY|Unknown|2025-09-25|wild_avian|D1.1,Mississippi,Mississippi
1027,360,0.113100057069175,-93.7050369602712,36.7139000327595,-91.2101843875937,32.7165836706213,1.29568621188111,1.18258615481193,2025.61840679225,2025.73150684932,SRR36212424|A/Canada_Goose/IL/25-026184-001-original/2025|H5N1|USA-IL|Unknown|2025-09-25|wild_avian|D1.1,Mississippi,Mississippi
929,456,0.0356733644569784,-123.463358094594,41.1798611061602,-123.417809242108,40.01256500657,1.29568621188111,1.26001284742413,2025.69583348486,2025.73150684932,SRR36211970|A/Mottled_Duck/FL/25G01837-001-original/2025|H5N1|USA-FL|Unknown|2025-09-25|wild_avian|D1.1,Atlantic,Atlantic
908,912,0.156313378299303,-109.200834877745,39.8719555285101,-107.890467842077,39.4440527151119,1.29771088176817,1.14139750346887,2025.5772181409,2025.7335315192,NA,Pacific,Pacific
701,647,0.123279585608427,-109.57182204305,36.3906783342396,-110.569948548768,36.7675303922731,1.29842593790847,1.17514635230004,2025.61096698973,2025.73424657534,SRR36212436|A/Black_Vulture/WV/25G01830-001-original/2025|H5N1|USA-WV|Unknown|2025-09-26|wild_avian|D1.1,Atlantic,Atlantic
702,648,0.0602082814782843,-110.792128418092,35.9239463083869,-111.60925401444,32.7691004190199,1.29842593790847,1.23821765643018,2025.67403829386,2025.73424657534,SRR36163010|A/chicken/NC/25-026098-002-original/2025|H5N1|USA-NC|Unknown|2025-09-26|domestic_avian|D1.1,Atlantic,Atlantic
703,649,0.0411669219562265,-110.613339454938,35.9452667328363,-112.373403038007,36.8112388552272,1.29842593790847,1.25725901595224,2025.69307965339,2025.73424657534,SRR36212435|A/Black_Vulture/WV/25G01830-002-original/2025|H5N1|USA-WV|Unknown|2025-09-26|wild_avian|D1.1,Atlantic,Atlantic
922,462,0.168134859408859,-98.0421089609803,34.6515212612167,-106.788718811678,43.5108303573209,1.30116566393582,1.13303080452697,2025.56885144196,2025.73698630137,SRR36211600|A/American_blue-winged_Teal/OR/25G01565-017-original/2025|H5N1|USA-OR|Unknown|2025-09-27|wild_avian|D1.1,Central,Pacific
951,953,0.0702880801062336,-120.030220017528,43.4460322805194,-122.365857584851,42.2556241063632,1.30233879977694,1.23205071967071,2025.6678713571,2025.73815943721,NA,Central,Central
1011,348,0.250193048774349,-94.3168909225546,41.1575340119186,-81.7676386438511,40.1933479542722,1.30664511599077,1.05645206721642,2025.49227270465,2025.74246575342,SRR36211769|A/Canada_Goose/WY/25G01869-001-original/2025|H5N1|USA-WY|Unknown|2025-09-29|wild_avian|D1.1,Central,Pacific
1005,387,0.0580057784940908,-101.163948700102,29.7548984823152,-96.5580965088636,34.8724954407559,1.30664511599077,1.24863933749668,2025.68445997493,2025.74246575342,SRR36212318|A/canada_goose/MN/25G01920-001/2025|H5N1|USA-MN|Otter_Tail|2025-09-29|wild_avian|D1.1,Mississippi,Mississippi
960,446,0.199679954653207,-108.762892322981,41.7797236814803,-95.8883566979921,39.9507767688008,1.30938484201812,1.10970488736492,2025.5455255248,2025.74520547945,SRR36212241|A/Canada_Goose/AZ/25G01642-001-original/2025|H5N1|USA-AZ|Unknown|2025-09-30|wild_avian|D1.1,Central,Pacific
991,375,0.175057212772801,-88.8900353756279,44.4464104266585,-92.2339495101461,31.0447879479608,1.30938484201812,1.13432762924532,2025.57014826668,2025.74520547945,SRR36212386|A/wild_duck/TX/25G01488-001-original/2025|H5N1|USA-TX|Unknown|2025-09-30|wild_avian|D1.1,Mississippi,Central
1019,343,0.0466118362911538,-83.7843588658776,32.2677130003689,-84.421998319819,31.8051764046408,1.30938484201812,1.26277300572697,2025.69859364316,2025.74520547945,SRR36163013|A/chicken/WI/25-026290-001-original/2025|H5N1|USA-WI|Unknown|2025-09-30|domestic_avian|D1.1,Mississippi,Mississippi
921,464,0.215157265884738,-99.6385351918367,36.7778024674822,-98.9002201588272,39.6663688192824,1.31212456804548,1.09696730216074,2025.53278793959,2025.74794520548,SRR36212238|A/Canada_Goose/MT/25G01677-001-original/2025|H5N1|USA-MT|Unknown|2025-10-01|wild_avian|D1.1,Central,Central
1319,155,0.189631469052376,-116.486222175266,33.6079034136949,-117.419482768528,33.7032484908576,1.31212456804548,1.12249309899311,2025.55831373643,2025.74794520548,SRR36209119|A/black_vulture/IN/25G01855-003/2025|H5N1|USA-IN|Franklin|2025-10-01|wild_avian|D1.1,Mississippi,Mississippi
1022,354,0.205327727982811,-93.6511950483796,39.0602652067618,-81.6329396265231,39.1336367468904,1.3176040201002,1.11227629211738,2025.54809692955,2025.75342465753,SRR36212006|A/mallard_duck/MI/25G01983-007/2025|H5N1|USA-MI|Washtenaw|2025-10-03|wild_avian|D1.1,Mississippi,Mississippi
993,376,0.046265214127418,-91.3284072210379,46.5411364711217,-92.3507938529282,43.4287669333607,1.3176040201002,1.27133880597278,2025.70715944341,2025.75342465753,SRR36162674|A/Domestic_Duck/IL/25G03338-009-original/2025|H5N1|USA-IL|Unknown|2025-10-03|domestic_avian|D1.1,Mississippi,Mississippi
993,377,0.046265214127418,-91.3284072210379,46.5411364711217,-88.2681070746801,44.4747522912175,1.3176040201002,1.27133880597278,2025.70715944341,2025.75342465753,SRR36162678|A/chicken/IL/25G03338-005-original/2025|H5N1|USA-IL|Unknown|2025-10-03|domestic_avian|D1.1,Mississippi,Mississippi
1017,342,0.211080786740695,-94.7601243227106,39.0973550920898,-84.9283046324313,40.7138861957991,1.32034374612755,1.10926295938686,2025.54508359682,2025.75616438356,SRR36212242|A/Canada_Goose/AR/25G01638-001-original/2025|H5N1|USA-AR|Unknown|2025-10-04|wild_avian|D1.1,Central,Mississippi
922,463,0.187312941600588,-98.0421089609803,34.6515212612167,-97.8989770062105,34.6032101031129,1.32034374612755,1.13303080452697,2025.56885144196,2025.75616438356,SRR36211975|A/mallard_duck/CO/25G02242-003/2025|H5N1|USA-CO|Jackson|2025-10-04|wild_avian|D1.1,Central,Central
888,503,0.209133730200053,-94.6950864300375,41.2421539862392,-117.574008754553,47.594557939263,1.32308347215514,1.11394974195509,2025.54977037939,2025.75890410959,SRR36162760|A/chicken/OR/25G01792-001-original/2025|H5N1|USA-OR|Unknown|2025-10-05|domestic_avian|D1.1,Central,Pacific
704,653,0.416761210416544,-115.655579617054,33.6095300537921,-113.872445856291,34.0965972678867,1.3258231981825,0.909061987765951,2025.3448826252,2025.76164383562,SRR36212366|A/Black_Vulture/WV/25G02062-001-original/2025|H5N1|USA-WV|Unknown|2025-10-06|wild_avian|D1.1,Atlantic,Atlantic
987,372,0.152696250021938,-88.0090015692669,40.7543130615228,-88.3750764305313,41.1430541050735,1.3258231981825,1.17312694816056,2025.60894758559,2025.76164383562,SRR36212344|A/sandhill_crane/MN/25G02201-001/2025|H5N1|USA-MN|Hennepin|2025-10-06|wild_avian|D1.1,Mississippi,Mississippi
964,418,0.23616970286352,-121.007696792371,39.9455550251815,-122.284834698865,41.4717243769175,1.32856292420985,1.09239322134633,2025.52821385878,2025.76438356164,SRR36162812|A/Guinea_Fowl/ID/25G01895-002-original/2025|H5N1|USA-ID|Unknown|2025-10-07|domestic_avian|D1.1,Pacific,Pacific
924,466,0.184593913877854,-99.6733557179525,39.6538891983593,-99.7193754727766,35.5493767039499,1.32856292420985,1.143969010332,2025.57978964777,2025.76438356164,SRR36162806|A/Peafowl/ID/25G01896-003-original/2025|H5N1|USA-ID|Unknown|2025-10-07|wild_avian|D1.1,Pacific,Pacific
1005,386,0.0799235867131773,-101.163948700102,29.7548984823152,-101.423448511994,29.967780078396,1.32856292420985,1.24863933749668,2025.68445997493,2025.76438356164,SRR36211964|A/Trumpeter_Swan/WI/25G01871-001-original/2025|H5N1|USA-WI|Unknown|2025-10-07|wild_avian|D1.1,Mississippi,Mississippi
1308,193,0.187079717441517,-74.8004266122406,42.2097589372488,-70.9857745646375,42.8368807234579,1.33130265023721,1.14422293279569,2025.58004357023,2025.76712328767,SRR36212136|A/Peregrine_Falcon/DE/25G02350-001-original/2025|H5N1|USA-DE|Unknown|2025-10-08|wild_avian|D1.1,Atlantic,Atlantic
1019,344,0.0712693705375977,-83.7843588658776,32.2677130003689,-90.8615250000081,35.667432688928,1.33404237626457,1.26277300572697,2025.69859364316,2025.7698630137,SRR36211770|A/canada_goose/MI/25G01985-002/2025|H5N1|USA-MI|Isabella|2025-10-09|wild_avian|D1.1,Mississippi,Mississippi
879,459,0.208477787329824,-104.110748137718,39.3080138012141,-104.914353251487,35.8385894886612,1.33678210229193,1.1283043149621,2025.5641249524,2025.77260273973,SRR36211962|A/Turkey_Vulture/WY/25G02109-001-original/2025|H5N1|USA-WY|Unknown|2025-10-10|wild_avian|D1.1,Central,Central
941,435,0.157083897929905,-111.956947908666,45.3973165222405,-112.585195588193,45.765892198045,1.33678210229193,1.17969820436202,2025.6155188418,2025.77260273973,SRR36406423|A/canada_goose/KS/25G02613-001/2025|H5N1|USA-KS|Butler|2025-10-10|wild_avian|D1.1,Central,Central
920,465,0.24411571920004,-99.641460711532,37.5767540154042,-87.75431900555,30.6263709371704,1.33952182831951,1.09540610911947,2025.53122674655,2025.77534246575,SRR36538296|A/american_green_winged_teal/NV/25G04893-003/2025|H5N1|USA-NV|Lyon|2025-10-11|wild_avian|D1.1,Central,Pacific
949,429,0.185249164257595,-107.240793379087,43.1725964661471,-87.9098407426556,35.1886283585866,1.33952182831951,1.15427266406192,2025.5900933015,2025.77534246575,SRR36538389|A/american_blue_winged_teal/NV/25G04892-001/2025|H5N1|USA-NV|Churchill|2025-10-11|wild_avian|D1.1,Central,Pacific
1003,390,0.162022016087912,-97.2661867812866,39.3809301625869,-93.5457475215503,34.0879621812992,1.33952182831951,1.1774998122316,2025.61332044967,2025.77534246575,SRR36209116|A/Mallard_Duck/PA/25G02313-006-original-repeat2/2025|H5N1|USA-PA|Unknown|2025-10-11|wild_avian|D1.1,Mississippi,Atlantic
1057,528,0.155246127062585,-101.013842747114,34.1181787730656,-101.262314282932,32.9191552683254,1.33952182831951,1.18427570125692,2025.62009633869,2025.77534246575,SRR36211847|A/american_blue_winged_teal/KS/25G02173-002/2025|H5N1|USA-KS|McPherson|2025-10-11|wild_avian|D1.1,Central,Central
1001,389,0.154528480179929,-94.7077014500973,39.7423294786067,-88.5912118284224,34.9194092614511,1.33952182831951,1.18499334813958,2025.62081398557,2025.77534246575,SRR36212325|A/american_green_winged_teal/NY/25G02284-024/2025|H5N1|USA-NY|Genesee|2025-10-11|wild_avian|D1.1,Mississippi,Atlantic
893,491,0.119049246706765,-96.1236846830244,41.19295428087,-117.562988012969,39.7764233606281,1.33952182831951,1.22047258161275,2025.65629321905,2025.77534246575,SRR36203306|A/mallard_duck/NY/25G02284-011/2025|H5N1|USA-NY|Genesee|2025-10-11|wild_avian|D1.1,Central,Atlantic
802,295,0.225395273917603,-79.9640157250372,36.1068550914943,-81.0159241200303,36.5720226020652,1.34226155434687,1.11686628042926,2025.55268691786,2025.77808219178,SRR36211960|A/Vulture/NC/25G02114-001-original/2025|H5N1|USA-NC|Unknown|2025-10-12|wild_avian|D1.1,Atlantic,Atlantic
989,394,0.215737943283006,-93.8541120169384,33.2522089799917,-100.397530462331,33.8286531312451,1.34500128037422,1.12926333709122,2025.56508397453,2025.78082191781,SRR36212343|A/Swan/OK/25G02155-001-original/2025|H5N1|USA-OK|Unknown|2025-10-13|wild_avian|D1.1,Central,Central
1021,353,0.192548307223618,-95.5410004718851,37.4438450918855,-97.5187154094574,31.945327234532,1.34774100640158,1.15519269917796,2025.59101333661,2025.78356164384,SRR36212302|A/canada_goose/CO/25G02439-001/2025|H5N1|USA-CO|Weld|2025-10-14|wild_avian|D1.1,Central,Central
986,370,0.220696219962192,-88.6014511111086,38.3002317516336,-93.1349565074953,32.1190271397004,1.3532204584563,1.13252423849411,2025.56834487593,2025.78904109589,SRR36212274|A/Pintail_Duck/ND/25G02720-001-original/2025|H5N1|USA-ND|Unknown|2025-10-16|wild_avian|D1.1,Mississippi,Central
1027,359,0.173374029671947,-93.7050369602712,36.7139000327595,-93.2091515582883,37.2946743306743,1.35596018448388,1.18258615481193,2025.61840679225,2025.79178082192,SRR36209083|A/Green-winged_Teal/IA/25G03115-001-original/2025|H5N1|USA-IA|Unknown|2025-10-17|wild_avian|D1.1,Mississippi,Mississippi
934,433,0.17238647351321,-99.0528638746928,30.9927811312092,-101.385866741341,34.7785955181285,1.35596018448388,1.18357371097067,2025.6193943484,2025.79178082192,SRR36211957|A/Wild_Goose/OK/25G02530-001-original/2025|H5N1|USA-OK|Unknown|2025-10-17|wild_avian|D1.1,Mississippi,Central
703,650,0.0987011685316412,-110.613339454938,35.9452667328363,-112.627023738215,36.1365741313465,1.35596018448388,1.25725901595224,2025.69307965339,2025.79178082192,SRR36211659|A/Black_Vulture/WV/25G03060-003-original/2025|H5N1|USA-WV|Unknown|2025-10-17|wild_avian|D1.1,Atlantic,Atlantic
1006,388,0.189653982925227,-98.2010455740118,40.4601624082357,-98.572180959101,41.0478261390395,1.35869991051124,1.16904592758601,2025.60486656502,2025.79452054795,SRR36406418|A/northern_shoveler/OH/25G03080-047/2025|H5N1|USA-OH|Ottawa|2025-10-18|wild_avian|D1.1,Mississippi,Mississippi
957,444,0.223939149972902,-107.437280698232,41.15916205836,-110.150651726439,42.4396116906869,1.3614396365386,1.13750048656569,2025.573321124,2025.79726027397,SRR36162647|A/Turkey/SD/25G02403-003-original/2025|H5N1|USA-SD|Unknown|2025-10-19|domestic_avian|D1.1,Central,Central
918,480,0.0940767002767775,-110.387013847014,39.3886338404448,-115.426365067544,38.4668365894791,1.3614396365386,1.26736293626182,2025.7031835737,2025.79726027397,SRR36212130|A/Ring-necked_Duck/OR/25G02626-019-original/2025|H5N1|USA-OR|Unknown|2025-10-19|wild_avian|D1.1,Pacific,Pacific
1312,207,0.677924139957383,-106.839548020665,40.1325702011156,-104.577439023839,46.2725452245213,1.36417936256595,0.686255222608571,2025.12207586004,2025.8,SRR36211724|A/Black_Vulture/MS/25G02635-003-original/2025|H5N1|USA-MS|Unknown|2025-10-20|wild_avian|D1.1,Mississippi,Mississippi
1234,271,0.458978627845511,-105.144092115143,39.7788282759933,-103.588919126353,38.7991014290611,1.36691908859331,0.907940460747801,2025.34376109818,2025.80273972603,SRR36211667|A/Black_Vulture/AR/25G03056-001-original/2025|H5N1|USA-AR|Unknown|2025-10-21|wild_avian|D1.1,Mississippi,Mississippi
1304,198,0.257562024604984,-76.382349721029,40.7586112030876,-80.3165911412711,38.9143885798598,1.36691908859331,1.10935706398833,2025.54517770142,2025.80273972603,SRR36538387|A/american_crow/NJ/25G04652-002/2025|H5N1|USA-NJ|Salem|2025-10-21|wild_avian|D1.1,Atlantic,Atlantic
1031,364,0.152858301348322,-91.9945760672653,39.6622801994529,-93.0706103249538,37.3831928910799,1.36691908859331,1.21406078724499,2025.64988142468,2025.80273972603,SRR36211652|A/canada_goose/IN/25G02680-001/2025|H5N1|USA-IN|Johnson|2025-10-21|wild_avian|D1.1,Mississippi,Mississippi
704,652,0.460596826854945,-115.655579617054,33.6095300537921,-117.41752132869,35.3463672233618,1.3696588146209,0.909061987765951,2025.3448826252,2025.80547945205,SRR36211670|A/Black_Vulture/VA/25G03055-006-original/2025|H5N1|USA-VA|Unknown|2025-10-22|wild_avian|D1.1,Atlantic,Atlantic
992,378,0.209092921172392,-90.7197809353308,48.0437163001114,-91.7406042119948,46.9757826591449,1.3696588146209,1.1605658934485,2025.59638653088,2025.80547945205,SRR36212529|A/Canada_Goose/MO/25G02853-004-original/2025|H5N1|USA-MO|Unknown|2025-10-22|wild_avian|D1.1,Mississippi,Mississippi
913,483,0.189580985121629,-98.0517414740408,28.7360543908905,-100.595137299064,37.5335956741924,1.3696588146209,1.18007782949927,2025.61589846693,2025.80547945205,SRR36209114|A/Red-tailed_Hawk/MO/25G02853-005-original/2025|H5N1|USA-MO|Unknown|2025-10-22|wild_avian|D1.1,Central,Mississippi
938,440,0.18775177965351,-116.328305825095,40.6704710811979,-97.7918305495506,48.7866040484037,1.3696588146209,1.18190703496739,2025.6177276724,2025.80547945205,SRR36203374|A/Canada_Goose/UT/25G03448-005-original/2025|H5N1|USA-UT|Unknown|2025-10-22|wild_avian|D1.1,Mississippi,Pacific
1065,536,0.377002734427237,-95.3990039880962,40.2705571385781,-93.7222655607447,41.0998062470918,1.37239854064825,0.995395806221016,2025.43121644366,2025.80821917808,SRR36162703|A/chicken/GA/25G02650-001-original/2025|H5N1|USA-GA|Unknown|2025-10-23|domestic_avian|D1.1,Atlantic,Atlantic
958,443,0.207581682464618,-110.102312510787,35.5608915568962,-110.37879457519,32.6393111737668,1.37239854064825,1.16481685818364,2025.60063749562,2025.80821917808,SRR36212527|A/Canada_Goose/WY/25G02891-001-original/2025|H5N1|USA-WY|Unknown|2025-10-23|wild_avian|D1.1,Central,Central
1006,391,0.203352613062241,-98.2010455740118,40.4601624082357,-98.2296990017774,41.1254806132128,1.37239854064825,1.16904592758601,2025.60486656502,2025.80821917808,SRR36406301|A/american_wigeon/OH/25G04131-008/2025|H5N1|USA-OH|Ottawa|2025-10-23|wild_avian|D1.1,Mississippi,Mississippi
1318,154,0.265472071893064,-115.713613048283,33.1486033613574,-115.990038045855,33.0356912045187,1.38335744475768,1.11788537286462,2025.5537060103,2025.81917808219,SRR36538272|A/black_vulture/KY/25G04374-002/2025|H5N1|USA-KY|Grant|2025-10-27|wild_avian|D1.1,Mississippi,Mississippi
958,445,0.218540586574048,-110.102312510787,35.5608915568962,-91.2235754278205,36.8903997698493,1.38335744475768,1.16481685818364,2025.60063749562,2025.81917808219,SRR36203333|A/Canada_Goose/AL/25G03828-001-original/2025|H5N1|USA-AL|Unknown|2025-10-27|wild_avian|D1.1,Central,Mississippi
934,431,0.199783733787011,-99.0528638746928,30.9927811312092,-93.8623464096983,35.6952204636375,1.38335744475768,1.18357371097067,2025.6193943484,2025.81917808219,SRR36212524|A/Domestic_Goose/AL/25G03044-002-original/2025|H5N1|USA-AL|Unknown|2025-10-27|domestic_avian|D1.1,Mississippi,Mississippi
1321,152,0.186775174453976,-114.151504627546,32.9670571135827,-113.582770675971,32.7581034073841,1.38335744475768,1.19658227030371,2025.63240290774,2025.81917808219,SRR36538273|A/black_vulture/KY/25G04374-001/2025|H5N1|USA-KY|Grant|2025-10-27|wild_avian|D1.1,Mississippi,Mississippi
799,297,0.294916057858694,-82.3073394313177,38.4532160045927,-86.4327783068048,39.3334322676306,1.38609717078527,1.09118111292657,2025.52700175036,2025.82191780822,SRR36209096|A/Black_Vulture/SC/25G03063-001-original/2025|H5N1|USA-SC|Unknown|2025-10-28|wild_avian|D1.1,Atlantic,Atlantic
928,455,0.163178880350566,-85.7129101627982,34.4188249368658,-87.1606922773619,38.7709275127068,1.38883689681263,1.22565801646206,2025.6614786539,2025.82465753425,SRR36406399|A/american_green_winged_teal/CA/25G03928-006/2025|H5N1|USA-CA|Yolo|2025-10-29|wild_avian|D1.1,Pacific,Pacific
952,428,0.0944996533687052,-120.020814066551,38.6382564405891,-103.259756961543,29.3341760405495,1.38883689681263,1.29433724344392,2025.73015788088,2025.82465753425,SRR36406410|A/american_wigeon/CA/25G03928-001/2025|H5N1|USA-CA|Yolo|2025-10-29|wild_avian|D1.1,Central,Pacific
923,468,0.251817801644608,-99.6391094037182,39.501992004335,-114.811805717137,38.1343533805148,1.39157662283998,1.13975882119537,2025.57557945863,2025.82739726027,SRR36406351|A/cackling_goose/WA/25G03973-001/2025|H5N1|USA-WA|Whatcom|2025-10-30|wild_avian|D1.1,Central,Pacific
895,497,0.241142582153761,-94.1343742770549,38.1058275727077,-119.695087436019,42.5911754687126,1.39157662283998,1.15043404068622,2025.58625467812,2025.82739726027,SRR36209051|A/Muscovy_Duck/FL/25G03354-001-original/2025|H5N1|USA-FL|Unknown|2025-10-30|wild_avian|D1.1,Central,Atlantic
1018,345,0.212691517250958,-80.6388264277604,36.8628892105246,-89.0112949652075,39.137476216881,1.39157662283998,1.17888510558902,2025.61470574302,2025.82739726027,SRR36209076|A/Black_Swan/PA/25G03182-002-original/2025|H5N1|USA-PA|Unknown|2025-10-30|wild_avian|D1.1,Mississippi,Atlantic
1031,363,0.180255561622351,-91.9945760672653,39.6622801994529,-85.4122575178374,37.5332438539681,1.39431634886734,1.21406078724499,2025.64988142468,2025.8301369863,SRR36406409|A/wood_duck/MN/25G04157-001/2025|H5N1|USA-MN|Anoka|2025-10-31|wild_avian|D1.1,Mississippi,Mississippi
998,392,0.219912143913906,-96.2221049033714,40.7420729315932,-97.1793267725573,40.7652375055497,1.3970560748947,1.17714393098079,2025.61296456841,2025.83287671233,SRR36406415|A/american_green_winged_teal/OH/25G04131-027/2025|H5N1|USA-OH|Ottawa|2025-11-01|wild_avian|D1.1,Mississippi,Mississippi
907,475,0.217802561362019,-112.056832883989,39.9269730915692,-110.653962639903,45.6384580488128,1.3970560748947,1.17925351353268,2025.61507415097,2025.83287671233,SRR36406349|A/red_tailed_hawk/WA/25G03976-001/2025|H5N1|USA-WA|Whatcom|2025-11-01|wild_avian|D1.1,Pacific,Pacific
1013,346,0.232694279618818,-95.3463106183587,40.1700063192597,-93.5162922777888,30.2989275692754,1.40253552694964,1.16984124733082,2025.60566188476,2025.83835616438,SRR36162625|A/Red-breasted_Goose/TN/25G03365-002-original/2025|H5N1|USA-TN|Unknown|2025-11-03|wild_avian|D1.1,Central,Mississippi
945,451,0.240704920647407,-105.930246111983,41.56323946862,-104.586624131207,43.2611699931775,1.405275252977,1.16457033232959,2025.60039096976,2025.84109589041,SRR36202277|A/Domestic_Cat/ND/25G03436-001-original/2025|H5N1|USA-ND|Unknown|2025-11-04|feline|D1.1,Central,Central
941,434,0.225577048614976,-111.956947908666,45.3973165222405,-103.947877117525,48.369291639456,1.405275252977,1.17969820436202,2025.6155188418,2025.84109589041,SRR36203396|A/wild_goose/NM/25G03506-001-original/2025|H5N1|USA-NM|Unknown|2025-11-04|wild_avian|D1.1,Central,Central
912,489,0.107564371208823,-107.890467842077,39.4440527151119,-106.225505899482,44.8939898919945,1.405275252977,1.29771088176817,2025.7335315192,2025.84109589041,SRR36203296|A/Swan/UT/25G03453-001-original/2025|H5N1|USA-UT|Unknown|2025-11-04|wild_avian|D1.1,Pacific,Pacific
874,505,0.301704169941867,-90.5140748815582,45.613151429347,-86.760168938113,41.3683253283747,1.41075470503171,1.10905053508985,2025.54487117252,2025.84657534247,SRR36202234|A/chicken/DE/25G03562-002-original/2025|H5N1|USA-DE|Unknown|2025-11-06|domestic_avian|D1.1,Atlantic,Atlantic
1309,201,0.296811559303459,-74.9301093496832,39.4145606997388,-75.1776625084753,39.9808211576699,1.41075470503171,1.11394314572825,2025.54976378316,2025.84657534247,SRR36202283|A/chicken/NH/25G03769-001-original/2025|H5N1|USA-NH|Unknown|2025-11-06|domestic_avian|D1.1,Atlantic,Atlantic
1310,200,0.294202502563064,-77.6366750113756,37.425106281737,-77.4771802566265,37.4189608529442,1.41075470503171,1.11655220246865,2025.5523728399,2025.84657534247,SRR36406342|A/Striped_skunk/NY/25G03988-001/2025|H5N1|USA-NY|St_Lawrence|2025-11-06|other_mammal|D1.1,Atlantic,Atlantic
882,421,0.37328612799581,-105.29057120382,47.8137202151922,-112.037443038168,45.3062164627203,1.41623415708665,1.04294802909084,2025.47876866652,2025.85205479452,SRR36203391|A/wood_duck/IN/25G03805-006/2025|H5N1|USA-IN|Newton|2025-11-08|wild_avian|D1.1,Mississippi,Mississippi
955,447,0.315667086111226,-107.451453155564,41.7969888734148,-99.2490457016007,40.2263075299543,1.41623415708665,1.10056707097543,2025.53638770841,2025.85205479452,SRR36538295|A/american_green_winged_teal/OK/25G04973-021/2025|H5N1|USA-OK|Sequoyah|2025-11-08|wild_avian|D1.1,Central,Central
994,374,0.273282465424598,-87.9106104673827,46.1952288998083,-84.2905100822989,46.0985932330007,1.41623415708665,1.14295169166206,2025.5787723291,2025.85205479452,SRR36538290|A/bald_eagle/IN/25G04807-001/2025|H5N1|USA-IN|Hamilton|2025-11-08|wild_avian|D1.1,Mississippi,Mississippi
952,427,0.121896913642734,-120.020814066551,38.6382564405891,-114.079737760599,43.5415165470631,1.41623415708665,1.29433724344392,2025.73015788088,2025.85205479452,SRR36406324|A/gadwall/KS/25G04225-001/2025|H5N1|USA-KS|Neosho|2025-11-08|wild_avian|D1.1,Central,Central
953,425,0.113895357309714,-122.365857584851,42.2556241063632,-116.842833250108,43.0712692701581,1.41623415708665,1.30233879977694,2025.73815943721,2025.85205479452,SRR36538311|A/gadwall/KS/25G04225-031/2025|H5N1|USA-KS|Neosho|2025-11-08|wild_avian|D1.1,Central,Central
909,910,0.248566147228386,-109.52620574321,40.4147222409035,-110.798084010497,43.5998268687254,1.41904655534185,1.17048040811346,2025.60630104555,2025.85486719278,NA,Pacific,Pacific
788,317,0.276695018823033,-77.0674713511244,42.7019190332054,-73.8032652456994,44.5953290330567,1.42171360914137,1.14501859031834,2025.58083922775,2025.85753424658,SRR36203383|A/Black_Vulture/CT/25G03770-001-original/2025|H5N1|USA-CT|Unknown|2025-11-10|wild_avian|D1.1,Atlantic,Atlantic
1032,365,0.260346654553094,-90.5877642413277,33.6371115222196,-95.4653144590206,33.0480907287292,1.42171360914137,1.16136695458827,2025.59718759202,2025.85753424658,SRR36406411|A/great_horned_owl/MN/25G04156-001/2025|H5N1|USA-MN|Kandiyohi|2025-11-10|wild_avian|D1.1,Mississippi,Mississippi
913,482,0.241635779642101,-98.0517414740408,28.7360543908905,-103.607145968422,30.1839564118248,1.42171360914137,1.18007782949927,2025.61589846693,2025.85753424658,SRR36538310|A/gadwall/SD/25G04284-006/2025|H5N1|USA-SD|Day|2025-11-10|wild_avian|D1.1,Central,Central
893,492,0.201241027528624,-96.1236846830244,41.19295428087,-112.216385189131,35.4316027668597,1.42171360914137,1.22047258161275,2025.65629321905,2025.85753424658,SRR36538325|A/canada_goose/WV/25G04377-001/2025|H5N1|USA-WV|Mason|2025-11-10|wild_avian|D1.1,Central,Atlantic
910,473,0.00266705379951881,-110.798084010497,43.5998268687254,-111.184252803207,44.291422734203,1.42171360914137,1.41904655534185,2025.85486719278,2025.85753424658,SRR36406343|A/trumpeter_swan/ID/25G03984-001/2025|H5N1|USA-ID|Bannock|2025-11-10|wild_avian|D1.1,Pacific,Pacific
963,417,0.341742873361572,-121.41042379548,38.6798427197668,-94.3326673273368,30.5932840234339,1.42719306119608,1.08545018783451,2025.52127082527,2025.86301369863,SRR36538417|A/ross_s_goose/LA/25G04375-002/2025|H5N1|USA-LA|Vernon|2025-11-12|wild_avian|D1.1,Pacific,Mississippi
899,496,0.248434894938391,-97.3874834383966,44.2494118614687,-98.5118539860482,43.1148225638609,1.42719306119608,1.17875816625769,2025.61457880369,2025.86301369863,SRR36406276|A/snow_goose/CO/25G04393-001/2025|H5N1|USA-CO|Sedgwick|2025-11-12|wild_avian|D1.1,Central,Central
903,486,0.200267037143438,-117.831205739788,41.6370596139369,-109.647037541204,48.2535255422729,1.42719306119608,1.22692602405264,2025.66274666149,2025.86301369863,SRR36538334|A/wild_goose/TX/25G04762-002/2025|H5N1|USA-TX|Randall|2025-11-12|wild_avian|D1.1,Central,Central
910,472,0.0081465058542336,-110.798084010497,43.5998268687254,-111.513755263845,40.4962282864223,1.42719306119608,1.41904655534185,2025.85486719278,2025.86301369863,SRR36406329|A/trumpeter_swan/ID/25G04021-001/2025|H5N1|USA-ID|Ada|2025-11-12|wild_avian|D1.1,Pacific,Pacific
959,510,0.325314375693389,-107.274539104286,41.5611709811149,-87.206809514969,32.8340000871245,1.42993278722344,1.10461841153005,2025.54043904896,2025.86575342466,SRR36406291|A/red_tailed_hawk/OR/25G04260-001/2025|H5N1|USA-OR|Klamath|2025-11-13|wild_avian|D1.1,Central,Pacific
879,460,0.30162847226134,-104.110748137718,39.3080138012141,-103.5977015641,39.7115231810723,1.42993278722344,1.1283043149621,2025.5641249524,2025.86575342466,SRR36406289|A/canada_goose/NE/25G04294-001/2025|H5N1|USA-NE|Box_Butte|2025-11-13|wild_avian|D1.1,Central,Central
1007,381,0.28898965162532,-91.0915729205883,45.2027415596112,-91.0775410201273,45.2920694832447,1.42993278722344,1.14094313559812,2025.57676377303,2025.86575342466,SRR36582225|A/mallard_duck/WI/25G04982-005/2025|H5N1|USA-WI|Oconto|2025-11-13|wild_avian|D1.1,Mississippi,Mississippi
1066,534,0.277300448056343,-94.8446556920238,40.1789260554649,-94.9506052821314,39.7001156317893,1.42993278722344,1.1526323391671,2025.5884529766,2025.86575342466,SRR36538281|A/black_vulture/GA/25G04368-001/2025|H5N1|USA-GA|Houston|2025-11-13|wild_avian|D1.1,Atlantic,Atlantic
912,488,0.132221905455267,-107.890467842077,39.4440527151119,-107.561812265467,46.6803469367055,1.42993278722344,1.29771088176817,2025.7335315192,2025.86575342466,SRR36406292|A/red_tailed_hawk/OR/25G04259-001/2025|H5N1|USA-OR|Klamath|2025-11-13|wild_avian|D1.1,Pacific,Pacific
946,452,0.289056825228686,-108.409039696031,41.9662768707833,-108.123574571265,35.8155102158635,1.43267251325103,1.14361568802234,2025.57943632546,2025.86849315069,SRR36406424|A/trumpeter_swan/MN/25G04483-001/2025|H5N1|USA-MN|Rice|2025-11-14|wild_avian|D1.1,Central,Mississippi
924,467,0.291443228946384,-99.6733557179525,39.6538891983593,-99.0889944601692,37.4625988690763,1.43541223927838,1.143969010332,2025.57978964777,2025.87123287671,SRR36406282|A/trumpeter_swan/WY/25G04344-002/2025|H5N1|USA-WY|Lincoln|2025-11-15|wild_avian|D1.1,Pacific,Pacific
950,424,0.26646022546405,-112.109810773025,43.3574441291625,-108.829547991567,35.5776239102265,1.43541223927838,1.16895201381433,2025.60477265125,2025.87123287671,SRR36406281|A/trumpeter_swan/WY/25G04344-003/2025|H5N1|USA-WY|Lincoln|2025-11-15|wild_avian|D1.1,Central,Pacific
883,422,0.377450190699345,-96.0585480712827,40.7578886619336,-96.4168563056593,41.9590155236549,1.43815196530574,1.0607017746064,2025.49652241204,2025.87397260274,SRR36538390|A/american_black_duck/OH/25G04930-025/2025|H5N1|USA-OH|Ottawa|2025-11-16|wild_avian|D1.1,Mississippi,Mississippi
939,437,0.274844803041503,-111.79244017506,45.6607057009701,-104.782953024947,44.4657568112925,1.43815196530574,1.16330716226424,2025.5991277997,2025.87397260274,SRR36406371|A/canvasback_duck/IL/25G04631-002/2025|H5N1|USA-IL|Jefferson|2025-11-16|wild_avian|D1.1,Central,Mississippi
944,449,0.285470853770525,-106.427947845576,41.8212958685435,-114.550232976031,47.0212925911589,1.4408916913331,1.15542083756257,2025.591241475,2025.87671232877,SRR36406429|A/mallard_duck/IL/25G04430-008/2025|H5N1|USA-IL|Clinton|2025-11-17|wild_avian|D1.1,Central,Mississippi
929,457,0.180878843908967,-123.463358094594,41.1798611061602,-122.799666900187,41.6611473169613,1.4408916913331,1.26001284742413,2025.69583348486,2025.87671232877,SRR36406277|A/Fish_crow/FL/25G04379-001/2025|H5N1|USA-FL|Lee|2025-11-17|wild_avian|D1.1,Atlantic,Atlantic
1013,347,0.273790170029633,-95.3463106183587,40.1700063192597,-88.4890067404386,36.6069771241085,1.44363141736046,1.16984124733082,2025.60566188476,2025.87945205479,SRR36538338|A/wild_goose/TX/25G04760-001/2025|H5N1|USA-TX|Potter|2025-11-18|wild_avian|D1.1,Central,Central
1016,349,0.248624288400142,-97.7165166905984,40.0229494870526,-96.636335690186,42.2536478492881,1.44363141736046,1.19500712896031,2025.63082776639,2025.87945205479,SRR36538318|A/canada_goose/CO/25G04853-001/2025|H5N1|USA-CO|Larimer|2025-11-18|wild_avian|D1.1,Central,Central
917,478,0.188489916015663,-113.265890905576,34.9593115426182,-113.406831737104,35.1110036961762,1.44363141736045,1.25514150134479,2025.69096213878,2025.87945205479,SRR36538351|A/trumpeter_swan/WA/25G04846-002/2025|H5N1|USA-WA|Snohomish|2025-11-18|wild_avian|D1.1,Pacific,Pacific
1131,22,1.01860844176004,-98.5671574976304,46.4746496298152,-107.510816016745,48.0394662929669,1.4491108694154,0.430502427655357,2024.86632306509,2025.88493150685,SRR36582238|A/Black_vulture/SC/25G05160-001/2025|H5N1|USA-SC|Charleston|2025-11-20|wild_avian|D1.1,Atlantic,Atlantic
1234,272,0.541170408667597,-105.144092115143,39.7788282759933,-106.124581734434,36.2196258952758,1.4491108694154,0.907940460747801,2025.34376109818,2025.88493150685,SRR36538271|A/black_vulture/AR/25G04946-001/2025|H5N1|USA-AR|Washington|2025-11-20|wild_avian|D1.1,Mississippi,Mississippi
955,430,0.348543798439969,-107.451453155564,41.7969888734148,-86.2314917180461,32.547356067691,1.4491108694154,1.10056707097543,2025.53638770841,2025.88493150685,SRR36538343|A/western_gull/CA/25G04840-001/2025|H5N1|USA-CA|Contra_Costa|2025-11-20|wild_avian|D1.1,Central,Pacific
966,415,0.277445793802,-119.008002994864,36.3863645631201,-94.1678010662363,34.9427622120836,1.4491108694154,1.1716650756134,2025.60748571305,2025.88493150685,SRR36538357|A/snow_goose/OK/25G05185-001/2025|H5N1|USA-OK|Cleveland|2025-11-20|wild_avian|D1.1,Pacific,Central
928,454,0.223452852953338,-85.7129101627982,34.4188249368658,-82.1200167958759,32.415243302144,1.4491108694154,1.22565801646206,2025.6614786539,2025.88493150685,SRR36538375|A/red_tailed_hawk/CA/25G04838-002/2025|H5N1|USA-CA|Sacramento|2025-11-20|wild_avian|D1.1,Pacific,Pacific
903,485,0.222184845362752,-117.831205739788,41.6370596139369,-118.746243518324,44.864948633293,1.4491108694154,1.22692602405264,2025.66274666149,2025.88493150685,SRR36538363|A/ross_s_goose/SD/25G04635-003/2025|H5N1|USA-SD|McPherson|2025-11-20|wild_avian|D1.1,Central,Central
897,499,0.269580145664847,-93.3300996643758,41.2416056244492,-90.8307030108868,35.3160209362407,1.45185059544275,1.18227044977791,2025.61809108721,2025.88767123288,SRR36582215|A/ring_necked_duck/WI/25G05226-008/2025|H5N1|USA-WI|Burnet|2025-11-21|wild_avian|D1.1,Central,Mississippi
964,420,0.362197100123779,-121.007696792371,39.9455550251815,-81.0273603514386,36.0280389908338,1.45459032147011,1.09239322134633,2025.52821385878,2025.8904109589,SRR36582245|A/american_green_winged_teal/VA/25G05021-005/2025|H5N1|USA-VA|Surry|2025-11-22|wild_avian|D1.1,Pacific,Atlantic
946,448,0.310974633447773,-108.409039696031,41.9662768707833,-89.3830197089024,29.2861271330099,1.45459032147011,1.14361568802234,2025.57943632546,2025.8904109589,SRR36582243|A/american_green_winged_teal/GA/25G05285-010/2025|H5N1|USA-GA|McIntosh|2025-11-22|wild_avian|D1.1,Central,Atlantic
901,484,0.300130012782361,-108.99246738604,41.2322148265665,-73.2288336993805,43.0921197459752,1.45459032147011,1.15446030868775,2025.59028094612,2025.8904109589,SRR36538305|A/greater_scaup/VA/25G04885-001/2025|H5N1|USA-VA|Suffolk|2025-11-22|wild_avian|D1.1,Pacific,Atlantic
892,494,0.227783800840196,-96.14367392355,38.777249479076,-118.559971856135,37.2465259887382,1.45459032147011,1.22680652062992,2025.66262715806,2025.8904109589,SRR36538366|A/ring_necked_duck/FL/25G04963-061/2025|H5N1|USA-FL|Lake|2025-11-22|wild_avian|D1.1,Central,Atlantic
888,502,0.346120031569742,-94.6950864300375,41.2421539862392,-88.3261366697699,42.483761511459,1.46006977352483,1.11394974195509,2025.54977037939,2025.89589041096,SRR36538359|A/snow_goose/MO/25G04856-004/2025|H5N1|USA-MO|Clay|2025-11-24|wild_avian|D1.1,Central,Mississippi
1032,358,0.298702818936552,-90.5877642413277,33.6371115222196,-90.5212023240025,39.092833875786,1.46006977352483,1.16136695458827,2025.59718759202,2025.89589041096,SRR36538286|A/bald_eagle/MI/25G04925-005/2025|H5N1|USA-MI|Newaygo|2025-11-24|wild_avian|D1.1,Mississippi,Mississippi
998,393,0.282925842544036,-96.2221049033714,40.7420729315932,-94.5633083393619,40.7610159415801,1.46006977352483,1.17714393098079,2025.61296456841,2025.89589041096,SRR36538288|A/bald_eagle/MI/25G04925-001/2025|H5N1|USA-MI|Saginaw|2025-11-24|wild_avian|D1.1,Mississippi,Mississippi
953,426,0.157730973747887,-122.365857584851,42.2556241063632,-112.028127058516,43.7570334274101,1.46006977352483,1.30233879977694,2025.73815943721,2025.89589041096,SRR36538302|A/mallard_duck/MO/25G04856-003/2025|H5N1|USA-MO|St_Louis|2025-11-24|wild_avian|D1.1,Central,Mississippi
1309,202,0.348866353824159,-74.9301093496832,39.4145606997388,-72.8924132129108,42.4069506951647,1.46280949955241,1.11394314572825,2025.54976378316,2025.89863013699,SRR36538185|A/Domestic_goose/ME/25G04880-003/2025|H5N1|USA-ME|Penobscot|2025-11-25|domestic_avian|D1.1,Atlantic,Atlantic
1308,195,0.318586566756718,-74.8004266122406,42.2097589372488,-77.8146183372576,41.8478510592138,1.46280949955241,1.14422293279569,2025.58004357023,2025.89863013699,SRR36538317|A/canada_goose/NY/25G04881-001/2025|H5N1|USA-NY|Chemung|2025-11-25|wild_avian|D1.1,Atlantic,Atlantic
896,501,0.30921012498136,-93.4458380622876,42.3418134665456,-123.827054476626,43.4593210054592,1.46280949955241,1.15359937457105,2025.58942001201,2025.89863013699,SRR36538193|A/Domestic_chicken/ME/25G05080-001/2025|H5N1|USA-ME|Penobscot|2025-11-25|domestic_avian|D1.1,Central,Atlantic
940,436,0.285100683229161,-111.376513463109,46.0237602489929,-97.2021296659912,41.3176781595963,1.46280949955241,1.17770881632325,2025.61352945376,2025.89863013699,SRR36582221|A/Mute_swan/SC/25G05056-001/2025|H5N1|USA-SC|Sumter|2025-11-25|wild_avian|D1.1,Central,Atlantic
902,487,0.281113267544293,-111.636273585036,39.7019321659581,-110.020083298775,33.5692045629768,1.46280949955241,1.18169623200812,2025.61751686944,2025.89863013699,SRR36582231|A/canada_goose/MT/25G05375-001/2025|H5N1|USA-MT|Roosevelt|2025-11-25|wild_avian|D1.1,Central,Central
945,450,0.303718619277536,-105.930246111983,41.56323946862,-86.358519946992,32.082429373097,1.46828895160713,1.16457033232959,2025.60039096976,2025.90410958904,SRR36538195|A/Domestic_turkey/NC/25G05083-001/2025|H5N1|USA-NC|Wayne|2025-11-27|domestic_avian|D1.1,Central,Atlantic
873,509,0.364892646994213,-90.4726380079248,45.640974924766,-91.4530490672515,40.4249911443956,1.47102867763448,1.10613603064027,2025.54195666807,2025.90684931507,SRR36582240|A/Bald_eagle/NJ/25G05298-001/2025|H5N1|USA-NJ|Burlington|2025-11-28|wild_avian|D1.1,Atlantic,Atlantic
938,439,0.294601094721813,-116.328305825095,40.6704710811979,-113.554505255989,44.0642400781101,1.4765081296892,1.18190703496739,2025.6177276724,2025.91232876712,SRR36582209|A/snow_goose/NE/25G05292-001/2025|H5N1|USA-NE|York|2025-11-30|wild_avian|D1.1,Mississippi,Central
995,380,0.378941199756601,-90.3523003824419,44.3910945153082,-82.9556056021777,41.1620383763832,1.47924785571678,1.10030665596018,2025.53612729339,2025.91506849315,SRR36582207|A/snow_goose/NE/25G05294-001/2025|H5N1|USA-NE|Sarpy|2025-12-01|wild_avian|D1.1,Mississippi,Central
895,498,0.328813815030562,-94.1343742770549,38.1058275727077,-102.242480902983,39.214105386472,1.47924785571678,1.15043404068622,2025.58625467812,2025.91506849315,SRR36582197|A/wild_goose/TX/25G05380-001/2025|H5N1|USA-TX|Lubbock|2025-12-01|wild_avian|D1.1,Central,Central
892,493,0.252441335086868,-96.14367392355,38.777249479076,-93.3740866940507,38.9714980095241,1.47924785571678,1.22680652062992,2025.66262715806,2025.91506849315,SRR36582206|A/snow_goose/NE/25G05295-001/2025|H5N1|USA-NE|Adams|2025-12-01|wild_avian|D1.1,Central,Central
918,481,0.211884919454964,-110.387013847014,39.3886338404448,-113.308309975395,38.8812648011523,1.47924785571678,1.26736293626182,2025.7031835737,2025.91506849315,SRR36582205|A/snow_goose/MT/25G05372-001/2025|H5N1|USA-MT|Gallatin|2025-12-01|wild_avian|D1.1,Pacific,Pacific
885,469,0.430575418385837,-100.193045897217,37.5224509228282,-118.475005494305,41.8515897295733,1.48198758174414,1.0514121633583,2025.48723280079,2025.91780821918,SRR36582198|A/Wild_duck/TX/25G05240-001/2025|H5N1|USA-TX|Galveston|2025-12-02|wild_avian|D1.1,Central,Central
898,490,0.34470373397129,-95.6198972163203,41.6379775529956,-91.0429167796761,30.3630413823924,1.48198758174414,1.13728384777285,2025.57310448521,2025.91780821918,SRR36538194|A/peafowl/WI/25G05091-001/2025|H5N1|USA-WI|Marquette|2025-12-02|wild_avian|D1.1,Central,Mississippi
899,495,0.303229415486448,-97.3874834383966,44.2494118614687,-89.7347733879612,45.1937789554001,1.48198758174414,1.17875816625769,2025.61457880369,2025.91780821918,SRR36582213|A/snow_goose/KS/25G05234-001/2025|H5N1|USA-KS|Riley|2025-12-02|wild_avian|D1.1,Central,Central
948,458,0.372035394477497,-107.028351575071,42.0535386556449,-102.778143177795,44.2003156773118,1.4847273077715,1.112691913294,2025.54851255073,2025.92054794521,SRR36538358|A/snow_goose/IA/25G05071-001/2025|H5N1|USA-IA|Story|2025-12-03|wild_avian|D1.1,Central,Mississippi
916,477,0.322172303067533,-111.411115290282,37.2681908716957,-114.380598531907,41.2147238191397,1.49020675982621,1.16803445675868,2025.60385509419,2025.92602739726,SRR36582220|A/Raccoon/WA/25G05425-001/2025|H5N1|USA-WA|San_Juan|2025-12-05|other_mammal|D1.1,Pacific,Pacific
