node1,node2,length,startLon,startLat,endLon,endLat,endNodeL,startNodeL,startYear,endYear,tipLabel
1064,1066,0.00296086871412471,-120.312090023612,38.8554111529473,-121.091399916833,39.077305853893,1.17573645826487,1.17277558955074,2023.70790685666,2023.71086772538,NA
1066,1067,0.007198274364145,-121.091399916833,39.077305853893,-120.304301260578,39.0826703392556,1.18293473262901,1.17573645826487,2023.71086772538,2023.71806599974,NA
691,695,0.00231255975582423,-91.4502533256875,42.7546422710114,-91.3234200879351,42.510128438975,1.19514550407519,1.19283294431936,2023.72796421143,2023.73027677119,NA
774,778,0.0132443625506182,-112.058603610765,39.1063218957769,-111.12869809434,39.6851531493958,1.19568001512971,1.18243565257909,2023.71756691969,2023.73081128224,NA
774,775,0.0189057888911459,-112.058603610765,39.1063218957769,-111.902799297566,39.2532912671867,1.20134144147024,1.18243565257909,2023.71756691969,2023.73647270858,NA
995,996,0.0303174426972814,-95.3221243636201,45.7035359648313,-97.2955983396387,46.8102020829879,1.20649066697536,1.17617322427807,2023.71130449139,2023.74162193409,NA
775,776,0.00516201358601354,-111.902799297566,39.2532912671867,-112.132271628236,39.4548613656462,1.20650345505625,1.20134144147024,2023.73647270858,2023.74163472217,NA
601,602,0.0034959403781043,-121.468481719314,37.6439996009827,-121.902693026327,37.7148821065991,1.21167256146319,1.20817662108509,2023.7433078882,2023.74680382858,NA
776,777,0.00983931880021771,-112.132271628236,39.4548613656462,-111.334890722056,39.1733353926021,1.21634277385647,1.20650345505625,2023.74163472217,2023.75147404097,NA
776,56,0.0145296613924268,-112.132271628236,39.4548613656462,-111.488819113566,39.4573607829178,1.22103311644868,1.20650345505625,2023.74163472217,2023.75616438356,A/turkey/Utah/23-030211-002/2023|H5N1|USA-UT|2023-10-04|avian|B3.6
777,55,0.00469034259220891,-111.334890722056,39.1733353926021,-111.34042892131,39.2125137405432,1.22103311644868,1.21634277385647,2023.75147404097,2023.75616438356,A/turkey/Utah/23-030211-003/2023|H5N1|USA-UT|2023-10-04|avian|B3.6
779,60,0.00359917230093609,-111.64086018485,39.5448136885945,-111.844185981236,39.329500045464,1.22103311644868,1.21743394414774,2023.75256521126,2023.75616438356,A/turkey/Utah/23-030214-001/2023|H5N1|USA-UT|2023-10-04|avian|B3.6
868,869,0.00314826924239209,-96.1815824116568,46.8940392861113,-95.4812707595951,46.8744412593185,1.22325981754593,1.22011154830354,2023.75524281542,2023.75839108466,NA
778,52,0.0280928273465526,-111.12869809434,39.6851531493958,-111.426430239874,39.2597828411905,1.22377284247626,1.19568001512971,2023.73081128224,2023.75890410959,A/turkey/Utah/23-030331-003/2023|H5N1|USA-UT|2023-10-05|avian|B3.6
778,51,0.0280928273465526,-111.12869809434,39.6851531493958,-111.394831218404,39.754707134062,1.22377284247626,1.19568001512971,2023.73081128224,2023.75890410959,A/turkey/Utah/23-030331-002/2023|H5N1|USA-UT|2023-10-05|avian|B3.6
775,53,0.0224314010060249,-111.902799297566,39.2532912671867,-111.690110559556,39.5942261907186,1.22377284247626,1.20134144147024,2023.73647270858,2023.75890410959,A/turkey/Utah/23-030331-005/2023|H5N1|USA-UT|2023-10-05|avian|B3.6
777,54,0.00743006861979367,-111.334890722056,39.1733353926021,-111.311081161295,39.1567478023344,1.22377284247626,1.21634277385647,2023.75147404097,2023.75890410959,A/turkey/Utah/23-030331-004/2023|H5N1|USA-UT|2023-10-05|avian|B3.6
779,59,0.00633889832852086,-111.64086018485,39.5448136885945,-111.628046433336,39.5530231675975,1.22377284247626,1.21743394414774,2023.75256521126,2023.75890410959,A/turkey/Utah/23-030333-001/2023|H5N1|USA-UT|2023-10-05|avian|B3.6
772,57,0.00511439715638273,-111.474330704869,39.5313170291928,-111.478269452392,39.5362692177738,1.22377284247626,1.21865844531988,2023.75378971243,2023.75890410959,A/turkey/Utah/23-030333-002/2023|H5N1|USA-UT|2023-10-05|avian|B3.6
772,58,0.00511439715638273,-111.474330704869,39.5313170291928,-111.563767603384,39.5413222005058,1.22377284247626,1.21865844531988,2023.75378971243,2023.75890410959,A/turkey/Utah/23-030333-003/2023|H5N1|USA-UT|2023-10-05|avian|B3.6
869,870,0.00199797154010972,-95.4812707595951,46.8744412593185,-95.4204557618182,46.8551824320368,1.22525778908604,1.22325981754593,2023.75839108466,2023.7603890562,NA
870,871,0.00038413539520743,-95.4204557618182,46.8551824320368,-95.5583297257789,46.851576048789,1.22564192448124,1.22525778908604,2023.7603890562,2023.76077319159,NA
1029,1030,0.0550518019895052,-119.918778701939,47.3691293366028,-119.743712991089,47.3486703873958,1.226817863031,1.17176606104149,2023.70689732815,2023.76194913014,NA
794,73,0.00654473744642581,-106.577397092279,38.3659668363217,-106.216629147033,37.7888213303015,1.22925229453098,1.22270755708455,2023.7578388242,2023.76438356164,A/mallard/Colorado/23-030893-003/2023|H5N1|USA-CO|2023-10-07|avian|B3.6
794,74,0.00654473744642581,-106.577397092279,38.3659668363217,-106.415079530053,38.3532101698317,1.22925229453098,1.22270755708455,2023.7578388242,2023.76438356164,A/mallard/Colorado/23-030893-0012/2023|H5N1|USA-CO|2023-10-07|avian|B3.6
846,91,0.00336742082092512,-99.0710436816244,44.5206616205476,-98.4012764731902,44.4992811328207,1.23199202055833,1.22862459973741,2023.76375586685,2023.76712328767,A/gadwall/South_Dakota/23-031573-004/2023|H5N1|USA-SD|2023-10-08|avian|B3.6
846,92,0.00336742082092512,-99.0710436816244,44.5206616205476,-98.2118426278806,44.3540312884326,1.23199202055833,1.22862459973741,2023.76375586685,2023.76712328767,A/gadwall/South_Dakota/23-031573-002/2023|H5N1|USA-SD|2023-10-08|avian|B3.6
839,840,0.0392595389852839,-119.499825950129,45.3491134068671,-118.39178361423,49.2089598389102,1.23758895449087,1.19832941550559,2023.73346068262,2023.7727202216,NA
875,879,0.0677077315540577,-121.584827937175,44.6614263854235,-122.520659870952,45.3037686960473,1.23812766725384,1.17041993569978,2023.70555120281,2023.77325893437,NA
792,76,0.0164255595846639,-104.152495738672,40.4996401205068,-103.912384892007,40.8140447182383,1.24021119864063,1.22378563905597,2023.75891690617,2023.77534246575,A/chicken/Colorado/23-030833-003/2023|H5N1|USA-CO|2023-10-11|avian|B3.6
792,77,0.0164255595846639,-104.152495738672,40.4996401205068,-104.331072546782,40.4675901325666,1.24021119864063,1.22378563905597,2023.75891690617,2023.77534246575,A/chicken/Colorado/23-030833-001/2023|H5N1|USA-CO|2023-10-11|avian|B3.6
840,100,0.00262224414976053,-118.39178361423,49.2089598389102,-118.621619592323,49.2804531985417,1.24021119864063,1.23758895449087,2023.7727202216,2023.77534246575,A/Canada_Goose/BC/AIVPHL-1343/2023|H5N1|Canada-BC|2023-10-11|avian|B3.6
871,872,0.0160426352665066,-95.5583297257789,46.851576048789,-96.1151230301457,46.7189500931374,1.24168455974775,1.22564192448124,2023.76077319159,2023.77681582686,NA
996,313,0.0364602576926363,-97.2955983396387,46.8102020829879,-93.1837060431361,44.6985806304104,1.24295092466799,1.20649066697536,2023.74162193409,2023.77808219178,A/peregrine_falcon/Minnesota/23-031335-001/2023|H5N1|USA-MN|2023-10-12|avian|B3.6
808,809,0.0263914483770151,-92.6046160514791,43.7314112080164,-94.0496983158713,43.9122257642754,1.24610184596578,1.21971039758876,2023.7548416647,2023.78123311308,NA
683,684,0.0147547886079296,-116.330296333377,39.1711154824037,-117.903344952226,39.4164417496002,1.24612848006056,1.23137369145263,2023.76650495857,2023.78125974717,NA
809,810,0.00168464800397894,-94.0496983158713,43.9122257642754,-94.0638252864275,43.8807682427905,1.24778649396976,1.24610184596578,2023.78123311308,2023.78291776108,NA
683,383,0.017056685270076,-116.330296333377,39.1711154824037,-118.473588440367,39.7850554183578,1.24843037672271,1.23137369145263,2023.76650495857,2023.78356164384,A/mallard/Nevada/23-034303-024-original/2023|H5N1|USA-NV|2023-10-14|avian|B3.6
805,86,0.0149635006523527,-99.3113595846545,45.7285147495895,-99.3573887790471,45.7878543042656,1.24843037672271,1.23346687607035,2023.76859814318,2023.78356164384,A/turkey/South_Dakota/23-031328-002/2023|H5N1|USA-SD|2023-10-14|avian|B3.6
805,87,0.0149635006523527,-99.3113595846545,45.7285147495895,-99.2673768989526,45.8594964452092,1.24843037672271,1.23346687607035,2023.76859814318,2023.78356164384,A/turkey/South_Dakota/23-031328-001/2023|H5N1|USA-SD|2023-10-14|avian|B3.6
684,384,0.00230189666214642,-117.903344952226,39.4164417496002,-117.841770831681,39.399586010401,1.24843037672271,1.24612848006056,2023.78125974717,2023.78356164384,A/mallard/Nevada/23-034303-020-original/2023|H5N1|USA-NV|2023-10-14|avian|B3.6
684,385,0.00230189666214642,-117.903344952226,39.4164417496002,-118.059914128108,39.3440537390508,1.24843037672271,1.24612848006056,2023.78125974717,2023.78356164384,A/mallard/Nevada/23-034303-019-original/2023|H5N1|USA-NV|2023-10-14|avian|B3.6
808,812,0.0293191790037926,-92.6046160514791,43.7314112080164,-93.9429468530144,44.0831369000181,1.24902957659256,1.21971039758876,2023.7548416647,2023.78416084371,NA
869,873,0.0264898578818105,-95.4812707595951,46.8744412593185,-96.0885142526442,46.7624245727059,1.24974967542774,1.22325981754593,2023.75839108466,2023.78488094254,NA
810,811,0.00197128934365454,-94.0638252864275,43.8807682427905,-94.1552902483363,43.8612585688878,1.24975778331341,1.24778649396976,2023.78291776108,2023.78488905043,NA
957,958,0.0088090220035455,-95.4214500050811,44.5177108494201,-95.3415198735842,44.52518236705,1.25048186201636,1.24167284001282,2023.77680410713,2023.78561312913,NA
871,138,0.0255281782688193,-95.5583297257789,46.851576048789,-95.9324450305751,46.9590751562118,1.25117010275006,1.22564192448124,2023.76077319159,2023.78630136986,A/turkey/Minnesota/23-031337-002/2023|H5N1|USA-MN|2023-10-15|avian|B3.6
872,135,0.00948554300231264,-96.1151230301457,46.7189500931374,-95.8864884739336,46.8714269618603,1.25117010275006,1.24168455974775,2023.77681582686,2023.78630136986,A/turkey/Minnesota/23-031337-003/2023|H5N1|USA-MN|2023-10-15|avian|B3.6
873,139,0.00142042732232595,-96.0885142526442,46.7624245727059,-95.5419539005639,46.957351477413,1.25117010275006,1.24974967542774,2023.78488094254,2023.78630136986,A/turkey/Minnesota/23-031337-001/2023|H5N1|USA-MN|2023-10-15|avian|B3.6
935,936,0.00954707173077596,-95.4023528970794,44.148784988206,-94.7096157578581,44.9050298332725,1.25117900464615,1.24163193291537,2023.77676320003,2023.78631027176,NA
957,246,0.0122369887646019,-95.4214500050811,44.5177108494201,-95.5454550546397,44.4257133593753,1.25390982877742,1.24167284001282,2023.77680410713,2023.78904109589,A/turkey/Minnesota/23-031508-003/2023|H5N1|USA-MN|2023-10-16|avian|B3.6
809,174,0.00780798281164197,-94.0496983158713,43.9122257642754,-94.0248757992493,43.9311924655374,1.25390982877742,1.24610184596578,2023.78123311308,2023.78904109589,A/turkey/Minnesota/23-031477-002/2023|H5N1|USA-MN|2023-10-16|avian|B3.6
810,171,0.00612333480766303,-94.0638252864275,43.8807682427905,-94.0750315250272,44.0737993493884,1.25390982877742,1.24778649396976,2023.78291776108,2023.78904109589,A/turkey/Minnesota/23-031477-001/2023|H5N1|USA-MN|2023-10-16|avian|B3.6
811,176,0.00415204546400849,-94.1552902483363,43.8612585688878,-94.3130256704913,43.9232258689807,1.25390982877742,1.24975778331341,2023.78488905043,2023.78904109589,A/turkey/Minnesota/23-031477-003/2023|H5N1|USA-MN|2023-10-16|avian|B3.6
958,245,0.00342796676105617,-95.3415198735842,44.52518236705,-95.3415392597303,44.5253179912549,1.25390982877742,1.25048186201636,2023.78561312913,2023.78904109589,A/turkey/Minnesota/23-031508-002/2023|H5N1|USA-MN|2023-10-16|avian|B3.6
958,247,0.00342796676105617,-95.3415198735842,44.52518236705,-95.4913113862115,44.5291570541666,1.25390982877742,1.25048186201636,2023.78561312913,2023.78904109589,A/turkey/Minnesota/23-031508-001/2023|H5N1|USA-MN|2023-10-16|avian|B3.6
936,937,0.00446990495202959,-94.7096157578581,44.9050298332725,-94.6244877535181,44.8426434009341,1.25564890959818,1.25117900464615,2023.78631027176,2023.79078017671,NA
1030,1036,0.0288472582541921,-119.743712991089,47.3486703873958,-119.73629558304,46.9897973745496,1.25566512128519,1.226817863031,2023.76194913014,2023.7907963884,NA
870,134,0.0313917657189688,-95.4204557618182,46.8551824320368,-95.9857493785366,47.0223556593037,1.25664955480501,1.22525778908604,2023.7603890562,2023.79178082192,A/turkey/Minnesota/23-031729-001/2023|H5N1|USA-MN|2023-10-17|avian|B3.6
712,389,0.0294532549736766,-100.132363180325,45.194839587004,-99.9131743370758,45.1688687262037,1.25664955480501,1.22719629983133,2023.76232756694,2023.79178082192,A/mallard/South_Dakota/23-032221-011-original2/2023|H5N1|USA-SD|2023-10-17|avian|B3.6
712,390,0.0294532549736766,-100.132363180325,45.194839587004,-100.166846196266,45.0361449655087,1.25664955480501,1.22719629983133,2023.76232756694,2023.79178082192,A/mallard/South_Dakota/23-032221-008-original2/2023|H5N1|USA-SD|2023-10-17|avian|B3.6
872,137,0.0149649950572548,-96.1151230301457,46.7189500931374,-95.6402677394223,47.0137048341129,1.25664955480501,1.24168455974775,2023.77681582686,2023.79178082192,A/turkey/Minnesota/23-031729-002/2023|H5N1|USA-MN|2023-10-17|avian|B3.6
1030,1031,0.0324470946912121,-119.743712991089,47.3486703873958,-119.276318912128,47.2853729354614,1.25926495772221,1.226817863031,2023.76194913014,2023.79439622484,NA
868,136,0.039277732528828,-96.1815824116568,46.8940392861113,-96.009023746548,47.1016211175325,1.25938928083236,1.22011154830354,2023.75524281542,2023.79452054795,A/turkey/Minnesota/23-032151-001/2023|H5N1|USA-MN|2023-10-18|avian|B3.6
812,173,0.0103597042398067,-93.9429468530144,44.0831369000181,-93.8802551992523,43.9226921718528,1.25938928083236,1.24902957659256,2023.78416084371,2023.79452054795,A/turkey/Minnesota/23-032149-001/2023|H5N1|USA-MN|2023-10-18|avian|B3.6
873,133,0.0096396054046255,-96.0885142526442,46.7624245727059,-96.0806255253492,46.7542112037394,1.25938928083236,1.24974967542774,2023.78488094254,2023.79452054795,A/turkey/Minnesota/23-032151-002/2023|H5N1|USA-MN|2023-10-18|avian|B3.6
1010,320,0.0558130253332447,-93.4281586693068,43.2385171094157,-93.5822308541261,43.1980706881117,1.26212900685972,1.20631598152648,2023.74144724864,2023.79726027397,A/blue-winged_teal/Iowa/23-032986-004/2023|H5N1|USA-IA|2023-10-19|avian|B3.6
1010,321,0.0558130253332447,-93.4281586693068,43.2385171094157,-93.6867960495972,43.1073986561352,1.26212900685972,1.20631598152648,2023.74144724864,2023.79726027397,A/green-winged_teal/Iowa/23-032986-006/2023|H5N1|USA-IA|2023-10-19|avian|B3.6
812,172,0.0130994302671641,-93.9429468530144,44.0831369000181,-93.8854634224503,43.9961956213098,1.26212900685972,1.24902957659256,2023.78416084371,2023.79726027397,A/turkey/Minnesota/23-032150-002/2023|H5N1|USA-MN|2023-10-19|avian|B3.6
811,175,0.012371223546308,-94.1552902483363,43.8612585688878,-94.2697021861477,44.0261665986272,1.26212900685972,1.24975778331341,2023.78488905043,2023.79726027397,A/turkey/Minnesota/23-032150-001/2023|H5N1|USA-MN|2023-10-19|avian|B3.6
1036,1037,0.00857104681755017,-119.73629558304,46.9897973745496,-120.38161245183,46.4555204515195,1.26423616810274,1.25566512128519,2023.7907963884,2023.79936743522,NA
1031,1034,0.0053737016291926,-119.276318912128,47.2853729354614,-119.011030904125,47.1341211320992,1.2646386593514,1.25926495772221,2023.79439622484,2023.79976992646,NA
576,335,0.0550396585266313,-95.11262072292,45.5162523935664,-92.9412855501993,45.8030626045517,1.26486873288708,1.20982907436045,2023.74496034147,2023.8,A/chicken/Minnesota/23-032247-001/2023|H5N1|USA-MN|2023-10-20|avian|B3.6
576,336,0.0550396585266313,-95.11262072292,45.5162523935664,-92.6494794823336,46.1758612355921,1.26486873288708,1.20982907436045,2023.74496034147,2023.8,A/guinea_fowl/Minnesota/23-032247-002/2023|H5N1|USA-MN|2023-10-20|avian|B3.6
935,938,0.025940594572889,-95.4023528970794,44.148784988206,-93.3808809101023,44.7796381947566,1.26757252748826,1.24163193291537,2023.77676320003,2023.8027037946,NA
859,144,0.0894371576564539,-120.01488443811,42.098171238856,-120.035800456559,42.8780930454618,1.26760845891444,1.17817130125798,2023.71330256837,2023.80273972603,A/American_wigeon/Oregon/23-032795-008-original/2023|H5N1|USA-OR|2023-10-21|avian|B3.6
839,99,0.0692790434088457,-119.499825950129,45.3491134068671,-121.100972899868,42.813118116712,1.26760845891444,1.19832941550559,2023.73346068262,2023.80273972603,A/American_wigeon/Oregon/23-032795-007/2023|H5N1|USA-OR|2023-10-21|avian|B3.6
859,143,0.0921768836840386,-120.01488443811,42.098171238856,-120.44783232531,43.1128178430182,1.27034818494202,1.17817130125798,2023.71330256837,2023.80547945205,A/American_wigeon/Oregon/23-032793-005-original/2023|H5N1|USA-OR|2023-10-22|avian|B3.6
842,98,0.0762668459631799,-117.847686920135,44.751282042763,-119.602205208119,42.6491488235628,1.27034818494202,1.19408133897884,2023.72921260609,2023.80547945205,A/pintail/Oregon/23-032793-020-original/2023|H5N1|USA-OR|2023-10-22|avian|B3.6
948,235,0.0321925551953841,-94.6399201506421,42.7688100474716,-94.9082056470445,42.8579875626555,1.27034818494202,1.23815562974664,2023.77328689686,2023.80547945205,A/chicken/Iowa/23-032138-001/2023|H5N1|USA-IA|2023-10-22|avian|B3.6
948,236,0.0321925551953841,-94.6399201506421,42.7688100474716,-94.6148803398359,42.7937214684699,1.27034818494202,1.23815562974664,2023.77328689686,2023.80547945205,A/chicken/Iowa/23-032138-002/2023|H5N1|USA-IA|2023-10-22|avian|B3.6
689,377,0.0132267786225102,-97.4388985583108,44.915434914691,-97.538026206357,44.792938574804,1.27034818494202,1.25712140631951,2023.79225267343,2023.80547945205,A/turkey/South_Dakota/23-032354-002/2023|H5N1|USA-SD|2023-10-22|avian|B3.6
689,378,0.0132267786225102,-97.4388985583108,44.915434914691,-97.7436292901165,44.7626309736762,1.27034818494202,1.25712140631951,2023.79225267343,2023.80547945205,A/turkey/South_Dakota/23-032354-001/2023|H5N1|USA-SD|2023-10-22|avian|B3.6
573,498,0.0118582990497016,-94.3819956920065,42.5746323923557,-94.5642410876696,42.6261762969738,1.27034818494202,1.25848988589232,2023.79362115301,2023.80547945205,A/turkey/Iowa/23-032139-001/2023|H5N1|USA-IA|2023-10-22|avian|B3.6
573,499,0.0118582990497016,-94.3819956920065,42.5746323923557,-94.4537429977494,42.6642212730171,1.27034818494202,1.25848988589232,2023.79362115301,2023.80547945205,A/turkey/Iowa/23-032139-002/2023|H5N1|USA-IA|2023-10-22|avian|B3.6
995,998,0.0944391977853261,-95.3221243636201,45.7035359648313,-99.371398169185,48.0434123497939,1.2706124220634,1.17617322427807,2023.71130449139,2023.80574368918,NA
1031,1032,0.0114718363716975,-119.276318912128,47.2853729354614,-119.552889476977,47.6313784764467,1.27073679409391,1.25926495772221,2023.79439622484,2023.80586806121,NA
999,316,0.108168302846729,-98.3103732285769,45.771798248612,-94.5648106394981,44.3460520087965,1.27308791096938,1.16491960812265,2023.70005087524,2023.80821917808,A/chicken/Minnesota/23-032411-001/2023|H5N1|USA-MN|2023-10-23|avian|B3.6
1029,34,0.101321849927885,-119.918778701939,47.3691293366028,-119.898498360111,47.3670213253205,1.27308791096938,1.17176606104149,2023.70689732815,2023.80821917808,A/wood_duck/Washington/23-033636-003/2023|H5N1|USA-WA|2023-10-23|avian|B3.6
937,206,0.0174390013711978,-94.6244877535181,44.8426434009341,-94.5265935910934,45.1775773235738,1.27308791096938,1.25564890959818,2023.79078017671,2023.80821917808,A/turkey/Minnesota/23-032410-002/2023|H5N1|USA-MN|2023-10-23|avian|B3.6
937,205,0.0174390013711978,-94.6244877535181,44.8426434009341,-94.6973182790466,45.0919194000311,1.27308791096938,1.25564890959818,2023.79078017671,2023.80821917808,A/turkey/Minnesota/23-032410-001/2023|H5N1|USA-MN|2023-10-23|avian|B3.6
1036,32,0.0174227896841874,-119.73629558304,46.9897973745496,-119.437662667769,47.1237997789066,1.27308791096938,1.25566512128519,2023.7907963884,2023.80821917808,A/mallard/Washington/23-033636-012/2023|H5N1|USA-WA|2023-10-23|avian|B3.6
1037,1038,0.00960488320326736,-120.38161245183,46.4555204515195,-119.567253285841,47.726736302167,1.27384105130601,1.26423616810274,2023.79936743522,2023.80897231842,NA
1034,1035,0.00923074526452972,-119.011030904125,47.1341211320992,-119.505614948851,47.3555674314036,1.27386940461593,1.2646386593514,2023.79976992646,2023.80900067173,NA
736,737,0.00640663197822056,-93.8936947281192,45.3001787991076,-94.5394672735744,44.6620499425747,1.27467174989759,1.26826511791937,2023.80339638503,2023.80980301701,NA
738,739,0.0173238702994967,-95.3984941314249,43.6043629166224,-94.9566782035723,44.3090158676299,1.2755851862339,1.2582613159344,2023.79339258305,2023.81071645335,NA
1038,1039,0.00179327670467422,-119.567253285841,47.726736302167,-119.710210993733,47.4463157806131,1.27563432801068,1.27384105130601,2023.80897231842,2023.81076559512,NA
798,103,0.0548018105169659,-97.8454406805679,43.9612369928084,-97.861161206916,43.6277221855913,1.27582763699673,1.22102582647977,2023.75615709359,2023.81095890411,A/turkey/South_Dakota/23-032362-001/2023|H5N1|USA-SD|2023-10-24|avian|B3.6
798,104,0.0548018105169659,-97.8454406805679,43.9612369928084,-97.7782082786346,43.8067049949477,1.27582763699673,1.22102582647977,2023.75615709359,2023.81095890411,A/turkey/South_Dakota/23-032362-002/2023|H5N1|USA-SD|2023-10-24|avian|B3.6
879,880,0.0384753805837319,-122.520659870952,45.3037686960473,-123.021254554535,44.5929410686161,1.27660304783757,1.23812766725384,2023.77325893437,2023.81173431495,NA
1032,1033,0.00751440172977169,-119.552889476977,47.6313784764467,-119.655470517787,47.6758997677901,1.27825119582368,1.27073679409391,2023.80586806121,2023.81338246294,NA
983,984,0.0254971051813284,-100.857557485404,38.1819935748156,-95.3007967774532,43.2319894830762,1.27854425695762,1.25304715177629,2023.78817841889,2023.81367552407,NA
1037,30,0.0143311949213523,-120.38161245183,46.4555204515195,-119.95130244054,46.7289733757836,1.27856736302409,1.26423616810274,2023.79936743522,2023.81369863014,A/mallard/Washington/23-033638-010/2023|H5N1|USA-WA|2023-10-25|avian|B3.6
1034,31,0.0139287036726896,-119.011030904125,47.1341211320992,-119.035159300012,47.6773580207622,1.27856736302409,1.2646386593514,2023.79976992646,2023.81369863014,A/mallard/Washington/23-033638-002/2023|H5N1|USA-WA|2023-10-25|avian|B3.6
1032,29,0.00783056893018497,-119.552889476977,47.6313784764467,-119.894413304088,47.3123304103266,1.27856736302409,1.27073679409391,2023.80586806121,2023.81369863014,A/mallard/Washington/23-033638-015/2023|H5N1|USA-WA|2023-10-25|avian|B3.6
1038,24,0.00472631171808491,-119.567253285841,47.726736302167,-119.478789541952,47.4738880094437,1.27856736302409,1.27384105130601,2023.80897231842,2023.81369863014,A/mallard/Washington/23-033638-009/2023|H5N1|USA-WA|2023-10-25|avian|B3.6
1035,33,0.00469795840815967,-119.505614948851,47.3555674314036,-119.324522802337,47.3450492613638,1.27856736302409,1.27386940461593,2023.80900067173,2023.81369863014,A/mallard/Washington/23-033638-008/2023|H5N1|USA-WA|2023-10-25|avian|B3.6
1035,28,0.00469795840815967,-119.505614948851,47.3555674314036,-119.635638677422,46.82943781218,1.27856736302409,1.27386940461593,2023.80900067173,2023.81369863014,A/mallard/Washington/23-033638-013/2023|H5N1|USA-WA|2023-10-25|avian|B3.6
1039,26,0.00293303501341069,-119.710210993733,47.4463157806131,-119.19981678104,47.7607205603488,1.27856736302409,1.27563432801068,2023.81076559512,2023.81369863014,A/mallard/Washington/23-033638-004/2023|H5N1|USA-WA|2023-10-25|avian|B3.6
1039,27,0.00293303501341069,-119.710210993733,47.4463157806131,-119.739058273794,47.0459324851385,1.27856736302409,1.27563432801068,2023.81076559512,2023.81369863014,A/mallard/Washington/23-033638-011/2023|H5N1|USA-WA|2023-10-25|avian|B3.6
1033,25,0.000316167200413275,-119.655470517787,47.6758997677901,-119.261530014684,47.6355117814801,1.27856736302409,1.27825119582368,2023.81338246294,2023.81369863014,A/mallard/Washington/23-033638-012/2023|H5N1|USA-WA|2023-10-25|avian|B3.6
1033,23,0.000316167200413275,-119.655470517787,47.6758997677901,-119.156306195725,47.8014917411559,1.27856736302409,1.27825119582368,2023.81338246294,2023.81369863014,A/mallard/Washington/23-033638-003/2023|H5N1|USA-WA|2023-10-25|avian|B3.6
601,604,0.070651757987386,-121.468481719314,37.6439996009827,-121.913965338718,37.704743666983,1.27882837907248,1.20817662108509,2023.7433078882,2023.81395964619,NA
590,591,0.0260994498351932,-110.619834109898,46.1350153248999,-110.936830361831,46.4572384045621,1.278913077675,1.2528136278398,2023.78794489495,2023.81404434479,NA
875,876,0.109223306237746,-121.584827937175,44.6614263854235,-120.263195072342,44.7519651290776,1.27964324193753,1.17041993569978,2023.70555120281,2023.81477450905,NA
938,939,0.0144835794463247,-93.3808809101023,44.7796381947566,-94.5842869763906,45.0199038227325,1.28205610693459,1.26757252748826,2023.8027037946,2023.81718737405,NA
784,785,0.103006432784301,-97.3801007010603,36.7390772379754,-97.9758772844039,35.6597044443619,1.28230776753853,1.17930133475423,2023.71443260187,2023.81743903465,NA
939,202,0.00199070814421898,-94.5842869763906,45.0199038227325,-94.5848902268744,45.0089262036387,1.28404681507881,1.28205610693459,2023.81718737405,2023.81917808219,A/turkey/Minnesota/23-033106-001/2023|H5N1|USA-MN|2023-10-27|avian|B3.6
939,203,0.00199070814421898,-94.5842869763906,45.0199038227325,-94.4285264839485,45.1134388533679,1.28404681507881,1.28205610693459,2023.81718737405,2023.81917808219,A/turkey/Minnesota/23-033106-002/2023|H5N1|USA-MN|2023-10-27|avian|B3.6
582,583,0.0767468600130272,-86.7681076738199,33.7308201353102,-80.3374520984397,32.5813313064607,1.28467682196693,1.2079299619539,2023.74306122907,2023.81980808908,NA
582,489,0.0788565791524911,-86.7681076738199,33.7308201353102,-90.1834715765164,38.6812166840114,1.28678654110639,1.2079299619539,2023.74306122907,2023.82191780822,A/northern_shoveler/Illinois/23-033983-049-original/2023|H5N1|USA-IL|2023-10-28|avian|B3.6
936,201,0.0356075364602417,-94.7096157578581,44.9050298332725,-94.4277858924762,45.249440797027,1.28678654110639,1.25117900464615,2023.78631027176,2023.82191780822,A/turkey/Minnesota/23-033304-002/2023|H5N1|USA-MN|2023-10-28|avian|B3.6
938,204,0.0192140136181285,-93.3808809101023,44.7796381947566,-94.6652039752524,45.0888178779892,1.28678654110639,1.26757252748826,2023.8027037946,2023.82191780822,A/turkey/Minnesota/23-033304-001/2023|H5N1|USA-MN|2023-10-28|avian|B3.6
593,516,0.00729409557179528,-89.8669861908718,38.8613791795721,-89.8587979506563,38.8356678607073,1.28678654110639,1.2794924455346,2023.81462371265,2023.82191780822,A/ring-necked_duck/Illinois/23-033983-010-original/2023|H5N1|USA-IL|2023-10-28|avian|B3.6
593,517,0.00729409557179528,-89.8669861908718,38.8613791795721,-90.164232248144,38.9582883005885,1.28678654110639,1.2794924455346,2023.81462371265,2023.82191780822,A/wood_duck/Illinois/23-033983-015-original/2023|H5N1|USA-IL|2023-10-28|avian|B3.6
577,337,0.00575589066882731,-98.645307093988,44.3427660427862,-98.6367716496644,44.3419548757387,1.28678654110639,1.28103065043756,2023.81616191755,2023.82191780822,A/turkey/South_Dakota/23-033096-001/2023|H5N1|USA-SD|2023-10-28|avian|B3.6
577,338,0.00575589066882731,-98.645307093988,44.3427660427862,-98.5988110980833,44.2138069120205,1.28678654110639,1.28103065043756,2023.81616191755,2023.82191780822,A/turkey/South_Dakota/23-033096-002/2023|H5N1|USA-SD|2023-10-28|avian|B3.6
738,740,0.0297185774269875,-95.3984941314249,43.6043629166224,-94.7360971020193,44.7757692072735,1.28797989336139,1.2582613159344,2023.79339258305,2023.82311116047,NA
891,119,0.019957421365282,-93.6885666897804,35.7946584465813,-93.7459507729397,35.7905369429065,1.29226599316111,1.27230857179582,2023.80743983891,2023.82739726027,A/chicken/Arkansas/23-033113-001/2023|H5N1|Arkansas|2023-10-30|avian|B3.6
891,120,0.019957421365282,-93.6885666897804,35.7946584465813,-93.6804688325293,35.7964893138148,1.29226599316111,1.27230857179582,2023.80743983891,2023.82739726027,A/chicken/Arkansas/23-033113-002/2023|H5N1|USA-AR|2023-10-30|avian|B3.6
984,263,0.0137217362034898,-95.3007967774532,43.2319894830762,-95.3233985631231,43.0466457038794,1.29226599316111,1.27854425695762,2023.81367552407,2023.82739726027,A/mallard/Iowa/23-033661-002/2023|H5N1|USA-IA|2023-10-30|avian|B3.6
1020,1021,0.0690388745714059,-114.993068132626,50.0083140833627,-115.135381746922,50.0004535960893,1.29317480054241,1.224135925971,2023.75926719308,2023.82830606766,NA
816,821,0.000511316576468301,-123.278061260945,38.737101745506,-123.242969643056,38.7355762384699,1.29410701963812,1.29359570306165,2023.82872697017,2023.82923828675,NA
701,702,0.0336472868540605,-94.8098160944169,44.5621915669295,-95.1217281558459,45.2950879833529,1.29457878835822,1.26093150150416,2023.79606276862,2023.82971005547,NA
736,526,0.0267406012690952,-93.8936947281192,45.3001787991076,-93.8735670174632,45.0156829300503,1.29500571918846,1.26826511791937,2023.80339638503,2023.8301369863,A/chicken/Minnesota/23-033668-001/2023|H5N1|USA-MN|2023-10-31|avian|B3.6
737,525,0.0203339692908746,-94.5394672735744,44.6620499425747,-94.2241513188543,45.0880274037084,1.29500571918846,1.27467174989759,2023.80980301701,2023.8301369863,A/chicken/Minnesota/23-033671-001/2023|H5N1|USA-MN|2023-10-31|avian|B3.6
737,524,0.0203339692908746,-94.5394672735744,44.6620499425747,-94.1516443918714,45.2353959894541,1.29500571918846,1.27467174989759,2023.80980301701,2023.8301369863,A/chicken/Minnesota/23-033671-002/2023|H5N1|USA-MN|2023-10-31|avian|B3.6
559,515,0.109540770105729,-95.2792207476873,36.1065253364676,-97.3437558329068,37.6100278394117,1.29774544521582,1.18820467511009,2023.72333594222,2023.83287671233,A/wood_duck/Kansas/23-034999-001-original/2023|H5N1|USA-KS|2023-11-01|avian|B3.6
876,877,0.0207507358911705,-120.263195072342,44.7519651290776,-122.485613567008,44.8210270212597,1.3003939778287,1.27964324193753,2023.81477450905,2023.83552524494,NA
984,264,0.021940914285562,-95.3007967774532,43.2319894830762,-95.2093837147015,43.1360670577256,1.30048517124318,1.27854425695762,2023.81367552407,2023.83561643836,A/domestic_duck/Iowa/23-033840-003/2023|H5N1|USA-IA|2023-11-02|avian|B3.6
732,520,0.0139802065130636,-99.161578370042,45.4537128081401,-99.4584082754306,45.7008955975032,1.30048517124318,1.28650496473012,2023.82163623184,2023.83561643836,A/turkey/South_Dakota/23-033623-001/2023|H5N1|USA-SD|2023-11-02|avian|B3.6
732,521,0.0139802065130636,-99.161578370042,45.4537128081401,-98.9930413125935,45.6218526929636,1.30048517124318,1.28650496473012,2023.82163623184,2023.83561643836,A/turkey/South_Dakota/23-033623-002/2023|H5N1|USA-SD|2023-11-02|avian|B3.6
767,68,0.0120452290766497,-93.6715127590092,42.3508788235285,-93.6005610309512,42.3765282583795,1.30048517124318,1.28843994216653,2023.82357120928,2023.83561643836,A/chicken/Iowa/23-033841-001/2023|H5N1|USA-IA|2023-11-02|avian|B3.6
767,69,0.0120452290766497,-93.6715127590092,42.3508788235285,-93.6792691001558,42.3561909471796,1.30048517124318,1.28843994216653,2023.82357120928,2023.83561643836,A/chicken/Iowa/23-033841-002/2023|H5N1|USA-IA|2023-11-02|avian|B3.6
841,95,0.00631458127672557,-126.114826239704,53.0740400829673,-126.311610589268,54.0400680556356,1.30048517124318,1.29417058996645,2023.82930185708,2023.83561643836,A/Cooper_s_Hawk/BC/AIVPHL-1370/2023|H5N1|Canada-BC|2023-11-02|avian|B3.6
644,645,0.00640377522998037,-95.2109627546662,44.0453712714111,-94.9715476599094,44.1444368568982,1.30198253292139,1.29557875769141,2023.8307100248,2023.83711380003,NA
932,933,0.00057360288733177,-94.0977636767352,45.2694476398822,-94.2283529066332,45.3904955832377,1.30214170360764,1.30156810072031,2023.83669936783,2023.83727297072,NA
740,741,0.0192982198022551,-94.7360971020193,44.7757692072735,-96.3026170887269,43.993041803975,1.30727811316364,1.28797989336139,2023.82311116047,2023.84240938028,NA
639,481,0.139347275109505,-99.1668518007404,43.3101906773632,-90.1305144763696,36.7861284582881,1.30870434932548,1.16935707421597,2023.70448834133,2023.84383561644,A/mallard/Missouri/23-034483-001-original/2023|H5N1|USA-MO|2023-11-05|avian|B3.6
784,67,0.129403014571251,-97.3801007010603,36.7390772379754,-105.705086522343,37.6540551732777,1.30870434932548,1.17930133475423,2023.71443260187,2023.84383561644,A/American_wigeon/Colorado/23-034259-003-original/2023|H5N1|USA-CO|2023-11-05|avian|B3.6
842,97,0.114623010346638,-117.847686920135,44.751282042763,-119.25586941415,45.2731100428806,1.30870434932548,1.19408133897884,2023.72921260609,2023.84383561644,A/American_wigeon/Oregon/23-035568-002-original/2023|H5N1|USA-OR|2023-11-05|avian|B3.6
933,199,0.00656264571784027,-94.2283529066332,45.3904955832377,-94.3904881180088,45.5142671900608,1.30870434932548,1.30214170360764,2023.83727297072,2023.84383561644,A/turkey/Minnesota/23-034013-001/2023|H5N1|USA-MN|2023-11-05|avian|B3.6
933,200,0.00656264571784027,-94.2283529066332,45.3904955832377,-94.2322594814076,45.3897670788605,1.30870434932548,1.30214170360764,2023.83727297072,2023.84383561644,A/turkey/Minnesota/23-034013-002/2023|H5N1|USA-MN|2023-11-05|avian|B3.6
719,408,0.00521012360457696,-99.2265872230052,38.4205383023291,-99.5054221687262,38.4349907123068,1.30870434932548,1.3034942257209,2023.83862549283,2023.84383561644,A/green-winged_teal/Kansas/23-035000-007-original/2023|H5N1|USA-KS|2023-11-05|avian|B3.6
719,409,0.00521012360457696,-99.2265872230052,38.4205383023291,-99.3577730189214,38.4972758673515,1.30870434932548,1.3034942257209,2023.83862549283,2023.84383561644,A/green-winged_teal/Kansas/23-035000-006-original/2023|H5N1|USA-KS|2023-11-05|avian|B3.6
880,881,0.0336868029377311,-123.021254554535,44.5929410686161,-122.977320122371,44.7100244632035,1.3102898507753,1.27660304783757,2023.81173431495,2023.84542111789,NA
999,1000,0.145671452061326,-98.3103732285769,45.771798248612,-94.6713494912645,40.7432480820136,1.31059106018397,1.16491960812265,2023.70005087524,2023.8457223273,NA
889,112,0.125523433313754,-99.9319914613275,41.5296590834361,-90.2543397352785,37.1430404822033,1.31144407535284,1.18592064203908,2023.72105190915,2023.84657534247,A/mallard/Missouri/23-034484-001-original/2023|H5N1|USA-MO|2023-11-06|avian|B3.6
880,128,0.034841027515266,-123.021254554535,44.5929410686161,-123.178799889327,44.8476070713494,1.31144407535284,1.27660304783757,2023.81173431495,2023.84657534247,A/chicken/Oregon/23-034937-001/2023|H5N1|USA-OR|2023-11-06|avian|B3.6
701,703,0.052736778791912,-94.8098160944169,44.5621915669295,-95.3169734010616,45.1347559490997,1.31366828029607,1.26093150150416,2023.79606276862,2023.84879954741,NA
723,392,0.0725448096084111,-98.9910756259798,45.5737216924136,-98.9844391801036,45.8925901485425,1.31418380138019,1.24163899177178,2023.77677025888,2023.84931506849,A/turkey/South_Dakota/23-034372-001/2023|H5N1|USA-SD|2023-11-07|avian|B3.6
723,393,0.0725448096084111,-98.9910756259798,45.5737216924136,-99.0191552516185,45.624667386459,1.31418380138019,1.24163899177178,2023.77677025888,2023.84931506849,A/turkey/South_Dakota/23-034372-002/2023|H5N1|USA-SD|2023-11-07|avian|B3.6
590,450,0.0613701735403911,-110.619834109898,46.1350153248999,-109.973434880748,46.460949103656,1.31418380138019,1.2528136278398,2023.78794489495,2023.84931506849,A/chicken/Montana/23-034346-007/2023|H5N1|USA-MT|2023-11-07|avian|B3.6
739,531,0.0385986151462947,-94.9566782035723,44.3090158676299,-95.1438177167698,44.4964266368029,1.31418380138019,1.2755851862339,2023.81071645335,2023.84931506849,A/turkey/Minnesota/23-034438-001/2023|H5N1|USA-MN|2023-11-07|avian|B3.6
591,449,0.0352707237051979,-110.936830361831,46.4572384045621,-109.444247121017,46.2984780527837,1.31418380138019,1.278913077675,2023.81404434479,2023.84931506849,A/chicken/Montana/23-034346-005/2023|H5N1|USA-MT|2023-11-07|avian|B3.6
591,448,0.0352707237051979,-110.936830361831,46.4572384045621,-109.472588753201,46.6283878208783,1.31418380138019,1.278913077675,2023.81404434479,2023.84931506849,A/chicken/Montana/23-034346-006/2023|H5N1|USA-MT|2023-11-07|avian|B3.6
885,116,0.0208488078607132,-96.6525770968596,45.3547350103462,-96.6438440294516,45.3588443975733,1.31418380138019,1.29333499351948,2023.82846626063,2023.84931506849,A/turkey/South_Dakota/23-034369-001/2023|H5N1|USA-SD|2023-11-07|avian|B3.6
885,117,0.0208488078607132,-96.6525770968596,45.3547350103462,-97.0886409856508,45.4059118210856,1.31418380138019,1.29333499351948,2023.82846626063,2023.84931506849,A/turkey/South_Dakota/23-034369-002/2023|H5N1|USA-SD|2023-11-07|avian|B3.6
741,529,0.00690568821654858,-96.3026170887269,43.993041803975,-95.347844524667,44.2056346755313,1.31418380138019,1.30727811316364,2023.84240938028,2023.84931506849,A/turkey/Minnesota/23-034438-002/2023|H5N1|USA-MN|2023-11-07|avian|B3.6
570,502,0.0645602502543126,-91.1890342623411,40.7268761698793,-93.3789352094163,41.5137437493016,1.31692352740778,1.25236327715347,2023.78749454427,2023.85205479452,A/American_white_pelican/Iowa/23-034843-001/2023|H5N1|USA-IA|2023-11-08|avian|B3.6
998,317,0.0463111053443781,-99.371398169185,48.0434123497939,-99.0338759426343,46.1648118646152,1.31692352740778,1.2706124220634,2023.80574368918,2023.85205479452,A/chicken/North_Dakota/23-034577-002/2023|H5N1|USA-ND|2023-11-08|avian|B3.6
998,318,0.0463111053443781,-99.371398169185,48.0434123497939,-99.4830708722451,46.2622822578899,1.31692352740778,1.2706124220634,2023.80574368918,2023.85205479452,A/chicken/North_Dakota/23-034577-001/2023|H5N1|USA-ND|2023-11-08|avian|B3.6
802,177,0.0153118341766527,-107.469794984033,38.2127781791816,-107.633531915599,38.4094684530569,1.31692352740778,1.30161169323113,2023.83674296034,2023.85205479452,A/chicken/Colorado/23-034666-002/2023|H5N1|USA-CO|2023-11-08|avian|B3.6
802,178,0.0153118341766527,-107.469794984033,38.2127781791816,-107.662030093995,38.4284811331264,1.31692352740778,1.30161169323113,2023.83674296034,2023.85205479452,A/chicken/Colorado/23-034666-001/2023|H5N1|USA-CO|2023-11-08|avian|B3.6
932,934,0.01743346853968,-94.0977636767352,45.2694476398822,-94.7311877126679,45.6068331266273,1.31900156925999,1.30156810072031,2023.83669936783,2023.85413283637,NA
848,82,0.0254610421840622,-112.224894023727,43.6679891366838,-112.077793183291,43.475228707165,1.31966325343514,1.29420221125107,2023.82933347836,2023.85479452055,A/chicken/Idaho/23-034565-002/2023|H5N1|USA-ID|2023-11-09|avian|B3.6
848,83,0.0254610421840622,-112.224894023727,43.6679891366838,-112.306998012824,43.5020278323613,1.31966325343514,1.29420221125107,2023.82933347836,2023.85479452055,A/chicken/Idaho/23-034565-001/2023|H5N1|USA-ID|2023-11-09|avian|B3.6
1000,309,0.00907219325116082,-94.6713494912645,40.7432480820136,-94.637092173355,40.7610801055661,1.31966325343514,1.31059106018397,2023.8457223273,2023.85479452055,A/chicken/Iowa/23-034842-001/2023|H5N1|USA-IA|2023-11-09|avian|B3.6
1000,310,0.00907219325116082,-94.6713494912645,40.7432480820136,-94.6663272070547,40.7415314589786,1.31966325343514,1.31059106018397,2023.8457223273,2023.85479452055,A/chicken/Iowa/23-034842-002/2023|H5N1|USA-IA|2023-11-09|avian|B3.6
877,878,0.019988878493127,-122.485613567008,44.8210270212597,-122.334091941792,44.7957957342524,1.32038285632182,1.3003939778287,2023.83552524494,2023.85551412343,NA
604,605,0.0452760433673736,-121.913965338718,37.704743666983,-121.548326228593,37.4165020753224,1.32410442243985,1.27882837907248,2023.81395964619,2023.85923568955,NA
739,530,0.052297245283309,-94.9566782035723,44.3090158676299,-94.9614128647107,44.4169124373811,1.32788243151721,1.2755851862339,2023.81071645335,2023.86301369863,A/turkey/Minnesota/23-034899-001/2023|H5N1|USA-MN|2023-11-12|avian|B3.6
740,532,0.039902538155818,-94.7360971020193,44.7757692072735,-95.2848290016698,44.3040515338579,1.32788243151721,1.28797989336139,2023.82311116047,2023.86301369863,A/turkey/Minnesota/23-034899-002/2023|H5N1|USA-MN|2023-11-12|avian|B3.6
702,380,0.033303643158991,-95.1217281558459,45.2950879833529,-95.1671559111241,45.2585539215527,1.32788243151721,1.29457878835822,2023.82971005547,2023.86301369863,A/turkey/Minnesota/23-034904-002/2023|H5N1|USA-MN|2023-11-12|avian|B3.6
703,381,0.0142141512211396,-95.3169734010616,45.1347559490997,-95.1107360333565,45.1557955775611,1.32788243151721,1.31366828029607,2023.84879954741,2023.86301369863,A/turkey/Minnesota/23-034904-001/2023|H5N1|USA-MN|2023-11-12|avian|B3.6
990,314,0.139596511949919,-98.7947388292055,46.3489975940661,-98.8972474252006,46.4200998806884,1.33062215754456,1.19102564559465,2023.72615691271,2023.86575342466,A/turkey/North_Dakota/23-035082-001/2023|H5N1|USA-ND|2023-11-13|avian|B3.6
990,315,0.139596511949919,-98.7947388292055,46.3489975940661,-98.6849320043398,46.5184005533916,1.33062215754456,1.19102564559465,2023.72615691271,2023.86575342466,A/turkey/North_Dakota/23-035082-002/2023|H5N1|USA-ND|2023-11-13|avian|B3.6
881,126,0.020332306769264,-122.977320122371,44.7100244632035,-122.306842894242,44.6604277684383,1.33062215754456,1.3102898507753,2023.84542111789,2023.86575342466,A/chicken/Oregon/23-035545-002/2023|H5N1|USA-OR|2023-11-13|avian|B3.6
881,127,0.020332306769264,-122.977320122371,44.7100244632035,-122.206948053254,44.5958379934833,1.33062215754456,1.3102898507753,2023.84542111789,2023.86575342466,A/chicken/Oregon/23-035545-001/2023|H5N1|USA-OR|2023-11-13|avian|B3.6
821,822,0.0366767186043651,-123.242969643056,38.7355762384699,-123.57013881457,38.845467674304,1.33078373824248,1.29410701963812,2023.82923828675,2023.86591500536,NA
602,603,0.121677619303447,-121.902693026327,37.7148821065991,-119.383777895342,37.3573859963976,1.33335018076664,1.21167256146319,2023.74680382858,2023.86848144788,NA
1020,19,0.10922595760115,-114.993068132626,50.0083140833627,-116.979176371261,49.1341303031205,1.33336188357215,1.224135925971,2023.75926719308,2023.86849315069,A/Canada_Goose/BC/AIVPHL-1402/2023|H5N1|Canada-BC|2023-11-14|avian|B3.6
879,129,0.0952342163183118,-122.520659870952,45.3037686960473,-118.842597891197,49.0590315496445,1.33336188357215,1.23812766725384,2023.77325893437,2023.86849315069,A/Cackling_Goose/BC/AIVPHL-1412/2023|H5N1|Canada-BC|2023-11-14|avian|B3.6
876,123,0.0537186416346234,-120.263195072342,44.7519651290776,-122.32801674125,44.787813926721,1.33336188357215,1.27964324193753,2023.81477450905,2023.86849315069,A/chicken/Oregon/23-035544-001/2023|H5N1|USA-OR|2023-11-14|avian|B3.6
1021,16,0.0401870830297444,-115.135381746922,50.0004535960893,-117.406101204047,49.6007705701163,1.33336188357215,1.29317480054241,2023.82830606766,2023.86849315069,A/Canada_Goose/BC/AIVPHL-1401/2023|H5N1|Canada-BC|2023-11-14|avian|B3.6
877,125,0.0329679057434529,-122.485613567008,44.8210270212597,-122.590063130985,44.8389748012277,1.33336188357215,1.3003939778287,2023.83552524494,2023.86849315069,A/chicken/Oregon/23-035544-002/2023|H5N1|USA-OR|2023-11-14|avian|B3.6
934,197,0.0143603143121633,-94.7311877126679,45.6068331266273,-94.2236194603963,45.6225973586977,1.33336188357215,1.31900156925999,2023.85413283637,2023.86849315069,A/turkey/Minnesota/23-035616-001/2023|H5N1|USA-MN|2023-11-14|avian|B3.6
934,198,0.0143603143121633,-94.7311877126679,45.6068331266273,-94.1210404134839,45.4367314178862,1.33336188357215,1.31900156925999,2023.85413283637,2023.86849315069,A/turkey/Minnesota/23-035616-002/2023|H5N1|USA-MN|2023-11-14|avian|B3.6
1043,9,0.0140960958019631,-91.8808523668341,41.8637451496683,-91.8770390458745,41.8745810932528,1.33336188357215,1.31926578777019,2023.85439705488,2023.86849315069,A/chicken/Iowa/23-035546-001/2023|H5N1|USA-IA|2023-11-14|avian|B3.6
1043,10,0.0140960958019631,-91.8808523668341,41.8637451496683,-92.255011423795,42.1045861272056,1.33336188357215,1.31926578777019,2023.85439705488,2023.86849315069,A/chicken/Iowa/23-035546-002/2023|H5N1|USA-IA|2023-11-14|avian|B3.6
878,124,0.0129790272503258,-122.334091941792,44.7957957342524,-122.48303711661,44.7743882539384,1.33336188357215,1.32038285632182,2023.85551412343,2023.86849315069,A/chicken/Oregon/23-035544-004/2023|H5N1|USA-OR|2023-11-14|avian|B3.6
878,122,0.0129790272503258,-122.334091941792,44.7957957342524,-122.47552129775,44.8090580839552,1.33336188357215,1.32038285632182,2023.85551412343,2023.86849315069,A/chicken/Oregon/23-035544-005/2023|H5N1|USA-OR|2023-11-14|avian|B3.6
639,640,0.165038917229223,-99.1668518007404,43.3101906773632,-95.2888079254359,45.345741950041,1.3343959914452,1.16935707421597,2023.70448834133,2023.86952725856,NA
605,606,0.0105479841340221,-121.548326228593,37.4165020753224,-121.485825398464,37.4681800071094,1.33465240657387,1.32410442243985,2023.85923568955,2023.86978367369,NA
640,641,0.000450234167666208,-95.2888079254359,45.345741950041,-95.5589994601782,45.3112337673716,1.33484622561286,1.3343959914452,2023.86952725856,2023.86997749273,NA
1066,303,0.160365151334638,-121.091399916833,39.077305853893,-121.89317711495,38.8714462835482,1.33610160959951,1.17573645826487,2023.71086772538,2023.87123287671,A/northern_pintail/California/23-037849-010/2023|H5N1|USA-CA|2023-11-15|avian|B3.6
633,473,0.0776035660984689,-103.446489972506,43.3228413205613,-103.449783570646,43.2356052242847,1.33610160959951,1.25849804350104,2023.79362931061,2023.87123287671,A/domestic_goose/South_Dakota/23-035811-003/2023|H5N1|USA-SD|2023-11-15|avian|B3.6
633,474,0.0776035660984689,-103.446489972506,43.3228413205613,-103.18286147278,43.1800998520412,1.33610160959951,1.25849804350104,2023.79362931061,2023.87123287671,A/chicken/South_Dakota/23-035811-001/2023|H5N1|USA-SD|2023-11-15|avian|B3.6
603,417,0.00275142883286583,-119.383777895342,37.3573859963976,-119.163659907529,37.0794992139339,1.33610160959951,1.33335018076664,2023.86848144788,2023.87123287671,A/domestic_duck/California/23-036543-002/2023|H5N1|USA-CA|2023-11-15|avian|B3.6
603,418,0.00275142883286583,-119.383777895342,37.3573859963976,-119.024631597816,37.3462198294144,1.33610160959951,1.33335018076664,2023.86848144788,2023.87123287671,A/domestic_duck/California/23-036543-001/2023|H5N1|USA-CA|2023-11-15|avian|B3.6
640,482,0.00170561815431003,-95.2888079254359,45.345741950041,-95.3174949412352,45.1583293918248,1.33610160959951,1.3343959914452,2023.86952725856,2023.87123287671,A/turkey/Minnesota/23-035802-003/2023|H5N1|USA-MN|2023-11-15|avian|B3.6
641,483,0.00125538398664382,-95.5589994601782,45.3112337673716,-95.6577980302727,45.341803085967,1.33610160959951,1.33484622561286,2023.86997749273,2023.87123287671,A/turkey/Minnesota/23-035802-002/2023|H5N1|USA-MN|2023-11-15|avian|B3.6
641,484,0.00125538398664382,-95.5589994601782,45.3112337673716,-95.8257018510312,45.2590044727588,1.33610160959951,1.33484622561286,2023.86997749273,2023.87123287671,A/turkey/Minnesota/23-035802-001/2023|H5N1|USA-MN|2023-11-15|avian|B3.6
822,823,0.00618791271396013,-123.57013881457,38.845467674304,-122.474611617502,38.3659558001783,1.33697165095644,1.33078373824248,2023.86591500536,2023.87210291807,NA
785,786,0.0548172880745854,-97.9758772844039,35.6597044443619,-96.8987427586674,37.0573080747243,1.33712505561311,1.28230776753853,2023.81743903465,2023.87225632273,NA
823,824,0.00116371230784207,-122.474611617502,38.3659558001783,-123.152921520942,38.5199771119066,1.33813536326428,1.33697165095644,2023.87210291807,2023.87326663038,NA
981,259,0.0146543454893733,-99.6229925448078,45.5732147928585,-99.3194116133355,45.5588570982326,1.33884133562686,1.32418699013749,2023.85931825725,2023.87397260274,A/turkey/South_Dakota/23-036553-002/2023|H5N1|USA-SD|2023-11-16|avian|B3.6
981,260,0.0146543454893733,-99.6229925448078,45.5732147928585,-99.2195169022584,45.270079721071,1.33884133562686,1.32418699013749,2023.85931825725,2023.87397260274,A/turkey/South_Dakota/23-036553-001/2023|H5N1|USA-SD|2023-11-16|avian|B3.6
816,817,0.046418057381008,-123.278061260945,38.737101745506,-123.261149506413,38.7337649167813,1.34001376044266,1.29359570306165,2023.82872697017,2023.87514502756,NA
889,890,0.154539723251837,-99.9319914613275,41.5296590834361,-97.7467512886528,44.7492725046394,1.34046036529092,1.18592064203908,2023.72105190915,2023.8755916324,NA
560,561,0.00354862053096294,-84.9365756928747,40.0210557627907,-83.7520622348328,40.3568581447897,1.34113374577131,1.33758512524034,2023.87271639235,2023.87626501288,NA
785,64,0.0592732941156937,-97.9758772844039,35.6597044443619,-95.9045879741545,36.4838454020976,1.34158106165422,1.28230776753853,2023.81743903465,2023.87671232877,A/gadwall/Oklahoma/23-038107-003-original/2023|H5N1|USA-OK|2023-11-17|avian|B3.6
703,379,0.0279127813581539,-95.3169734010616,45.1347559490997,-94.7780335993363,45.294281565647,1.34158106165422,1.31366828029607,2023.84879954741,2023.87671232877,A/turkey/Minnesota/23-036745-001/2023|H5N1|USA-MN|2023-11-17|avian|B3.6
906,192,0.000661066099711283,-98.4906805375391,44.5214729038893,-98.4623777689449,44.4549282152864,1.34158106165422,1.34091999555451,2023.87605126267,2023.87671232877,A/turkey/South_Dakota/23-036674-001/2023|H5N1|USA-SD|2023-11-17|avian|B3.6
699,355,0.000122481809645691,-97.8104962532473,44.8809429974961,-97.9074619697407,44.8671112883761,1.34158106165422,1.34145857984458,2023.87658984696,2023.87671232877,A/turkey/South_Dakota/23-036675-002/2023|H5N1|USA-SD|2023-11-17|avian|B3.6
561,562,0.00103374771379583,-83.7520622348328,40.3568581447897,-83.9095843885488,40.4642736438127,1.3421674934851,1.34113374577131,2023.87626501288,2023.8772987606,NA
629,630,0.0089493993976173,-91.604612362555,44.7727076375156,-91.3039835654724,44.5043668929184,1.3434001999509,1.33445080055328,2023.86958206767,2023.87853146706,NA
741,742,0.0364151649709443,-96.3026170887269,43.993041803975,-95.6734087902791,46.2115885422986,1.34369327813459,1.30727811316364,2023.84240938028,2023.87882454525,NA
654,655,0.00982388983778315,-95.5419013760418,46.2309356149501,-95.5326493225947,46.2279719786998,1.34410410646151,1.33428021662373,2023.86941148374,2023.87923537357,NA
709,399,0.0552462390693753,-81.0425324847607,28.1389137608729,-80.9323057489673,28.6644760412346,1.34432078768158,1.2890745486122,2023.82420581573,2023.87945205479,A/blue-winged_teal/Florida/23-038112-061-original/2023|H5N1|USA-FL|2023-11-18|avian|B3.6
709,400,0.0552462390693753,-81.0425324847607,28.1389137608729,-80.718407959361,27.9489925214113,1.34432078768158,1.2890745486122,2023.82420581573,2023.87945205479,A/blue-winged_teal/Florida/23-038112-033-original/2023|H5N1|USA-FL|2023-11-18|avian|B3.6
560,508,0.00673566244123691,-84.9365756928747,40.0210557627907,-83.4126993421179,40.1294789976274,1.34432078768158,1.33758512524034,2023.87271639235,2023.87945205479,A/chicken/Ohio/23-036779-002/2023|H5N1|USA-OH|2023-11-18|avian|B3.6
890,113,0.0038604223906602,-97.7467512886528,44.7492725046394,-97.5427338716194,44.6875733786924,1.34432078768158,1.34046036529092,2023.8755916324,2023.87945205479,A/turkey/South_Dakota/23-036676-002/2023|H5N1|USA-SD|2023-11-18|avian|B3.6
561,505,0.00318704191027419,-83.7520622348328,40.3568581447897,-83.5365245342544,40.2839166653777,1.34432078768158,1.34113374577131,2023.87626501288,2023.87945205479,A/chicken/Ohio/23-036779-001/2023|H5N1|USA-OH|2023-11-18|avian|B3.6
699,354,0.00286220783700308,-97.8104962532473,44.8809429974961,-97.7759889538662,44.9242161681131,1.34432078768158,1.34145857984458,2023.87658984696,2023.87945205479,A/turkey/South_Dakota/23-036675-001/2023|H5N1|USA-SD|2023-11-18|avian|B3.6
654,657,0.0101723047053244,-95.5419013760418,46.2309356149501,-94.9153628459486,46.2611001778192,1.34445252132906,1.33428021662373,2023.86941148374,2023.87958378844,NA
645,646,0.042762416689569,-94.9715476599094,44.1444368568982,-94.4964966379688,44.06306344018,1.34474494961096,1.30198253292139,2023.83711380003,2023.87987621672,NA
983,265,0.0940133619326482,-100.857557485404,38.1819935748156,-84.3718973390581,32.0044074382304,1.34706051370894,1.25304715177629,2023.78817841889,2023.88219178082,A/mallard/Georgia/23-036743-002-original/2023|H5N1|USA-GA|2023-11-19|avian|B3.6
644,480,0.051481756017526,-95.2109627546662,44.0453712714111,-94.4546015046591,44.2593701681588,1.34706051370894,1.29557875769141,2023.8307100248,2023.88219178082,A/turkey/Minnesota/23-036742-002/2023|H5N1|USA-MN|2023-11-19|avian|B3.6
572,500,0.0107908444496752,-97.3740145366432,44.4659028654854,-97.2026264919335,44.5294929233095,1.34706051370894,1.33626966925926,2023.87140093637,2023.88219178082,A/turkey/South_Dakota/23-036673-001/2023|H5N1|USA-SD|2023-11-19|avian|B3.6
572,501,0.0107908444496752,-97.3740145366432,44.4659028654854,-97.7140525357372,44.2142974145706,1.34706051370894,1.33626966925926,2023.87140093637,2023.88219178082,A/turkey/South_Dakota/23-036673-002/2023|H5N1|USA-SD|2023-11-19|avian|B3.6
906,191,0.00614051815442607,-98.4906805375391,44.5214729038893,-98.5704713596506,44.5636882812573,1.34706051370894,1.34091999555451,2023.87605126267,2023.88219178082,A/turkey/South_Dakota/23-036674-002/2023|H5N1|USA-SD|2023-11-19|avian|B3.6
742,528,0.00336723557434793,-95.6734087902791,46.2115885422986,-95.568809807389,46.2556275191939,1.34706051370894,1.34369327813459,2023.87882454525,2023.88219178082,A/turkey/Minnesota/23-036929-001/2023|H5N1|USA-MN|2023-11-19|avian|B3.6
691,692,0.154863800658174,-91.4502533256875,42.7546422710114,-92.1368233046555,42.6176752569986,1.34769674497754,1.19283294431936,2023.72796421143,2023.88282801209,NA
606,607,0.0133740167809979,-121.485825398464,37.4681800071094,-121.656587114969,37.491840058896,1.34802642335487,1.33465240657387,2023.86978367369,2023.88315769047,NA
822,835,0.0184213075876165,-123.57013881457,38.845467674304,-123.244294287835,38.7855518344406,1.3492050458301,1.33078373824248,2023.86591500536,2023.88433631294,NA
913,914,0.186580128522052,-110.554913242375,46.4330273052871,-117.044467346678,50.0448783065648,1.34953571681138,1.16295558828933,2023.6980868554,2023.88466698392,NA
913,217,0.18684465144719,-110.554913242375,46.4330273052871,-122.986356703326,54.496511153011,1.34980023973652,1.16295558828933,2023.6980868554,2023.88493150685,A/American_Crow/BC/AIVPHL-1424/2023|H5N1|Canada-BC|2023-11-20|avian|B3.6
840,101,0.112211285245648,-118.39178361423,49.2089598389102,-117.624932439685,49.6094612366718,1.34980023973652,1.23758895449087,2023.7727202216,2023.88493150685,A/American_Wigeon/BC/AIVPHL-1421/2023|H5N1|Canada-BC|2023-11-20|avian|B3.6
629,444,0.0153494391832372,-91.604612362555,44.7727076375156,-91.2939812327743,44.5799452838808,1.34980023973652,1.33445080055328,2023.86958206767,2023.88493150685,A/turkey/Wisconsin/23-036896-002/2023|H5N1|USA-WI|2023-11-20|avian|B3.6
890,114,0.00933987444560236,-97.7467512886528,44.7492725046394,-97.8977721843559,44.8111950649871,1.34980023973652,1.34046036529092,2023.8755916324,2023.88493150685,A/turkey/South_Dakota/23-036676-001/2023|H5N1|USA-SD|2023-11-20|avian|B3.6
630,445,0.00640003978561987,-91.3039835654724,44.5043668929184,-91.2750730189843,44.5524120401875,1.34980023973652,1.3434001999509,2023.87853146706,2023.88493150685,A/turkey/Wisconsin/23-036896-001/2023|H5N1|USA-WI|2023-11-20|avian|B3.6
961,239,0.00605257267236858,-99.2138336950168,43.5781673136125,-98.8727576891111,43.6090834897163,1.34980023973652,1.34374766706415,2023.87887893418,2023.88493150685,A/turkey/South_Dakota/23-036898-001/2023|H5N1|USA-SD|2023-11-20|avian|B3.6
961,240,0.00605257267236858,-99.2138336950168,43.5781673136125,-99.1642310988861,43.7954718304962,1.34980023973652,1.34374766706415,2023.87887893418,2023.88493150685,A/turkey/South_Dakota/23-036898-002/2023|H5N1|USA-SD|2023-11-20|avian|B3.6
646,479,0.00505529012556138,-94.4964966379688,44.06306344018,-94.6817280072739,44.1161159073228,1.34980023973652,1.34474494961096,2023.87987621672,2023.88493150685,A/turkey/Minnesota/23-036742-003/2023|H5N1|USA-MN|2023-11-20|avian|B3.6
914,219,0.000264522925137456,-117.044467346678,50.0448783065648,-117.093321067126,50.0556527795867,1.34980023973652,1.34953571681138,2023.88466698392,2023.88493150685,A/American_Crow/BC/AIVPHL-1425/2023|H5N1|Canada-BC|2023-11-20|avian|B3.6
658,659,0.00205140741316745,-93.2986409110475,45.7247363204196,-93.1768552084131,45.7903087722218,1.35068799827887,1.34863659086571,2023.88376785798,2023.88581926539,NA
605,621,0.0271444747380942,-121.548326228593,37.4165020753224,-120.829622958834,37.7049512776425,1.35124889717794,1.32410442243985,2023.85923568955,2023.88638016429,NA
996,997,0.145611382305289,-97.2955983396387,46.8102020829879,-99.1571099674244,45.8959430111834,1.35210204928064,1.20649066697536,2023.74162193409,2023.88723331639,NA
757,760,0.00450818129224739,-93.9256113217934,35.548700228124,-93.8512785289406,36.020803973016,1.3524930338606,1.34798485256835,2023.88311611968,2023.88762430097,NA
695,344,0.15739446168869,-91.3234200879351,42.510128438975,-90.6630233389166,30.5716931008429,1.35253996576388,1.19514550407519,2023.73027677119,2023.88767123288,A/Canada_goose/Louisiana/W23-902/2023|H5N1|USA-LA|2023-11-21|avian|B3.6
702,382,0.0579611774056623,-95.1217281558459,45.2950879833529,-95.1986022531547,45.0222793416136,1.35253996576388,1.29457878835822,2023.82971005547,2023.88767123288,A/turkey/Minnesota/23-037039-001/2023|H5N1|USA-MN|2023-11-21|avian|B3.6
786,65,0.0154149101507652,-96.8987427586674,37.0573080747243,-95.9212055423404,36.9142729869492,1.35253996576388,1.33712505561311,2023.87225632273,2023.88767123288,A/gadwall/Oklahoma/23-038104-008-original/2023|H5N1|USA-OK|2023-11-21|avian|B3.6
786,66,0.0154149101507652,-96.8987427586674,37.0573080747243,-95.965586783549,36.992302065138,1.35253996576388,1.33712505561311,2023.87225632273,2023.88767123288,A/gadwall/Oklahoma/23-038104-007-original/2023|H5N1|USA-OK|2023-11-21|avian|B3.6
657,459,0.00808744443482312,-94.9153628459486,46.2611001778192,-96.2710665114725,46.5974824362992,1.35253996576388,1.34445252132906,2023.87958378844,2023.88767123288,A/turkey/Minnesota/23-037040-001/2023|H5N1|USA-MN|2023-11-21|avian|B3.6
657,458,0.00808744443482312,-94.9153628459486,46.2611001778192,-95.3274286614468,46.4737587653074,1.35253996576388,1.34445252132906,2023.87958378844,2023.88767123288,A/turkey/Minnesota/23-037040-002/2023|H5N1|USA-MN|2023-11-21|avian|B3.6
973,270,0.185246319790925,-97.2363308684094,44.4642641528501,-97.1698596402022,41.3902423721001,1.35527969179124,1.17003337200031,2023.70516463911,2023.8904109589,A/chicken/Nebraska/23-037257-001/2023|H5N1|USA-NE|2023-11-22|avian|B3.6
821,150,0.0611726721531196,-123.242969643056,38.7355762384699,-122.791397172303,38.689920759226,1.35527969179124,1.29410701963812,2023.82923828675,2023.8904109589,A/Pekin_duck/California/23-037131-001/2023|H5N1|USA-CA|2023-11-22|avian|B3.6
817,168,0.0152659313485799,-123.261149506413,38.7337649167813,-123.203146677019,38.6509194352453,1.35527969179124,1.34001376044266,2023.87514502756,2023.8904109589,A/Pekin_duck/California/23-037131-002/2023|H5N1|USA-CA|2023-11-22|avian|B3.6
978,266,0.00357059092348866,-93.4650849336954,43.8323799330214,-93.0686512536412,43.7163165780553,1.35527969179124,1.35170910086775,2023.88684036798,2023.8904109589,A/chicken/Minnesota/23-037030-002/2023|H5N1|USA-MN|2023-11-22|avian|B3.6
978,267,0.00357059092348866,-93.4650849336954,43.8323799330214,-93.4616641363479,43.7974180652159,1.35527969179124,1.35170910086775,2023.88684036798,2023.8904109589,A/chicken/Minnesota/23-037030-001/2023|H5N1|USA-MN|2023-11-22|avian|B3.6
643,475,0.00119093944589599,-91.5523509601138,44.0472464016773,-91.4306015945358,44.2057805391483,1.35527969179124,1.35408875234534,2023.88922001946,2023.8904109589,A/turkey/Wisconsin/23-037129-002/2023|H5N1|USA-WI|2023-11-22|avian|B3.6
643,476,0.00119093944589599,-91.5523509601138,44.0472464016773,-91.5483794343198,44.051685429165,1.35527969179124,1.35408875234534,2023.88922001946,2023.8904109589,A/turkey/Wisconsin/23-037129-001/2023|H5N1|USA-WI|2023-11-22|avian|B3.6
630,631,0.0126340376965937,-91.3039835654724,44.5043668929184,-91.4484175088173,44.5017241589138,1.3560342376475,1.3434001999509,2023.87853146706,2023.89116550476,NA
817,818,0.0164387743775527,-123.261149506413,38.7337649167813,-122.802977640573,38.5782162193778,1.35645253482021,1.34001376044266,2023.87514502756,2023.89158380193,NA
562,564,0.0145620745581974,-83.9095843885488,40.4642736438127,-84.6252570266207,40.1272990763934,1.3567295680433,1.3421674934851,2023.8772987606,2023.89186083516,NA
607,608,0.00909395098868715,-121.656587114969,37.491840058896,-121.441356246065,37.6274542748231,1.35712037434356,1.34802642335487,2023.88315769047,2023.89225164146,NA
757,758,0.00917728231936676,-93.9256113217934,35.548700228124,-93.5369828627024,35.5521781368069,1.35716213488772,1.34798485256835,2023.88311611968,2023.892293402,NA
645,478,0.0560368848972026,-94.9715476599094,44.1444368568982,-94.9554347499227,44.216672624552,1.35801941781859,1.30198253292139,2023.83711380003,2023.89315068493,A/turkey/Minnesota/23-037134-002/2023|H5N1|USA-MN|2023-11-23|avian|B3.6
646,477,0.0132744682076336,-94.4964966379688,44.06306344018,-95.0173419286429,44.2150092970854,1.35801941781859,1.34474494961096,2023.87987621672,2023.89315068493,A/turkey/Minnesota/23-037134-001/2023|H5N1|USA-MN|2023-11-23|avian|B3.6
564,566,0.0033894918063917,-84.6252570266207,40.1272990763934,-84.5887103567154,40.288547619703,1.36011905984969,1.3567295680433,2023.89186083516,2023.89525032696,NA
742,527,0.0170658657113623,-95.6734087902791,46.2115885422986,-95.6047404302776,46.1899343499178,1.36075914384595,1.34369327813459,2023.87882454525,2023.89589041096,A/turkey/Minnesota/23-037473-001/2023|H5N1|USA-MN|2023-11-24|avian|B3.6
681,357,0.0121913100431645,-91.9625364212158,45.1770706327074,-95.7098190194506,45.8957707314721,1.36075914384595,1.34856783380279,2023.88369910092,2023.89589041096,A/turkey/Minnesota/23-037474-001/2023|H5N1|USA-MN|2023-11-24|avian|B3.6
681,358,0.0121913100431645,-91.9625364212158,45.1770706327074,-95.2237176577282,46.0699334189054,1.36075914384595,1.34856783380279,2023.88369910092,2023.89589041096,A/turkey/Minnesota/23-037474-002/2023|H5N1|USA-MN|2023-11-24|avian|B3.6
631,446,0.00472490619845578,-91.4484175088173,44.5017241589138,-91.231230642628,44.4808199880284,1.36075914384595,1.3560342376475,2023.89116550476,2023.89589041096,A/turkey/Wisconsin/23-037410-001/2023|H5N1|USA-WI|2023-11-24|avian|B3.6
993,305,0.0025180538193279,-99.0187405940463,45.9147772284124,-98.7653586047196,45.9132965489905,1.36075914384595,1.35824109002662,2023.89337235714,2023.89589041096,A/turkey/South_Dakota/23-037251-002/2023|H5N1|USA-SD|2023-11-24|avian|B3.6
993,306,0.0025180538193279,-99.0187405940463,45.9147772284124,-99.0247198209605,45.9172227673052,1.36075914384595,1.35824109002662,2023.89337235714,2023.89589041096,A/turkey/South_Dakota/23-037251-001/2023|H5N1|USA-SD|2023-11-24|avian|B3.6
725,726,0.158469948804951,-97.749943835389,42.2782037167732,-103.520898547458,38.1515820986787,1.3621229303562,1.20365298155125,2023.73878424866,2023.89725419747,NA
566,567,0.00236639361368285,-84.5887103567154,40.288547619703,-85.2299018148512,40.2023567530941,1.36248545346337,1.36011905984969,2023.89525032696,2023.89761672058,NA
695,349,0.168353365798347,-91.3234200879351,42.510128438975,-80.8309124776987,28.690803492854,1.36349886987354,1.19514550407519,2023.73027677119,2023.89863013699,A/ring-necked_duck/Florida/23-038109-032-original/2023|H5N1|USA-FL|2023-11-25|avian|B3.6
570,503,0.11113559272007,-91.1890342623411,40.7268761698793,-80.7605147891931,28.0800840342513,1.36349886987354,1.25236327715347,2023.78749454427,2023.89863013699,A/blue-winged_teal/Florida/23-038109-006-original/2023|H5N1|USA-FL|2023-11-25|avian|B3.6
583,487,0.0788220479066077,-80.3374520984397,32.5813313064607,-80.469524161369,33.0044415903506,1.36349886987354,1.28467682196693,2023.81980808908,2023.89863013699,A/green-winged_teal/South_Carolina/23-037736-010-original/2023|H5N1|USA-SC|2023-11-25|avian|B3.6
583,488,0.0788220479066077,-80.3374520984397,32.5813313064607,-80.8372670990194,33.0806322253955,1.36349886987354,1.28467682196693,2023.81980808908,2023.89863013699,A/green-winged_teal/South_Carolina/23-037736-011-original/2023|H5N1|USA-SC|2023-11-25|avian|B3.6
631,447,0.00746463222604055,-91.4484175088173,44.5017241589138,-91.3076174368182,44.4922344459849,1.36349886987354,1.3560342376475,2023.89116550476,2023.89863013699,A/turkey/Wisconsin/23-037243-001/2023|H5N1|USA-WI|2023-11-25|avian|B3.6
824,825,0.0267375278352255,-123.152921520942,38.5199771119066,-122.936724277489,38.8575886037307,1.36487289109951,1.33813536326428,2023.87326663038,2023.90000415821,NA
818,820,0.00980305836352158,-122.802977640573,38.5782162193778,-122.940569560851,38.1085694197226,1.36625559318373,1.35645253482021,2023.89158380193,2023.9013868603,NA
655,656,0.0236498419293796,-95.5326493225947,46.2279719786998,-94.7091619468473,46.8434296237599,1.36775394839089,1.34410410646151,2023.87923537357,2023.9028852155,NA
564,565,0.0114651999372486,-84.6252570266207,40.1272990763934,-84.6444742788144,40.0123290071169,1.36819476798055,1.3567295680433,2023.89186083516,2023.90332603509,NA
655,455,0.0248742154667358,-95.5326493225947,46.2279719786998,-96.1511481763823,47.0000472183166,1.36897832192825,1.34410410646151,2023.87923537357,2023.90410958904,A/turkey/Minnesota/23-037472-001/2023|H5N1|USA-MN|2023-11-27|avian|B3.6
760,44,0.0164852880676514,-93.8512785289406,36.020803973016,-93.3993679688151,36.3045619722946,1.36897832192825,1.3524930338606,2023.88762430097,2023.90410958904,A/chicken/Arkansas/23-037422-001/2023|H5N1|Arkansas|2023-11-27|avian|B3.6
760,45,0.0164852880676514,-93.8512785289406,36.020803973016,-93.5787268074461,36.4857865419208,1.36897832192825,1.3524930338606,2023.88762430097,2023.90410958904,A/chicken/Arkansas/23-037422-002/2023|H5N1|USA-AR|2023-11-27|avian|B3.6
656,457,0.00122437353735649,-94.7091619468473,46.8434296237599,-95.2741867314267,47.1041755418352,1.36897832192825,1.36775394839089,2023.9028852155,2023.90410958904,A/turkey/Minnesota/23-037472-003/2023|H5N1|USA-MN|2023-11-27|avian|B3.6
756,41,0.000259508866573332,-103.988179812824,40.3290547288482,-104.005665054342,40.3426562874376,1.36897832192825,1.36871881306168,2023.90385008017,2023.90410958904,A/chicken/Colorado/23-037463-001/2023|H5N1|USA-CO|2023-11-27|avian|B3.6
756,42,0.000259508866573332,-103.988179812824,40.3290547288482,-103.959920152143,40.3123087847045,1.36897832192825,1.36871881306168,2023.90385008017,2023.90410958904,A/chicken/Colorado/23-037463-002/2023|H5N1|USA-CO|2023-11-27|avian|B3.6
818,819,0.0145467759993694,-122.802977640573,38.5782162193778,-122.869395199255,38.6031807443888,1.37099931081958,1.35645253482021,2023.89158380193,2023.90613057793,NA
963,241,0.151332316886628,-110.293019265477,46.0874854021979,-112.907719096856,47.1798765997675,1.37171804795561,1.22038573106898,2023.75551699818,2023.90684931507,A/chicken/Montana/23-037612-002/2023|H5N1|USA-MT|2023-11-28|avian|B3.6
823,155,0.0347463969991662,-122.474611617502,38.3659558001783,-123.151785953686,38.5699933690456,1.37171804795561,1.33697165095644,2023.87210291807,2023.90684931507,A/chicken/California/23-037680-001/2023|H5N1|USA-CA|2023-11-28|avian|B3.6
824,156,0.0335826846913241,-123.152921520942,38.5199771119066,-122.66131680304,38.6659778204252,1.37171804795561,1.33813536326428,2023.87326663038,2023.90684931507,A/chicken/California/23-037680-002/2023|H5N1|USA-CA|2023-11-28|avian|B3.6
835,153,0.02251300212551,-123.244294287835,38.7855518344406,-123.002439745084,38.8179909510154,1.37171804795561,1.3492050458301,2023.88433631294,2023.90684931507,A/chicken/California/23-037848-001/2023|H5N1|USA-CA|2023-11-28|avian|B3.6
835,154,0.02251300212551,-123.244294287835,38.7855518344406,-123.182415713353,38.7827438718929,1.37171804795561,1.3492050458301,2023.88433631294,2023.90684931507,A/chicken/California/23-037848-002/2023|H5N1|USA-CA|2023-11-28|avian|B3.6
758,43,0.0145559130678892,-93.5369828627024,35.5521781368069,-94.4236933975801,36.0887336046393,1.37171804795561,1.35716213488772,2023.892293402,2023.90684931507,A/chicken/Arkansas/23-037636-002/2023|H5N1|Arkansas|2023-11-28|avian|B3.6
726,396,0.00959511759940823,-103.520898547458,38.1515820986787,-102.862499293123,37.8107605330152,1.37171804795561,1.3621229303562,2023.89725419747,2023.90684931507,A/pheasant/Colorado/23-037672-002/2023|H5N1|USA-CO|2023-11-28|avian|B3.6
726,397,0.00959511759940823,-103.520898547458,38.1515820986787,-103.25259025799,38.2420337003139,1.37171804795561,1.3621229303562,2023.89725419747,2023.90684931507,A/domestic_duck/Colorado/23-037672-001/2023|H5N1|USA-CO|2023-11-28|avian|B3.6
621,622,0.0210519910176907,-120.829622958834,37.7049512776425,-120.91175876009,37.7341427071395,1.37230088819563,1.35124889717794,2023.88638016429,2023.90743215531,NA
1021,1022,0.0800240688387897,-115.135381746922,50.0004535960893,-115.501308024436,50.6949197806705,1.3731988693812,1.29317480054241,2023.82830606766,2023.90833013649,NA
782,61,0.185655063028485,-105.235649591201,38.8403225849053,-89.4988937644144,31.9816177716548,1.37445777398297,1.18880271095448,2023.72393397807,2023.9095890411,A/snow_goose/Mississippi/23-038132-001/2023|H5N1|USA-MS|2023-11-29|avian|B3.6
782,62,0.185655063028485,-105.235649591201,38.8403225849053,-117.020009841354,43.7734353646056,1.37445777398297,1.18880271095448,2023.72393397807,2023.9095890411,A/chicken/Idaho/23-037837-001/2023|H5N1|USA-ID|2023-11-29|avian|B3.6
648,466,0.0346519700093233,-85.8926209610004,43.1312340312782,-83.8966605332002,43.6370200138879,1.37445777398297,1.33980580397364,2023.87493707109,2023.9095890411,A/chicken/Michigan/23-037817-001/2023|H5N1|USA-MI|2023-11-29|avian|B3.6
766,80,0.0298522246234665,-94.5702360830832,35.8656979496382,-93.6841261929983,35.5705205452767,1.37445777398297,1.3446055493595,2023.87973681647,2023.9095890411,A/chicken/Arkansas/23-037987-001/2023|H5N1|Arkansas|2023-11-29|avian|B3.6
766,81,0.0298522246234665,-94.5702360830832,35.8656979496382,-93.4858624442355,35.419818289259,1.37445777398297,1.3446055493595,2023.87973681647,2023.9095890411,A/chicken/Arkansas/23-037987-002/2023|H5N1|Arkansas|2023-11-29|avian|B3.6
565,514,0.00626300600241825,-84.6444742788144,40.0123290071169,-84.6006609179309,40.030023863791,1.37445777398297,1.36819476798055,2023.90332603509,2023.9095890411,A/turkey/Ohio/23-037782-002/2023|H5N1|USA-OH|2023-11-29|avian|B3.6
565,513,0.00626300600241825,-84.6444742788144,40.0123290071169,-84.6218730367127,39.995966443567,1.37445777398297,1.36819476798055,2023.90332603509,2023.9095890411,A/turkey/Ohio/23-037782-001/2023|H5N1|USA-OH|2023-11-29|avian|B3.6
825,826,0.0104315414839644,-122.936724277489,38.8575886037307,-122.417361137563,39.2060360041107,1.37530443258347,1.36487289109951,2023.90000415821,2023.9104356997,NA
608,609,0.019952913234029,-121.441356246065,37.6274542748231,-120.229623653152,37.5547009071559,1.37707328757759,1.35712037434356,2023.89225164146,2023.91220455469,NA
658,461,0.0285609091446162,-93.2986409110475,45.7247363204196,-91.9963847201517,45.3139954868339,1.37719750001032,1.34863659086571,2023.88376785798,2023.91232876712,A/turkey/Wisconsin/23-037959-001/2023|H5N1|USA-WI|2023-11-30|avian|B3.6
659,462,0.0265095017314487,-93.1768552084131,45.7903087722218,-92.0282348490003,45.592886849652,1.37719750001032,1.35068799827887,2023.88581926539,2023.91232876712,A/turkey/Wisconsin/23-037959-002/2023|H5N1|USA-WI|2023-11-30|avian|B3.6
997,311,0.0250954507296786,-99.1571099674244,45.8959430111834,-98.8046324702357,45.6463176662105,1.37719750001032,1.35210204928064,2023.88723331639,2023.91232876712,A/turkey/South_Dakota/23-037957-002/2023|H5N1|USA-SD|2023-11-30|avian|B3.6
997,312,0.0250954507296786,-99.1571099674244,45.8959430111834,-99.2419942377224,45.8853618851409,1.37719750001032,1.35210204928064,2023.88723331639,2023.91232876712,A/turkey/South_Dakota/23-037957-001/2023|H5N1|USA-SD|2023-11-30|avian|B3.6
609,610,0.00124503645409457,-120.229623653152,37.5547009071559,-120.259554313252,37.5299825514986,1.37831832403168,1.37707328757759,2023.91220455469,2023.91344959114,NA
567,568,0.0165589185699231,-85.2299018148512,40.2023567530941,-84.7758527644722,40.0558015059953,1.3790443720333,1.36248545346337,2023.89761672058,2023.91417563915,NA
725,398,0.176284244486659,-97.749943835389,42.2782037167732,-97.5975139358286,44.2606522088504,1.37993722603791,1.20365298155125,2023.73878424866,2023.91506849315,A/chicken/South_Dakota/23-038240-001/2023|H5N1|USA-SD|2023-12-01|avian|B3.6
841,96,0.0857666360714542,-126.114826239704,53.0740400829673,-127.149705475966,52.4324324631552,1.37993722603791,1.29417058996645,2023.82930185708,2023.91506849315,A/American_Crow/BC/AIVPHL-1471/2023|H5N1|Canada-BC|2023-12-01|avian|B3.6
606,432,0.0452848194640356,-121.485825398464,37.4681800071094,-120.704433672223,37.6642455202576,1.37993722603791,1.33465240657387,2023.86978367369,2023.91506849315,A/chicken/California/23-038158-005/2023|H5N1|USA-CA|2023-12-01|avian|B3.6
607,433,0.0319108026830377,-121.656587114969,37.491840058896,-120.867852517974,37.5151740399051,1.37993722603791,1.34802642335487,2023.88315769047,2023.91506849315,A/chicken/California/23-038158-003/2023|H5N1|USA-CA|2023-12-01|avian|B3.6
914,218,0.0304015092265235,-117.044467346678,50.0448783065648,-117.696586421712,50.0000223813205,1.37993722603791,1.34953571681138,2023.88466698392,2023.91506849315,A/American_Crow/BC/AIVPHL-1469/2023|H5N1|Canada-BC|2023-12-01|avian|B3.6
608,434,0.0228168516943505,-121.441356246065,37.6274542748231,-121.187432870245,37.6002140633359,1.37993722603791,1.35712037434356,2023.89225164146,2023.91506849315,A/chicken/California/23-038158-001/2023|H5N1|USA-CA|2023-12-01|avian|B3.6
621,623,0.0297471923806412,-120.829622958834,37.7049512776425,-120.848200067136,37.6723413186276,1.38099608955859,1.35124889717794,2023.88638016429,2023.91612735667,NA
610,611,0.00324627376061715,-120.259554313252,37.5299825514986,-119.262885508251,37.5516456872365,1.3815645977923,1.37831832403168,2023.91344959114,2023.91669586491,NA
659,660,0.0319411520061508,-93.1768552084131,45.7903087722218,-91.6054502142336,45.2187385456858,1.38262915028502,1.35068799827887,2023.88581926539,2023.9177604174,NA
973,271,0.212643580064954,-97.2363308684094,44.4642641528501,-96.064802908633,46.3135090156589,1.38267695206526,1.17003337200031,2023.70516463911,2023.91780821918,A/turkey/Minnesota/23-038114-001/2023|H5N1|USA-MN|2023-12-02|avian|B3.6
656,456,0.0149230036743708,-94.7091619468473,46.8434296237599,-95.1505434246413,46.5259516750323,1.38267695206527,1.36775394839089,2023.9028852155,2023.91780821918,A/turkey/Minnesota/23-038363-001/2023|H5N1|USA-MN|2023-12-02|avian|B3.6
622,439,0.01037606386963,-120.91175876009,37.7341427071395,-121.018814438161,37.4716009586348,1.38267695206526,1.37230088819563,2023.90743215531,2023.91780821918,A/chicken/California/23-038157-001/2023|H5N1|USA-CA|2023-12-02|avian|B3.6
622,435,0.01037606386963,-120.91175876009,37.7341427071395,-120.890204822834,37.7293903029081,1.38267695206526,1.37230088819563,2023.90743215531,2023.91780821918,A/chicken/California/23-038157-003/2023|H5N1|USA-CA|2023-12-02|avian|B3.6
623,438,0.00168086250667954,-120.848200067136,37.6723413186276,-120.763095166269,37.685251706768,1.38267695206526,1.38099608955859,2023.91612735667,2023.91780821918,A/chicken/California/23-038157-005/2023|H5N1|USA-CA|2023-12-02|avian|B3.6
964,965,0.00191217135759381,-100.247273738732,45.9465313465614,-99.5303343436429,45.192948343399,1.38337199102819,1.3814598196706,2023.91659108678,2023.91850325814,NA
562,563,0.042879144369036,-83.9095843885488,40.4642736438127,-83.6179640150572,40.5075220525566,1.38504663785414,1.3421674934851,2023.8772987606,2023.92017790497,NA
825,167,0.0205437869931129,-122.936724277489,38.8575886037307,-123.031326670686,38.8455165016357,1.38541667809262,1.36487289109951,2023.90000415821,2023.92054794521,A/chicken/California/23-038356-002/2023|H5N1|USA-CA|2023-12-03|avian|B3.6
1011,323,0.0175218084108508,-98.985054901621,45.2426714219829,-98.3092032612802,45.1236071822148,1.38541667809262,1.36789486968177,2023.90302613679,2023.92054794521,A/turkey/South_Dakota/23-038246-002/2023|H5N1|USA-SD|2023-12-03|avian|B3.6
1011,324,0.0175218084108508,-98.985054901621,45.2426714219829,-98.4978018195816,44.8874903118204,1.38541667809262,1.36789486968177,2023.90302613679,2023.92054794521,A/turkey/South_Dakota/23-038246-001/2023|H5N1|USA-SD|2023-12-03|avian|B3.6
826,157,0.0101122455091485,-122.417361137563,39.2060360041107,-122.576812659251,38.5000979005382,1.38541667809262,1.37530443258347,2023.9104356997,2023.92054794521,A/chicken/California/23-038356-001/2023|H5N1|USA-CA|2023-12-03|avian|B3.6
611,613,0.00551713277577681,-119.262885508251,37.5516456872365,-120.857819997157,37.5776748241349,1.38708173056807,1.3815645977923,2023.91669586491,2023.92221299768,NA
1019,14,0.120733675633505,-110.041097354756,48.3860625569739,-96.6225114635452,39.3766591982654,1.38815640411998,1.26742272848647,2023.8025539956,2023.92328767123,A/snow_goose/Kansas/W23-930E/2023|H5N1|USA-KS|2023-12-04|avian|B3.6
977,272,0.0350886461409492,-97.344799892579,44.4929417054102,-97.2857461859036,44.5773659887766,1.38815640411998,1.35306775797903,2023.88819902509,2023.92328767123,A/turkey/South_Dakota/23-038305-002/2023|H5N1|USA-SD|2023-12-04|avian|B3.6
977,273,0.0350886461409492,-97.344799892579,44.4929417054102,-97.0555675851034,44.6012620116054,1.38815640411998,1.35306775797903,2023.88819902509,2023.92328767123,A/turkey/South_Dakota/23-038305-001/2023|H5N1|USA-SD|2023-12-04|avian|B3.6
903,183,0.0297150657983516,-95.7015153827352,38.951034153557,-95.7538609798898,39.0442743286937,1.38815640411998,1.35844133832163,2023.89357260543,2023.92328767123,A/chicken/Kansas/23-038155-001/2023|H5N1|USA-KS|2023-12-04|avian|B3.6
903,184,0.0297150657983516,-95.7015153827352,38.951034153557,-95.8513089629343,38.8777269622068,1.38815640411998,1.35844133832163,2023.89357260543,2023.92328767123,A/chicken/Kansas/23-038155-002/2023|H5N1|USA-KS|2023-12-04|avian|B3.6
819,148,0.0171570933004013,-122.869395199255,38.6031807443888,-122.671739586471,38.684532581389,1.38815640411998,1.37099931081958,2023.90613057793,2023.92328767123,A/domestic_duck/California/23-038546-002-original/2023|H5N1|USA-CA|2023-12-04|avian|B3.6
819,149,0.0171570933004013,-122.869395199255,38.6031807443888,-123.00914550673,38.4069114907168,1.38815640411998,1.37099931081958,2023.90613057793,2023.92328767123,A/domestic_duck/California/23-038546-001-original/2023|H5N1|USA-CA|2023-12-04|avian|B3.6
623,624,0.00751077388484167,-120.848200067136,37.6723413186276,-120.972400526771,37.6318783672599,1.38850686344343,1.38099608955859,2023.91612735667,2023.92363813056,NA
758,759,0.0323675735473556,-93.5369828627024,35.5521781368069,-93.4332424109327,35.9209110473046,1.38952970843507,1.35716213488772,2023.892293402,2023.92466097555,NA
1067,1068,0.207282219032507,-120.304301260578,39.0826703392556,-121.929809636527,38.3405383972609,1.39021695166152,1.18293473262901,2023.71806599974,2023.92534821877,NA
566,512,0.0307770702976473,-84.5887103567154,40.288547619703,-84.4930252618156,40.333922245885,1.39089613014734,1.36011905984969,2023.89525032696,2023.92602739726,A/turkey/Ohio/23-038540-002/2023|H5N1|USA-OH|2023-12-05|avian|B3.6
567,511,0.0284106766839645,-85.2299018148512,40.2023567530941,-84.6431020674775,40.3393188544814,1.39089613014734,1.36248545346337,2023.89761672058,2023.92602739726,A/turkey/Ohio/23-038540-001/2023|H5N1|USA-OH|2023-12-05|avian|B3.6
563,506,0.00584949229320042,-83.6179640150572,40.5075220525566,-83.5243297353473,40.6538838182613,1.39089613014734,1.38504663785414,2023.92017790497,2023.92602739726,A/chicken/Ohio/23-038542-001-original/2023|H5N1|USA-OH|2023-12-05|avian|B3.6
759,47,0.00136642171226287,-93.4332424109327,35.9209110473046,-93.6971386902946,36.0057478203731,1.39089613014734,1.38952970843507,2023.92466097555,2023.92602739726,A/turkey/Arkansas/23-038491-003/2023|H5N1|USA-AR|2023-12-05|avian|B3.6
759,46,0.00136642171226287,-93.4332424109327,35.9209110473046,-93.5089552080122,36.080632906534,1.39089613014734,1.38952970843507,2023.92466097555,2023.92602739726,A/turkey/Arkansas/23-038491-001/2023|H5N1|Arkansas|2023-12-05|avian|B3.6
826,827,0.0177219984088617,-122.417361137563,39.2060360041107,-123.024218902983,38.832373151094,1.39302643099234,1.37530443258347,2023.9104356997,2023.92815769811,NA
905,188,0.0325872154339084,-98.9662573674939,43.2070193499287,-98.3528445573478,43.2619824728218,1.39363585617469,1.36104864074079,2023.89617990785,2023.92876712329,A/turkey/South_Dakota/23-038677-002-original/2023|H5N1|USA-SD|2023-12-06|avian|B3.6
905,189,0.0325872154339084,-98.9662573674939,43.2070193499287,-98.3623358864049,43.1514909200977,1.39363585617469,1.36104864074079,2023.89617990785,2023.92876712329,A/turkey/South_Dakota/23-038677-001-original/2023|H5N1|USA-SD|2023-12-06|avian|B3.6
660,463,0.0110067058896697,-91.6054502142336,45.2187385456858,-91.6170850324954,45.2155198593045,1.39363585617469,1.38262915028502,2023.9177604174,2023.92876712329,A/turkey/Wisconsin/23-038683-002-original/2023|H5N1|USA-WI|2023-12-06|avian|B3.6
660,464,0.0110067058896697,-91.6054502142336,45.2187385456858,-91.6241677922879,45.2318570050198,1.39363585617469,1.38262915028502,2023.9177604174,2023.92876712329,A/turkey/Wisconsin/23-038683-001-original/2023|H5N1|USA-WI|2023-12-06|avian|B3.6
624,436,0.00512899273126743,-120.972400526771,37.6318783672599,-121.165048789363,37.6560032564161,1.39363585617469,1.38850686344343,2023.92363813056,2023.92876712329,A/chicken/California/23-038717-004-original/2023|H5N1|USA-CA|2023-12-06|avian|B3.6
624,437,0.00512899273126743,-120.972400526771,37.6318783672599,-120.727803584789,37.5108251222834,1.39363585617469,1.38850686344343,2023.92363813056,2023.92876712329,A/chicken/California/23-038717-005-original/2023|H5N1|USA-CA|2023-12-06|avian|B3.6
648,649,0.0547061742372623,-85.8926209610004,43.1312340312782,-85.8407344405912,42.4336976853705,1.3945119782109,1.33980580397364,2023.87493707109,2023.92964324532,NA
982,261,0.0318003078012434,-98.7104638532503,38.6163458403414,-98.6667576985371,38.6285027347637,1.39637558220228,1.36457527440104,2023.89970654151,2023.93150684932,A/chicken/Kansas/23-038719-002-original/2023|H5N1|USA-KS|2023-12-07|avian|B3.6
982,262,0.0318003078012434,-98.7104638532503,38.6163458403414,-98.6982996567908,38.653686822684,1.39637558220228,1.36457527440104,2023.89970654151,2023.93150684932,A/chicken/Kansas/23-038719-001-original/2023|H5N1|USA-KS|2023-12-07|avian|B3.6
965,966,0.0131811568585083,-99.5303343436429,45.192948343399,-99.6441008086144,45.2738194824699,1.3965531478867,1.38337199102819,2023.91850325814,2023.931684415,NA
964,970,0.0156695219466112,-100.247273738732,45.9465313465614,-99.258314239874,45.256142255259,1.39712934161721,1.3814598196706,2023.91659108678,2023.93226060873,NA
1004,1007,0.0150617441638754,-97.8450535679016,38.2354160344567,-98.1047262233217,38.3661684718754,1.39875750178827,1.3836957576244,2023.91882702474,2023.9338887689,NA
1068,299,0.00889835656811577,-121.929809636527,38.3405383972609,-121.102381630477,37.9655599217947,1.39911530822964,1.39021695166152,2023.92534821877,2023.93424657534,A/Muscovy_duck/California/23-039033-001-original/2023|H5N1|USA-CA|2023-12-08|avian|B3.6
1068,300,0.00889835656811577,-121.929809636527,38.3405383972609,-121.467354612078,38.0975169562617,1.39911530822964,1.39021695166152,2023.92534821877,2023.93424657534,A/Muscovy_duck/California/23-039033-002-original/2023|H5N1|USA-CA|2023-12-08|avian|B3.6
827,828,0.00618561824319697,-123.024218902983,38.832373151094,-123.815339243918,38.7244483156918,1.39921204923553,1.39302643099234,2023.92815769811,2023.93434331635,NA
1004,1005,0.0164822064628913,-97.8450535679016,38.2354160344567,-97.8831608663337,38.6486120954,1.40017796408729,1.3836957576244,2023.91882702474,2023.9353092312,NA
828,830,0.00123245796063332,-123.815339243918,38.7244483156918,-122.90091828206,39.09047106222,1.40044450719617,1.39921204923553,2023.93434331635,2023.93557577431,NA
611,612,0.0190787892083248,-119.262885508251,37.5516456872365,-120.564386923392,37.6441267988654,1.40064338700062,1.3815645977923,2023.91669586491,2023.93577465411,NA
830,831,0.00473749658779266,-122.90091828206,39.09047106222,-123.38207718772,38.6590005442273,1.40518200378396,1.40044450719617,2023.93557577431,2023.9403132709,NA
1073,1074,0.0117587779624038,-98.1334274532906,38.4572310848956,-98.283387500913,38.4955306262563,1.40640151433012,1.39464273636771,2023.92977400348,2023.94153278144,NA
602,416,0.195661924848514,-121.902693026327,37.7148821065991,-121.096581017682,37.1741626681618,1.40733448631171,1.21167256146319,2023.74680382858,2023.94246575342,A/chicken/California/23-039242-001-original/2023|H5N1|USA-CA|2023-12-11|avian|B3.6
1073,332,0.0126917499439971,-98.1334274532906,38.4572310848956,-97.6752112826755,38.2613950572292,1.40733448631171,1.39464273636771,2023.92977400348,2023.94246575342,A/chicken/Kansas/23-039162-001-original/2023|H5N1|USA-KS|2023-12-11|avian|B3.6
1007,328,0.00857698452343447,-98.1047262233217,38.3661684718754,-98.3947034344771,38.4414797544616,1.40733448631171,1.39875750178827,2023.9338887689,2023.94246575342,A/chicken/Kansas/23-039047-002-original/2023|H5N1|USA-KS|2023-12-11|avian|B3.6
1005,325,0.00715652222441854,-97.8831608663337,38.6486120954,-98.4401558644981,38.5087085876806,1.40733448631171,1.40017796408729,2023.9353092312,2023.94246575342,A/chicken/Kansas/23-039047-001-original/2023|H5N1|USA-KS|2023-12-11|avian|B3.6
612,430,0.00669109931108625,-120.564386923392,37.6441267988654,-121.048716896637,36.8399570072062,1.40733448631171,1.40064338700062,2023.93577465411,2023.94246575342,A/chicken/California/23-039245-001-original/2023|H5N1|USA-CA|2023-12-11|avian|B3.6
1074,331,0.000932971981593367,-98.283387500913,38.4955306262563,-97.7079353051208,38.450288723653,1.40733448631171,1.40640151433012,2023.94153278144,2023.94246575342,A/chicken/Kansas/23-039162-002-original/2023|H5N1|USA-KS|2023-12-11|avian|B3.6
831,832,0.00393362650288265,-123.38207718772,38.6590005442273,-122.88604887201,38.4637400580486,1.40911563028684,1.40518200378396,2023.9403132709,2023.9442468974,NA
559,504,0.221869537228973,-95.2792207476873,36.1065253364676,-99.8988404556498,39.9103672501164,1.41007421233907,1.18820467511009,2023.72333594222,2023.94520547945,A/Rosss_goose/Kansas/W23-968B/2023|H5N1|USA-KS|2023-12-12|avian|B3.6
895,193,0.034281286660768,-93.6422587532966,34.927513403699,-93.914738444809,34.9857841543612,1.41007421233907,1.3757929256783,2023.91092419279,2023.94520547945,A/chicken/Arkansas/23-039417-006-original/2023|H5N1|Arkansas|2023-12-12|avian|B3.6
895,194,0.034281286660768,-93.6422587532966,34.927513403699,-93.7264072379102,34.842119884807,1.41007421233907,1.3757929256783,2023.91092419279,2023.94520547945,A/chicken/Arkansas/23-039417-007-original/2023|H5N1|USA-AR|2023-12-12|avian|B3.6
568,509,0.0310298403057703,-84.7758527644722,40.0558015059953,-84.7374085827029,40.0896059499608,1.41007421233907,1.3790443720333,2023.91417563915,2023.94520547945,A/chicken/Ohio/23-039418-001-original/2023|H5N1|USA-OH|2023-12-12|avian|B3.6
568,510,0.0310298403057703,-84.7758527644722,40.0558015059953,-84.8045594329069,40.0612922942775,1.41007421233907,1.3790443720333,2023.91417563915,2023.94520547945,A/chicken/Ohio/23-039418-002-original/2023|H5N1|USA-OH|2023-12-12|avian|B3.6
1005,1006,0.0102912173821861,-97.8831608663337,38.6486120954,-98.0931019494401,38.4170875824755,1.41046918146948,1.40017796408729,2023.9353092312,2023.94560044858,NA
793,71,0.00882673448822935,-116.617299046835,46.7504766961396,-116.993656893105,46.8413459935965,1.41281393836665,1.40398720387842,2023.93911847099,2023.94794520548,A/chicken/Idaho/23-039649-002-original/2023|H5N1|USA-ID|2023-12-13|avian|B3.6
793,72,0.00882673448822935,-116.617299046835,46.7504766961396,-116.392861970557,46.8903643928594,1.41281393836665,1.40398720387842,2023.93911847099,2023.94794520548,A/chicken/Idaho/23-039649-001-original/2023|H5N1|USA-ID|2023-12-13|avian|B3.6
1006,327,0.00234475689717462,-98.0931019494401,38.4170875824755,-98.3064005307786,38.3101378393063,1.41281393836665,1.41046918146948,2023.94560044858,2023.94794520548,A/chicken/Kansas/23-039580-008-original/2023|H5N1|USA-KS|2023-12-13|avian|B3.6
827,158,0.0225272334016728,-123.024218902983,38.832373151094,-122.969462230928,38.5701256730407,1.41555366439401,1.39302643099234,2023.92815769811,2023.95068493151,A/chicken/California/23-039772-003-original/2023|H5N1|USA-CA|2023-12-14|avian|B3.6
970,250,0.0184243227768,-99.258314239874,45.256142255259,-99.3428130743374,45.2832451138033,1.41555366439401,1.39712934161721,2023.93226060873,2023.95068493151,A/pheasant/South_Dakota/23-039759-001-original/2023|H5N1|USA-SD|2023-12-14|avian|B3.6
828,829,0.018974106020583,-123.815339243918,38.7244483156918,-122.943986973828,38.7493472710796,1.41818615525612,1.39921204923553,2023.93434331635,2023.95331742237,NA
831,159,0.0131113866374073,-123.38207718772,38.6590005442273,-122.962727547524,38.6223421479051,1.41829339042137,1.40518200378396,2023.9403132709,2023.95342465753,A/chicken/California/23-039773-002-original/2023|H5N1|USA-CA|2023-12-15|avian|B3.6
832,166,0.00917776013452465,-122.88604887201,38.4637400580486,-122.548745567631,38.3257745462015,1.41829339042137,1.40911563028684,2023.9442468974,2023.95342465753,A/chicken/California/23-039773-001-original/2023|H5N1|USA-CA|2023-12-15|avian|B3.6
970,971,0.021299833122058,-99.258314239874,45.256142255259,-98.0563226938483,45.1113213238552,1.41842917473927,1.39712934161721,2023.93226060873,2023.95356044185,NA
613,615,0.031943952010919,-120.857819997157,37.5776748241349,-120.927185552191,36.9433451748856,1.41902568257899,1.38708173056807,2023.92221299768,2023.95415694969,NA
1074,1075,0.0126531895713307,-98.283387500913,38.4955306262563,-97.4292307149762,38.5083059279597,1.41905470390145,1.40640151433012,2023.94153278144,2023.95418597101,NA
966,967,0.0228759118975232,-99.6441008086144,45.2738194824699,-99.0688960679565,45.6718062484288,1.41942905978422,1.3965531478867,2023.931684415,2023.9545603269,NA
1075,333,0.00197841254727704,-97.4292307149762,38.5083059279597,-97.5850681340323,38.2984340816844,1.42103311644872,1.41905470390145,2023.95418597101,2023.95616438356,A/chicken/Kansas/23-039958-001-original/2023|H5N1|USA-KS|2023-12-16|avian|B3.6
1075,334,0.00197841254727704,-97.4292307149762,38.5083059279597,-97.450533682694,38.6056647870737,1.42103311644872,1.41905470390145,2023.95418597101,2023.95616438356,A/chicken/Kansas/23-039958-002-original/2023|H5N1|USA-KS|2023-12-16|avian|B3.6
613,614,0.0344573365258163,-120.857819997157,37.5776748241349,-120.505500193303,37.1586894130901,1.42153906709389,1.38708173056807,2023.92221299768,2023.95667033421,NA
697,698,0.00322384442239976,-86.1477427526051,43.3710085578701,-85.9647841884262,43.4204385533305,1.42313891751649,1.41991507309409,2023.95504634021,2023.95827018463,NA
1007,329,0.0250153406878062,-98.1047262233217,38.3661684718754,-98.3801677104536,38.3854540810849,1.42377284247608,1.39875750178827,2023.9338887689,2023.95890410959,A/chicken/Kansas/23-039959-001-original/2023|H5N1|USA-KS|2023-12-17|avian|B3.6
697,351,0.00385776938198745,-86.1477427526051,43.3710085578701,-86.3166490970491,43.3731982347752,1.42377284247608,1.41991507309409,2023.95504634021,2023.95890410959,A/turkey/Michigan/23-039966-001-original/2023|H5N1|USA-MI|2023-12-17|avian|B3.6
698,352,0.000633924959587473,-85.9647841884262,43.4204385533305,-86.0914523421966,43.1270302640869,1.42377284247608,1.42313891751649,2023.95827018463,2023.95890410959,A/turkey/Michigan/23-039966-002-original/2023|H5N1|USA-MI|2023-12-17|avian|B3.6
610,616,0.0457172600829427,-120.259554313252,37.5299825514986,-120.219989445517,37.2211546864651,1.42403558411462,1.37831832403168,2023.91344959114,2023.95916685123,NA
616,619,0.000251301396638981,-120.219989445517,37.2211546864651,-120.27863374053,37.2775596300808,1.42428688551126,1.42403558411462,2023.95916685123,2023.95941815262,NA
965,253,0.0431405774754743,-99.5303343436429,45.192948343399,-99.4490148505699,45.3162331030366,1.42651256850367,1.38337199102819,2023.91850325814,2023.96164383562,A/pheasant/South_Dakota/23-040343-001-original/2023|H5N1|USA-SD|2023-12-18|avian|B3.6
967,254,0.00708350871944274,-99.0688960679565,45.6718062484288,-99.0141098480344,45.5736023527782,1.42651256850367,1.41942905978422,2023.9545603269,2023.96164383562,A/pheasant/South_Dakota/23-040343-003-original/2023|H5N1|USA-SD|2023-12-18|avian|B3.6
692,694,0.0802588169963556,-92.1368233046555,42.6176752569986,-94.5518305222984,45.4498835287168,1.42795556197389,1.34769674497754,2023.88282801209,2023.96308682909,NA
609,620,0.0544204419153422,-120.229623653152,37.5547009071559,-120.899233368908,37.3304016764966,1.43149372949293,1.37707328757759,2023.91220455469,2023.96662499661,NA
612,431,0.0313486335577575,-120.564386923392,37.6441267988654,-120.33730164736,37.5416026775907,1.43199202055838,1.40064338700062,2023.93577465411,2023.96712328767,A/chicken/California/23-040664-002-original/2023|H5N1|USA-CA|2023-12-20|avian|B3.6
615,419,0.0129663379793863,-120.927185552191,36.9433451748856,-120.796004258449,37.0111641618765,1.43199202055838,1.41902568257899,2023.95415694969,2023.96712328767,A/chicken/California/23-040664-007-original/2023|H5N1|USA-CA|2023-12-20|avian|B3.6
620,428,0.00049829106545185,-120.899233368908,37.3304016764966,-120.9148414811,37.3243909554674,1.43199202055838,1.43149372949293,2023.96662499661,2023.96712328767,A/chicken/California/23-040664-010/2023|H5N1|USA-CA|2023-12-20|avian|B3.6
967,968,0.0139703009933183,-99.0688960679565,45.6718062484288,-98.9256526396123,45.4254144749566,1.43339936077754,1.41942905978422,2023.9545603269,2023.96853062789,NA
830,834,0.0334503833908093,-122.90091828206,39.09047106222,-122.651186357413,38.8037714712594,1.43389489058698,1.40044450719617,2023.93557577431,2023.9690261577,NA
832,833,0.027919122267263,-122.88604887201,38.4637400580486,-122.834443888032,38.5561469345064,1.4370347525541,1.40911563028684,2023.9442468974,2023.97216601967,NA
834,164,0.00357658202611977,-122.651186357413,38.8037714712594,-122.591152528351,38.4832969346581,1.43747147261309,1.43389489058698,2023.9690261577,2023.97260273973,A/chicken/California/23-040997-001-original/2023|H5N1|USA-CA|2023-12-22|avian|B3.6
834,165,0.00357658202611977,-122.651186357413,38.8037714712594,-123.038619349089,38.648383665791,1.43747147261309,1.43389489058698,2023.9690261577,2023.97260273973,A/chicken/California/23-040997-002-original/2023|H5N1|USA-CA|2023-12-22|avian|B3.6
820,151,0.0739556054567219,-122.940569560851,38.1085694197226,-122.609050171691,37.9969818483106,1.44021119864045,1.36625559318373,2023.9013868603,2023.97534246575,A/chicken/California/23-040996-002-original/2023|H5N1|USA-CA|2023-12-23|avian|B3.6
820,152,0.0739556054567219,-122.940569560851,38.1085694197226,-122.782139737011,38.1212917309181,1.44021119864045,1.36625559318373,2023.9013868603,2023.97534246575,A/chicken/California/23-040996-001-original/2023|H5N1|USA-CA|2023-12-23|avian|B3.6
563,507,0.0551645607863156,-83.6179640150572,40.5075220525566,-83.6801027346253,40.6182495188726,1.44021119864045,1.38504663785414,2023.92017790497,2023.97534246575,A/chicken/Ohio/23-040887-001-original/2023|H5N1|USA-OH|2023-12-23|avian|B3.6
694,347,0.0149953626941435,-94.5518305222984,45.4498835287168,-94.6609237787673,45.9279314304122,1.44295092466804,1.42795556197389,2023.96308682909,2023.97808219178,A/turkey/Minnesota/23-040874-001-original/2023|H5N1|USA-MN|2023-12-24|avian|B3.6
694,348,0.0149953626941435,-94.5518305222984,45.4498835287168,-95.0428108958838,45.9674518317148,1.44295092466804,1.42795556197389,2023.96308682909,2023.97808219178,A/turkey/Minnesota/23-040874-002-original/2023|H5N1|USA-MN|2023-12-24|avian|B3.6
616,617,0.0193175394349161,-120.219989445517,37.2211546864651,-120.581444475115,37.2521065984209,1.44335312354954,1.42403558411462,2023.95916685123,2023.97848439066,NA
619,427,0.0214037651841323,-120.27863374053,37.2775596300808,-120.467634949205,37.1254530610325,1.44569065069539,1.42428688551126,2023.95941815262,2023.98082191781,A/chicken/California/24-000127-003-original/2023|H5N1|USA-CA|2023-12-25|avian|B3.6
620,429,0.0141969212024662,-120.899233368908,37.3304016764966,-120.357834373134,37.3912850497976,1.44569065069539,1.43149372949293,2023.96662499661,2023.98082191781,A/chicken/California/24-000127-001-original/2023|H5N1|USA-CA|2023-12-25|avian|B3.6
692,693,0.0987944739127382,-92.1368233046555,42.6176752569986,-94.0395713169545,44.6444980055241,1.44649121889028,1.34769674497754,2023.88282801209,2023.981622486,NA
698,353,0.0252914592062587,-85.9647841884262,43.4204385533305,-85.9157827557324,43.2470872470369,1.44843037672275,1.42313891751649,2023.95827018463,2023.98356164384,A/turkey/Michigan/23-040820-001-original/2023|H5N1|USA-MI|2023-12-26|avian|B3.6
833,163,0.0113956241686477,-122.834443888032,38.5561469345064,-122.772377570808,38.744242580871,1.44843037672275,1.4370347525541,2023.97216601967,2023.98356164384,A/chicken/California/23-040993-001-original/2023|H5N1|USA-CA|2023-12-26|avian|B3.6
833,162,0.0113956241686477,-122.834443888032,38.5561469345064,-123.094602513792,38.5750466177939,1.44843037672275,1.4370347525541,2023.97216601967,2023.98356164384,A/chicken/California/23-040993-002-original/2023|H5N1|USA-CA|2023-12-26|avian|B3.6
617,618,0.00517186184215879,-120.581444475115,37.2521065984209,-120.834473590619,37.270200014877,1.4485249853917,1.44335312354954,2023.97848439066,2023.9836562525,NA
617,423,0.00781697920057001,-120.581444475115,37.2521065984209,-120.938259022593,37.2000063527465,1.45117010275011,1.44335312354954,2023.97848439066,2023.98630136986,A/chicken/California/24-000133-001-original/2023|H5N1|USA-CA|2023-12-27|avian|B3.6
618,425,0.00264511735841122,-120.834473590619,37.270200014877,-120.69579535288,37.042885043187,1.45117010275011,1.4485249853917,2023.9836562525,2023.98630136986,A/chicken/California/24-000133-004-original/2023|H5N1|USA-CA|2023-12-27|avian|B3.6
618,424,0.00264511735841122,-120.834473590619,37.270200014877,-120.800313750201,37.3664171249464,1.45117010275011,1.4485249853917,2023.9836562525,2023.98630136986,A/chicken/California/24-000133-003-original/2023|H5N1|USA-CA|2023-12-27|avian|B3.6
665,667,0.030016371365984,-81.7088779752659,26.6677117587831,-81.4850806454704,25.9903196353562,1.45452817923762,1.42451180787164,2023.95964307498,2023.98965944635,NA
1067,1069,0.273090928675178,-120.304301260578,39.0826703392556,-121.011163029859,38.809196600907,1.45602566130419,1.18293473262901,2023.71806599974,2023.99115692842,NA
1006,326,0.0461803733353476,-98.0931019494401,38.4170875824755,-98.0171246889028,38.4205242877753,1.45664955480482,1.41046918146948,2023.94560044858,2023.99178082192,A/chicken/Kansas/24-000250-002-original/2023|H5N1|USA-KS|2023-12-29|avian|B3.6
829,160,0.0384633995487087,-122.943986973828,38.7493472710796,-122.83115323478,38.6588680442099,1.45664955480482,1.41818615525612,2023.95331742237,2023.99178082192,A/chicken/California/24-000135-001-original/2023|H5N1|USA-CA|2023-12-29|avian|B3.6
829,161,0.0384633995487087,-122.943986973828,38.7493472710796,-123.013039222404,38.7610042636435,1.45664955480482,1.41818615525612,2023.95331742237,2023.99178082192,A/chicken/California/24-000135-002-original/2023|H5N1|USA-CA|2023-12-29|avian|B3.6
619,426,0.0323626692935619,-120.27863374053,37.2775596300808,-120.342907288013,37.4698079358912,1.45664955480482,1.42428688551126,2023.95941815262,2023.99178082192,A/chicken/California/24-000134-001-original/2023|H5N1|USA-CA|2023-12-29|avian|B3.6
968,255,0.0232501940272831,-98.9256526396123,45.4254144749566,-99.1278700563072,45.5888574062826,1.45664955480482,1.43339936077754,2023.96853062789,2023.99178082192,A/pheasant/South_Dakota/23-041194-002-original/2023|H5N1|USA-SD|2023-12-29|avian|B3.6
968,256,0.0232501940272831,-98.9256526396123,45.4254144749566,-99.1252969889493,45.2803747807237,1.45664955480482,1.43339936077754,2023.96853062789,2023.99178082192,A/pheasant/South_Dakota/23-041194-001-original/2023|H5N1|USA-SD|2023-12-29|avian|B3.6
615,420,0.0513075311823821,-120.927185552191,36.9433451748856,-120.841994913706,36.9096884565102,1.47033321376138,1.41902568257899,2023.95415694969,2024.00546448087,A/domestic_goose/California/24-000492-001/2024|H5N1|USA-CA|2024-01-03|avian|B3.6
693,345,0.0265742353082259,-94.0395713169545,44.6444980055241,-94.0106319378908,45.4234596318781,1.4730654541985,1.44649121889028,2023.981622486,2024.00819672131,A/domestic_goose/Minnesota/24-000764-003/2024|H5N1|USA-MN|2024-01-04|avian|B3.6
693,346,0.0265742353082259,-94.0395713169545,44.6444980055241,-93.5525625980987,45.3966362182905,1.4730654541985,1.44649121889028,2023.981622486,2024.00819672131,A/chicken/Minnesota/24-000764-001/2024|H5N1|USA-MN|2024-01-04|avian|B3.6
1069,301,0.01703979289431,-121.011163029859,38.809196600907,-121.350328048105,38.383270466747,1.4730654541985,1.45602566130419,2023.99115692842,2024.00819672131,A/chicken/California/24-000494-001/2024|H5N1|USA-CA|2024-01-04|avian|B3.6
1069,302,0.01703979289431,-121.011163029859,38.809196600907,-121.209078474712,38.531414827018,1.4730654541985,1.45602566130419,2023.99115692842,2024.00819672131,A/chicken/California/24-000494-002/2024|H5N1|USA-CA|2024-01-04|avian|B3.6
667,680,0.0329593000504547,-81.4850806454704,25.9903196353562,-82.1695115170833,26.762381141883,1.48748747928808,1.45452817923762,2023.98965944635,2024.0226187464,NA
971,251,0.07102972208222,-98.0563226938483,45.1113213238552,-98.4677363088512,45.0623282199869,1.48945889682149,1.41842917473927,2023.95356044185,2024.02459016393,A/pheasant/South_Dakota/24-001107-001-original/2024|H5N1|USA-SD|2024-01-10|avian|B3.6
971,252,0.07102972208222,-98.0563226938483,45.1113213238552,-98.0327132443929,44.9235412516954,1.48945889682149,1.41842917473927,2023.95356044185,2024.02459016393,A/pheasant/South_Dakota/24-001107-002-original/2024|H5N1|USA-SD|2024-01-10|avian|B3.6
944,229,0.0012131999104108,-98.6847831444112,39.340236914959,-98.3223834057995,39.415713413004,1.48945889682149,1.48824569691108,2024.02337696402,2024.02459016393,A/pheasant/Kansas/24-001018-001-original/2024|H5N1|USA-KS|2024-01-10|avian|B3.6
944,945,0.0109509327548916,-98.6847831444112,39.340236914959,-99.1097401041683,39.0947091507866,1.49919662966597,1.48824569691108,2024.02337696402,2024.03432789678,NA
966,969,0.104561334076775,-99.6441008086144,45.2738194824699,-99.3296769111653,45.4312102405444,1.50111448196347,1.3965531478867,2023.931684415,2024.03624574908,NA
614,421,0.0815810319134536,-120.505500193303,37.1586894130901,-120.372538709958,37.2420193637082,1.50312009900734,1.42153906709389,2023.95667033421,2024.03825136612,A/chicken/California/24-001558-005-original/2024|H5N1|USA-CA|2024-01-15|avian|B3.6
614,422,0.0815810319134536,-120.505500193303,37.1586894130901,-120.611557104488,37.0411762493174,1.50312009900734,1.42153906709389,2023.95667033421,2024.03825136612,A/chicken/California/24-001558-004-original/2024|H5N1|USA-CA|2024-01-15|avian|B3.6
969,257,0.00473785748099598,-99.3296769111653,45.4312102405444,-99.1920433477628,45.3567379480736,1.50585233944447,1.50111448196347,2024.03624574908,2024.04098360656,A/pheasant/South_Dakota/24-001637-001-original/2024|H5N1|USA-SD|2024-01-16|avian|B3.6
1064,1065,0.33326359462264,-120.312090023612,38.8554111529473,-120.137223446907,39.0320893257707,1.50603918417338,1.17277558955074,2023.70790685666,2024.04117045129,NA
945,227,0.0121201906527559,-99.1097401041683,39.0947091507866,-98.1049336966635,39.4369912101829,1.51131682031872,1.49919662966597,2024.03432789678,2024.04644808743,A/pheasant/Kansas/24-001752-002-original/2024|H5N1|USA-KS|2024-01-18|avian|B3.6
945,228,0.0121201906527559,-99.1097401041683,39.0947091507866,-98.1139762141092,39.5648738433083,1.51131682031872,1.49919662966597,2024.03432789678,2024.04644808743,A/pheasant/Kansas/24-001752-001-original/2024|H5N1|USA-KS|2024-01-18|avian|B3.6
1065,297,0.0052776361453386,-120.137223446907,39.0320893257707,-120.269110536111,39.0846669404701,1.51131682031872,1.50603918417338,2024.04117045129,2024.04644808743,A/guinea_fowl/California/24-003250-002-original/2024|H5N1|USA-CA|2024-01-18|avian|B3.6
1065,298,0.0052776361453386,-120.137223446907,39.0320893257707,-120.508563996829,39.0763659748615,1.51131682031872,1.50603918417338,2024.04117045129,2024.04644808743,A/guinea_fowl/California/24-003250-001-original/2024|H5N1|USA-CA|2024-01-18|avian|B3.6
667,668,0.0581750914847259,-81.4850806454704,25.9903196353562,-81.602424987574,25.380274785421,1.51270327072235,1.45452817923762,2023.98965944635,2024.04783453784,NA
1022,17,0.140850191374882,-115.501308024436,50.6949197806705,-116.904765186111,50.6445982207993,1.51404906075608,1.3731988693812,2023.90833013649,2024.04918032787,A/American_Crow/BC/AIVPHL-1874/2024|H5N1|Canada-BC|2024-01-19|avian|B3.6
1022,18,0.140850191374882,-115.501308024436,50.6949197806705,-116.709735182652,50.5787797806768,1.51404906075608,1.3731988693812,2023.90833013649,2024.04918032787,A/American_Crow/BC/AIVPHL-1880/2024|H5N1|Canada-BC|2024-01-19|avian|B3.6
969,258,0.0211313001039803,-99.3296769111653,45.4312102405444,-99.3394103022678,45.4261177887502,1.52224578206746,1.50111448196347,2024.03624574908,2024.05737704918,A/pheasant/South_Dakota/24-002228-001-original/2024|H5N1|USA-SD|2024-01-22|avian|B3.6
680,373,0.037490543216502,-82.1695115170833,26.762381141883,-81.6044681212519,27.2517251735311,1.52497802250458,1.48748747928808,2024.0226187464,2024.06010928962,A/chicken/Florida/24-002738-001-original/2024|H5N1|USA-FL|2024-01-23|avian|B3.6
680,372,0.037490543216502,-82.1695115170833,26.762381141883,-81.6436139340958,27.1574288394645,1.52497802250458,1.48748747928808,2024.0226187464,2024.06010928962,A/chicken/Florida/24-002738-002-original/2024|H5N1|USA-FL|2024-01-23|avian|B3.6
1001,307,0.00330905004205095,-86.9743628432773,38.8077320511666,-87.1652306123368,38.6147749508468,1.52497802250458,1.52166897246253,2024.05680023958,2024.06010928962,A/turkey/Indiana/24-002432-001-original/2024|H5N1|USA-IN|2024-01-23|avian|B3.6
1001,308,0.00330905004205095,-86.9743628432773,38.8077320511666,-87.1239792187921,38.825746195193,1.52497802250458,1.52166897246253,2024.05680023958,2024.06010928962,A/turkey/Indiana/24-002432-002-original/2024|H5N1|USA-IN|2024-01-23|avian|B3.6
665,666,0.118692304229421,-81.7088779752659,26.6677117587831,-81.0762646541973,25.0498660411526,1.54320411210106,1.42451180787164,2023.95964307498,2024.07833537921,NA
963,242,0.323717974495711,-110.293019265477,46.0874854021979,-113.273347549697,46.456479716015,1.54410370556469,1.22038573106898,2023.75551699818,2024.07923497268,A/mountain_lion/Montana/24_005908-001/2024|H5N1|USA-MT|2024-01-30|feline|B3.6
666,374,0.0172930360866144,-81.0762646541973,25.0498660411526,-80.3477826493301,25.626294424999,1.56049714818768,1.54320411210106,2024.07833537921,2024.0956284153,A/chicken/Florida/24-004150-001-original/2024|H5N1|USA-FL|2024-02-05|avian|B3.6
1019,15,0.298538900575454,-110.041097354756,48.3860625569739,-116.430259424226,42.5217068818495,1.56596162906193,1.26742272848647,2023.8025539956,2024.10109289617,A/chicken/Idaho/24-004163-001-original/2024|H5N1|USA-ID|2024-02-07|avian|B3.6
666,375,0.0227575169608667,-81.0762646541973,25.0498660411526,-80.4421171451757,25.4816828083293,1.56596162906193,1.54320411210106,2024.07833537921,2024.10109289617,A/chicken/Florida/24-004649-001-original/2024|H5N1|USA-FL|2024-02-07|avian|B3.6
1047,1048,0.388841438190759,-94.8533174821929,45.7824259026186,-94.6224175477067,45.5428834150069,1.575434809929,1.18659337173824,2023.72172463885,2024.11056607704,NA
1048,1049,0.00380822757704102,-94.6224175477067,45.5428834150069,-95.0139284078486,46.346219370098,1.57924303750604,1.575434809929,2024.11056607704,2024.11437430462,NA
1070,1071,0.0264534512103993,-87.4059410061361,41.2231850188566,-85.0616799880655,41.1100506356247,1.58018510676234,1.55373165555194,2024.08886292266,2024.11531637388,NA
915,916,0.0142554425304378,-76.9497768046961,37.2218994947209,-76.4420963797434,37.4742694803767,1.58064647632157,1.56639103379114,2024.1015223009,2024.11577774343,NA
1049,1056,0.00668715370895612,-95.0139284078486,46.346219370098,-95.0802931289785,44.7290953599956,1.585930191215,1.57924303750604,2024.11437430462,2024.12106145833,NA
668,669,0.0743582498755408,-81.602424987574,25.380274785421,-81.8504740824122,24.7046862175389,1.58706152059789,1.51270327072235,2024.04783453784,2024.12219278771,NA
916,922,0.00755686308781978,-76.4420963797434,37.4742694803767,-75.9290813988653,37.0906063430442,1.58820333940939,1.58064647632157,2024.11577774343,2024.12333460652,NA
926,927,0.0060398938229429,-118.20458222153,48.617823588517,-117.933611498909,48.0951143734206,1.58876297372717,1.58272307990422,2024.11785434702,2024.12389424084,NA
649,650,0.196025551112207,-85.8407344405912,42.4336976853705,-82.873901008722,39.7542624503727,1.59053752932311,1.3945119782109,2023.92964324532,2024.12566879644,NA
717,406,0.0156676591955598,-77.2129478718106,38.4185394295211,-77.1639943345868,38.5249303937028,1.59055179299652,1.57488413380096,2024.11001540091,2024.12568306011,A/chicken/Maryland/24-005539-002-original/2024|H5N1|USA-MD|2024-02-16|avian|B3.6
717,407,0.0156676591955598,-77.2129478718106,38.4185394295211,-77.1145303519176,38.4545341656362,1.59055179299652,1.57488413380096,2024.11001540091,2024.12568306011,A/chicken/Maryland/24-005539-001-original/2024|H5N1|USA-MD|2024-02-16|avian|B3.6
926,929,0.00914205211030406,-118.20458222153,48.617823588517,-117.644821390369,48.4427526055514,1.59186513201453,1.58272307990422,2024.11785434702,2024.12699639913,NA
1049,1050,0.0163979838439654,-95.0139284078486,46.346219370098,-95.4559767748205,45.8957911367685,1.59564102135001,1.57924303750604,2024.11437430462,2024.13077228846,NA
650,468,0.00547874454766029,-82.873901008722,39.7542624503727,-82.8524363029577,39.8167067434628,1.59601627387077,1.59053752932311,2024.12566879644,2024.13114754098,A/chicken/Ohio/24-005334-002-original/2024|H5N1|USA-OH|2024-02-18|avian|B3.6
650,469,0.00547874454766029,-82.873901008722,39.7542624503727,-83.1544181097665,39.8547731769674,1.59601627387077,1.59053752932311,2024.12566879644,2024.13114754098,A/chicken/Ohio/24-005334-001-original/2024|H5N1|USA-OH|2024-02-18|avian|B3.6
1071,1072,0.0179980784663554,-85.0616799880655,41.1100506356247,-85.1932813621178,41.1993579130598,1.59818318522869,1.58018510676234,2024.11531637388,2024.13331445234,NA
927,928,0.0109687794703,-117.933611498909,48.0951143734206,-118.014895786395,48.0046089379727,1.59973175319747,1.58876297372717,2024.12389424084,2024.13486302031,NA
1050,1052,0.00420544218182184,-95.4559767748205,45.8957911367685,-95.4022509059957,45.695955847314,1.59984646353183,1.59564102135001,2024.13077228846,2024.13497773064,NA
604,440,0.322652375672547,-121.913965338718,37.704743666983,-121.770557993346,37.676213479622,1.60148075474502,1.27882837907248,2023.81395964619,2024.13661202186,A/turkey_vulture/California/24_007419-001/2024|H5N1|USA-CA|2024-02-20|avian|B3.6
553,554,0.012093828592062,-75.6096709659035,37.7967865256238,-76.4719307550556,37.2254546424534,1.6030063961366,1.59091256754454,2024.12604383466,2024.13813766325,NA
1070,275,0.0504813396302106,-87.4059410061361,41.2231850188566,-85.0568254077511,41.0255631798354,1.60421299518215,1.55373165555194,2024.08886292266,2024.1393442623,A/chicken/Indiana/24-005716-002-original/2024|H5N1|USA-IN|2024-02-21|avian|B3.6
1071,276,0.0240278884198115,-85.0616799880655,41.1100506356247,-84.8986337238477,41.2610332180416,1.60421299518215,1.58018510676234,2024.11531637388,2024.1393442623,A/chicken/Indiana/24_005716-003/2024|H5N1|USA-IN|2024-02-21|avian|B3.6
1072,277,0.00602980995345614,-85.1932813621178,41.1993579130598,-84.8068220355012,41.1556227057952,1.60421299518215,1.59818318522869,2024.13331445234,2024.1393442623,A/peacock/Indiana/24-005716-006-original/2024|H5N1|USA-IN|2024-02-21|avian|B3.6
1072,278,0.00602980995345614,-85.1932813621178,41.1993579130598,-84.9436963156761,41.1673741840141,1.60421299518215,1.59818318522869,2024.13331445234,2024.1393442623,A/chicken/Indiana/24_005716-006/2024|H5N1|USA-IN|2024-02-21|avian|B3.6
929,930,0.0144939135450641,-117.644821390369,48.4427526055514,-117.594982022581,48.5394673024368,1.60635904555959,1.59186513201453,2024.12699639913,2024.14149031267,NA
1050,1051,0.0115301327815209,-95.4559767748205,45.8957911367685,-95.4489534231456,45.6940191573945,1.60717115413153,1.59564102135001,2024.13077228846,2024.14230242124,NA
1052,1053,0.00965383768201944,-95.4022509059957,45.695955847314,-95.7927715783829,45.2361014170773,1.60950030121385,1.59984646353183,2024.13497773064,2024.14463156833,NA
927,223,0.0209145023294615,-117.933611498909,48.0951143734206,-117.565194370142,47.886152936113,1.60967747605663,1.58876297372717,2024.12389424084,2024.14480874317,A/skunk/Washington/24_005959-001/2024|H5N1|USA-WA|2024-02-23|other_mammal|B3.6
929,220,0.0178123440421003,-117.644821390369,48.4427526055514,-117.953285683361,48.8044692817475,1.60967747605663,1.59186513201453,2024.12699639913,2024.14480874317,A/skunk/Washington/24_005959-005/2024|H5N1|USA-WA|2024-02-23|other_mammal|B3.6
928,222,0.00994572285916151,-118.014895786395,48.0046089379727,-117.790215479495,48.1576284717221,1.60967747605663,1.59973175319747,2024.13486302031,2024.14480874317,A/skunk/Washington/24_005959-006/2024|H5N1|USA-WA|2024-02-23|other_mammal|B3.6
928,221,0.00994572285916151,-118.014895786395,48.0046089379727,-118.096611807439,48.4150894436252,1.60967747605663,1.59973175319747,2024.13486302031,2024.14480874317,A/skunk/Washington/24_005959-002/2024|H5N1|USA-WA|2024-02-23|other_mammal|B3.6
930,224,0.00331843049703617,-117.594982022581,48.5394673024368,-117.53366408166,48.2182274782245,1.60967747605663,1.60635904555959,2024.14149031267,2024.14480874317,A/skunk/Washington/24_005959-003/2024|H5N1|USA-WA|2024-02-23|other_mammal|B3.6
930,225,0.00331843049703617,-117.594982022581,48.5394673024368,-117.600961075354,48.5564118920156,1.60967747605663,1.60635904555959,2024.14149031267,2024.14480874317,A/skunk/Washington/24_005959-004/2024|H5N1|USA-WA|2024-02-23|other_mammal|B3.6
922,923,0.0218972033114291,-75.9290813988653,37.0906063430442,-76.0511000344877,36.8031128637637,1.61010054272082,1.58820333940939,2024.12333460652,2024.14523180983,NA
1048,295,0.0369749065647538,-94.6224175477067,45.5428834150069,-95.8002703178996,45.5243994932153,1.61240971649376,1.575434809929,2024.11056607704,2024.14754098361,A/chicken/Minnesota/24-005907-001-original/2024|H5N1|USA-MN|2024-02-24|avian|B3.6
1051,282,0.00523856236222642,-95.4489534231456,45.6940191573945,-96.1337612955085,45.5627962388966,1.61240971649376,1.60717115413153,2024.14230242124,2024.14754098361,A/duck/Minnesota/24_005907-002/2024|H5N1|USA-MN|2024-02-24|avian|B3.6
553,555,0.024924469392487,-75.6096709659035,37.7967865256238,-76.388089671756,37.0978220287563,1.61583703693703,1.59091256754454,2024.12604383466,2024.15096830405,NA
1053,1054,0.0104746213059792,-95.7927715783829,45.2361014170773,-95.8353118170951,45.4588747449257,1.61997492251983,1.60950030121385,2024.14463156833,2024.15510618963,NA
916,917,0.0431939568735593,-76.4420963797434,37.4742694803767,-76.7495581167669,37.2842522944136,1.62384043319513,1.58064647632157,2024.11577774343,2024.15897170031,NA
917,919,0.00136811328581565,-76.7495581167669,37.2842522944136,-76.0878303771805,37.061566622703,1.62520854648095,1.62384043319513,2024.15897170031,2024.16033981359,NA
917,918,0.00275384978723459,-76.7495581167669,37.2842522944136,-76.6217808166877,37.3181274065881,1.62659428298237,1.62384043319513,2024.15897170031,2024.1617255501,NA
919,920,0.00651603257129829,-76.0878303771805,37.061566622703,-76.3496574717738,36.8834096578331,1.63172457905225,1.62520854648095,2024.16033981359,2024.16685584617,NA
1056,1057,0.0499243827894604,-95.0802931289785,44.7290953599956,-95.9874528787856,45.6087625710548,1.63585457400446,1.585930191215,2024.12106145833,2024.17098584112,NA
1057,1058,0.000960136603848527,-95.9874528787856,45.6087625710548,-96.0965927394262,45.6615739841723,1.63681471060831,1.63585457400446,2024.17098584112,2024.17194597772,NA
1058,1059,0.000713472592744013,-96.0965927394262,45.6615739841723,-96.1099725440173,45.6622080548137,1.63752818320105,1.63681471060831,2024.17194597772,2024.17265945031,NA
1056,1062,0.05398683130701,-95.0802931289785,44.7290953599956,-96.4746399310983,45.4680243594242,1.63991702252201,1.585930191215,2024.12106145833,2024.17504828963,NA
1059,1060,0.00370081079230222,-96.1099725440173,45.6622080548137,-95.8553148098037,45.4228094418319,1.64122899399335,1.63752818320105,2024.17265945031,2024.17636026111,NA
1052,1055,0.0422510960536762,-95.4022509059957,45.695955847314,-95.8611734679568,45.5930878888514,1.64209755958551,1.59984646353183,2024.13497773064,2024.1772288267,NA
1060,1061,0.0011350745596872,-95.8553148098037,45.4228094418319,-95.8590080336859,45.4378216605271,1.64236406855304,1.64122899399335,2024.17636026111,2024.17749533567,NA
920,921,0.0124413291351833,-76.3496574717738,36.8834096578331,-75.979555713587,36.8225495115698,1.64416590818743,1.63172457905225,2024.16685584617,2024.1792971753,NA
1047,279,0.461335470438607,-94.8533174821929,45.7824259026186,-97.9359780724417,43.4215845835062,1.64792884217685,1.18659337173824,2023.72172463885,2024.18306010929,A/turkey/South_Dakota/24-007379-001-original/2024|H5N1|USA-SD|2024-03-08|avian|B3.6
1051,283,0.0407576880453213,-95.4489534231456,45.6940191573945,-95.917863065954,45.5281986324623,1.64792884217685,1.60717115413153,2024.14230242124,2024.18306010929,A/goat/Minnesota/24-007234-009/2024|H5N1|USA-MN|2024-03-08|other_mammal|B3.6
1053,284,0.038428540963001,-95.7927715783829,45.2361014170773,-95.9554044702193,45.559354560193,1.64792884217685,1.60950030121385,2024.14463156833,2024.18306010929,A/goat/Minnesota/24_007234-047/2024|H5N1|USA-MN|2024-03-08|other_mammal|B3.6
1054,285,0.0279539196570218,-95.8353118170951,45.4588747449257,-95.8709279067791,45.5743274835747,1.64792884217685,1.61997492251983,2024.15510618963,2024.18306010929,A/goat/Minnesota/24_007234-050/2024|H5N1|USA-MN|2024-03-08|other_mammal|B3.6
1054,286,0.0279539196570218,-95.8353118170951,45.4588747449257,-95.9544577301001,45.5017522194958,1.64792884217685,1.61997492251983,2024.15510618963,2024.18306010929,A/goat/Minnesota/24-007234-006/2024|H5N1|USA-MN|2024-03-08|other_mammal|B3.6
918,213,0.0213345591944833,-76.6217808166877,37.3181274065881,-76.225195405586,36.8674233694399,1.64792884217685,1.62659428298237,2024.1617255501,2024.18306010929,A/sanderling/Virginia/W24-190G/2024|H5N1|USA-VA|2024-03-08|avian|B3.6
1057,280,0.0120742681723911,-95.9874528787856,45.6087625710548,-96.0705668640324,45.5973154116111,1.64792884217685,1.63585457400446,2024.17098584112,2024.18306010929,A/goat/Minnesota/24_007234-037/2024|H5N1|USA-MN|2024-03-08|other_mammal|B3.6
1058,290,0.0111141315685426,-96.0965927394262,45.6615739841723,-96.0402817654605,45.4455481567109,1.64792884217685,1.63681471060831,2024.17194597772,2024.18306010929,A/goat/Minnesota/24_007234-030/2024|H5N1|USA-MN|2024-03-08|other_mammal|B3.6
1059,291,0.0104006589757988,-96.1099725440173,45.6622080548137,-95.9736003965177,45.6360861289318,1.64792884217685,1.63752818320105,2024.17265945031,2024.18306010929,A/goat/Minnesota/24_007234-036/2024|H5N1|USA-MN|2024-03-08|other_mammal|B3.6
1062,294,0.00801181965484177,-96.4746399310983,45.4680243594242,-96.2167183897382,45.5063880864222,1.64792884217685,1.63991702252201,2024.17504828963,2024.18306010929,A/goat/Minnesota/24_007234-035/2024|H5N1|USA-MN|2024-03-08|other_mammal|B3.6
1062,292,0.00801181965484177,-96.4746399310983,45.4680243594242,-96.1505971949563,45.5701228166253,1.64792884217685,1.63991702252201,2024.17504828963,2024.18306010929,A/goat/Minnesota/24-007234-003/2024|H5N1|USA-MN|2024-03-08|other_mammal|B3.6
1060,281,0.00669984818349656,-95.8553148098037,45.4228094418319,-96.1490385731764,45.5054502060831,1.64792884217685,1.64122899399335,2024.17636026111,2024.18306010929,A/goat/Minnesota/24_007234-034/2024|H5N1|USA-MN|2024-03-08|other_mammal|B3.6
1055,287,0.00583128259134424,-95.8611734679568,45.5930878888514,-96.0823254114013,45.5188442184745,1.64792884217685,1.64209755958551,2024.1772288267,2024.18306010929,A/goat/Minnesota/24_007234-048/2024|H5N1|USA-MN|2024-03-08|other_mammal|B3.6
1055,288,0.00583128259134424,-95.8611734679568,45.5930878888514,-96.0325328412396,45.6193315818896,1.64792884217685,1.64209755958551,2024.1772288267,2024.18306010929,A/goat/Minnesota/24_007234-044/2024|H5N1|USA-MN|2024-03-08|other_mammal|B3.6
1061,293,0.00556477362380914,-95.8590080336859,45.4378216605271,-95.809772826302,45.7499542085875,1.64792884217685,1.64236406855304,2024.17749533567,2024.18306010929,A/goat/Minnesota/24_007234-029/2024|H5N1|USA-MN|2024-03-08|other_mammal|B3.6
1061,289,0.00556477362380914,-95.8590080336859,45.4378216605271,-95.8300974805986,45.452554878487,1.64792884217685,1.64236406855304,2024.17749533567,2024.18306010929,A/goat/Minnesota/24_007234-032/2024|H5N1|USA-MN|2024-03-08|other_mammal|B3.6
921,212,0.00649517442654712,-75.979555713587,36.8225495115698,-76.2171814956431,36.8948023434367,1.65066108261398,1.64416590818743,2024.1792971753,2024.18579234973,A/ruddy_turnstone/Virginia/W24-190N/2024|H5N1|USA-VA|2024-03-09|avian|B3.6
915,207,0.0870022892599676,-76.9497768046961,37.2218994947209,-76.2735320389205,36.925820561177,1.6533933230511,1.56639103379114,2024.1015223009,2024.18852459016,A/sanderling/Virginia/W24-190A/2024|H5N1|USA-VA|2024-03-10|avian|B3.6
923,215,0.0432927803302807,-76.0511000344877,36.8031128637637,-76.1812002334869,36.8586797955742,1.6533933230511,1.61010054272082,2024.14523180983,2024.18852459016,A/sanderling/Virginia/W24-190C/2024|H5N1|USA-VA|2024-03-10|avian|B3.6
920,216,0.0216687439988563,-76.3496574717738,36.8834096578331,-76.2584777569128,36.9055471841109,1.6533933230511,1.63172457905225,2024.16685584617,2024.18852459016,A/sanderling/Virginia/W24-190B/2024|H5N1|USA-VA|2024-03-10|avian|B3.6
923,214,0.0460250207674069,-76.0511000344877,36.8031128637637,-76.229184752115,36.8557415895767,1.65612556348823,1.61010054272082,2024.14523180983,2024.1912568306,A/sanderling/Virginia/W24-190J/2024|H5N1|USA-VA|2024-03-11|avian|B3.6
649,467,0.264345825714451,-85.8407344405912,42.4336976853705,-85.8128141914951,40.83225412456,1.65885780392536,1.3945119782109,2023.92964324532,2024.19398907104,A/canada_goose/Indiana/24_008719-001/2024|H5N1|USA-IN|2024-03-12|avian|B3.6
921,210,0.0174241361750518,-75.979555713587,36.8225495115698,-75.9738221950959,36.8167909212517,1.66159004436248,1.64416590818743,2024.1792971753,2024.19672131148,A/American_crow/Virginia/W24-190M/2024|H5N1|USA-VA|2024-03-13|avian|B3.6
918,208,0.0377280018172403,-76.6217808166877,37.3181274065881,-76.2715778413365,36.9031355013361,1.66432228479961,1.62659428298237,2024.1617255501,2024.19945355191,A/American_crow/Virginia/W24-190R/2024|H5N1|USA-VA|2024-03-14|avian|B3.6
922,211,0.106173590199057,-75.9290813988653,37.0906063430442,-76.2792837187124,36.8448949584716,1.69437692960845,1.58820333940939,2024.12333460652,2024.22950819672,A/peregrine_falcon/Virginia/W24-219E/2024|H5N1|USA-VA|2024-03-25|avian|B3.6
668,679,0.222626833630535,-81.602424987574,25.380274785421,-80.8980779429357,25.3999548886129,1.73533010435289,1.51270327072235,2024.04783453784,2024.27046137147,NA
679,370,0.00276267225003823,-80.8980779429357,25.3999548886129,-80.8142268343819,25.4955997186224,1.73809277660292,1.73533010435289,2024.27046137147,2024.27322404372,A/chicken/Florida/24-010928-001-original/2024|H5N1|USA-FL|2024-04-10|avian|B3.6
679,371,0.00276267225003823,-80.8980779429357,25.3999548886129,-80.5313067006515,25.468822435039,1.73809277660292,1.73533010435289,2024.27046137147,2024.27322404372,A/chicken/Florida/24-010928-002-original/2024|H5N1|USA-FL|2024-04-10|avian|B3.6
669,672,0.153933237644835,-81.8504740824122,24.7046862175389,-80.7110928454935,25.5127033069096,1.74099475824273,1.58706152059789,2024.12219278771,2024.27612602536,NA
554,496,0.154212063526429,-76.4719307550556,37.2254546424534,-76.3483418765981,37.0666293508056,1.75721845966303,1.6030063961366,2024.13813766325,2024.29234972678,A/horned_grebe/Virginia/24-012236-003-original/2024|H5N1|USA-VA|2024-04-17|avian|B3.6
554,495,0.154212063526429,-76.4719307550556,37.2254546424534,-76.3700740094993,37.0897939759829,1.75721845966303,1.6030063961366,2024.13813766325,2024.29234972678,A/horned_grebe/Virginia/24-012236-001-original/2024|H5N1|USA-VA|2024-04-17|avian|B3.6
555,494,0.141381422726004,-76.388089671756,37.0978220287563,-76.3700024114887,37.008340298394,1.75721845966303,1.61583703693703,2024.15096830405,2024.29234972678,A/horned_grebe/Virginia/24-012236-004-original/2024|H5N1|USA-VA|2024-04-17|avian|B3.6
555,493,0.141381422726004,-76.388089671756,37.0978220287563,-76.4032710776904,37.0492584885902,1.75721845966303,1.61583703693703,2024.15096830405,2024.29234972678,A/horned_grebe/Virginia/24-012236-002-original/2024|H5N1|USA-VA|2024-04-17|avian|B3.6
919,209,0.132009913182086,-76.0878303771805,37.061566622703,-76.2298679849102,36.8712265368532,1.75721845966303,1.62520854648095,2024.16033981359,2024.29234972678,A/red-tailed_hawk/Virginia/W24-248F/2024|H5N1|USA-VA|2024-04-17|avian|B3.6
672,673,0.159032141964203,-80.7110928454935,25.5127033069096,-78.882497555942,25.0202245944529,1.90002690020693,1.74099475824273,2024.27612602536,2024.43515816732,NA
673,674,0.0241512856022212,-78.882497555942,25.0202245944529,-80.8609602167365,25.7973339704815,1.92417818580915,1.90002690020693,2024.43515816732,2024.45930945292,NA
674,675,0.018528588268041,-80.8609602167365,25.7973339704815,-80.8662015784789,25.7687496014192,1.94270677407719,1.92417818580915,2024.45930945292,2024.47783804119,NA
675,676,0.0410284068149651,-80.8662015784789,25.7687496014192,-81.0603297515588,26.697583636272,1.98373518089216,1.94270677407719,2024.47783804119,2024.518866448,NA
672,369,0.262125340764618,-80.7110928454935,25.5127033069096,-80.6531619247107,25.5519938279568,2.00312009900734,1.74099475824273,2024.27612602536,2024.53825136612,A/chicken/Florida/24-020698-001-original/2024|H5N1|USA-FL|2024-07-16|avian|B3.6
673,368,0.103093198800415,-78.882497555942,25.0202245944529,-80.8641015415001,25.6403020077557,2.00312009900735,1.90002690020693,2024.43515816732,2024.53825136612,A/chicken/Florida/24-020699-001-original/2024|H5N1|USA-FL|2024-07-16|avian|B3.6
675,367,0.0604133249301528,-80.8662015784789,25.7687496014192,-80.7813465072839,25.7621628551665,2.00312009900735,1.94270677407719,2024.47783804119,2024.53825136612,A/chicken/Florida/24-020700-001-original/2024|H5N1|USA-FL|2024-07-16|avian|B3.6
669,670,0.424641646289881,-81.8504740824122,24.7046862175389,-80.4273067937957,26.055628432323,2.01170316688777,1.58706152059789,2024.12219278771,2024.546834434,NA
670,671,0.00724773676565249,-80.4273067937957,26.055628432323,-80.4095558587221,25.6047213389079,2.01895090365342,2.01170316688777,2024.546834434,2024.55408217077,NA
676,366,0.0357783607381721,-81.0603297515588,26.697583636272,-81.0492911283902,26.692289327339,2.01951354163033,1.98373518089216,2024.518866448,2024.55464480874,A/chicken/Florida/24-021103-001-original/2024|H5N1|USA-FL|2024-07-22|avian|B3.6
676,365,0.0357783607381721,-81.0603297515588,26.697583636272,-80.9257430225065,26.3621234068782,2.01951354163033,1.98373518089216,2024.518866448,2024.55464480874,A/chicken/Florida/24-021103-002-original/2024|H5N1|USA-FL|2024-07-22|avian|B3.6
674,677,0.118808258378193,-80.8609602167365,25.7973339704815,-82.402728501475,28.5266561599734,2.04298644418734,1.92417818580915,2024.45930945292,2024.5781177113,NA
670,361,0.0324005386769204,-80.4273067937957,26.055628432323,-80.2455420597289,25.9683302671093,2.04410370556469,2.01170316688777,2024.546834434,2024.57923497268,A/chicken/Florida/24-022130-003-original/2024|H5N1|USA-FL|2024-07-31|avian|B3.6
671,359,0.0251528019112675,-80.4095558587221,25.6047213389079,-80.3428094435767,25.5807134657215,2.04410370556469,2.01895090365342,2024.55408217077,2024.57923497268,A/chicken/Florida/24-022130-002-original/2024|H5N1|USA-FL|2024-07-31|avian|B3.6
671,360,0.0251528019112675,-80.4095558587221,25.6047213389079,-80.4272721665678,25.5642129880378,2.04410370556469,2.01895090365342,2024.55408217077,2024.57923497268,A/chicken/Florida/24-022130-001-original/2024|H5N1|USA-FL|2024-07-31|avian|B3.6
677,678,0.12230361996714,-82.402728501475,28.5266561599734,-81.172157388701,28.4716208414109,2.16529006415448,2.04298644418734,2024.5781177113,2024.70042133127,NA
678,363,0.00722894195672996,-81.172157388701,28.4716208414109,-81.1029510085605,28.4498712515809,2.17251900611121,2.16529006415448,2024.70042133127,2024.70765027322,A/chicken/Florida/24-027090-001/2024|H5N1|USA-FL|2024-09-16|avian|B3.6
677,362,0.137729283235248,-82.402728501475,28.5266561599734,-81.1075100774344,28.382542170003,2.18071572742259,2.04298644418734,2024.5781177113,2024.71584699454,A/pigeon/Florida/24-027845-002/2024|H5N1|USA-FL|2024-09-19|avian|B3.6
678,364,0.0154256632681085,-81.172157388701,28.4716208414109,-81.1145901994873,28.4892377657904,2.18071572742259,2.16529006415448,2024.70042133127,2024.71584699454,A/duck/Florida/24-027844-002-R2/2024|H5N1|USA-FL|2024-09-19|avian|B3.6
