node1,node2,length,startLon,startLat,endLon,endLat,endNodeL,startNodeL,startYear,endYear,tipLabel
679,680,0.0748761532438877,-105.974895805093,41.9548060191773,-88.245389221617,40.7182368294068,0.0748761532438877,0,2024.49818046935,2024.5730566226,NA
679,796,0.0689105474735334,-105.974895805093,41.9548060191773,-105.575009025669,41.2912029042284,0.0689105474735334,0,2024.49818046935,2024.56709101682,NA
796,801,0.0125260490555392,-105.575009025669,41.2912029042284,-103.424962808599,41.0058261024227,0.0814365965290726,0.0689105474735334,2024.56709101682,2024.57961706588,NA
801,925,0.00297033344337305,-103.424962808599,41.0058261024227,-107.137526836137,40.3852750885773,0.0844069299724457,0.0814365965290726,2024.57961706588,2024.58258739932,NA
680,761,0.011631041089003,-88.245389221617,40.7182368294068,-86.2646129288937,40.1060040536208,0.0865071943328908,0.0748761532438877,2024.5730566226,2024.58468766368,NA
761,784,0.000666431608056905,-86.2646129288937,40.1060040536208,-86.4662065303583,40.2488916415909,0.0871736259409477,0.0865071943328908,2024.58468766368,2024.58535409529,NA
801,802,0.00859556552554386,-103.424962808599,41.0058261024227,-101.771825417203,38.8037783308469,0.0900321620546165,0.0814365965290726,2024.57961706588,2024.58821263141,NA
925,956,0.0076628920093631,-107.137526836137,40.3852750885773,-107.284727271088,40.533185138091,0.0920698219818088,0.0844069299724457,2024.58258739932,2024.59025029133,NA
956,957,0.00229074185192202,-107.284727271088,40.533185138091,-107.477462806055,39.7549853247474,0.0943605638337308,0.0920698219818088,2024.59025029133,2024.59254103319,NA
956,959,0.01795690017328,-107.284727271088,40.533185138091,-105.512696692922,40.3286773369829,0.110026722155089,0.0920698219818088,2024.59025029133,2024.60820719151,NA
925,926,0.0367879933063775,-107.137526836137,40.3852750885773,-109.344745373978,41.6967481066785,0.121194923278823,0.0844069299724457,2024.58258739932,2024.61937539263,NA
926,927,0.00500892418782395,-109.344745373978,41.6967481066785,-108.788265287418,41.189472341706,0.126203847466647,0.121194923278823,2024.61937539263,2024.62438431682,NA
802,803,0.0372479570274005,-101.771825417203,38.8037783308469,-94.7984975398781,40.2902604498558,0.127280119082017,0.0900321620546165,2024.58821263141,2024.62546058843,NA
803,804,0.0120108977676379,-94.7984975398781,40.2902604498558,-95.0256528411421,40.3269791630845,0.139291016849655,0.127280119082017,2024.62546058843,2024.6374714862,NA
804,805,0.00231288041776634,-95.0256528411421,40.3269791630845,-94.8029872437442,40.1465084052326,0.141603897267421,0.139291016849655,2024.6374714862,2024.63978436662,NA
959,960,0.0343782151385637,-105.512696692922,40.3286773369829,-105.198952271718,40.2274194004669,0.144404937293652,0.110026722155089,2024.60820719151,2024.64258540665,NA
960,961,0.000155845682692002,-105.198952271718,40.2274194004669,-104.975318892418,40.0680606471817,0.144560782976344,0.144404937293652,2024.64258540665,2024.64274125233,NA
959,1355,0.0347931914374655,-105.512696692922,40.3286773369829,-107.821736221332,40.9647299711311,0.144819913592554,0.110026722155089,2024.60820719151,2024.64300038294,NA
926,936,0.0269858744882274,-109.344745373978,41.6967481066785,-109.968128299373,41.0972483745575,0.148180797767051,0.121194923278823,2024.61937539263,2024.64636126712,NA
805,807,0.0101521172482812,-94.8029872437442,40.1465084052326,-93.6416276412789,40.6098847498652,0.151756014515702,0.141603897267421,2024.63978436662,2024.64993648387,NA
796,797,0.0863329892615583,-105.575009025669,41.2912029042284,-112.858674937931,41.5621439479129,0.155243536735092,0.0689105474735334,2024.56709101682,2024.65342400609,NA
927,928,0.0315651633678837,-108.788265287418,41.189472341706,-113.566700415388,44.4445945982662,0.157769010834531,0.126203847466647,2024.62438431682,2024.65594948019,NA
960,1303,0.014391313714974,-105.198952271718,40.2274194004669,-102.341418083819,39.9443803912373,0.158796251008626,0.144404937293652,2024.64258540665,2024.65697672036,NA
802,913,0.074896529693278,-101.771825417203,38.8037783308469,-102.350421818249,39.0241639447672,0.164928691747894,0.0900321620546165,2024.58821263141,2024.6631091611,NA
936,937,0.0178148372467408,-109.968128299373,41.0972483745575,-109.974575081075,41.3781302093258,0.165995635013791,0.148180797767051,2024.64636126712,2024.66417610437,NA
1303,1341,0.00848653673108868,-102.341418083819,39.9443803912373,-102.295514527665,40.4996383381206,0.167282787739715,0.158796251008626,2024.65697672036,2024.66546325709,NA
961,962,0.0235955343228618,-104.975318892418,40.0680606471817,-110.393535848097,41.9668682172048,0.168156317299206,0.144560782976344,2024.64274125233,2024.66633678665,NA
1341,1343,0.0035393072394696,-102.295514527665,40.4996383381206,-104.596184908661,40.4312973988614,0.170822094979185,0.167282787739715,2024.66546325709,2024.66900256433,NA
962,964,0.00361027529096658,-110.393535848097,41.9668682172048,-109.835796357151,42.1007967903928,0.171766592590173,0.168156317299206,2024.66633678665,2024.66994706194,NA
680,681,0.0977506346445083,-88.245389221617,40.7182368294068,-78.8374577945151,42.5646957366535,0.172626787888396,0.0748761532438877,2024.5730566226,2024.67080725724,NA
913,914,0.0104063776823855,-102.350421818249,39.0241639447672,-101.861973911695,38.3304913357524,0.17533506943028,0.164928691747894,2024.6631091611,2024.67351553878,NA
927,930,0.0504913657459898,-108.788265287418,41.189472341706,-109.003773729693,42.3892581765434,0.176695213212637,0.126203847466647,2024.62438431682,2024.67487568256,NA
807,808,0.0256785214634279,-93.6416276412789,40.6098847498652,-92.9751067908328,40.4330369742003,0.17743453597913,0.151756014515702,2024.64993648387,2024.67561500533,NA
1343,1344,0.00699493875034096,-104.596184908661,40.4312973988614,-109.825399520344,40.7453830174727,0.177817033729526,0.170822094979185,2024.66900256433,2024.67599750308,NA
1344,1346,0.00849790153265539,-109.825399520344,40.7453830174727,-110.572730044177,40.4913650081031,0.186314935262181,0.177817033729526,2024.67599750308,2024.68449540461,NA
964,968,0.0154792667190626,-109.835796357151,42.1007967903928,-110.289604959125,42.2888258859564,0.187245859309235,0.171766592590173,2024.66994706194,2024.68542632866,NA
968,969,0.00300123377342376,-110.289604959125,42.2888258859564,-108.549986183182,41.8904951254776,0.190247093082659,0.187245859309235,2024.68542632866,2024.68842756243,NA
930,932,0.0158621655981852,-109.003773729693,42.3892581765434,-115.288066432594,46.7827465083421,0.192557378810822,0.176695213212637,2024.67487568256,2024.69073784816,NA
937,938,0.02686876843053,-109.974575081075,41.3781302093258,-112.757575042258,42.7456271617929,0.192864403444321,0.165995635013791,2024.66417610437,2024.6910448728,NA
969,1002,0.00281105970736206,-108.549986183182,41.8904951254776,-108.75147374348,41.9856225690663,0.193058152790021,0.190247093082659,2024.68842756243,2024.69123862214,NA
969,970,0.00281315249527858,-108.549986183182,41.8904951254776,-108.43939749185,41.8685605867299,0.193060245577938,0.190247093082659,2024.68842756243,2024.69124071493,NA
968,1298,0.00849897428683599,-110.289604959125,42.2888258859564,-108.770455207976,43.1207437531493,0.195744833596071,0.187245859309235,2024.68542632866,2024.69392530295,NA
1303,1304,0.0374457328161688,-102.341418083819,39.9443803912373,-100.069859558776,39.4864358166151,0.196241983824795,0.158796251008626,2024.65697672036,2024.69442245318,NA
1304,1305,0.0025908981297964,-100.069859558776,39.4864358166151,-96.9726653316373,41.0005901022603,0.198832881954592,0.196241983824795,2024.69442245318,2024.69701335131,NA
761,762,0.113798716073814,-86.2646129288937,40.1060040536208,-83.1355270753079,36.4367326931308,0.200305910406705,0.0865071943328908,2024.58468766368,2024.69848637976,NA
808,896,0.0235791241315872,-92.9751067908328,40.4330369742003,-93.0410317627491,38.6862124602643,0.201013660110718,0.17743453597913,2024.67561500533,2024.69919412946,NA
681,682,0.0284281227859673,-78.8374577945151,42.5646957366535,-74.5919169131333,43.2519591042227,0.201054910674363,0.172626787888396,2024.67080725724,2024.69923538003,NA
1002,1003,0.00803226905962195,-108.75147374348,41.9856225690663,-108.790012176609,41.9780410223156,0.201090421849643,0.193058152790021,2024.69123862214,2024.6992708912,NA
914,915,0.0266077358608967,-101.861973911695,38.3304913357524,-100.183342645434,38.6889302072633,0.201942805291177,0.17533506943028,2024.67351553878,2024.70012327464,NA
1003,1009,0.00102769605609399,-108.790012176609,41.9780410223156,-109.725253059071,42.8521801185155,0.202118117905737,0.201090421849643,2024.6992708912,2024.70029858726,NA
1346,1349,0.0178929069981233,-110.572730044177,40.4913650081031,-109.752074176438,41.4852368560318,0.204207842260304,0.186314935262181,2024.68449540461,2024.70238831161,NA
1349,1350,0.000349573614745857,-109.752074176438,41.4852368560318,-109.764550120633,41.4827287817397,0.20455741587505,0.204207842260304,2024.70238831161,2024.70273788523,NA
938,939,0.0116992386716261,-112.757575042258,42.7456271617929,-115.71227716806,43.9441780105537,0.204563642115948,0.192864403444321,2024.6910448728,2024.70274411147,NA
970,971,0.0124427713762347,-108.43939749185,41.8685605867299,-105.139255969731,41.8426349022493,0.205503016954173,0.193060245577938,2024.69124071493,2024.70368348631,NA
808,809,0.0286050782343292,-92.9751067908328,40.4330369742003,-89.7117211077581,37.2416390402822,0.20603961421346,0.17743453597913,2024.67561500533,2024.70422008356,NA
1009,1014,0.00474223016419262,-109.725253059071,42.8521801185155,-109.659553770553,44.2836576777679,0.20686034806993,0.202118117905737,2024.70029858726,2024.70504081742,NA
915,917,0.00534750096267067,-100.183342645434,38.6889302072633,-98.6067032599866,37.528228775568,0.207290306253847,0.201942805291177,2024.70012327464,2024.70547077561,NA
1014,1015,0.000520044039981071,-109.659553770553,44.2836576777679,-109.16463598295,44.212049433581,0.207380392109911,0.20686034806993,2024.70504081742,2024.70556086146,NA
939,940,0.00330927848130891,-115.71227716806,43.9441780105537,-116.060698058879,45.1308258860073,0.207872920597256,0.204563642115948,2024.70274411147,2024.70605338995,NA
1015,1016,0.000801513044494051,-109.16463598295,44.212049433581,-108.892023235482,44.1551032259033,0.208181905154405,0.207380392109911,2024.70556086146,2024.70636237451,NA
970,999,0.0151340025435378,-108.43939749185,41.8685605867299,-107.837639467761,41.8842771680436,0.208194248121476,0.193060245577938,2024.69124071493,2024.70637471747,NA
932,934,0.0162412547629485,-115.288066432594,46.7827465083421,-119.161553751774,47.5842809988932,0.208798633573771,0.192557378810822,2024.69073784816,2024.70697910293,NA
939,945,0.00529950418911773,-115.71227716806,43.9441780105537,-112.615309163826,43.6204800181459,0.209863146305065,0.204563642115948,2024.70274411147,2024.70804361566,NA
896,902,0.00915522257925461,-93.0410317627491,38.6862124602643,-93.1796220624076,36.9999740342372,0.210168882689972,0.201013660110718,2024.69919412946,2024.70834935204,NA
784,795,0.123011069204377,-86.4662065303583,40.2488916415909,-110.702147996142,45.1994640564732,0.210184695145324,0.0871736259409477,2024.58535409529,2024.7083651645,NA
971,997,0.00490071139140658,-105.139255969731,41.8426349022493,-107.800850163143,42.4701034871085,0.210403728345579,0.205503016954173,2024.70368348631,2024.7085841977,NA
896,897,0.00999794507248941,-93.0410317627491,38.6862124602643,-93.2315692748957,38.7219492669144,0.211011605183207,0.201013660110718,2024.69919412946,2024.70919207453,NA
971,972,0.00607831935094105,-105.139255969731,41.8426349022493,-105.206409576473,42.086993863624,0.211581336305114,0.205503016954173,2024.70368348631,2024.70976180566,NA
1014,1037,0.00522813241389364,-109.659553770553,44.2836576777679,-110.175328797619,44.3274691079472,0.212088480483823,0.20686034806993,2024.70504081742,2024.71026894984,NA
937,953,0.0464803758473622,-109.974575081075,41.3781302093258,-110.888413009216,40.1071802772796,0.212476010861154,0.165995635013791,2024.66417610437,2024.71065648021,NA
934,935,0.00463860791700976,-119.161553751774,47.5842809988932,-119.32660078475,47.5159661049805,0.21343724149078,0.208798633573771,2024.70697910293,2024.71161771084,NA
1344,1345,0.0356548513249559,-109.825399520344,40.7453830174727,-120.329969404601,39.8974015782612,0.213471885054482,0.177817033729526,2024.67599750308,2024.71165235441,NA
1015,1022,0.00632151434227968,-109.16463598295,44.212049433581,-110.328255478596,44.0607638753274,0.213701906452191,0.207380392109911,2024.70556086146,2024.7118823758,NA
1037,1038,0.00225493623057571,-110.175328797619,44.3274691079472,-110.200375076548,44.3976694407684,0.214343416714399,0.212088480483823,2024.71026894984,2024.71252388607,NA
940,941,0.00649725914612054,-116.060698058879,45.1308258860073,-115.930687117569,45.1472373505289,0.214370179743377,0.207872920597256,2024.70605338995,2024.71255064909,NA
1037,1061,0.00282905499540775,-110.175328797619,44.3274691079472,-110.447026622726,44.0582218614451,0.214917535479231,0.212088480483823,2024.71026894984,2024.71309800483,NA
1061,1062,0.00022245339705429,-110.447026622726,44.0582218614451,-109.94440040809,43.7423227796176,0.215139988876285,0.214917535479231,2024.71309800483,2024.71332045823,NA
1061,1108,0.000449486852278635,-110.447026622726,44.0582218614451,-110.299106964222,44.1482986490874,0.21536702233151,0.214917535479231,2024.71309800483,2024.71354749168,NA
809,810,0.00943649625729348,-89.7117211077581,37.2416390402822,-88.5059644275908,38.0987194570519,0.215476110470753,0.20603961421346,2024.70422008356,2024.71365657982,NA
1298,1301,0.0201686433605792,-108.770455207976,43.1207437531493,-116.19416641956,48.3994671712627,0.215913476956651,0.195744833596071,2024.69392530295,2024.71409394631,NA
897,898,0.00530249599894383,-93.2315692748957,38.7219492669144,-92.7227415349323,38.4349494839686,0.216314101182151,0.211011605183207,2024.70919207453,2024.71449457053,NA
1298,1299,0.021382567603891,-108.770455207976,43.1207437531493,-104.28850627956,42.8624321082888,0.217127401199962,0.195744833596071,2024.69392530295,2024.71530787055,NA
914,920,0.0423670200373849,-101.861973911695,38.3304913357524,-101.56181432679,38.16980984638,0.217702089467665,0.17533506943028,2024.67351553878,2024.71588255882,NA
682,707,0.0167388139568037,-74.5919169131333,43.2519591042227,-74.5224794419445,43.0652272154594,0.217793724631167,0.201054910674363,2024.69923538003,2024.71597419398,NA
809,866,0.0118694160786068,-89.7117211077581,37.2416390402822,-87.400756804264,36.1464645958735,0.217909030292066,0.20603961421346,2024.70422008356,2024.71608949964,NA
1299,1300,0.000945310547009193,-104.28850627956,42.8624321082888,-104.155039815976,42.8173057784662,0.218072711746972,0.217127401199962,2024.71530787055,2024.7162531811,NA
917,918,0.0113232256988354,-98.6067032599866,37.528228775568,-97.9083495176899,36.6164639624245,0.218613531952683,0.207290306253847,2024.70547077561,2024.7167940013,NA
784,785,0.131896382005155,-86.4662065303583,40.2488916415909,-88.5150315990993,41.664177975259,0.219070007946102,0.0871736259409477,2024.58535409529,2024.7172504773,NA
940,942,0.0112370542032418,-116.060698058879,45.1308258860073,-115.294460740512,39.5133095869393,0.219109974800498,0.207872920597256,2024.70605338995,2024.71729044415,NA
797,798,0.0640727296252177,-112.858674937931,41.5621439479129,-119.39214770127,42.9785291205032,0.219316266360309,0.155243536735092,2024.65342400609,2024.71749673571,NA
810,840,0.00395676311599424,-88.5059644275908,38.0987194570519,-87.8534291803134,38.2558508139388,0.219432873586747,0.215476110470753,2024.71365657982,2024.71761334294,NA
898,900,0.00314236026403925,-92.7227415349323,38.4349494839686,-92.7475278562868,37.6545756934862,0.21945646144619,0.216314101182151,2024.71449457053,2024.7176369308,NA
1108,1109,0.00416033016972284,-110.299106964222,44.1482986490874,-110.888938984747,44.8461082435618,0.219527352501233,0.21536702233151,2024.71354749168,2024.71770782185,NA
1346,1347,0.0333220130509031,-110.572730044177,40.4913650081031,-112.538085579117,39.4845471425791,0.219636948313084,0.186314935262181,2024.68449540461,2024.71781741766,NA
707,730,0.00195945002674014,-74.5224794419445,43.0652272154594,-74.6166862692253,43.0928680390619,0.219753174657907,0.217793724631167,2024.71597419398,2024.71793364401,NA
1038,1039,0.00550105915576804,-110.200375076548,44.3976694407684,-108.16762438531,43.6145051512095,0.219844475870167,0.214343416714399,2024.71252388607,2024.71802494522,NA
682,683,0.019150215086553,-74.5919169131333,43.2519591042227,-73.0079228323164,41.2911154682174,0.220205125760916,0.201054910674363,2024.69923538003,2024.71838559511,NA
1039,1040,0.000397722338500994,-108.16762438531,43.6145051512095,-108.407079073609,43.6653038020218,0.220242198208668,0.219844475870167,2024.71802494522,2024.71842266756,NA
920,921,0.00259300814459751,-101.56181432679,38.16980984638,-101.745606943806,38.0657839189714,0.220295097612262,0.217702089467665,2024.71588255882,2024.71847556696,NA
1022,1027,0.00720653689241524,-110.328255478596,44.0607638753274,-110.51312143005,43.9232736375843,0.220908443344606,0.213701906452191,2024.7118823758,2024.7190889127,NA
866,873,0.00322786171916967,-87.400756804264,36.1464645958735,-88.7237782337592,36.8044569082443,0.221136892011236,0.217909030292066,2024.71608949964,2024.71931736136,NA
762,763,0.021048410523069,-83.1355270753079,36.4367326931308,-82.3303417765053,37.3306435994386,0.221354320929774,0.200305910406705,2024.69848637976,2024.71953479028,NA
1109,1110,0.0018571692618532,-110.888938984747,44.8461082435618,-110.757327592599,45.1763802241372,0.221384521763086,0.219527352501233,2024.71770782185,2024.71956499111,NA
972,973,0.00990407082505551,-105.206409576473,42.086993863624,-100.72978761638,41.9864663355827,0.221485407130169,0.211581336305114,2024.70976180566,2024.71966587648,NA
938,951,0.0286442830505642,-112.757575042258,42.7456271617929,-115.822973458693,43.796507430879,0.221508686494886,0.192864403444321,2024.6910448728,2024.71968915585,NA
1305,1306,0.022963345660318,-96.9726653316373,41.0005901022603,-97.2521545364749,39.8251325143935,0.22179622761491,0.198832881954592,2024.69701335131,2024.71997669697,NA
707,708,0.00445668594826376,-74.5224794419445,43.0652272154594,-74.6164402800467,42.9416112977862,0.222250410579431,0.217793724631167,2024.71597419398,2024.72043087993,NA
999,1000,0.0141009496304036,-107.837639467761,41.8842771680436,-107.95044462303,42.2348427811788,0.222295197751879,0.208194248121476,2024.70637471747,2024.7204756671,NA
840,852,0.00301623214841462,-87.8534291803134,38.2558508139388,-88.2311649081977,38.2462900530504,0.222449105735162,0.219432873586747,2024.71761334294,2024.72062957509,NA
1110,1111,0.00109384393477807,-110.757327592599,45.1763802241372,-110.814978026127,45.0945232834977,0.222478365697864,0.221384521763086,2024.71956499111,2024.72065883505,NA
1305,1309,0.0238313692275716,-96.9726653316373,41.0005901022603,-96.8839469173942,40.9595223647471,0.222664251182163,0.198832881954592,2024.69701335131,2024.72084472053,NA
928,929,0.0648987226445097,-113.566700415388,44.4445945982662,-113.792724876799,44.2526153253714,0.222667733479041,0.157769010834531,2024.65594948019,2024.72084820283,NA
873,878,0.00166370961157414,-88.7237782337592,36.8044569082443,-88.9463310330697,36.8570396608118,0.22280060162281,0.221136892011236,2024.71931736136,2024.72098107097,NA
973,974,0.00143956880793672,-100.72978761638,41.9864663355827,-99.66388624329,41.4345916071581,0.222924975938106,0.221485407130169,2024.71966587648,2024.72110544529,NA
1027,1028,0.00223750907445441,-110.51312143005,43.9232736375843,-110.495027959315,43.7903410141078,0.22314595241906,0.220908443344606,2024.7190889127,2024.72132642177,NA
681,759,0.0505734213229498,-78.8374577945151,42.5646957366535,-80.6470668314642,40.7248856336528,0.223200209211346,0.172626787888396,2024.67080725724,2024.72138067856,NA
974,982,0.000284403747590867,-99.66388624329,41.4345916071581,-98.9318327309626,41.0771455839896,0.223209379685697,0.222924975938106,2024.72110544529,2024.72138984904,NA
873,874,0.00218907149507341,-88.7237782337592,36.8044569082443,-88.323372929356,36.8303493399576,0.223325963506309,0.221136892011236,2024.71931736136,2024.72150643286,NA
1009,1010,0.0212347695206991,-109.725253059071,42.8521801185155,-110.196980914849,42.9284820942434,0.223352887426436,0.202118117905737,2024.70029858726,2024.72153335678,NA
810,811,0.00829548750924092,-88.5059644275908,38.0987194570519,-88.5730227803358,40.1087741491691,0.223771597979994,0.215476110470753,2024.71365657982,2024.72195206733,NA
1010,1011,0.000551643032509208,-110.196980914849,42.9284820942434,-110.208713495898,42.9413367134103,0.223904530458946,0.223352887426436,2024.72153335678,2024.72208499981,NA
1040,1050,0.00377445546347976,-108.407079073609,43.6653038020218,-110.156269351287,44.0547078599156,0.224016653672148,0.220242198208668,2024.71842266756,2024.72219712302,NA
1309,1316,0.00166163400600206,-96.8839469173942,40.9595223647471,-95.4698482021211,41.4800619324061,0.224325885188165,0.222664251182163,2024.72084472053,2024.72250635454,NA
945,949,0.0144826407579168,-112.615309163826,43.6204800181459,-116.05693336625,46.9299723949392,0.224345787062982,0.209863146305065,2024.70804361566,2024.72252625641,NA
1316,1317,0.000120040839186819,-95.4698482021211,41.4800619324061,-95.5058938060172,41.3807453747765,0.224445926027352,0.224325885188165,2024.72250635454,2024.72262639538,NA
1317,1327,7.80765873109601e-06,-95.5058938060172,41.3807453747765,-95.5059759307019,41.3802126083603,0.224453733686083,0.224445926027352,2024.72262639538,2024.72263420304,NA
840,841,0.00502996531622912,-87.8534291803134,38.2558508139388,-88.0113789915464,38.2921723404225,0.224462838902976,0.219432873586747,2024.71761334294,2024.72264330825,NA
866,867,0.00656579257960765,-87.400756804264,36.1464645958735,-87.4411582933776,36.1374907104967,0.224474822871674,0.217909030292066,2024.71608949964,2024.72265529222,NA
932,933,0.0322136110986686,-115.288066432594,46.7827465083421,-115.226348008103,46.6162590199331,0.224770989909491,0.192557378810822,2024.69073784816,2024.72295145926,NA
763,776,0.00361279305870221,-82.3303417765053,37.3306435994386,-81.7190656248753,36.7955985670627,0.224967113988476,0.221354320929774,2024.71953479028,2024.72314758334,NA
730,731,0.00539866823778379,-74.6166862692253,43.0928680390619,-70.9095014078727,42.7642070412974,0.225151842895691,0.219753174657907,2024.71793364401,2024.72333231225,NA
811,832,0.00142205761089631,-88.5730227803358,40.1087741491691,-88.7002707948631,39.9380877638821,0.22519365559089,0.223771597979994,2024.72195206733,2024.72337412494,NA
1038,1055,0.0109858538363146,-110.200375076548,44.3976694407684,-109.359293823742,44.6734993632269,0.225329270550714,0.214343416714399,2024.71252388607,2024.7235097399,NA
878,879,0.00255878468746462,-88.9463310330697,36.8570396608118,-89.3204487024148,37.5782493100434,0.225359386310275,0.22280060162281,2024.72098107097,2024.72353985566,NA
936,954,0.0774500395198978,-109.968128299373,41.0972483745575,-113.99191988684,36.8076717579862,0.225630837286948,0.148180797767051,2024.64636126712,2024.72381130664,NA
683,687,0.00542687451466994,-73.0079228323164,41.2911154682174,-71.6720840045336,40.0625121234929,0.225632000275586,0.220205125760916,2024.71838559511,2024.72381246963,NA
1306,1307,0.00392997604979839,-97.2521545364749,39.8251325143935,-96.8218947679085,39.863027085037,0.225726203664708,0.22179622761491,2024.71997669697,2024.72390667302,NA
1109,1294,0.00638402322444942,-110.888938984747,44.8461082435618,-110.028325193131,44.4781831523774,0.225911375725682,0.219527352501233,2024.71770782185,2024.72409184508,NA
1050,1051,0.00201382592874544,-110.156269351287,44.0547078599156,-111.574695922013,44.4459187591248,0.226030479600893,0.224016653672148,2024.72219712302,2024.72421094895,NA
1040,1041,0.00605688157927453,-108.407079073609,43.6653038020218,-106.574009614837,42.6931241861602,0.226299079787943,0.220242198208668,2024.71842266756,2024.72447954914,NA
852,853,0.00392789584604891,-88.2311649081977,38.2462900530504,-88.227792579319,38.323756062285,0.226377001581211,0.222449105735162,2024.72062957509,2024.72455747093,NA
879,886,0.00109606829935527,-89.3204487024148,37.5782493100434,-88.1473488324645,37.4995504780915,0.22645545460963,0.225359386310275,2024.72353985566,2024.72463592396,NA
731,736,0.00131824013399084,-70.9095014078727,42.7642070412974,-70.5865027025477,42.7574323691644,0.226470083029682,0.225151842895691,2024.72333231225,2024.72465055238,NA
921,922,0.00635606630817098,-101.745606943806,38.0657839189714,-100.379202077931,37.9241496542891,0.226651163920433,0.220295097612262,2024.71847556696,2024.72483163327,NA
954,955,0.00107621445696005,-113.99191988684,36.8076717579862,-113.652429311212,36.811845709583,0.226707051743908,0.225630837286948,2024.72381130664,2024.7248875211,NA
811,812,0.00302408378825958,-88.5730227803358,40.1087741491691,-89.1969597738455,40.3480676204338,0.226795681768253,0.223771597979994,2024.72195206733,2024.72497615112,NA
832,835,0.00164431139577492,-88.7002707948631,39.9380877638821,-88.8795986105625,39.7908085061534,0.226837966986665,0.22519365559089,2024.72337412494,2024.72501843634,NA
1317,1318,0.00243196438529392,-95.5058938060172,41.3807453747765,-95.2002848502644,41.4056550636678,0.226877890412646,0.224445926027352,2024.72262639538,2024.72505835976,NA
776,777,0.00200518686247242,-81.7190656248753,36.7955985670627,-82.0058748424815,36.8579441244213,0.226972300850949,0.224967113988476,2024.72314758334,2024.7251527702,NA
867,868,0.0025278714625192,-87.4411582933776,36.1374907104967,-87.5385241501206,36.274660157811,0.227002694334193,0.224474822871674,2024.72265529222,2024.72518316369,NA
853,854,0.000663086847555672,-88.227792579319,38.323756062285,-87.6282020455212,38.0823619743289,0.227040088428766,0.226377001581211,2024.72455747093,2024.72522055778,NA
886,889,0.000746944484950385,-88.1473488324645,37.4995504780915,-88.1768055765267,37.4985069830861,0.22720239909458,0.22645545460963,2024.72463592396,2024.72538286845,NA
874,875,0.00399114393766631,-88.323372929356,36.8303493399576,-87.9891750608996,37.3833861481336,0.227317107443976,0.223325963506309,2024.72150643286,2024.7254975768,NA
964,965,0.0555708253686829,-109.835796357151,42.1007967903928,-110.568666083437,42.3911628094789,0.227337417958856,0.171766592590173,2024.66994706194,2024.72551788731,NA
1016,1017,0.0191600919173598,-108.892023235482,44.1551032259033,-107.237331429806,42.5463176244214,0.227341997071765,0.208181905154405,2024.70636237451,2024.72552246642,NA
942,943,0.00823723446145253,-115.294460740512,39.5133095869393,-116.0217566237,39.570409163504,0.227347209261951,0.219109974800498,2024.71729044415,2024.72552767861,NA
1343,1353,0.0565365561619453,-104.596184908661,40.4312973988614,-87.9139193756073,39.6250566366622,0.22735865114113,0.170822094979185,2024.66900256433,2024.72553912049,NA
1022,1023,0.0137695694903488,-110.328255478596,44.0607638753274,-109.963709716478,44.7019201104331,0.227471475942539,0.213701906452191,2024.7118823758,2024.72565194529,NA
1003,1004,0.026837082691022,-108.790012176609,41.9780410223156,-108.024997833281,42.0057778543892,0.227927504540665,0.201090421849643,2024.6992708912,2024.72610797389,NA
1062,1066,0.0146596838845485,-109.94440040809,43.7423227796176,-110.79347298319,43.8800126206297,0.229799672760834,0.215139988876285,2024.71332045823,2024.72798014211,NA
1004,1005,0.00265092853094395,-108.024997833281,42.0057778543892,-108.054546523055,42.0089162984825,0.230578433071609,0.227927504540665,2024.72610797389,2024.72875890242,NA
708,710,0.00885455144173108,-74.6164402800467,42.9416112977862,-73.8556722786704,42.7344210694838,0.231104962021162,0.222250410579431,2024.72043087993,2024.72928543137,NA
710,714,6.13413169239241e-05,-73.8556722786704,42.7344210694838,-74.2723458707796,42.8970735980783,0.231166303338086,0.231104962021162,2024.72928543137,2024.72934677269,NA
1350,1351,0.0266206099646233,-109.764550120633,41.4827287817397,-109.488083702128,40.0452969733257,0.231178025839674,0.20455741587505,2024.70273788523,2024.72935849519,NA
762,783,0.0315393425894734,-83.1355270753079,36.4367326931308,-83.7078527739501,37.2830214938249,0.231845252996178,0.200305910406705,2024.69848637976,2024.73002572235,NA
889,891,0.00495910769023955,-88.1768055765267,37.4985069830861,-89.1759728069218,37.7038663007113,0.23216150678482,0.22720239909458,2024.72538286845,2024.73034197614,NA
891,892,0.00079123945652082,-89.1759728069218,37.7038663007113,-89.1554194904062,37.696445429916,0.232952746241341,0.23216150678482,2024.73034197614,2024.73113321559,NA
1055,1060,0.00849720501762685,-109.359293823742,44.6734993632269,-109.326896918434,44.5591349631033,0.233826475568341,0.225329270550714,2024.7235097399,2024.73200694492,NA
1111,1112,0.0114115903467371,-110.814978026127,45.0945232834977,-109.534989151807,43.4072624312389,0.233889956044601,0.222478365697864,2024.72065883505,2024.7320704254,NA
1041,1042,0.00872128993139132,-106.574009614837,42.6931241861602,-109.886974507061,42.1688213195865,0.235020369719334,0.226299079787943,2024.72447954914,2024.73320083907,NA
730,749,0.0157779061705505,-74.6166862692253,43.0928680390619,-74.8892706119376,41.2794008603477,0.235531080828458,0.219753174657907,2024.71793364401,2024.73371155018,NA
972,987,0.0241623102500395,-105.206409576473,42.086993863624,-100.703411650517,40.6054651051659,0.235743646555153,0.211581336305114,2024.70976180566,2024.73392411591,NA
1023,1024,0.00850096158512059,-109.963709716478,44.7019201104331,-109.845863409295,44.8451913876817,0.23597243752766,0.227471475942539,2024.72565194529,2024.73415290688,NA
913,265,0.0718635164962731,-102.350421818249,39.0241639447672,-133.893106457147,58.4314890894438,0.236792208244168,0.164928691747894,2024.6631091611,2024.7349726776,SRR34491577|A/green_winged_teal/AK/24-029315-007/2024|H5N1|USA-AK|Juneau|2024-09-26|wild_avian|D1.1
797,799,0.0818848758327437,-112.858674937931,41.5621439479129,-112.281658592592,41.2327497533062,0.237128412567835,0.155243536735092,2024.65342400609,2024.73530888192,NA
841,842,0.0131286827547172,-88.0113789915464,38.2921723404225,-88.0633620128626,38.1823664871792,0.237591521657694,0.224462838902976,2024.72264330825,2024.73577199101,NA
900,901,0.0187426487949365,-92.7475278562868,37.6545756934862,-92.3912275380095,35.0769357246384,0.238199110241126,0.21945646144619,2024.7176369308,2024.73637957959,NA
1327,1328,0.0140631487144685,-95.5059759307019,41.3802126083603,-93.4311741116065,39.5770077980876,0.238516882400552,0.224453733686083,2024.72263420304,2024.73669735175,NA
949,950,0.0144174988048142,-116.05693336625,46.9299723949392,-116.155232271092,47.0559956202424,0.238763285867796,0.224345787062982,2024.72252625641,2024.73694375522,NA
812,813,0.0123619479306998,-89.1969597738455,40.3480676204338,-86.159470084818,38.0987106500506,0.239157629698953,0.226795681768253,2024.72497615112,2024.73733809905,NA
898,899,0.0240548346733538,-92.7227415349323,38.4349494839686,-91.5725250117411,39.8925497421428,0.240368935855505,0.216314101182151,2024.71449457053,2024.73854940521,NA
886,887,0.0148894800119796,-88.1473488324645,37.4995504780915,-88.6826586138306,37.6538184993827,0.24134493462161,0.22645545460963,2024.72463592396,2024.73952540397,NA
714,718,0.010228843409833,-74.2723458707796,42.8970735980783,-71.175388167021,40.9956010336745,0.241395146747919,0.231166303338086,2024.72934677269,2024.7395756161,NA
987,988,0.00594722884633936,-100.703411650517,40.6054651051659,-101.496216086909,40.1797101332298,0.241690875401492,0.235743646555153,2024.73392411591,2024.73987134475,NA
1309,1310,0.0191533017881582,-96.8839469173942,40.9595223647471,-96.9306345029809,40.8552486793187,0.241817552970321,0.222664251182163,2024.72084472053,2024.73999802232,NA
1011,1012,0.0179274420915982,-110.208713495898,42.9413367134103,-118.498465586802,47.2693156592993,0.241831972550544,0.223904530458946,2024.72208499981,2024.7400124419,NA
1017,1018,0.0153518254829308,-107.237331429806,42.5463176244214,-107.947736015341,42.4244337950912,0.242693822554696,0.227341997071765,2024.72552246642,2024.74087429191,NA
1066,1067,0.0131101766901491,-110.79347298319,43.8800126206297,-82.7314494418324,38.7090103886662,0.242909849450983,0.229799672760834,2024.72798014211,2024.7410903188,NA
1024,1025,0.00821977807295249,-109.845863409295,44.8451913876817,-110.324368753244,44.8998789356914,0.244192215600612,0.23597243752766,2024.73415290688,2024.74237268495,NA
988,989,0.00311181264407523,-101.496216086909,40.1797101332298,-101.341659537915,40.0473378414644,0.244802688045568,0.241690875401492,2024.73987134475,2024.7429831574,NA
1328,1331,0.00803215977219129,-93.4311741116065,39.5770077980876,-92.6058552753997,39.3331569280403,0.246549042172743,0.238516882400552,2024.73669735175,2024.74472951152,NA
835,836,0.0203798707375469,-88.8795986105625,39.7908085061534,-95.3804456608678,44.7762889837135,0.247217837724212,0.226837966986665,2024.72501843634,2024.74539830708,NA
892,893,0.0146994908028284,-89.1554194904062,37.696445429916,-89.6891956536888,38.3056638331566,0.247652237044169,0.232952746241341,2024.73113321559,2024.7458327064,NA
902,912,0.0385033187467472,-93.1796220624076,36.9999740342372,-93.6389096704509,36.0106419174407,0.248672201436719,0.210168882689972,2024.70834935204,2024.74685267079,NA
965,966,0.0228700838527907,-110.568666083437,42.3911628094789,-121.247645177797,44.3405214556291,0.250207501811646,0.227337417958856,2024.72551788731,2024.74838797116,NA
1028,1029,0.0271630192430574,-110.495027959315,43.7903410141078,-116.011423609062,46.7104790503664,0.250308971662118,0.22314595241906,2024.72132642177,2024.74848944101,NA
943,944,0.0232980662366393,-116.0217566237,39.570409163504,-120.086588317537,36.703463516406,0.25064527549859,0.227347209261951,2024.72552767861,2024.74882574485,NA
1042,1043,0.0157892588518751,-109.886974507061,42.1688213195865,-110.014184319392,41.0821206632898,0.250809628571209,0.235020369719334,2024.73320083907,2024.74899009792,NA
1318,1319,0.0254346683345588,-95.2002848502644,41.4056550636678,-95.3664065226249,41.3713441277891,0.252312558747205,0.226877890412646,2024.72505835976,2024.7504930281,NA
867,870,0.0291531549709894,-87.4411582933776,36.1374907104967,-85.345474482839,33.4232892061122,0.253627977842663,0.224474822871674,2024.72265529222,2024.75180844719,NA
1012,1013,0.0143345137151001,-118.498465586802,47.2693156592993,-119.884764207784,49.0837713312712,0.256166486265644,0.241831972550544,2024.7400124419,2024.75434695562,NA
902,903,0.047510771563624,-93.1796220624076,36.9999740342372,-89.6167508766748,43.9532004461315,0.257679654253596,0.210168882689972,2024.70834935204,2024.75586012361,NA
945,946,0.0499355824033296,-112.615309163826,43.6204800181459,-99.0488564717959,30.0967068877759,0.259798728708395,0.209863146305065,2024.70804361566,2024.75797919806,NA
951,952,0.038799954809299,-115.822973458693,43.796507430879,-121.055623241135,46.6741853061015,0.260308641304185,0.221508686494886,2024.71968915585,2024.75848911066,NA
987,991,0.0249383606208808,-100.703411650517,40.6054651051659,-98.2854162255859,39.3764023346654,0.260682007176034,0.235743646555153,2024.73392411591,2024.75886247653,NA
1341,1342,0.0945436534832891,-102.295514527665,40.4996383381206,-97.0960342718058,40.8639350953394,0.261826441223004,0.167282787739715,2024.66546325709,2024.76000691057,NA
903,908,0.00561162373470814,-89.6167508766748,43.9532004461315,-89.717481776035,44.0723851642747,0.263291277988304,0.257679654253596,2024.75586012361,2024.76147174734,NA
991,992,0.00296307211008795,-98.2854162255859,39.3764023346654,-97.6585934060581,39.2068005852342,0.263645079286122,0.260682007176034,2024.75886247653,2024.76182554864,NA
1306,1308,0.0418733906672777,-97.2521545364749,39.8251325143935,-96.1236803269298,40.5262153124347,0.263669618282187,0.22179622761491,2024.71997669697,2024.76185008763,NA
812,816,0.0372261905472517,-89.1969597738455,40.3480676204338,-89.2023419069068,42.1069729208556,0.264021872315505,0.226795681768253,2024.72497615112,2024.76220234167,NA
736,742,0.0393275968963605,-70.5865027025477,42.7574323691644,-67.1391601967932,44.2894750224565,0.265797679926042,0.226470083029682,2024.72465055238,2024.76397814928,NA
742,743,0.000123233174617043,-67.1391601967932,44.2894750224565,-67.1425368550166,44.2834674347733,0.265920913100659,0.265797679926042,2024.76397814928,2024.76410138245,NA
1051,1052,0.0399229560719381,-111.574695922013,44.4459187591248,-111.323397134254,46.0082391532337,0.265953435672831,0.226030479600893,2024.72421094895,2024.76413390502,NA
1029,1030,0.0156997724794694,-116.011423609062,46.7104790503664,-113.28226652953,45.4984088622564,0.266008744141587,0.250308971662118,2024.74848944101,2024.76418921349,NA
1304,1332,0.0703471460487832,-100.069859558776,39.4864358166151,-96.8210111475856,38.8152055067531,0.266589129873579,0.196241983824795,2024.69442245318,2024.76476959923,NA
777,778,0.0400305988873384,-82.0058748424815,36.8579441244213,-95.2524084497939,39.9656277530065,0.267002899738287,0.226972300850949,2024.7251527702,2024.76518336909,NA
708,709,0.0455707438359272,-74.6164402800467,42.9416112977862,-74.1272902768409,43.0532334163254,0.267821154415358,0.222250410579431,2024.72043087993,2024.76600162377,NA
1112,1113,0.0459656581628851,-109.534989151807,43.4072624312389,-105.113791438237,41.6263933639648,0.279855614207486,0.233889956044601,2024.7320704254,2024.77803608356,NA
798,4,0.0611917888783315,-119.39214770127,42.9785291205032,-118.270898348232,39.6266596782837,0.280508055238641,0.219316266360309,2024.71749673571,2024.77868852459,SRR34491317|A/mallard/NV/24-030919-002/2024|H5N1|USA-NV|Churchill|2024-10-12|wild_avian|D1.1
687,694,0.057297280742298,-71.6720840045336,40.0625121234929,-71.7107048658108,40.5764002679442,0.282929281017884,0.225632000275586,2024.72381246963,2024.78110975037,NA
1005,1006,0.0533126779980473,-108.054546523055,42.0089162984825,-92.8379238998083,31.0233636465613,0.283891111069656,0.230578433071609,2024.72875890242,2024.78207158042,NA
1350,630,0.0841473606751966,-109.764550120633,41.4827287817397,-161.00101932122,55.6946364616819,0.288704776550247,0.20455741587505,2024.70273788523,2024.7868852459,SRR36617615|A/northern_pintail/AK/24-037862-007/2024|H5N1|USA-AK|Aleutians_East|2024-10-15|wild_avian|D1.1
941,252,0.0743345968068698,-115.930687117569,45.1472373505289,-119.510066873518,47.0723113413491,0.288704776550247,0.214370179743377,2024.71255064909,2024.7868852459,SRR34491564|A/northern_pintail/WA/24-030720-008/2024|H5N1|USA-WA|Grant|2024-10-15|wild_avian|D1.1
957,958,0.196551443313846,-107.477462806055,39.7549853247474,-111.145737370993,38.8282633531679,0.290912007147577,0.0943605638337308,2024.59254103319,2024.7890924765,NA
749,750,0.0566900563064254,-74.8892706119376,41.2794008603477,-75.8737776879533,45.0770034331239,0.292221137134883,0.235531080828458,2024.73371155018,2024.79040160649,NA
1112,335,0.0602793013798981,-109.534989151807,43.4072624312389,-119.738542219496,50.0264682201124,0.294169257424499,0.233889956044601,2024.7320704254,2024.79234972678,EPI_ISL_19787968|A/Canada_Goose/BC/AIVPHL-2656/2024|H5N1|Canada-BC|Unknown|2024-10-17|wild_avian|D1.1
1006,1007,0.0112287173337751,-92.8379238998083,31.0233636465613,-92.4400128125037,30.4991018447034,0.295119828403432,0.283891111069656,2024.78207158042,2024.79330029775,NA
1039,1054,0.075341432258597,-108.16762438531,43.6145051512095,-100.120001067646,39.8662678015968,0.295185908128764,0.219844475870167,2024.71802494522,2024.79336637748,NA
1347,1348,0.0762579742002574,-112.538085579117,39.4845471425791,-117.214222211424,35.4039581799516,0.295894922513342,0.219636948313084,2024.71781741766,2024.79407539186,NA
1310,1311,0.0560423248424189,-96.9306345029809,40.8552486793187,-92.1703872532826,39.2499979948697,0.29785987781274,0.241817552970321,2024.73999802232,2024.79604034716,NA
935,241,0.0861964968079711,-119.32660078475,47.5159661049805,-119.310838155809,47.4839840540002,0.299633738298752,0.21343724149078,2024.71161771084,2024.79781420765,SRR34491467|A/mallard/WA/24-031817-001/2024|H5N1|USA-WA|Grant|2024-10-19|wild_avian|D1.1
1005,615,0.0690553052271423,-108.054546523055,42.0089162984825,-116.524448671412,32.9676512372419,0.299633738298752,0.230578433071609,2024.72875890242,2024.79781420765,SRR34491407|A/american_white_pelican/CA/24-031867-001/2024|H5N1|USA-CA|San_Diego|2024-10-19|wild_avian|D1.1
1018,558,0.056939915744056,-107.947736015341,42.4244337950912,-111.590039457875,46.1378880379596,0.299633738298752,0.242693822554696,2024.74087429191,2024.79781420765,SRR36628568|A/green_winged_teal/MT/24-031811-004/2024|H5N1|USA-MT|Broadwater|2024-10-19|wild_avian|D1.1
1067,1068,0.0571427850971395,-82.7314494418324,38.7090103886662,-83.2672811686134,38.9132850428492,0.300052634548123,0.242909849450983,2024.7410903188,2024.7982331039,NA
799,800,0.0637560001852409,-112.281658592592,41.2327497533062,-112.238687487082,41.4931231716873,0.300884412753076,0.237128412567835,2024.73530888192,2024.7990648821,NA
1067,1099,0.0617678810883371,-82.7314494418324,38.7090103886662,-77.3582505054146,38.2327032316446,0.30467773053932,0.242909849450983,2024.7410903188,2024.80285819989,NA
966,285,0.0548907173615849,-121.247645177797,44.3405214556291,-122.985051151756,44.8176084211264,0.305098219173231,0.250207501811646,2024.74838797116,2024.80327868852,SRR34491396|A/cackling_goose/OR/24-031821-001/2024|H5N1|USA-OR|Marion|2024-10-21|wild_avian|D1.1
961,1302,0.161615082752931,-104.975318892418,40.0680606471817,-101.44449303734,32.6243347846164,0.306175865729275,0.144560782976344,2024.64274125233,2024.80435633508,NA
1011,588,0.0839259291514118,-110.208713495898,42.9413367134103,-123.948518130995,44.6151368631726,0.307830459610357,0.223904530458946,2024.72208499981,2024.80601092896,SRR34491351|A/canada_goose/OR/24-033934-001/2024|H5N1|USA-OR|Lincoln|2024-10-22|wild_avian|D1.1
1007,1008,0.013541051730906,-92.4400128125037,30.4991018447034,-90.9087921187454,30.0174208444436,0.308660880134338,0.295119828403432,2024.79330029775,2024.80684134949,NA
1099,1100,0.00458293116795705,-77.3582505054146,38.2327032316446,-76.2692071355399,37.9384957566197,0.309260661707277,0.30467773053932,2024.80285819989,2024.80744113106,NA
694,695,0.0263476482139526,-71.7107048658108,40.5764002679442,-71.2063538566775,39.9194541106151,0.309276929231837,0.282929281017884,2024.78110975037,2024.80745739858,NA
1111,333,0.0880843343496196,-110.814978026127,45.0945232834977,-114.133034266467,49.3396035364472,0.310562700047484,0.222478365697864,2024.72065883505,2024.8087431694,EPI_ISL_20208389|A/Cackling_Goose/AB/FAV-0398-1/2024|H5N1|Canada-AB|Unknown|2024-10-23|wild_avian|D1.1
749,752,0.0750894993542663,-74.8892706119376,41.2794008603477,-75.0002292901207,41.1450873416502,0.310620580182724,0.235531080828458,2024.73371155018,2024.80880104953,NA
1017,1019,0.0837410449774585,-107.237331429806,42.5463176244214,-83.2025315848913,29.4076524379782,0.311083042049223,0.227341997071765,2024.72552246642,2024.8092635114,NA
1332,1333,0.0446553163058652,-96.8210111475856,38.8152055067531,-96.5642524087385,38.911312454083,0.311244446179444,0.266589129873579,2024.76476959923,2024.80942491553,NA
854,856,0.0845645877724863,-87.6282020455212,38.0823619743289,-87.628334693373,38.0865516239899,0.311604676201253,0.227040088428766,2024.72522055778,2024.80978514555,NA
1062,1063,0.0967202404837244,-109.94440040809,43.7423227796176,-107.530961518917,43.3072975482397,0.31186022936001,0.215139988876285,2024.71332045823,2024.81004069871,NA
683,684,0.0919434314332008,-73.0079228323164,41.2911154682174,-69.7684560024719,41.2866353809217,0.312148557194117,0.220205125760916,2024.71838559511,2024.81032902655,NA
903,904,0.0555554537286342,-89.6167508766748,43.9532004461315,-85.6335390882666,42.3605225342168,0.31323510798223,0.257679654253596,2024.75586012361,2024.81141557733,NA
992,994,0.049641750461265,-97.6585934060581,39.2068005852342,-97.0126784334387,38.8596732548497,0.313286829747387,0.263645079286122,2024.76182554864,2024.8114672991,NA
950,250,0.0745316546168133,-116.155232271092,47.0559956202424,-94.2442665137626,47.495119864317,0.31329494048461,0.238763285867796,2024.73694375522,2024.81147540984,SRR34491441|A/american_coot/MN/24-032215-006/2024|H5N1|USA-MN|Itasca|2024-10-24|wild_avian|D1.1
950,249,0.0745316546168133,-116.155232271092,47.0559956202424,-93.6541894320534,47.3302437039724,0.31329494048461,0.238763285867796,2024.73694375522,2024.81147540984,SRR34491527|A/american_coot/MN/24-032215-004/2024|H5N1|USA-MN|Itasca|2024-10-24|wild_avian|D1.1
962,963,0.145204431087383,-110.393535848097,41.9668682172048,-115.993578667368,40.5896158044713,0.31336074838659,0.168156317299206,2024.66633678665,2024.81154121774,NA
856,857,0.0018102419673014,-87.628334693373,38.0865516239899,-87.5001450203933,37.3959440841603,0.313414918168554,0.311604676201253,2024.80978514555,2024.81159538752,NA
992,993,0.0498455093460128,-97.6585934060581,39.2068005852342,-98.1780769773289,38.1054684993407,0.313490588632135,0.263645079286122,2024.76182554864,2024.81167105798,NA
946,947,0.0539858192404634,-99.0488564717959,30.0967068877759,-91.7407367221407,34.8736279334202,0.313784547948858,0.259798728708395,2024.75797919806,2024.8119650173,NA
1311,1312,0.0159681186464196,-92.1703872532826,39.2499979948697,-93.5913034035826,41.497668950846,0.31382799645916,0.29785987781274,2024.79604034716,2024.81200846581,NA
832,833,0.0887373800178337,-88.7002707948631,39.9380877638821,-85.7474069416264,38.1039300628107,0.313931035608724,0.22519365559089,2024.72337412494,2024.81211150496,NA
1351,1352,0.0831805505811885,-109.488083702128,40.0452969733257,-113.486170469013,42.3693063815779,0.314358576420862,0.231178025839674,2024.72935849519,2024.81253904577,NA
731,732,0.0896149857455819,-70.9095014078727,42.7642070412974,-73.565783690828,41.1560298170071,0.314766828641273,0.225151842895691,2024.72333231225,2024.81294729799,NA
930,931,0.138391059700414,-109.003773729693,42.3892581765434,-107.924478532393,43.4261848360101,0.315086272913051,0.176695213212637,2024.67487568256,2024.81326674226,NA
917,275,0.108736874667889,-98.6067032599866,37.528228775568,-135.20765471462,58.2318111290799,0.316027180921736,0.207290306253847,2024.70547077561,2024.81420765027,SRR34491422|A/bald_eagle/AK/24-032749-001/2024|H5N1|USA-AK|Haines|2024-10-25|wild_avian|D1.1
933,242,0.0912561910122451,-115.226348008103,46.6162590199331,-107.170507201799,51.2886371479554,0.316027180921736,0.224770989909491,2024.72295145926,2024.81420765027,EPI_ISL_20208420|A/Chicken/SK/FAV-0272-1/2024|H5N1|Canada-SK|Unknown|2024-10-25|domestic_avian|D1.1
1030,1031,0.0501371844473737,-113.28226652953,45.4984088622564,-111.401940290548,46.1197702580649,0.316145928588961,0.266008744141587,2024.76418921349,2024.81432639794,NA
879,880,0.0910906907470879,-89.3204487024148,37.5782493100434,-76.0214429416656,38.3625958793939,0.316450077057363,0.225359386310275,2024.72353985566,2024.81463054641,NA
785,786,0.0974800895249905,-88.5150315990993,41.664177975259,-85.4409128779073,42.0190132056608,0.316550097471093,0.219070007946102,2024.7172504773,2024.81473056682,NA
1328,1329,0.0782604834853622,-93.4311741116065,39.5770077980876,-95.340765326714,37.7361733951546,0.316777365885914,0.238516882400552,2024.73669735175,2024.81495783524,NA
1108,1295,0.101498439569395,-110.299106964222,44.1482986490874,-147.855368699068,63.0501757249256,0.316865461900905,0.21536702233151,2024.71354749168,2024.81504593125,NA
763,764,0.0955426485921622,-82.3303417765053,37.3306435994386,-82.7149213316029,37.4451386973974,0.316896969521936,0.221354320929774,2024.71953479028,2024.81507743887,NA
1329,1330,0.000259636846975164,-95.340765326714,37.7361733951546,-95.1632417822299,37.7331214491398,0.317037002732889,0.316777365885914,2024.81495783524,2024.81521747208,NA
684,685,0.00652038510275132,-69.7684560024719,41.2866353809217,-73.0700787880781,41.4494682640788,0.318668942296868,0.312148557194117,2024.81032902655,2024.81684941165,NA
1345,676,0.10528753630438,-120.329969404601,39.8974015782612,-121.875930015629,38.7630222659489,0.318759421358862,0.213471885054482,2024.71165235441,2024.81693989071,SRR36617365|A/mallard_duck/CA/24-032544-016/2024|H5N1|USA-CA|Yolo|2024-10-26|wild_avian|D1.1
1113,1116,0.0390495205939725,-105.113791438237,41.6263933639648,-103.838755180009,43.3750987978414,0.318905134801459,0.279855614207486,2024.77803608356,2024.81708560415,NA
786,787,0.00272021424200153,-85.4409128779073,42.0190132056608,-85.980201384293,43.6096649924563,0.319270311713094,0.316550097471093,2024.81473056682,2024.81745078106,NA
764,765,0.00271628528535017,-82.7149213316029,37.4451386973974,-81.6468794085755,37.3671931196518,0.319613254807286,0.316896969521936,2024.81507743887,2024.81779372416,NA
1063,1064,0.00786032775330225,-107.530961518917,43.3072975482397,-107.58314877726,43.3316352858695,0.319720557113312,0.31186022936001,2024.81004069871,2024.81790102646,NA
842,843,0.0822410510176126,-88.0633620128626,38.1823664871792,-88.4506394450625,37.3628407743879,0.319832572675306,0.237591521657694,2024.73577199101,2024.81801304203,NA
1025,1026,0.0759496007927924,-110.324368753244,44.8998789356914,-117.778563828251,43.3026185574197,0.320141816393405,0.244192215600612,2024.74237268495,2024.81832228574,NA
778,779,0.0542362117741539,-95.2524084497939,39.9656277530065,-101.509941360048,38.1532069325268,0.321239111512441,0.267002899738287,2024.76518336909,2024.81941958086,NA
893,894,0.0736373697576804,-89.6891956536888,38.3056638331566,-86.0839219029375,34.7116725086556,0.32128960680185,0.247652237044169,2024.7458327064,2024.81947007615,NA
710,711,0.0904928877858253,-73.8556722786704,42.7344210694838,-71.2600598987654,43.1224215012924,0.321597849806987,0.231104962021162,2024.72928543137,2024.81977831916,NA
875,877,0.095252714567581,-87.9891750608996,37.3833861481336,-83.0649377617774,34.204044107891,0.322569822011557,0.227317107443976,2024.7254975768,2024.82075029136,NA
853,861,0.0963832896648029,-88.227792579319,38.323756062285,-84.2417751092532,39.0523535491394,0.322760291246014,0.226377001581211,2024.72455747093,2024.8209407606,NA
833,834,0.00937649488839454,-85.7474069416264,38.1039300628107,-86.6537540393611,36.909235389815,0.323307530497118,0.313931035608724,2024.81211150496,2024.82148799985,NA
836,837,0.0767681678747167,-95.3804456608678,44.7762889837135,-95.4763528572888,38.3786875239729,0.323986005598929,0.247217837724212,2024.74539830708,2024.82216647495,NA
1294,519,0.0983125265076596,-110.028325193131,44.4781831523774,-122.503276258703,50.6703724035706,0.324223902233342,0.225911375725682,2024.72409184508,2024.82240437158,EPI_ISL_19751742|A/Peregrine_Falcon/BC/AIVPHL-2576/2024|H5N1|Canada-BC|Unknown|2024-10-28|wild_avian|D1.1
835,838,0.0975630067052156,-88.8795986105625,39.7908085061534,-86.2316510884972,40.3180661234995,0.324400973691881,0.226837966986665,2024.72501843634,2024.82258144304,NA
1295,1296,0.00803709005790654,-147.855368699068,63.0501757249256,-148.344117708648,63.9180579248995,0.324902551958812,0.316865461900905,2024.81504593125,2024.82308302131,NA
1031,1032,0.00914490763966525,-111.401940290548,46.1197702580649,-117.663819830656,45.1769374530584,0.325290836228626,0.316145928588961,2024.81432639794,2024.82347130558,NA
908,909,0.0622705135587356,-89.717481776035,44.0723851642747,-89.173708704608,42.2698277186078,0.32556179154704,0.263291277988304,2024.76147174734,2024.8237422609,NA
1116,1117,0.00696558738399222,-103.838755180009,43.3750987978414,-104.344124539724,44.5842094362822,0.325870722185451,0.318905134801459,2024.81708560415,2024.82405119154,NA
909,910,0.000852565289555018,-89.173708704608,42.2698277186078,-89.5332599352391,42.6608130488276,0.326414356836595,0.32556179154704,2024.8237422609,2024.82459482619,NA
973,985,0.105200523461463,-100.72978761638,41.9864663355827,-95.9183530466894,42.1734802494312,0.326685930591633,0.221485407130169,2024.71966587648,2024.82486639994,NA
687,688,0.101192846809686,-71.6720840045336,40.0625121234929,-72.9818181507511,42.8339691494037,0.326824847085272,0.225632000275586,2024.72381246963,2024.82500531644,NA
736,737,0.101957730073999,-70.5865027025477,42.7574323691644,-73.2889582239581,44.8749365246483,0.32842781310368,0.226470083029682,2024.72465055238,2024.82660828246,NA
688,689,0.00174192395599926,-72.9818181507511,42.8339691494037,-73.5565019456656,42.7679889565284,0.328566771041271,0.326824847085272,2024.82500531644,2024.82674724039,NA
1116,1287,0.00967232214072644,-103.838755180009,43.3750987978414,-103.535127865873,40.9764768175141,0.328577456942185,0.318905134801459,2024.81708560415,2024.82675792629,NA
1287,1288,3.92509026967414e-05,-103.535127865873,40.9764768175141,-103.384130939547,40.8862439378672,0.328616707844882,0.328577456942185,2024.82675792629,2024.8267971772,NA
689,690,0.000294125188521122,-73.5565019456656,42.7679889565284,-73.4351956240637,42.755497430306,0.328860896229792,0.328566771041271,2024.82674724039,2024.82704136558,NA
1068,1069,0.0288890367641896,-83.2672811686134,38.9132850428492,-76.8449842330527,36.2299625861901,0.328941671312312,0.300052634548123,2024.7982331039,2024.82712214066,NA
711,712,0.00774235726314942,-71.2600598987654,43.1224215012924,-71.2935072113037,42.9148337366765,0.329340207070137,0.321597849806987,2024.81977831916,2024.82752067642,NA
949,251,0.105342596044612,-116.05693336625,46.9299723949392,-113.719403902017,48.0489243842245,0.329688383107594,0.224345787062982,2024.72252625641,2024.82786885246,SRR34491342|A/bald_eagle/MT/24-033248-001/2024|H5N1|USA-MT|Flathead|2024-10-30|wild_avian|D1.1
1307,661,0.103962179442886,-96.8218947679085,39.863027085037,-102.801759277337,50.1270746183916,0.329688383107594,0.225726203664708,2024.72390667302,2024.82786885246,EPI_ISL_20208448|A/Snow_Goose/SK/FAV-0407-6/2024|H5N1|Canada-SK|Unknown|2024-10-30|wild_avian|D1.1
1100,1103,0.0204618054270513,-76.2692071355399,37.9384957566197,-76.4017973155302,36.3982496744135,0.329722467134329,0.309260661707277,2024.80744113106,2024.82790293649,NA
752,753,0.019734265042066,-75.0002292901207,41.1450873416502,-74.7327770325922,40.9336895743181,0.33035484522479,0.310620580182724,2024.80880104953,2024.82853531458,NA
856,859,0.0195945530070905,-87.628334693373,38.0865516239899,-91.5691909776558,38.9305121428231,0.331199229208343,0.311604676201253,2024.80978514555,2024.82937969856,NA
1103,1104,0.00305191804876381,-76.4017973155302,36.3982496744135,-76.9303487389727,36.9365969588338,0.332774385183092,0.329722467134329,2024.82790293649,2024.83095485453,NA
732,733,0.0181557162513359,-73.565783690828,41.1560298170071,-73.9226975942961,41.1664331989452,0.332922544892609,0.314766828641273,2024.81294729799,2024.83110301424,NA
759,760,0.11064005422159,-80.6470668314642,40.7248856336528,-90.3099877406704,41.9375844519761,0.333840263432936,0.223200209211346,2024.72138067856,2024.83202073278,NA
1069,1070,0.00526505106969744,-76.8449842330527,36.2299625861901,-77.943848540584,36.1502206941817,0.33420672238201,0.328941671312312,2024.82712214066,2024.83238719173,NA
764,773,0.0174373034220092,-82.7149213316029,37.4451386973974,-82.3787584923328,37.9337319652572,0.334334272943945,0.316896969521936,2024.81507743887,2024.8325147423,NA
805,806,0.192967878808465,-94.8029872437442,40.1465084052326,-97.9217575557193,38.5477798023854,0.334571776075886,0.141603897267421,2024.63978436662,2024.83275224543,NA
695,696,0.0253442815315483,-71.2063538566775,39.9194541106151,-70.0282801610013,40.946845793884,0.334621210763385,0.309276929231837,2024.80745739858,2024.83280168011,NA
1288,1293,0.00611651188258833,-103.384130939547,40.8862439378672,-101.641984990112,43.4189194101468,0.33473321972747,0.328616707844882,2024.8267971772,2024.83291368908,NA
889,890,0.107581018634654,-88.1768055765267,37.4985069830861,-87.5016811632257,44.1341784273503,0.334783417729235,0.22720239909458,2024.72538286845,2024.83296388708,NA
958,278,0.0442408568342696,-111.145737370993,38.8282633531679,-118.619963406424,39.1695177524191,0.335152863981846,0.290912007147577,2024.7890924765,2024.83333333333,SRR36628797|A/northern_shoveler/NV/24-033106-004/2024|H5N1|USA-NV|Churchill|2024-11-01|wild_avian|D1.1
931,238,0.0200665910687952,-107.924478532393,43.4261848360101,-105.649748504136,42.2991109870453,0.335152863981846,0.315086272913051,2024.81326674226,2024.83333333333,SRR36617768|A/great_horned_owl/WY/24-033104-001/2024|H5N1|USA-WY|Albany|2024-11-01|wild_avian|D1.1
1296,1297,0.010591685523796,-148.344117708648,63.9180579248995,-148.448288083572,64.200692880815,0.335494237482608,0.324902551958812,2024.82308302131,2024.83367470683,NA
813,814,0.0966684065415737,-86.159470084818,38.0987106500506,-90.7736300270617,41.021698346387,0.335826036240527,0.239157629698953,2024.73733809905,2024.83400650559,NA
1000,1001,0.115248671036671,-107.95044462303,42.2348427811788,-109.450837689424,43.6021829224545,0.33754386878855,0.222295197751879,2024.7204756671,2024.83572433814,NA
1051,610,0.111854624818079,-111.574695922013,44.4459187591248,-121.021048780908,44.2939200314131,0.337885104418973,0.226030479600893,2024.72421094895,2024.83606557377,SRR34491330|A/canada_goose/OR/24-033933-001/2024|H5N1|USA-OR|Crook|2024-11-02|wild_avian|D1.1
1351,629,0.106707078579299,-109.488083702128,40.0452969733257,-117.784695253247,39.7476843712578,0.337885104418973,0.231178025839674,2024.72935849519,2024.83606557377,SRR34491332|A/mallard/NV/24-033109-013/2024|H5N1|USA-NV|Churchill|2024-11-02|wild_avian|D1.1
1012,608,0.0960531318684288,-118.498465586802,47.2693156592993,-122.154316785124,53.0731141227046,0.337885104418973,0.241831972550544,2024.7400124419,2024.83606557377,EPI_ISL_19751768|A/Snow_Goose/BC/AIVPHL-2636/2024|H5N1|Canada-BC|Unknown|2024-11-02|wild_avian|D1.1
997,998,0.127524265418522,-107.800850163143,42.4701034871085,-107.806609250223,41.3311986128897,0.337927993764101,0.210403728345579,2024.7085841977,2024.83610846312,NA
718,719,0.097849575032124,-71.175388167021,40.9956010336745,-70.9563964192382,40.9061594762475,0.339244721780043,0.241395146747919,2024.7395756161,2024.83742519113,NA
1310,1313,0.0980490080879972,-96.9306345029809,40.8552486793187,-99.5432420751094,39.5291662720795,0.339866561058319,0.241817552970321,2024.73999802232,2024.83804703041,NA
1333,1334,0.0297048891554492,-96.5642524087385,38.911312454083,-101.066167131898,41.8183737321272,0.340949335334893,0.311244446179444,2024.80942491553,2024.83912980469,NA
1353,1354,0.114006634574638,-87.9139193756073,39.6250566366622,-88.375968420117,39.7268316990833,0.341365285715768,0.22735865114113,2024.72553912049,2024.83954575507,NA
696,697,0.00687292456426625,-70.0282801610013,40.946845793884,-75.9214361770842,41.5466061825559,0.341494135327651,0.334621210763385,2024.83280168011,2024.83967460468,NA
1313,1315,0.00175388958278755,-99.5432420751094,39.5291662720795,-99.4851993748321,39.518572351768,0.341620450641106,0.339866561058319,2024.83804703041,2024.83980091999,NA
1117,1221,0.0172351402613886,-104.344124539724,44.5842094362822,-103.77583032775,44.2919203631403,0.343105862446839,0.325870722185451,2024.82405119154,2024.8412863318,NA
779,780,0.0227578382508007,-101.509941360048,38.1532069325268,-104.751396595894,40.7172505169393,0.343996949763242,0.321239111512441,2024.81941958086,2024.84217741911,NA
694,702,0.0615710060428991,-71.7107048658108,40.5764002679442,-71.6344461198447,41.7627625383598,0.344500287060783,0.282929281017884,2024.78110975037,2024.84268075641,NA
904,906,0.0315179918622805,-85.6335390882666,42.3605225342168,-85.5978032624552,42.3769138213623,0.344753099844511,0.31323510798223,2024.81141557733,2024.8429335692,NA
946,948,0.0851152366140788,-99.0488564717959,30.0967068877759,-101.305995096376,30.6529009804219,0.344913965322474,0.259798728708395,2024.75797919806,2024.84309443467,NA
1221,1228,0.00199060689431008,-103.77583032775,44.2919203631403,-103.951712787067,44.3214995644266,0.34509646934115,0.343105862446839,2024.8412863318,2024.84327693869,NA
743,744,0.0793733358095525,-67.1425368550166,44.2834674347733,-63.6906600747586,44.9514580283073,0.345294248910212,0.265920913100659,2024.76410138245,2024.84347471826,NA
1228,1229,0.000911875951225438,-103.951712787067,44.3214995644266,-102.108942216772,43.3050937746228,0.346008345292375,0.34509646934115,2024.84327693869,2024.84418881464,NA
1030,594,0.0800730815889914,-113.28226652953,45.4984088622564,-119.490710116464,47.3378558621332,0.346081825730578,0.266008744141587,2024.76418921349,2024.84426229508,SRR34491322|A/green_winged_teal/WA/24-033431-002/2024|H5N1|USA-WA|Grant|2024-11-05|wild_avian|D1.1
1070,1071,0.0129062148714754,-77.943848540584,36.1502206941817,-75.2021229149552,35.952580746653,0.347112937253485,0.33420672238201,2024.83238719173,2024.8452934066,NA
753,754,0.0173598126362366,-74.7327770325922,40.9336895743181,-74.7990928633264,40.4802027123117,0.347714657861027,0.33035484522479,2024.82853531458,2024.84589512721,NA
904,905,0.0349740444477136,-85.6335390882666,42.3605225342168,-85.0689269218011,41.8807614174363,0.348209152429944,0.31323510798223,2024.81141557733,2024.84638962178,NA
982,983,0.125105436509176,-98.9318327309626,41.0771455839896,-88.5231626505518,39.1958271518545,0.348314816194873,0.223209379685697,2024.72138984904,2024.84649528555,NA
1052,1053,0.0826079422523571,-111.323397134254,46.0082391532337,-109.141727731415,41.1248382829125,0.348561377925189,0.265953435672831,2024.76413390502,2024.84674184728,NA
744,746,0.00328408589633367,-63.6906600747586,44.9514580283073,-63.6807474056072,44.6207736035492,0.348578334806545,0.345294248910212,2024.84347471826,2024.84675880416,NA
1100,1101,0.039946669968044,-76.2692071355399,37.9384957566197,-79.0747324216474,36.3932875914653,0.349207331675321,0.309260661707277,2024.80744113106,2024.84738780103,NA
1333,1336,0.038331168831959,-96.5642524087385,38.911312454083,-97.3769288115142,38.7792714713293,0.349575615011403,0.311244446179444,2024.80942491553,2024.84775608436,NA
933,243,0.12677531669534,-115.226348008103,46.6162590199331,-103.301544374935,48.9820239795186,0.351546306604831,0.224770989909491,2024.72295145926,2024.84972677596,SRR34491320|A/ross_s_goose/ND/24-034667-001/2024|H5N1|USA-ND|Divide|2024-11-07|wild_avian|D1.1
966,286,0.101338804793184,-121.247645177797,44.3405214556291,-122.986124681643,45.5449900741682,0.351546306604831,0.250207501811646,2024.74838797116,2024.84972677596,SRR34491321|A/cackling_goose/OR/24-033931-001/2024|H5N1|USA-OR|Washington|2024-11-07|wild_avian|D1.1
965,967,0.125932837042129,-110.568666083437,42.3911628094789,-111.994038996687,33.3970046015714,0.353270255000985,0.227337417958856,2024.72551788731,2024.85145072435,NA
929,2,0.131610813562916,-113.792724876799,44.2526153253714,-94.7831176872771,29.8440410185012,0.354278547041957,0.222667733479041,2024.72084820283,2024.85245901639,SRR36628420|A/blue_winged_teal/TX/24-037863-008/2024|H5N1|USA-TX|Chambers|2024-11-08|wild_avian|D1.1
1342,624,0.0924521058189527,-97.0960342718058,40.8639350953394,-94.4622389629743,29.6008163112849,0.354278547041957,0.261826441223004,2024.76000691057,2024.85245901639,SRR36617252|A/green_winged_teal/TX/24-037863-003/2024|H5N1|USA-TX|Chambers|2024-11-08|wild_avian|D1.1
1336,1337,0.00561744450753787,-97.3769288115142,38.7792714713293,-96.5453307116258,38.8268585119345,0.355193059518941,0.349575615011403,2024.84775608436,2024.85337352887,NA
921,274,0.136715689866821,-101.745606943806,38.0657839189714,-94.8358659653577,35.5202744337775,0.357010787479083,0.220295097612262,2024.71847556696,2024.85519125683,SRR34491500|A/green_winged_teal/OK/24-034551-045/2024|H5N1|USA-OK|Sequoyah|2024-11-09|wild_avian|D1.1
1000,549,0.134715589727204,-107.95044462303,42.2348427811788,-94.9642060119756,37.372175818433,0.357010787479083,0.222295197751879,2024.7204756671,2024.85519125683,SRR34491499|A/green_winged_teal/KS/24-034556-004/2024|H5N1|USA-KS|Crawford|2024-11-09|wild_avian|D1.1
1327,671,0.132557053793,-95.5059759307019,41.3802126083603,-94.6210022952536,35.3621817306287,0.357010787479083,0.224453733686083,2024.72263420304,2024.85519125683,SRR36628704|A/green_winged_teal/OK/24-034551-041/2024|H5N1|USA-OK|Sequoyah|2024-11-09|wild_avian|D1.1
1330,655,0.0399737847461941,-95.1632417822299,37.7331214491398,-95.1447908968582,37.7133233386038,0.357010787479083,0.317037002732889,2024.81521747208,2024.85519125683,SRR34491498|A/green_winged_teal/KS/24-034557-008/2024|H5N1|USA-KS|Neosho|2024-11-09|wild_avian|D1.1
929,1,0.137075294437396,-113.792724876799,44.2526153253714,-111.091305593576,55.5536056165335,0.359743027916437,0.222667733479041,2024.72084820283,2024.85792349727,EPI_ISL_20208391|A/Canada_Goose/AB/FAV-0178-6/2025|H5N1|Canada-AB|Unknown|2024-11-10|wild_avian|D1.1
1016,605,0.154293363199158,-108.892023235482,44.1551032259033,-119.881205401637,50.4041103229316,0.362475268353563,0.208181905154405,2024.70636237451,2024.8606557377,EPI_ISL_19787978|A/Snow_Goose/BC/AIVPHL-2667/2024|H5N1|Canada-BC|Unknown|2024-11-11|wild_avian|D1.1
953,263,0.149999257492409,-110.888413009216,40.1071802772796,-114.221578326608,52.0900293248567,0.362475268353563,0.212476010861154,2024.71065648021,2024.8606557377,EPI_ISL_19792234|A/Chicken/AB/FAV-0354-2/2024|H5N1|Canada-AB|Unknown|2024-11-11|domestic_avian|D1.1
684,686,0.0515238467606733,-69.7684560024719,41.2866353809217,-72.5749948424321,41.4316406267057,0.363672403954791,0.312148557194117,2024.81032902655,2024.86185287331,NA
861,862,0.0409288829115249,-84.2417751092532,39.0523535491394,-81.2015521374355,39.6528202811155,0.363689174157539,0.322760291246014,2024.8209407606,2024.86186964351,NA
696,699,0.029623137886468,-70.0282801610013,40.946845793884,-70.8194071456818,45.7290680810964,0.364244348649853,0.334621210763385,2024.83280168011,2024.862424818,NA
1296,574,0.0403049568318774,-148.344117708648,63.9180579248995,-150.577558323802,65.4554513950795,0.365207508790689,0.324902551958812,2024.82308302131,2024.86338797814,SRR31596883|A/chicken/AK/24-034057-002-original/2024|H5N1|USA-AK|Unknown|2024-11-12|domestic_avian|D1.1
982,545,0.144730369542118,-98.9318327309626,41.0771455839896,-108.086840114608,57.3300697951276,0.367939749227815,0.223209379685697,2024.72138984904,2024.86612021858,EPI_ISL_19792227|A/Cackling_Goose/SK/FAV-0407-8/2024|H5N1|Canada-SK|Unknown|2024-11-13|wild_avian|D1.1
1050,577,0.143923095555667,-110.156269351287,44.0547078599156,-112.623246434025,43.8277327281547,0.367939749227815,0.224016653672148,2024.72219712302,2024.86612021858,SRR34491487|A/trumpeter_swan/ID/24-034853-004/2024|H5N1|USA-ID|Jefferson|2024-11-13|wild_avian|D1.1
931,237,0.0528534763147639,-107.924478532393,43.4261848360101,-112.370061962294,43.6888544629109,0.367939749227815,0.315086272913051,2024.81326674226,2024.86612021858,SRR34491488|A/trumpeter_swan/ID/24-034853-002/2024|H5N1|USA-ID|Jefferson|2024-11-13|wild_avian|D1.1
880,881,0.0524443253167439,-76.0214429416656,38.3625958793939,-76.340927168646,38.0584681088103,0.368894402374107,0.316450077057363,2024.81463054641,2024.86707487173,NA
719,720,0.0304262932393173,-70.9563964192382,40.9061594762475,-71.8868432057078,40.6051610942367,0.36967101501936,0.339244721780043,2024.83742519113,2024.86785148437,NA
1337,1339,0.0152989577899627,-96.5453307116258,38.8268585119345,-96.8470911161266,39.1360424770434,0.370492017308903,0.355193059518941,2024.85337352887,2024.86867248666,NA
900,142,0.151215528218751,-92.7475278562868,37.6545756934862,-92.359352073703,44.4397966112002,0.370671989664941,0.21945646144619,2024.7176369308,2024.86885245902,SRR34491479|A/canvasback/MN/24-035695-001/2024|H5N1|USA-MN|Wabasha|2024-11-14|wild_avian|D1.1
899,140,0.130303053809437,-91.5725250117411,39.8925497421428,-93.8444842638927,47.0004934217341,0.370671989664941,0.240368935855505,2024.73854940521,2024.86885245902,SRR34491480|A/ring_necked_duck/MN/24-035413-001/2024|H5N1|USA-MN|Cass|2024-11-14|wild_avian|D1.1
862,864,0.00860220047713112,-81.2015521374355,39.6528202811155,-79.5788506047631,41.2007959489605,0.37229137463467,0.363689174157539,2024.86186964351,2024.87047184399,NA
983,984,0.0244967085840613,-88.5231626505518,39.1958271518545,-86.9629698634356,38.5229809078187,0.372811524778934,0.348314816194873,2024.84649528555,2024.87099199413,NA
1299,554,0.156276828902105,-104.28850627956,42.8624321082888,-103.910917276522,40.1005751185648,0.373404230102067,0.217127401199962,2024.71530787055,2024.87158469945,SRR36617493|A/golden_eagle/CO/25-010611-001/2024|H5N1|USA-CO|Morgan|2024-11-15|wild_avian|D1.1
836,212,0.126186392377855,-95.3804456608678,44.7762889837135,-98.5056670754213,46.2840863585806,0.373404230102067,0.247217837724212,2024.74539830708,2024.87158469945,SRR34491411|A/green_winged_teal/ND/24-034964-002/2024|H5N1|USA-ND|LaMoure|2024-11-15|wild_avian|D1.1
800,5,0.0725198173489912,-112.238687487082,41.4931231716873,-112.46709543081,41.5256695663255,0.373404230102067,0.300884412753076,2024.7990648821,2024.87158469945,SRR34491413|A/mallard/UT/24-034892-003/2024|H5N1|USA-UT|Box_Elder|2024-11-15|wild_avian|D1.1
780,781,0.029621831320203,-104.751396595894,40.7172505169393,-104.780423896157,40.86722964201,0.373618781083445,0.343996949763242,2024.84217741911,2024.87179925043,NA
783,10,0.144291217543015,-83.7078527739501,37.2830214938249,-89.2468341516878,38.6534433456082,0.376136470539194,0.231845252996178,2024.73002572235,2024.87431693989,SRR34491574|A/green_winged_teal/IL/24-035153-025/2024|H5N1|USA-IL|Clinton|2024-11-16|wild_avian|D1.1
944,254,0.125491195040603,-120.086588317537,36.703463516406,-118.974929631749,36.9850562312985,0.376136470539194,0.25064527549859,2024.74882574485,2024.87431693989,SRR34491569|A/gadwall/CA/24-035297-036/2024|H5N1|USA-CA|Fresno|2024-11-16|wild_avian|D1.1
1331,659,0.132319668803804,-92.6058552753997,39.3331569280403,-102.744338239565,49.5593277611197,0.378868710976547,0.246549042172743,2024.74472951152,2024.87704918033,EPI_ISL_19792243|A/Mallard/SK/FAV-0391-21/2024|H5N1|Canada-SK|Unknown|2024-11-17|wild_avian|D1.1
1054,576,0.083682802847783,-100.120001067646,39.8662678015968,-89.5187942339824,38.4994067142147,0.378868710976547,0.295185908128764,2024.79336637748,2024.87704918033,SRR34491566|A/northern_pintail/IL/24-035154-001/2024|H5N1|USA-IL|Clinton|2024-11-17|wild_avian|D1.1
1334,1335,0.0383160964641471,-101.066167131898,41.8183737321272,-97.8556046350622,42.2646834435869,0.37926543179904,0.340949335334893,2024.83912980469,2024.87744590115,NA
1064,1065,0.059614841127952,-107.58314877726,43.3316352858695,-105.307953900324,43.0270844600068,0.379335398241264,0.319720557113312,2024.81790102646,2024.87751586759,NA
1221,1222,0.0368782439133919,-103.77583032775,44.2919203631403,-101.166902979754,42.7902932007851,0.379984106360231,0.343105862446839,2024.8412863318,2024.87816457571,NA
765,766,0.0611471817475211,-81.6468794085755,37.3671931196518,-81.8490246679479,37.5218583860214,0.380760436554807,0.319613254807286,2024.81779372416,2024.87894090591,NA
720,721,0.0154598803992667,-71.8868432057078,40.6051610942367,-72.9381528236408,40.2803562402801,0.385130895418627,0.36967101501936,2024.86785148437,2024.88331136477,NA
697,698,0.0438030700921501,-75.9214361770842,41.5466061825559,-74.8199588299523,40.2505789041727,0.385297205419802,0.341494135327651,2024.83967460468,2024.88347767477,NA
1113,1114,0.105709366783308,-105.113791438237,41.6263933639648,-105.209039318,41.3268864649244,0.385564980990794,0.279855614207486,2024.77803608356,2024.88374545034,NA
1229,1230,0.0431301680893459,-102.108942216772,43.3050937746228,-100.605745744013,42.1312715145316,0.389138513381721,0.346008345292375,2024.84418881464,2024.88731898273,NA
1297,571,0.0543034352424443,-148.448288083572,64.200692880815,-150.514715127078,65.0061814394454,0.389797672725052,0.335494237482608,2024.83367470683,2024.88797814208,SRR31914376|A/chicken/AK/24-035126-001-original/2024|H5N1|USA-AK|Unknown|2024-11-21|domestic_avian|D1.1
881,882,0.0225711580042636,-76.340927168646,38.0584681088103,-76.636556355085,37.8253456983065,0.39146556037837,0.368894402374107,2024.86707487173,2024.88964602973,NA
967,287,0.0392596581611935,-111.994038996687,33.3970046015714,-110.906748074958,32.9142672701248,0.392529913162178,0.353270255000985,2024.85145072435,2024.89071038251,SRR36617849|A/house_sparrow/AZ/24-036612-005/2024|H5N1|USA-AZ|Pinal|2024-11-22|wild_avian|D1.1
901,143,0.157063043358178,-92.3912275380095,35.0769357246384,-83.0131821201417,36.5822325198005,0.395262153599304,0.238199110241126,2024.73637957959,2024.89344262295,EPI_ISL_19777455|A/northern_pintail/Tennessee/158/2024|H5N1|USA-TN|Unknown|2024-11-23|wild_avian|D1.1
901,144,0.157063043358178,-92.3912275380095,35.0769357246384,-84.9248301485087,30.9613304336277,0.395262153599304,0.238199110241126,2024.73637957959,2024.89344262295,SRR36617263|A/ring_necked_duck/GA/24-036176-005/2024|H5N1|USA-GA|Seminole|2024-11-23|wild_avian|D1.1
899,141,0.1548932177438,-91.5725250117411,39.8925497421428,-80.2620897532925,26.9425218951035,0.395262153599304,0.240368935855505,2024.73854940521,2024.89344262295,SRR34491474|A/blue_winged_teal/FL/24-036665-008/2024|H5N1|USA-FL|Palm_Beach|2024-11-23|wild_avian|D1.1
912,137,0.146589952162585,-93.6389096704509,36.0106419174407,-80.424849566728,26.825702101154,0.395262153599304,0.248672201436719,2024.74685267079,2024.89344262295,SRR34491475|A/blue_winged_teal/FL/24-036665-004/2024|H5N1|USA-FL|Palm_Beach|2024-11-23|wild_avian|D1.1
906,136,0.0505090537547932,-85.5978032624552,42.3769138213623,-84.8456367030179,30.9335286485959,0.395262153599304,0.344753099844511,2024.8429335692,2024.89344262295,SRR36617264|A/ring_necked_duck/GA/24-036176-004/2024|H5N1|USA-GA|Seminole|2024-11-23|wild_avian|D1.1
1300,555,0.179921682289686,-104.155039815976,42.8173057784662,-98.9954855157079,41.0433027698867,0.397994394036658,0.218072711746972,2024.7162531811,2024.89617486339,SRR36617504|A/mallard_duck/NE/25-004748-004/2024|H5N1|USA-NE|Buffalo|2024-11-24|wild_avian|D1.1
1316,644,0.173668508848492,-95.4698482021211,41.4800619324061,-102.269833074661,44.6224146670633,0.397994394036658,0.224325885188165,2024.72250635454,2024.89617486339,SRR31914411|A/Turkey/SD/24-035157-004-original/2024|H5N1|USA-SD|Unknown|2024-11-24|domestic_avian|D1.1
922,269,0.171343230116224,-100.379202077931,37.9241496542891,-104.994956211317,39.6680311729341,0.397994394036658,0.226651163920433,2024.72483163327,2024.89617486339,SRR36617491|A/Peregrine_falcon/CO/25-019366-001/2024|H5N1|USA-CO|Denver|2024-11-24|wild_avian|D1.1
1060,617,0.164167918468317,-109.326896918434,44.5591349631033,-119.729951092892,47.2721873205806,0.397994394036658,0.233826475568341,2024.73200694492,2024.89617486339,SRR36617269|A/mallard_duck/WA/24-036061-007/2024|H5N1|USA-WA|Grant|2024-11-24|wild_avian|D1.1
1104,1105,0.0675635391243175,-76.9303487389727,36.9365969588338,-78.0479326112206,38.0347709658735,0.40033792430741,0.332774385183092,2024.83095485453,2024.89851839366,NA
1019,1020,0.0895382180197797,-83.2025315848913,29.4076524379782,-81.7756716815855,29.882277001231,0.400621260069003,0.311083042049223,2024.8092635114,2024.89880172942,NA
1307,660,0.175000430809076,-96.8218947679085,39.863027085037,-99.091057066856,40.8554296597608,0.400726634473784,0.225726203664708,2024.72390667302,2024.89890710383,SRR36617524|A/mallard_duck/NE/25-003309-011/2024|H5N1|USA-NE|Buffalo|2024-11-25|wild_avian|D1.1
943,256,0.173379425211833,-116.0217566237,39.570409163504,-110.549887784622,41.9744732644802,0.400726634473784,0.227347209261951,2024.72552767861,2024.89890710383,SRR36617265|A/great_horned_owl/WY/24-036166-001/2024|H5N1|USA-WY|Lincoln|2024-11-25|wild_avian|D1.1
1308,662,0.137057016191596,-96.1236803269298,40.5262153124347,-93.5681895164043,29.8383807286825,0.400726634473784,0.263669618282187,2024.76185008763,2024.89890710383,SRR34491454|A/blue_winged_teal/LA/24-035708-014/2024|H5N1|USA-LA|Cameron|2024-11-25|wild_avian|D1.1
1006,611,0.116835523404127,-92.8379238998083,31.0233636465613,-93.2060089603845,29.815767449991,0.400726634473784,0.283891111069656,2024.78207158042,2024.89890710383,SRR34491460|A/blue_winged_teal/LA/24-035708-007/2024|H5N1|USA-LA|Cameron|2024-11-25|wild_avian|D1.1
760,46,0.0668863710408476,-90.3099877406704,41.9375844519761,-103.445892379207,45.1044459812232,0.400726634473784,0.333840263432936,2024.83202073278,2024.89890710383,SRR31914406|A/Turkey/SD/24-035288-003-original/2024|H5N1|USA-SD|Unknown|2024-11-25|domestic_avian|D1.1
967,288,0.0474563794727993,-111.994038996687,33.3970046015714,-111.146842189,32.5972608005747,0.400726634473784,0.353270255000985,2024.85145072435,2024.89890710383,SRR36617855|A/black_necked_stilt/AZ/24-036610-002/2024|H5N1|USA-AZ|Pinal|2024-11-25|wild_avian|D1.1
1020,1021,0.0015900825903099,-81.7756716815855,29.882277001231,-81.832379590203,29.8746338861129,0.402211342659313,0.400621260069003,2024.89880172942,2024.90039181201,NA
1117,1118,0.0767154454461554,-104.344124539724,44.5842094362822,-104.931221801211,44.6570025095746,0.402586167631606,0.325870722185451,2024.82405119154,2024.90076663698,NA
754,755,0.0555322242876679,-74.7990928633264,40.4802027123117,-74.9455115858782,40.9254957751239,0.403246882148695,0.347714657861027,2024.84589512721,2024.9014273515,NA
1347,674,0.183821926597826,-112.538085579117,39.4845471425791,-111.475094129201,41.3502078523493,0.40345887491091,0.219636948313084,2024.71781741766,2024.90163934426,SRR36617487|A/canada_goose/UT/24-035683-001/2024|H5N1|USA-UT|Weber|2024-11-26|wild_avian|D1.1
1066,290,0.173659202150076,-110.79347298319,43.8800126206297,-104.174774281635,35.6564438115039,0.40345887491091,0.229799672760834,2024.72798014211,2024.90163934426,SRR34491451|A/green_winged_teal/NM/24-036318-011/2024|H5N1|USA-NM|San_Miguel|2024-11-26|wild_avian|D1.1
1060,618,0.169632399342569,-109.326896918434,44.5591349631033,-104.583376121369,35.3158834292649,0.40345887491091,0.233826475568341,2024.73200694492,2024.90163934426,SRR34491450|A/green_winged_teal/NM/24-036318-014/2024|H5N1|USA-NM|San_Miguel|2024-11-26|wild_avian|D1.1
1008,612,0.0947979947765725,-90.9087921187454,30.0174208444436,-89.8693415266713,35.7268014552956,0.40345887491091,0.308660880134338,2024.80684134949,2024.90163934426,SRR31914398|A/chicken/TN/24-035519-005-original/2024|H5N1|USA-TN|Unknown|2024-11-26|domestic_avian|D1.1
910,128,0.0770445180743151,-89.5332599352391,42.6608130488276,-90.4190444440072,42.2500658625703,0.40345887491091,0.326414356836595,2024.82459482619,2024.90163934426,SRR36628221|A/mallard_duck/IA/24-037337-003/2024|H5N1|USA-IA|Jackson|2024-11-26|wild_avian|D1.1
746,747,0.0572356712351003,-63.6807474056072,44.6207736035492,-63.8157774143622,44.7021581510137,0.405814006041646,0.348578334806545,2024.84675880416,2024.90399447539,NA
897,139,0.195179510164829,-93.2315692748957,38.7219492669144,-80.7079740288965,32.9756978985056,0.406191115348036,0.211011605183207,2024.70919207453,2024.9043715847,SRR34491447|A/blue_winged_teal/SC/24-036315-006/2024|H5N1|USA-SC|Colleton|2024-11-27|wild_avian|D1.1
874,162,0.182865151841727,-88.323372929356,36.8303493399576,-91.5370696828763,34.7561310896213,0.406191115348036,0.223325963506309,2024.72150643286,2024.9043715847,SRR34491402|A/mallard/AR/24-036997-003/2024|H5N1|USA-AR|Prairie|2024-11-27|wild_avian|D1.1
955,244,0.179484063604128,-113.652429311212,36.811845709583,-120.172379675996,34.9947764066042,0.406191115348036,0.226707051743908,2024.7248875211,2024.9043715847,SRR34491403|A/western_gull/CA/24-036324-002/2024|H5N1|USA-CA|Santa_Barbara|2024-11-27|wild_avian|D1.1
1031,596,0.0900451867590755,-111.401940290548,46.1197702580649,-110.856710960154,46.0309140932871,0.406191115348036,0.316145928588961,2024.81432639794,2024.9043715847,SRR33508820|A/snow_goose/MT/24-035974-001/2024|H5N1|USA-MT|Gallatin|2024-11-27|wild_avian|D1.1
859,860,0.0749980187937322,-91.5691909776558,38.9305121428231,-90.3447864227955,37.1289900977108,0.406197248002075,0.331199229208343,2024.82937969856,2024.90437771735,NA
778,26,0.141920456046875,-95.2524084497939,39.9656277530065,-108.010207224718,45.3911401520091,0.408923355785162,0.267002899738287,2024.76518336909,2024.90710382514,SRR36617643|A/trumpeter_swan/MT/24-037728-001/2024|H5N1|USA-MT|Big_Horn|2024-11-28|wild_avian|D1.1
702,704,0.0648795546998249,-71.6344461198447,41.7627625383598,-69.2168441901789,42.5050983347744,0.409379841760608,0.344500287060783,2024.84268075641,2024.90756031111,NA
909,911,0.0848893419048413,-89.173708704608,42.2698277186078,-91.7272836116007,44.528798616992,0.410451133451881,0.32556179154704,2024.8237422609,2024.9086316028,NA
773,774,0.0764418038652694,-82.3787584923328,37.9337319652572,-75.3523322477427,38.9076524306453,0.410776076809215,0.334334272943945,2024.8325147423,2024.90895654616,NA
1071,1072,0.0637952496150063,-75.2021229149552,35.952580746653,-75.4496253005143,37.3954113557991,0.410908186868491,0.347112937253485,2024.8452934066,2024.90908865622,NA
1101,1102,0.0624394842387335,-79.0747324216474,36.3932875914653,-80.6430659134534,35.9482495886634,0.411646815914055,0.349207331675321,2024.84738780103,2024.90982728527,NA
893,168,0.164003359178119,-89.6891956536888,38.3056638331566,-93.2143169069446,41.3206439144068,0.411655596222289,0.247652237044169,2024.7458327064,2024.90983606557,SRR34491401|A/mallard/IA/24-036924-003/2024|H5N1|USA-IA|Marion|2024-11-29|wild_avian|D1.1
712,713,0.0832927031887185,-71.2935072113037,42.9148337366765,-70.2399942192736,41.8255227285387,0.412632910258855,0.329340207070137,2024.82752067642,2024.91081337961,NA
787,788,0.0940645698216223,-85.980201384293,43.6096649924563,-87.0180468360181,43.5049465595583,0.413334881534717,0.319270311713094,2024.81745078106,2024.91151535089,NA
733,734,0.080441062042452,-73.9226975942961,41.1664331989452,-74.1984735261331,41.1618903113416,0.413363606935061,0.332922544892609,2024.83110301424,2024.91154407629,NA
734,735,0.00075084560480021,-74.1984735261331,41.1618903113416,-74.0570311817895,41.123953455524,0.414114452539861,0.413363606935061,2024.91154407629,2024.91229492189,NA
882,883,0.0227856488156519,-76.636556355085,37.8253456983065,-82.7135818361406,42.1898552963962,0.414251209194022,0.39146556037837,2024.88964602973,2024.91243167855,NA
875,876,0.18758946985759,-87.9891750608996,37.3833861481336,-90.035505534781,43.2850877861974,0.414906577301566,0.227317107443976,2024.7254975768,2024.91308704665,NA
1114,1115,0.0314867119654973,-105.209039318,41.3268864649244,-104.468615232574,40.7281836441383,0.417051692956292,0.385564980990794,2024.88374545034,2024.91523216231,NA
868,185,0.190117382762575,-87.5385241501206,36.274660157811,-88.9987078504763,36.2628325764513,0.417120077096768,0.227002694334193,2024.72518316369,2024.91530054645,SRR34491391|A/green_winged_teal/TN/24-036998-013/2024|H5N1|USA-TN|Obion|2024-12-01|wild_avian|D1.1
994,526,0.103833247349381,-97.0126784334387,38.8596732548497,-91.5243599241858,34.9186191578416,0.417120077096768,0.313286829747387,2024.8114672991,2024.91530054645,SRR34491394|A/snow_goose/AR/24-035819-001/2024|H5N1|USA-AR|Prairie|2024-12-01|wild_avian|D1.1
702,703,0.0727236676806495,-71.6344461198447,41.7627625383598,-72.7198724571354,42.0446374888868,0.417223954741433,0.344500287060783,2024.84268075641,2024.91540442409,NA
1118,1119,0.0146986814114631,-104.931221801211,44.6570025095746,-105.976758177794,45.4259656423803,0.417284849043069,0.402586167631606,2024.90076663698,2024.91546531839,NA
690,691,0.0886180512905455,-73.4351956240637,42.755497430306,-72.9145586318887,43.909783492405,0.417478947520338,0.328860896229792,2024.82704136558,2024.91565941687,NA
920,923,0.199794709307278,-101.56181432679,38.16980984638,-97.7225737617678,36.4704557602582,0.417496798774943,0.217702089467665,2024.71588255882,2024.91567726813,NA
864,865,0.0462116333344667,-79.5788506047631,41.2007959489605,-78.9176465774676,40.6424422508921,0.418503007969136,0.37229137463467,2024.87047184399,2024.91668347732,NA
854,855,0.191595984887802,-87.6282020455212,38.0823619743289,-90.542968957906,41.5650855384114,0.418636073316569,0.227040088428766,2024.72522055778,2024.91681654267,NA
747,748,0.0134523721009427,-63.8157774143622,44.7021581510137,-63.4438263765623,44.7236779097071,0.419266378142588,0.405814006041646,2024.90399447539,2024.91744684749,NA
868,869,0.192270369378278,-87.5385241501206,36.274660157811,-93.4839669562556,42.1641165923859,0.419273063712471,0.227002694334193,2024.72518316369,2024.91745353306,NA
1337,1338,0.0642282562072136,-96.5453307116258,38.8268585119345,-103.243791310458,41.1978478194437,0.419421315726154,0.355193059518941,2024.85337352887,2024.91760178508,NA
906,907,0.0748832796804459,-85.5978032624552,42.3769138213623,-93.1424172625073,45.3476473017744,0.419636379524957,0.344753099844511,2024.8429335692,2024.91781684888,NA
974,975,0.19689851381655,-99.66388624329,41.4345916071581,-92.2564784427818,39.3560063584243,0.419823489754656,0.222924975938106,2024.72110544529,2024.91800395911,NA
1312,665,0.106024321074734,-93.5913034035826,41.497668950846,-84.6409007993505,42.680170069865,0.419852317533894,0.31382799645916,2024.81200846581,2024.91803278689,SRR36617866|A/trumpeter_swan/MI/24-036239-001/2024|H5N1|USA-MI|Eaton|2024-12-02|wild_avian|D1.1
843,146,0.100019744858588,-88.4506394450625,37.3628407743879,-95.6825034528532,37.3247378414014,0.419852317533894,0.319832572675306,2024.81801304203,2024.91803278689,SRR34491382|A/snow_goose/KS/24-036679-005/2024|H5N1|USA-KS|Montgomery|2024-12-02|wild_avian|D1.1
1055,1056,0.195739614101643,-109.359293823742,44.6734993632269,-117.123456391124,38.7993055785363,0.421068884652357,0.225329270550714,2024.7235097399,2024.919249354,NA
754,757,0.073506569834453,-74.7990928633264,40.4802027123117,-75.8092282269942,40.7638910131969,0.42122122769548,0.347714657861027,2024.84589512721,2024.91940169705,NA
935,240,0.20914731648024,-119.32660078475,47.5159661049805,-111.932840939797,40.9872055943667,0.422584557971021,0.21343724149078,2024.71161771084,2024.92076502732,SRR36628227|A/canada_goose/UT/24-036341-001/2024|H5N1|USA-UT|Davis|2024-12-03|wild_avian|D1.1
951,262,0.201075871476135,-115.822973458693,43.796507430879,-112.483180413978,41.8862521709036,0.422584557971021,0.221508686494886,2024.71968915585,2024.92076502732,SRR34491344|A/owl/UT/24-036341-002/2024|H5N1|USA-UT|Box_Elder|2024-12-03|wild_avian|D1.1
922,270,0.195933394050587,-100.379202077931,37.9241496542891,-107.758449684185,45.4096671525185,0.422584557971021,0.226651163920433,2024.72483163327,2024.92076502732,SRR36628224|A/mallard_duck/MT/24-036921-002/2024|H5N1|USA-MT|Big_Horn|2024-12-03|wild_avian|D1.1
1118,1219,0.0202459658836969,-104.931221801211,44.6570025095746,-106.14402156389,43.6844275992195,0.422832133515303,0.402586167631606,2024.90076663698,2024.92101260287,NA
883,884,0.00867111291759293,-82.7135818361406,42.1898552963962,-82.2135820981339,43.4219076413896,0.422922322111615,0.414251209194022,2024.91243167855,2024.92110279146,NA
774,775,0.0123540008355865,-75.3523322477427,38.9076524306453,-75.8435171877829,38.8995294619402,0.423130077644801,0.410776076809215,2024.90895654616,2024.921310547,NA
691,692,0.00580475736570918,-72.9145586318887,43.909783492405,-71.9891314807513,43.4467970450147,0.423283704886047,0.417478947520338,2024.91565941687,2024.92146417424,NA
975,976,0.00455699053322256,-92.2564784427818,39.3560063584243,-91.5304836473329,39.5413327731094,0.424380480287878,0.419823489754656,2024.91800395911,2024.92256094964,NA
915,916,0.222473226400048,-100.183342645434,38.6889302072633,-101.843720944709,44.0389140886804,0.424416031691225,0.201942805291177,2024.70012327464,2024.92259650104,NA
1103,1106,0.0947176734920123,-76.4017973155302,36.3982496744135,-80.3812577386028,37.9079761237264,0.424440140626341,0.329722467134329,2024.82790293649,2024.92262060998,NA
1070,1081,0.0906757272763119,-77.943848540584,36.1502206941817,-78.2828344308886,38.5756498885492,0.424882449658322,0.33420672238201,2024.83238719173,2024.92306291901,NA
1219,1220,0.00215846473168413,-106.14402156389,43.6844275992195,-106.617848872039,43.6074280678478,0.424990598246987,0.422832133515303,2024.92101260287,2024.9231710676,NA
816,831,0.161213192118017,-89.2023419069068,42.1069729208556,-89.1792300819639,42.1508214747447,0.425235064433522,0.264021872315505,2024.76220234167,2024.92341553378,NA
954,245,0.199685961121198,-113.99191988684,36.8076717579862,-112.404587638905,33.3598256946091,0.425316798408147,0.225630837286948,2024.72381130664,2024.92349726776,SRR36617418|A/harris_hawk/AZ/24-038176-001/2024|H5N1|USA-AZ|Maricopa|2024-12-04|wild_avian|D1.1
1342,625,0.163490357185142,-97.0960342718058,40.8639350953394,-98.6536722355589,45.0272589433387,0.425316798408147,0.261826441223004,2024.76000691057,2024.92349726776,SRR34491526|A/snow_goose/SD/24-036845-001/2024|H5N1|USA-SD|Spink|2024-12-04|wild_avian|D1.1
760,47,0.0914765349752105,-90.3099877406704,41.9375844519761,-87.5951942823229,37.8437700455838,0.425316798408147,0.333840263432936,2024.83202073278,2024.92349726776,SRR34491531|A/snow_goose/KY/24-036682-002/2024|H5N1|USA-KY|Henderson|2024-12-04|wild_avian|D1.1
692,693,0.00277231377585219,-71.9891314807513,43.4467970450147,-72.0407227972158,43.7377134538825,0.426056018661899,0.423283704886047,2024.92146417424,2024.92423648801,NA
757,758,0.00484998134071191,-75.8092282269942,40.7638910131969,-76.7611037850156,40.8728952982702,0.426071209036192,0.42122122769548,2024.91940169705,2024.92425167839,NA
1222,1223,0.046088587852432,-101.166902979754,42.7902932007851,-98.2591203201975,42.5006966251709,0.426072694212663,0.379984106360231,2024.87816457571,2024.92425316356,NA
862,863,0.0628462095990159,-81.2015521374355,39.6528202811155,-82.9376719289723,40.1405145229443,0.426535383756554,0.363689174157539,2024.86186964351,2024.92471585311,NA
755,756,0.0235950593432317,-74.9455115858782,40.9254957751239,-77.2099770289554,41.6081167622914,0.426841941491926,0.403246882148695,2024.9014273515,2024.92502241084,NA
1106,1107,0.00271901046629353,-80.3812577386028,37.9079761237264,-80.1325362467557,37.6781493791482,0.427159151092634,0.424440140626341,2024.92262060998,2024.92533962044,NA
1072,1073,0.0168088009453824,-75.4496253005143,37.3954113557991,-75.9374491956724,35.2970360614096,0.427716987813874,0.410908186868491,2024.90908865622,2024.92589745717,NA
1348,672,0.132154116331931,-117.214222211424,35.4039581799516,-118.572719424662,34.1725214804877,0.428049038845273,0.295894922513342,2024.79407539186,2024.9262295082,SRR36617838|A/western_gull/CA/24-036784-001/2024|H5N1|USA-CA|Los_Angeles|2024-12-05|wild_avian|D1.1
1302,677,0.121873173115998,-101.44449303734,32.6243347846164,-93.3285333629415,29.8213233195616,0.428049038845273,0.306175865729275,2024.80435633508,2024.9262295082,SRR34491517|A/snow_goose/LA/24-036681-003/2024|H5N1|USA-LA|Cameron|2024-12-05|wild_avian|D1.1
993,521,0.114558450213138,-98.1780769773289,38.1054684993407,-92.8440002825077,29.7001223414924,0.428049038845273,0.313490588632135,2024.81167105798,2024.9262295082,SRR34491514|A/snow_goose/LA/24-036681-005/2024|H5N1|USA-LA|Cameron|2024-12-05|wild_avian|D1.1
1295,573,0.111183576944368,-147.855368699068,63.0501757249256,-147.104685698717,62.2052819646119,0.428049038845273,0.316865461900905,2024.81504593125,2024.9262295082,SRR36627907|A/mallard_duck/AK/24-037772-023/2024|H5N1|USA-AK|Matanuska-Susitna|2024-12-05|wild_avian|D1.1
1297,572,0.0925548013626654,-148.448288083572,64.200692880815,-147.126980952869,63.1370181176365,0.428049038845273,0.335494237482608,2024.83367470683,2024.9262295082,SRR36617632|A/mallard_duck/AK/24-037772-039/2024|H5N1|USA-AK|Matanuska-Susitna|2024-12-05|wild_avian|D1.1
744,745,0.082797063955212,-63.6906600747586,44.9514580283073,-64.2094636065655,45.5565277051517,0.428091312865424,0.345294248910212,2024.84347471826,2024.92627178222,NA
976,977,0.00398702561236419,-91.5304836473329,39.5413327731094,-86.8557215559474,38.5502923981435,0.428367505900242,0.424380480287878,2024.92256094964,2024.92654797525,NA
1081,1082,0.00362352085722673,-78.2828344308886,38.5756498885492,-78.3489534566092,38.4892160173032,0.428505970515548,0.424882449658322,2024.92306291901,2024.92668643987,NA
699,701,0.0655337805360234,-70.8194071456818,45.7290680810964,-72.526008985728,43.8906402744389,0.429778129185877,0.364244348649853,2024.862424818,2024.92795859854,NA
1052,561,0.164827843609568,-111.323397134254,46.0082391532337,-107.62218950198,45.0107070667945,0.430781279282399,0.265953435672831,2024.76413390502,2024.92896174863,SRR36628213|A/mallard_duck/MT/24-037783-006/2024|H5N1|USA-MT|Big_Horn|2024-12-06|wild_avian|D1.1
1334,635,0.0898319439475062,-101.066167131898,41.8183737321272,-91.0112049545713,33.4165047250719,0.430781279282399,0.340949335334893,2024.83912980469,2024.92896174863,SRR36617835|A/snow_goose/MS/24-036916-001/2024|H5N1|USA-MS|Washington|2024-12-06|wild_avian|D1.1
984,540,0.0579697545034648,-86.9629698634356,38.5229809078187,-87.3958688702668,38.3729862209008,0.430781279282399,0.372811524778934,2024.87099199413,2024.92896174863,SRR34491436|A/snow_goose/IN/24-037289-004/2024|H5N1|USA-IN|Gibson|2024-12-06|wild_avian|D1.1
1288,1289,0.104583148633245,-103.384130939547,40.8862439378672,-103.03933006992,41.9809517765378,0.433199856478127,0.328616707844882,2024.8267971772,2024.93138032583,NA
1020,590,0.0328922596505223,-81.7756716815855,29.882277001231,-81.4172740240479,29.643090252178,0.433513519719525,0.400621260069003,2024.89880172942,2024.93169398907,SRR36617659|A/green_winged_teal/FL/24-037597-003/2024|H5N1|USA-FL|St_Johns|2024-12-07|wild_avian|D1.1
1021,589,0.0313021770602124,-81.832379590203,29.8746338861129,-81.4004084601873,29.7606823585028,0.433513519719525,0.402211342659313,2024.90039181201,2024.93169398907,SRR36628218|A/green_winged_teal/FL/24-037597-021/2024|H5N1|USA-FL|St_Johns|2024-12-07|wild_avian|D1.1
876,159,0.0186069424179593,-90.035505534781,43.2850877861974,-89.8110541486115,43.0011166586927,0.433513519719525,0.414906577301566,2024.91308704665,2024.93169398907,SRR36617819|A/tundra_swan/WI/24-037346-003/2024|H5N1|USA-WI|Dane|2024-12-07|wild_avian|D1.1
1010,606,0.212892872730442,-110.196980914849,42.9284820942434,-123.503227626459,52.5908620364744,0.436245760156879,0.223352887426436,2024.72153335678,2024.93442622951,EPI_ISL_20208417|A/Chicken/BC/FAV-0421-2/2024|H5N1|Canada-BC|Unknown|2024-12-08|domestic_avian|D1.1
998,548,0.0983177663927779,-107.806609250223,41.3311986128897,-97.9949809226143,34.0591336475173,0.436245760156879,0.337927993764101,2024.83610846312,2024.93442622951,SRR31820756|A/chicken/OK/24-036668-002-original/2024|H5N1|USA-OK|Unknown|2024-12-08|domestic_avian|D1.1
780,782,0.0924473570777797,-104.751396595894,40.7172505169393,-112.776504504823,43.9766442099837,0.436444306841021,0.343996949763242,2024.84217741911,2024.93462477619,NA
788,789,0.0248783891833014,-87.0180468360181,43.5049465595583,-87.731291469306,43.2429291779466,0.438213270718018,0.413334881534717,2024.91151535089,2024.93639374007,NA
1313,1314,0.0984088837882283,-99.5432420751094,39.5291662720795,-93.4779684130663,39.7935197663461,0.438275444846547,0.339866561058319,2024.83804703041,2024.9364559142,NA
807,233,0.287221986078303,-93.6416276412789,40.6098847498652,-95.9079340453092,41.3116608419812,0.438978000594005,0.151756014515702,2024.64993648387,2024.93715846995,SRR34491427|A/great_horned_owl/NE/24-036852-002/2024|H5N1|USA-NE|Douglas|2024-12-09|wild_avian|D1.1
989,520,0.194175312548437,-101.341659537915,40.0473378414644,-90.4406740140581,40.5696897177303,0.438978000594005,0.244802688045568,2024.7429831574,2024.93715846995,SRR36628220|A/american_wigeon/IL/24-037535-005/2024|H5N1|USA-IL|Fulton|2024-12-09|wild_avian|D1.1
870,181,0.185350022751342,-85.345474482839,33.4232892061122,-89.9493957511083,34.008321690088,0.438978000594005,0.253627977842663,2024.75180844719,2024.93715846995,SRR36617445|A/wild_duck/MS/24-037653-002/2024|H5N1|USA-MS|Tallahatchie|2024-12-09|wild_avian|D1.1
1064,563,0.119257443480693,-107.58314877726,43.3316352858695,-87.4238299258474,41.6316537244828,0.438978000594005,0.319720557113312,2024.81790102646,2024.93715846995,SRR36617246|A/snow_goose/IN/24-037868-001/2024|H5N1|USA-IN|Lake|2024-12-09|wild_avian|D1.1
1026,569,0.1188361842006,-117.778563828251,43.3026185574197,-117.786308316101,43.08037234866,0.438978000594005,0.320141816393405,2024.81832228574,2024.93715846995,SRR33508718|A/snow_goose/OR/24-037758-001/2024|H5N1|USA-OR|Malheur|2024-12-09|wild_avian|D1.1
1001,550,0.101434131805455,-109.450837689424,43.6021829224545,-117.844002241964,45.5712702503849,0.438978000594005,0.33754386878855,2024.83572433814,2024.93715846995,SRR36617634|A/snow_goose/OR/24-037761-001/2024|H5N1|USA-OR|Union|2024-12-09|wild_avian|D1.1
864,229,0.0666866259593353,-79.5788506047631,41.2007959489605,-76.2523987520573,44.3515945245543,0.438978000594005,0.37229137463467,2024.87047184399,2024.93715846995,EPI_ISL_20208432|A/Mallard/ON/FAV-0059-8/2025|H5N1|Canada-ON|Unknown|2024-12-09|wild_avian|D1.1
795,44,0.231525545885807,-110.702147996142,45.1994640564732,-115.530836126041,51.9964343624365,0.441710241031131,0.210184695145324,2024.7083651645,2024.93989071038,EPI_ISL_20208426|A/Great_Horned_Owl/AB/FAV-0178-1/2025|H5N1|Canada-AB|Unknown|2024-12-10|wild_avian|D1.1
1312,666,0.127882244571971,-93.5913034035826,41.497668950846,-95.6507332516259,44.1533899005187,0.441710241031131,0.31382799645916,2024.81200846581,2024.93989071038,SRR34491425|A/canada_goose/MN/24-037100-001/2024|H5N1|USA-MN|Murray|2024-12-10|wild_avian|D1.1
779,31,0.12047112951869,-101.509941360048,38.1532069325268,-116.48621785374,43.489400512364,0.441710241031131,0.321239111512441,2024.81941958086,2024.93989071038,SRR33508721|A/snow_goose/ID/24-037540-001/2024|H5N1|USA-ID|Canyon|2024-12-10|wild_avian|D1.1
985,542,0.115024310439499,-95.9183530466894,42.1734802494312,-95.7610537145554,42.3487074190561,0.441710241031131,0.326685930591633,2024.82486639994,2024.93989071038,SRR36617433|A/snow_goose/IA/24-037657-004/2024|H5N1|USA-IA|Woodbury|2024-12-10|wild_avian|D1.1
814,189,0.105884204790604,-90.7736300270617,41.021698346387,-93.1455637631465,42.9222777017892,0.441710241031131,0.335826036240527,2024.83400650559,2024.93989071038,SRR34491424|A/blue_jay/IA/24-037140-001/2024|H5N1|USA-IA|Cerro_Gordo|2024-12-10|wild_avian|D1.1
781,29,0.0680914599476865,-104.780423896157,40.86722964201,-104.36630123644,40.7668247494965,0.441710241031131,0.373618781083445,2024.87179925043,2024.93989071038,SRR36617816|A/red_tailed_hawk/CO/24-037418-001/2024|H5N1|USA-CO|Weld|2024-12-10|wild_avian|D1.1
911,129,0.0312591075792499,-91.7272836116007,44.528798616992,-93.1628756521439,44.9389764803197,0.441710241031131,0.410451133451881,2024.9086316028,2024.93989071038,SRR36617403|A/canada_goose/MN/24-038291-006/2024|H5N1|USA-MN|Ramsey|2024-12-10|wild_avian|D1.1
699,700,0.0784763994136541,-70.8194071456818,45.7290680810964,-71.7755204814751,45.1659752892312,0.442720748063507,0.364244348649853,2024.862424818,2024.94090121741,NA
1289,1290,0.00965801043602865,-103.03933006992,41.9809517765378,-99.1383757663797,41.5990862908796,0.442857866914155,0.433199856478127,2024.93138032583,2024.94103833627,NA
999,552,0.236248233346782,-107.837639467761,41.8842771680436,-91.5250722371639,34.8914750795518,0.444442481468257,0.208194248121476,2024.70637471747,2024.94262295082,SRR36617233|A/mallard_duck/AR/24-037952-006/2024|H5N1|USA-AR|Prairie|2024-12-11|wild_avian|D1.1
704,705,0.0355006635711417,-69.2168441901789,42.5050983347744,-69.0510380046083,42.4451223957996,0.44488050533175,0.409379841760608,2024.90756031111,2024.94306097468,NA
887,888,0.204604635334781,-88.6826586138306,37.6538184993827,-86.4445420022277,43.434101175333,0.445949569956391,0.24134493462161,2024.73952540397,2024.94413003931,NA
918,919,0.227598125772601,-97.9083495176899,36.6164639624245,-97.6335940470488,36.6861238794304,0.446211657725283,0.218613531952683,2024.7167940013,2024.94439212708,NA
1290,1291,0.00388241262824285,-99.1383757663797,41.5990862908796,-98.2894919013283,40.5117850126005,0.446740279542398,0.442857866914155,2024.94103833627,2024.94492074889,NA
1315,668,0.105554271264277,-99.4851993748321,39.518572351768,-98.1559400128321,39.4281846343564,0.447174721905383,0.341620450641106,2024.83980091999,2024.94535519126,SRR36617797|A/snow_goose/KS/24-038036-002/2024|H5N1|USA-KS|Mitchell|2024-12-12|wild_avian|D1.1
882,174,0.0557091615270133,-76.636556355085,37.8253456983065,-81.5379590209175,31.29391229785,0.447174721905383,0.39146556037837,2024.88964602973,2024.94535519126,SRR36617408|A/bald_eagle/GA/24-038226-003/2024|H5N1|USA-GA|Glynn|2024-12-12|wild_avian|D1.1
1339,638,0.0794149450336064,-96.8470911161266,39.1360424770434,-87.8707240489063,32.4231670043265,0.44990696234251,0.370492017308903,2024.86867248666,2024.94808743169,SRR31885765|A/Guineafowl/AL/24-037980-001-original/2024|H5N1|USA-AL|Unknown|2024-12-13|domestic_avian|D1.1
957,280,0.358278638945905,-107.477462806055,39.7549853247474,-118.424989967239,46.3244828722251,0.452639202779636,0.0943605638337308,2024.59254103319,2024.95081967213,SRR36617585|A/canvasback_duck/WA/24-038667-005/2024|H5N1|USA-WA|Walla_Walla|2024-12-14|wild_avian|D1.1
1042,587,0.217618833060302,-109.886974507061,42.1688213195865,-94.1646388313913,29.6376818275418,0.452639202779636,0.235020369719334,2024.73320083907,2024.95081967213,SRR36617600|A/gadwall/TX/24-038543-056/2024|H5N1|USA-TX|Jefferson|2024-12-14|wild_avian|D1.1
863,226,0.0261038190230813,-82.9376719289723,40.1405145229443,-84.797049802092,40.7210994987212,0.452639202779636,0.426535383756554,2024.92471585311,2024.95081967213,SRR36617800|A/canada_goose/OH/24-038006-001/2024|H5N1|USA-OH|Mercer|2024-12-14|wild_avian|D1.1
1314,669,0.0143637579330887,-93.4779684130663,39.7935197663461,-89.1396952854919,36.9909101361578,0.452639202779636,0.438275444846547,2024.9364559142,2024.95081967213,SRR36617765|A/ring_necked_duck/KY/24-038721-028/2024|H5N1|USA-KY|Ballard|2024-12-14|wild_avian|D1.1
1069,302,0.129162012341803,-76.8449842330527,36.2299625861901,-76.593118672198,35.7039889170088,0.458103683654115,0.328941671312312,2024.82712214066,2024.95628415301,SRR36617384|A/snow_goose/NC/24-038497-002/2024|H5N1|USA-NC|Hyde|2024-12-16|wild_avian|D1.1
781,30,0.0844849025706709,-104.780423896157,40.86722964201,-115.937704288109,42.3569742992616,0.458103683654115,0.373618781083445,2024.87179925043,2024.95628415301,SRR36617414|A/snow_goose/ID/24-038179-001/2024|H5N1|USA-ID|Owyhee|2024-12-16|wild_avian|D1.1
997,546,0.250432195745663,-107.800850163143,42.4701034871085,-116.588737398673,41.1303887147345,0.460835924091242,0.210403728345579,2024.7085841977,2024.95901639344,SRR36617967|A/gadwall/NV/24-039032-002/2024|H5N1|USA-NV|Elko|2024-12-17|wild_avian|D1.1
942,257,0.241725949290743,-115.294460740512,39.5133095869393,-115.590259131768,40.2583018466,0.460835924091242,0.219109974800498,2024.71729044415,2024.95901639344,SRR36617969|A/mallard_duck/NV/24-039032-001/2024|H5N1|USA-NV|Elko|2024-12-17|wild_avian|D1.1
1019,592,0.149752882042018,-83.2025315848913,29.4076524379782,-95.2160127950567,29.6064395103729,0.460835924091242,0.311083042049223,2024.8092635114,2024.95901639344,SRR36618001|A/Muscovy_duck/TX/24-038475-001/2024|H5N1|USA-TX|Harris|2024-12-17|wild_avian|D1.1
911,130,0.0503847906393604,-91.7272836116007,44.528798616992,-92.2534751424071,45.0956201428187,0.460835924091242,0.410451133451881,2024.9086316028,2024.95901639344,SRR36617307|A/canada_goose/WI/25-001449-006/2024|H5N1|USA-WI|St_Croix|2024-12-17|wild_avian|D1.1
857,224,0.150153246359814,-87.5001450203933,37.3959440841603,-90.9064542440658,39.4053485149344,0.463568164528368,0.313414918168554,2024.81159538752,2024.96174863388,SRR36617388|A/trumpeter_swan/IL/24-038496-001/2024|H5N1|USA-IL|Pike|2024-12-18|wild_avian|D1.1
1354,632,0.1222028788126,-88.375968420117,39.7268316990833,-90.8172061012818,38.6344179461301,0.463568164528368,0.341365285715768,2024.83954575507,2024.96174863388,SRR36617748|A/canada_goose/MO/24-038745-013/2024|H5N1|USA-MO|St_Charles|2024-12-18|wild_avian|D1.1
1314,670,0.0252927196818208,-93.4779684130663,39.7935197663461,-94.7424905296635,40.5699515500718,0.463568164528368,0.438275444846547,2024.9364559142,2024.96174863388,SRR36617758|A/mallard_duck/MO/24-038745-003/2024|H5N1|USA-MO|Nodaway|2024-12-18|wild_avian|D1.1
776,24,0.241333290977018,-81.7190656248753,36.7955985670627,-108.545365677806,44.5685550530652,0.466300404965494,0.224967113988476,2024.72314758334,2024.96448087432,SRR36617586|A/canada_goose/WY/24-038662-001/2024|H5N1|USA-WY|Big_Horn|2024-12-19|wild_avian|D1.1
944,255,0.215655129466904,-120.086588317537,36.703463516406,-114.292389252666,33.5071131867381,0.466300404965494,0.25064527549859,2024.74882574485,2024.96448087432,SRR36628748|A/mallard_duck/AZ/25-000743-025/2024|H5N1|USA-AZ|La_Paz|2024-12-19|wild_avian|D1.1
952,248,0.205991763661309,-121.055623241135,46.6741853061015,-76.020174081053,36.7799009920264,0.466300404965494,0.260308641304185,2024.75848911066,2024.96448087432,SRR36617986|A/green_winged_teal/VA/24-038857-002/2024|H5N1|USA-VA|Virginia_Beach|2024-12-19|wild_avian|D1.1
786,40,0.149750307494401,-85.4409128779073,42.0190132056608,-84.2946605719137,34.1625681192659,0.466300404965494,0.316550097471093,2024.81473056682,2024.96448087432,SRR36617304|A/bald_eagle/GA/25-001590-001/2024|H5N1|USA-GA|Fulton|2024-12-19|wild_avian|D1.1
688,119,0.139475557880222,-72.9818181507511,42.8339691494037,-72.905358780289,42.8508621183303,0.466300404965494,0.326824847085272,2024.82500531644,2024.96448087432,SRR31959989|A/chicken/VT/24-038443-001-original/2024|H5N1|USA-VT|Unknown|2024-12-19|domestic_avian|D1.1
1105,331,0.0659624806580841,-78.0479326112206,38.0347709658735,-77.3747197982476,37.5108450136585,0.466300404965494,0.40033792430741,2024.89851839366,2024.96448087432,SRR36617982|A/wood_duck/VA/24-038859-013/2024|H5N1|USA-VA|Henrico|2024-12-19|wild_avian|D1.1
1021,591,0.0640890623061812,-81.832379590203,29.8746338861129,-80.3652627505579,32.6259890998718,0.466300404965494,0.402211342659313,2024.90039181201,2024.96448087432,SRR36617572|A/green_winged_teal/SC/25-000649-005/2024|H5N1|USA-SC|Charleston|2024-12-19|wild_avian|D1.1
884,885,0.0456354186840657,-82.2135820981339,43.4219076413896,-83.3435563287115,43.2101605681085,0.468557740795681,0.422922322111615,2024.92110279146,2024.96673821015,NA
955,246,0.242325593658712,-113.652429311212,36.811845709583,-119.976287385488,47.1404611354861,0.46903264540262,0.226707051743908,2024.7248875211,2024.96721311475,SRR36617580|A/mallard_duck/WA/25-000523-001/2024|H5N1|USA-WA|Grant|2024-12-20|wild_avian|D1.1
765,23,0.149419390595334,-81.6468794085755,37.3671931196518,-76.2225898577983,42.768791643236,0.46903264540262,0.319613254807286,2024.81779372416,2024.96721311475,SRR36617991|A/Peregrine_falcon/NY/24-038845-001/2024|H5N1|USA-NY|Cortland|2024-12-20|wild_avian|D1.1
753,49,0.13867780017783,-74.7327770325922,40.9336895743181,-76.4751333970428,42.657263804037,0.46903264540262,0.33035484522479,2024.82853531458,2024.96721311475,SRR36617989|A/cooper_s_hawk/NY/24-038846-001/2024|H5N1|USA-NY|Cayuga|2024-12-20|wild_avian|D1.1
1063,562,0.159904656479736,-107.530961518917,43.3072975482397,-95.9837852996162,41.2470457378213,0.471764885839746,0.31186022936001,2024.81004069871,2024.96994535519,SRR36628199|A/wild_goose/NE/24-038832-001/2024|H5N1|USA-NE|Douglas|2024-12-21|wild_avian|D1.1
1348,673,0.181334444200884,-117.214222211424,35.4039581799516,-120.870811567374,35.8244108932814,0.477229366714226,0.295894922513342,2024.79407539186,2024.97540983607,SRR36617878|A/western_gull/CA/25-004506-003/2024|H5N1|USA-CA|Monterey|2024-12-23|wild_avian|D1.1
1335,637,0.100696175352312,-97.8556046350622,42.2646834435869,-96.73358341694,42.9752730151098,0.479961607151352,0.37926543179904,2024.87744590115,2024.9781420765,SRR36617972|A/canada_goose/SD/24-038946-001/2024|H5N1|USA-SD|Union|2024-12-24|wild_avian|D1.1
785,42,0.271820560953755,-88.5150315990993,41.664177975259,-89.7562618353396,50.474786356716,0.490890568899857,0.219070007946102,2024.7172504773,2024.98907103825,EPI_ISL_20208449|A/Snowy_Owl/ON/FAV-0035-8/2025|H5N1|Canada-ON|Unknown|2024-12-28|wild_avian|D1.1
891,164,0.258729062115037,-89.1759728069218,37.7038663007113,-80.969770360908,32.9866855898848,0.490890568899857,0.23216150678482,2024.73034197614,2024.98907103825,SRR36617711|A/american_wigeon/SC/25-000504-002/2024|H5N1|USA-SC|Colleton|2024-12-28|wild_avian|D1.1
1053,559,0.142329190974668,-109.141727731415,41.1248382829125,-104.362555130736,37.9069226680459,0.490890568899857,0.348561377925189,2024.84674184728,2024.98907103825,SRR36617718|A/snow_goose/CO/25-000365-002/2024|H5N1|USA-CO|Pueblo|2024-12-28|wild_avian|D1.1
1073,300,0.063173581085983,-75.9374491956724,35.2970360614096,-76.0405569655168,35.4900090979834,0.490890568899857,0.427716987813874,2024.92589745717,2024.98907103825,SRR36617328|A/snow_goose/NC/25-001068-002/2024|H5N1|USA-NC|Hyde|2024-12-28|wild_avian|D1.1
714,715,0.263072040238376,-74.2723458707796,42.8970735980783,-69.4659179546812,42.9358411047079,0.494238343576462,0.231166303338086,2024.72934677269,2024.99241881293,NA
803,126,0.36907493069232,-94.7984975398781,40.2902604498558,-118.53093098725,49.0281641142521,0.496355049774337,0.127280119082017,2024.62546058843,2024.99453551913,EPI_ISL_20208383|A/Bald_Eagle/BC/OTH-0030-26/2025|H5N1|Canada-BC|Unknown|2024-12-30|wild_avian|D1.1
804,236,0.357064032924682,-95.0256528411421,40.3269791630845,-81.0883194110148,40.8716697281368,0.496355049774337,0.139291016849655,2024.6374714862,2024.99453551913,SRR36617726|A/canada_goose/OH/25-000228-002/2024|H5N1|USA-OH|Stark|2024-12-30|wild_avian|D1.1
1354,633,0.154989764058569,-88.375968420117,39.7268316990833,-87.7920554221309,36.1575953215852,0.496355049774337,0.341365285715768,2024.83954575507,2024.99453551913,SRR36617313|A/snow_goose/TN/25-001379-007/2024|H5N1|USA-TN|Humphreys|2024-12-30|wild_avian|D1.1
735,74,0.0822405972344755,-74.0570311817895,41.123953455524,-75.5579863275762,40.5504679190622,0.496355049774337,0.414114452539861,2024.91229492189,2024.99453551913,SRR36617737|A/lesser_snow_goose/PA/25-000169-003/2024|H5N1|USA-PA|Lehigh|2024-12-30|wild_avian|D1.1
758,54,0.070283840738145,-76.7611037850156,40.8728952982702,-75.179132188477,40.895132872518,0.496355049774337,0.426071209036192,2024.92425167839,2024.99453551913,SRR36628766|A/lesser_snow_goose/PA/25-000167-005/2024|H5N1|USA-PA|Northampton|2024-12-30|wild_avian|D1.1
877,161,0.176517468199906,-83.0649377617774,34.204044107891,-81.7801315127877,38.2248514149821,0.499087290211463,0.322569822011557,2024.82075029136,2024.99726775956,SRR32006892|A/chicken/WV/25-000049-006-original/2024|H5N1|USA-WV|Unknown|2024-12-31|domestic_avian|D1.1
691,121,0.0816083426911249,-72.9145586318887,43.909783492405,-76.0248518682455,38.5354578727158,0.499087290211463,0.417478947520338,2024.91565941687,2024.99726775956,SRR36617325|A/snow_goose/MA/25-001222-002/2024|H5N1|USA-MA|Dorchester|2024-12-31|wild_avian|D1.1
756,52,0.0722453487195365,-77.2099770289554,41.6081167622914,-76.2491994743933,38.3688867638219,0.499087290211463,0.426841941491926,2024.92502241084,2024.99726775956,SRR36617326|A/snow_goose/MA/25-001222-001/2024|H5N1|USA-MA|Dorchester|2024-12-31|wild_avian|D1.1
1056,1057,0.0816051709163274,-117.123456391124,38.7993055785363,-120.901447567011,36.9550499201639,0.502674055568684,0.421068884652357,2024.919249354,2025.00085452492,NA
918,268,0.285945724723264,-97.9083495176899,36.6164639624245,-89.026446821772,35.2252174878889,0.504559256675946,0.218613531952683,2024.7167940013,2025.00273972603,SRR32416368|A/Canada_Goose/TN/25-003129-001-original/2025|H5N1|USA-TN|Unknown|2025-01-02|wild_avian|D1.1
842,147,0.266967735018253,-88.0633620128626,38.1823664871792,-87.6313061338619,41.5730122249778,0.504559256675946,0.237591521657694,2024.73577199101,2025.00273972603,SRR32226683|A/Canada_Goose/IL/25-000616-010/2025|H5N1|USA-IL|Cook|2025-01-02|wild_avian|D1.1
843,145,0.18472668400064,-88.4506394450625,37.3628407743879,-87.0464973817511,34.898233360753,0.504559256675946,0.319832572675306,2024.81801304203,2025.00273972603,SRR32254443|A/snow_goose/AL/25-001388-002/2025|H5N1|USA-AL|Limestone|2025-01-02|wild_avian|D1.1
689,120,0.175992485634675,-73.5565019456656,42.7679889565284,-75.4113948867467,39.0490344222676,0.504559256675946,0.328566771041271,2024.82674724039,2025.00273972603,SRR32006864|A/chicken/DE/25-000201-001-original/2025|H5N1|USA-DE|Unknown|2025-01-02|domestic_avian|D1.1
983,539,0.156244440481073,-88.5231626505518,39.1958271518545,-87.8318647914593,41.6226512009754,0.504559256675946,0.348314816194873,2024.84649528555,2025.00273972603,SRR32226691|A/Canada_Goose/IL/25-000616-002/2025|H5N1|USA-IL|Cook|2025-01-02|wild_avian|D1.1
1101,327,0.155351925000625,-79.0747324216474,36.3932875914653,-80.3959518552224,32.626473968818,0.504559256675946,0.349207331675321,2024.84738780103,2025.00273972603,SRR32254425|A/bald_eagle/SC/25-000782-001/2025|H5N1|USA-SC|Charleston|2025-01-02|wild_avian|D1.1
1338,643,0.0851379409497921,-103.243791310458,41.1978478194437,-93.57415452521,41.5938232557811,0.504559256675946,0.419421315726154,2024.91760178508,2025.00273972603,SRR36617578|A/red_tailed_hawk/IA/25-000527-002/2024|H5N1|USA-IA|Polk|2025-01-02|wild_avian|D1.1
756,51,0.07771731518402,-77.2099770289554,41.6081167622914,-75.4679301356784,40.6970349965594,0.504559256675946,0.426841941491926,2024.92502241084,2025.00273972603,SRR32254446|A/red_tailed_hawk/PA/25-001322-001/2025|H5N1|USA-PA|Northampton|2025-01-02|wild_avian|D1.1
1107,324,0.0774001055833118,-80.1325362467557,37.6781493791482,-81.8718813634489,38.3625350950897,0.504559256675946,0.427159151092634,2024.92533962044,2025.00273972603,SRR32868825|A/Canada_Goose/WV/25-001893-003-original/2025|H5N1|USA-WV|Unknown|2025-01-02|wild_avian|D1.1
700,101,0.0618385086124389,-71.7755204814751,45.1659752892312,-71.1905782230996,41.6591916042528,0.504559256675946,0.442720748063507,2024.94090121741,2025.00273972603,SRR32254418|A/canada_goose/RI/25-001721-001/2025|H5N1|USA-RI|Newport|2025-01-02|wild_avian|D1.1
1345,675,0.293827097648822,-120.329969404601,39.8974015782612,-127.221127784012,51.2907244344553,0.507298982703304,0.213471885054482,2024.71165235441,2025.00547945205,EPI_ISL_19788013|A/Bald_Eagle/BC/AIVPHL-2979/2025|H5N1|Canada-BC|Unknown|2025-01-03|wild_avian|D1.1
1025,567,0.263106767102691,-110.324368753244,44.8998789356914,-106.663285073828,34.0554862823403,0.507298982703304,0.244192215600612,2024.74237268495,2025.00547945205,SRR32254439|A/snow_goose/NM/25-001448-001/2025|H5N1|USA-NM|Socorro|2025-01-03|wild_avian|D1.1
758,53,0.0812277736671121,-76.7611037850156,40.8728952982702,-74.4702907566161,40.8148097072775,0.507298982703304,0.426071209036192,2024.92425167839,2025.00547945205,SRR32254501|A/snow_goose/NJ/25-000806-001/2025|H5N1|USA-NJ|Morris|2025-01-03|wild_avian|D1.1
958,279,0.219126701583312,-111.145737370993,38.8282633531679,-110.13635284655,29.6359938532307,0.510038708730888,0.290912007147577,2024.7890924765,2025.00821917808,GenBank|A/Ostrich/Sonora/CPA-00009-25/2025|H5N1|Mexico-Sonora|Unknown|2025-01-04|domestic_avian|D1.1
1353,631,0.285419783617116,-87.9139193756073,39.6250566366622,-93.6128634983132,41.5464430522426,0.512778434758246,0.22735865114113,2024.72553912049,2025.01095890411,SRR32226692|A/Great_Horned_Owl/IA/25-000440-001/2025|H5N1|USA-IA|Polk|2025-01-05|wild_avian|D1.1
1032,598,0.18748759852962,-117.663819830656,45.1769374530584,-118.165988826262,45.5786047078457,0.512778434758246,0.325290836228626,2024.82347130558,2025.01095890411,SRR32125546|A/chicken/OR/25-000540-001-original/2025|H5N1|USA-OR|Unknown|2025-01-05|domestic_avian|D1.1
712,93,0.183438227688109,-71.2935072113037,42.9148337366765,-70.6356458339601,43.1223267071342,0.512778434758246,0.329340207070137,2024.82752067642,2025.01095890411,SRR32512599|A/canada_goose/ME/25-003295-001/2025|H5N1|USA-ME|York|2025-01-05|wild_avian|D1.1
755,50,0.109531552609551,-74.9455115858782,40.9254957751239,-74.802153380835,40.8873605699242,0.512778434758246,0.403246882148695,2024.9014273515,2025.01095890411,SRR32254496|A/snow_goose/NJ/25-000810-002/2025|H5N1|USA-NJ|Warren|2025-01-05|wild_avian|D1.1
789,790,0.0772019493540573,-87.731291469306,43.2429291779466,-84.8775431825772,40.4741124198351,0.515415220072075,0.438213270718018,2024.93639374007,2025.01359568942,NA
1301,557,0.299604683828953,-116.19416641956,48.3994671712627,-127.521628523578,52.6768322410032,0.515518160785603,0.215913476956651,2024.71409394631,2025.01369863014,EPI_ISL_19788009|A/Red_Tailed_Hawk/BC/AIVPHL-2966/2025|H5N1|Canada-BC|Unknown|2025-01-06|wild_avian|D1.1
709,99,0.247697006370245,-74.1272902768409,43.0532334163254,-74.1171251684788,43.1651319161167,0.515518160785603,0.267821154415358,2024.76600162377,2025.01369863014,SRR32254487|A/canada_goose/NY/25-000858-002/2025|H5N1|USA-NY|Saratoga|2025-01-06|wild_avian|D1.1
1352,628,0.201159584364741,-113.486170469013,42.3693063815779,-116.022607364983,43.6362715651685,0.515518160785603,0.314358576420862,2024.81253904577,2025.01369863014,SRR32254472|A/red_tailed_hawk/ID/25-001246-001/2025|H5N1|USA-ID|Unknown|2025-01-06|wild_avian|D1.1
894,163,0.194228553983754,-86.0839219029375,34.7116725086556,-85.2560539802294,34.3254907469027,0.515518160785603,0.32128960680185,2024.81947007615,2025.01369863014,SRR32125549|A/chicken/GA/25-000538-001-original/2025|H5N1|USA-GA|Unknown|2025-01-06|domestic_avian|D1.1
907,135,0.0958817812606463,-93.1424172625073,45.3476473017744,-89.460485985615,43.5878778504537,0.515518160785603,0.419636379524957,2024.91781684888,2025.01369863014,SRR32254451|A/red_tailed_hawk/WI/25-001295-001/2025|H5N1|USA-WI|Columbia|2025-01-06|wild_avian|D1.1
782,27,0.0790738539445819,-112.776504504823,43.9766442099837,-114.928514477578,45.5450605849299,0.515518160785603,0.436444306841021,2024.93462477619,2025.01369863014,SRR32125547|A/chicken/ID/25-000539-001-original/2025|H5N1|USA-ID|Unknown|2025-01-06|domestic_avian|D1.1
1308,663,0.254588268530773,-96.1236803269298,40.5262153124347,-91.9068902950547,32.3577520084608,0.518257886812961,0.263669618282187,2024.76185008763,2025.01643835616,SRR32416436|A/mallard/LA/25-001905-003/2025|H5N1|USA-LA|Richland|2025-01-07|wild_avian|D1.1
1115,337,0.101206193856669,-104.468615232574,40.7281836441383,-104.526011472813,40.5960514493554,0.518257886812961,0.417051692956292,2024.91523216231,2025.01643835616,SRR32254489|A/cackling_goose/CO/25-000848-001/2025|H5N1|USA-CO|Weld|2025-01-07|wild_avian|D1.1
1119,1120,0.101198081239963,-105.976758177794,45.4259656423803,-100.347133310217,41.7860882784187,0.518482930283032,0.417284849043069,2024.91546531839,2025.01666339963,NA
1355,281,0.376177699247764,-107.821736221332,40.9647299711311,-111.982207344242,33.3480404997218,0.520997612840318,0.144819913592554,2024.64300038294,2025.01917808219,SRR33508711|A/barn_owl/AZ/25-000514-002/2025|H5N1|USA-AZ|Maricopa|2025-01-08|wild_avian|D1.1
988,529,0.279306737438826,-101.496216086909,40.1797101332298,-114.230989493906,35.2389170887958,0.520997612840318,0.241690875401492,2024.73987134475,2025.01917808219,SRR32512601|A/american_wigeon/AZ/25-004049-003/2025|H5N1|USA-AZ|Mohave|2025-01-08|wild_avian|D1.1
1289,1292,0.0893602969651142,-103.03933006992,41.9809517765378,-102.955616791859,41.5911747734596,0.522560153443241,0.433199856478127,2024.93138032583,2025.02074062279,NA
947,258,0.209952790918817,-91.7407367221407,34.8736279334202,-87.6746984776878,30.2541314428215,0.523737338867675,0.313784547948858,2024.8119650173,2025.02191780822,SRR32254417|A/bald_eagle/AL/25-001791-001/2025|H5N1|USA-AL|Baldwin|2025-01-09|wild_avian|D1.1
905,133,0.175528186437731,-85.0689269218011,41.8807614174363,-92.4772870672403,51.2966833032037,0.523737338867675,0.348209152429944,2024.84638962178,2025.02191780822,EPI_ISL_19792241|A/Duck/ON/FAV-0025/2025|H5N1|Canada-ON|Unknown|2025-01-09|domestic_avian|D1.1
715,716,0.032442063708621,-69.4659179546812,42.9358411047079,-70.0113831074104,43.0701637386982,0.526680407285083,0.494238343576462,2024.99241881293,2025.02486087664,NA
790,791,0.0113980265356433,-84.8775431825772,40.4741124198351,-85.571881302064,42.0648231372611,0.526813246607719,0.515415220072075,2025.01359568942,2025.02499371596,NA
994,995,0.213981778768174,-97.0126784334387,38.8596732548497,-103.274233157569,36.4501836338042,0.52726860851556,0.313286829747387,2024.8114672991,2025.02544907787,NA
1339,1340,0.15869790041826,-96.8470911161266,39.1360424770434,-99.0868287440294,45.1218607329556,0.529189917727164,0.370492017308903,2024.86867248666,2025.02737038708,NA
831,205,0.103981726489096,-89.1792300819639,42.1508214747447,-82.8576132632737,45.5491743182165,0.529216790922618,0.425235064433522,2024.92341553378,2025.02739726027,EPI_ISL_20208395|A/Canada_Goose/ON/FAV-0038-2/2025|H5N1|Canada-ON|Unknown|2025-01-11|wild_avian|D1.1
1349,626,0.327748674689671,-109.752074176438,41.4852368560318,-96.2666433943856,44.4283374753182,0.531956516949975,0.204207842260304,2024.70238831161,2025.0301369863,SRR33029793|A/Trumpeter_Swan/MN/25-002569-001-original/2025|H5N1|USA-MN|Unknown|2025-01-12|wild_avian|D1.1
791,792,0.00615689037309897,-85.571881302064,42.0648231372611,-86.8549818033699,41.4104462344407,0.532970136980818,0.526813246607719,2025.02499371596,2025.03115060633,NA
792,793,0.000246674700360328,-86.8549818033699,41.4104462344407,-86.9048193173432,41.4248732576003,0.533216811681178,0.532970136980818,2025.03115060633,2025.03139728103,NA
766,767,0.153314926715974,-81.8490246679479,37.5218583860214,-81.9940222014121,38.0035804131583,0.534075363270782,0.380760436554807,2024.87894090591,2025.03225583262,NA
934,239,0.325897609403562,-119.161553751774,47.5842809988932,-93.3985592412572,34.1857532519101,0.534696242977332,0.208798633573771,2024.70697910293,2025.03287671233,SRR32416354|A/American_Woodcock/AR/25-003125-001-original/2025|H5N1|USA-AR|Unknown|2025-01-13|wild_avian|D1.1
737,59,0.206268429873652,-73.2889582239581,44.8749365246483,-73.264950498886,44.7748122249381,0.534696242977332,0.32842781310368,2024.82660828246,2025.03287671233,SRR32254424|A/mallard/VT/25-001682-021/2025|H5N1|USA-VT|Grand_Isle|2025-01-13|wild_avian|D1.1
693,123,0.108640224315433,-72.0407227972158,43.7377134538825,-77.5969876910013,42.6968351558319,0.534696242977332,0.426056018661899,2024.92423648801,2025.03287671233,SRR32254429|A/snow_goose/NY/25-001673-001/2025|H5N1|USA-NY|Ontario|2025-01-13|wild_avian|D1.1
700,102,0.091975494913825,-71.7755204814751,45.1659752892312,-73.2797778541579,44.908480760766,0.534696242977332,0.442720748063507,2024.94090121741,2025.03287671233,SRR32254427|A/mallard/VT/25-001682-012/2025|H5N1|USA-VT|Grand_Isle|2025-01-13|wild_avian|D1.1
878,157,0.31463536738188,-88.9463310330697,36.8570396608118,-80.3878562430888,27.6023980627639,0.53743596900469,0.22280060162281,2024.72098107097,2025.03561643836,SRR33508814|A/lesser_scaup/FL/25-003912-002/2025|H5N1|USA-FL|Indian_River|2025-01-14|wild_avian|D1.1
1311,664,0.242315817219307,-92.1703872532826,39.2499979948697,-88.7862843820503,33.2464646351526,0.540175695032047,0.29785987781274,2024.79604034716,2025.03835616438,SRR32416380|A/Wood_Duck/MS/25-002206-001-original/2025|H5N1|USA-MS|Unknown|2025-01-15|wild_avian|D1.1
1002,289,0.349857268269611,-108.75147374348,41.9856225690663,-119.234539295274,47.0545069780902,0.542915421059632,0.193058152790021,2024.69123862214,2025.04109589041,SRR32653596|A/Weasel/WA/25-002912-001-original-repeat2/2025|H5N1|USA-WA|Unknown|2025-01-16|other_mammal|D1.1
697,114,0.20142128573198,-75.9214361770842,41.5466061825559,-75.7166025879145,40.6654382805027,0.542915421059632,0.341494135327651,2024.83967460468,2025.04109589041,SRR32513297|A/red_tailed_hawk/PA/25-003148-002/2025|H5N1|USA-PA|Lehigh|2025-01-16|wild_avian|D1.1
1315,667,0.201294970418526,-99.4851993748321,39.518572351768,-104.498892477687,42.3942093784111,0.542915421059632,0.341620450641106,2024.83980091999,2025.04109589041,SRR32513187|A/great_horned_owl/WY/25-002742-001/2025|H5N1|USA-WY|Goshen|2025-01-16|wild_avian|D1.1
1340,639,0.0137255033324681,-99.0868287440294,45.1218607329556,-99.0613417454471,45.1178215582863,0.542915421059632,0.529189917727164,2025.02737038708,2025.04109589041,SRR32254412|A/cat/SD/25-002248-001/2025|H5N1|USA-SD|Faulk|2025-01-16|feline|D1.1
1340,640,0.0137255033324681,-99.0868287440294,45.1218607329556,-99.1158070599006,45.1332635688357,0.542915421059632,0.529189917727164,2025.02737038708,2025.04109589041,SRR32254411|A/cat/SD/25-002248-002/2025|H5N1|USA-SD|Faulk|2025-01-16|feline|D1.1
995,996,0.016071199790157,-103.274233157569,36.4501836338042,-103.39443995168,36.3645196782752,0.543339808305717,0.52726860851556,2025.02544907787,2025.04152027766,NA
865,228,0.127152139117853,-78.9176465774676,40.6424422508921,-78.0531169559859,37.4820313242034,0.545655147086989,0.418503007969136,2024.91668347732,2025.04383561644,SRR32254410|A/African_crowned_crane/VA/25-002296-001/2025|H5N1|USA-VA|Powhatan|2025-01-17|wild_avian|D1.1
701,103,0.115877017901113,-72.526008985728,43.8906402744389,-72.0764358892098,43.2977968150553,0.545655147086989,0.429778129185877,2024.92795859854,2025.04383561644,SRR32513176|A/mallard/NH/25-003045-054/2025|H5N1|USA-NH|Merrimack|2025-01-17|wild_avian|D1.1
701,104,0.115877017901113,-72.526008985728,43.8906402744389,-71.6175527893628,43.3612075063207,0.545655147086989,0.429778129185877,2024.92795859854,2025.04383561644,SRR32416416|A/mallard/NH/25-003045-041/2025|H5N1|USA-NH|Merrimack|2025-01-17|wild_avian|D1.1
1223,1224,0.121389575338272,-98.2591203201975,42.5006966251709,-101.682451294924,49.8596435512566,0.547462269550935,0.426072694212663,2024.92425316356,2025.0456427389,NA
948,260,0.203480907791873,-101.305995096376,30.6529009804219,-104.853327137762,33.1356824218197,0.548394873114347,0.344913965322474,2024.84309443467,2025.04657534247,SRR32513271|A/great_horned_owl/NM/25-002820-001/2025|H5N1|USA-NM|Chaves|2025-01-18|wild_avian|D1.1
705,110,0.106254093809954,-69.0510380046083,42.4451223957996,-71.6819874820244,41.4230717443974,0.551134599141704,0.44488050533175,2024.94306097468,2025.04931506849,SRR33319045|A/hooded_merganser/RI/25-007119-005/2025|H5N1|USA-RI|Washington|2025-01-19|wild_avian|D1.1
1224,1225,0.00387172683846493,-101.682451294924,49.8596435512566,-101.752496003517,49.981060895509,0.5513339963894,0.547462269550935,2025.0456427389,2025.04951446574,NA
1223,1227,0.127887810373557,-98.2591203201975,42.5006966251709,-98.639945628983,42.2648232401172,0.55396050458622,0.426072694212663,2024.92425316356,2025.05214097394,NA
1032,597,0.23132321496802,-117.663819830656,45.1769374530584,-118.030216714562,40.7230208027182,0.556614051196646,0.325290836228626,2024.82347130558,2025.05479452055,SRR32254304|A/cattle/NV/25-002645-003-original/2025|H5N1|USA-NV|Unknown|2025-01-21|cattle|D1.1
788,32,0.14327916966193,-87.0180468360181,43.5049465595583,-87.274635012538,44.8814222241071,0.556614051196646,0.413334881534717,2024.91151535089,2025.05479452055,SRR34980358|A/bald_eagle/WI/25-021326-002/2025|H5N1|USA-WI|Door|2025-01-21|wild_avian|D1.1
916,277,0.132198019505421,-101.843720944709,44.0389140886804,-107.426683564881,48.6510848630125,0.556614051196646,0.424416031691225,2024.92259650104,2025.05479452055,SRR33125070|A/Great_Horned_Owl/MT/25-006102-001-original/2025|H5N1|USA-MT|Unknown|2025-01-21|wild_avian|D1.1
838,839,0.234844285816973,-86.2316510884972,40.3180661234995,-84.7670414676592,38.9120737618767,0.559245259508854,0.324400973691881,2024.82258144304,2025.05742572886,NA
941,253,0.344983597480627,-115.930687117569,45.1472373505289,-119.804498364035,45.963283895034,0.559353777224004,0.214370179743377,2024.71255064909,2025.05753424658,GenBank|A/chicken/WA/W250220054-7/2025|H5N1|USA-WA|Unknown|2025-01-22|domestic_avian|D1.1
837,214,0.235367771625075,-95.4763528572888,38.3786875239729,-94.5146507785095,34.6557270502106,0.559353777224004,0.323986005598929,2024.82216647495,2025.05753424658,SRR32416465|A/bald_eagle/OK/25-003111-001/2025|H5N1|USA-OK|Le_Flore|2025-01-22|wild_avian|D1.1
720,89,0.189682762204644,-71.8868432057078,40.6051610942367,-70.7843088378531,41.9703459306273,0.559353777224004,0.36967101501936,2024.86785148437,2025.05753424658,SRR32512553|A/canada_goose/MA/25-003297-004/2025|H5N1|USA-MA|Plymouth|2025-01-22|wild_avian|D1.1
713,91,0.146720866965149,-70.2399942192736,41.8255227285387,-70.0734079875057,41.9439821612393,0.559353777224004,0.412632910258855,2024.91081337961,2025.05753424658,SRR32512620|A/great_horned_owl/MA/25-003297-003/2025|H5N1|USA-MA|Barnstable|2025-01-22|wild_avian|D1.1
1081,303,0.134471327565682,-78.2828344308886,38.5756498885492,-75.9263922750523,37.5317074433658,0.559353777224004,0.424882449658322,2024.92306291901,2025.05753424658,SRR32513231|A/snow_goose/VA/25-004135-011/2025|H5N1|USA-VA|Northampton|2025-01-22|wild_avian|D1.1
977,531,0.130986271323761,-86.8557215559474,38.5502923981435,-84.6068442268695,39.0323906121166,0.559353777224004,0.428367505900242,2024.92654797525,2025.05753424658,SRR32512591|A/canada_goose/KY/25-004132-002/2025|H5N1|USA-KY|Kenton|2025-01-22|wild_avian|D1.1
839,209,0.000108517715149858,-84.7670414676592,38.9120737618767,-84.7731703772974,38.9381914514755,0.559353777224004,0.559245259508854,2025.05742572886,2025.05753424658,SRR33029806|A/raccoon/KY/25-006499-002/2025|H5N1|USA-KY|Boone|2025-01-22|other_mammal|D1.1
752,48,0.251472923068637,-75.0002292901207,41.1450873416502,-72.9287138093191,41.3143704783918,0.562093503251361,0.310620580182724,2024.80880104953,2025.0602739726,SRR32512673|A/american_black_duck/CT/25-003143-002/2025|H5N1|USA-CT|New_Haven|2025-01-23|wild_avian|D1.1
963,284,0.248732754864771,-115.993578667368,40.5896158044713,-117.549039923015,42.9509421018062,0.562093503251361,0.31336074838659,2024.81154121774,2025.0602739726,SRR32415199|A/chicken/OR/25-003575-001-original/2025|H5N1|USA-OR|Unknown|2025-01-23|domestic_avian|D1.1
806,234,0.227521727175475,-97.9217575557193,38.5477798023854,-97.1835539494135,41.5846485152675,0.562093503251361,0.334571776075886,2024.83275224543,2025.0602739726,SRR32654188|A/Turkey/NE/25-002670-003-original/2025|H5N1|USA-NE|Unknown|2025-01-23|domestic_avian|D1.1
716,96,0.0354130959662782,-70.0113831074104,43.0701637386982,-70.6439219997563,43.1713899936692,0.562093503251361,0.526680407285083,2025.02486087664,2025.0602739726,SRR32512597|A/canada_goose/ME/25-003295-004/2025|H5N1|USA-ME|York|2025-01-23|wild_avian|D1.1
716,717,0.0372802793784965,-70.0113831074104,43.0701637386982,-71.4639315285888,43.2979264016727,0.563960686663579,0.526680407285083,2025.02486087664,2025.06214115602,NA
1057,623,0.0621591737100343,-120.901447567011,36.9550499201639,-122.178006989333,37.5062027232388,0.564833229278718,0.502674055568684,2025.00085452492,2025.06301369863,SRR33125090|A/western_gull/CA/25-004499-005/2025|H5N1|USA-CA|San_Mateo|2025-01-24|wild_avian|D1.1
1225,1226,0.0161004647632601,-101.752496003517,49.981060895509,-101.928064458521,50.5159959521536,0.56743446115266,0.5513339963894,2025.04951446574,2025.0656149305,NA
1319,645,0.315260396558871,-95.3664065226249,41.3713441277891,-86.7071590722872,38.099053268677,0.567572955306076,0.252312558747205,2024.7504930281,2025.06575342466,SRR32654185|A/chicken/IN/25-002875-001-original/2025|H5N1|USA-IN|Unknown|2025-01-25|domestic_avian|D1.1
1068,322,0.267520320757953,-83.2672811686134,38.9132850428492,-76.0919339952633,35.6021879992107,0.567572955306076,0.300052634548123,2024.7982331039,2025.06575342466,SRR32513217|A/wood_duck/NC/25-003923-002/2025|H5N1|USA-NC|Hyde|2025-01-25|wild_avian|D1.1
1071,291,0.220460018052591,-75.2021229149552,35.952580746653,-76.1532688028386,35.7751364635266,0.567572955306076,0.347112937253485,2024.8452934066,2025.06575342466,SRR32513216|A/wood_duck/NC/25-003927-016/2025|H5N1|USA-NC|Tyrrell|2025-01-25|wild_avian|D1.1
1082,321,0.139066984790527,-78.3489534566092,38.4892160173032,-75.5388031455991,39.3782603144594,0.567572955306076,0.428505970515548,2024.92668643987,2025.06575342466,SRR32654186|A/chicken/DE/25-002825-001-original/2025|H5N1|USA-DE|Unknown|2025-01-25|domestic_avian|D1.1
1057,1058,0.0699624850235582,-120.901447567011,36.9550499201639,-121.420731979993,36.7006940541436,0.572636540592242,0.502674055568684,2025.00085452492,2025.07081700994,NA
1024,570,0.337079969833358,-109.845863409295,44.8451913876817,-117.162705066163,56.7002451166041,0.573052407361018,0.23597243752766,2024.73415290688,2025.07123287671,EPI_ISL_20208386|A/Black-Billed_Magpie/AB/FAV-0101-2/2025|H5N1|Canada-AB|Unknown|2025-01-27|wild_avian|D1.1
1332,634,0.306463277487439,-96.8210111475856,38.8152055067531,-105.990071966704,38.7617810309192,0.573052407361018,0.266589129873579,2024.76476959923,2025.07123287671,SRR32512607|A/canada_goose/CO/25-003832-001/2025|H5N1|USA-CO|Chaffee|2025-01-27|wild_avian|D1.1
1007,614,0.277932578957586,-92.4400128125037,30.4991018447034,-81.8584602356104,26.5300349266772,0.573052407361018,0.295119828403432,2024.79330029775,2025.07123287671,SRR32416454|A/bald_eagle/FL/25-003208-001/2025|H5N1|USA-FL|Lee|2025-01-27|wild_avian|D1.1
877,160,0.250482585349461,-83.0649377617774,34.204044107891,-90.0835171695219,29.9402156934703,0.573052407361018,0.322569822011557,2024.82075029136,2025.07123287671,SRR32513218|A/vulture/LA/25-003600-001/2025|H5N1|USA-LA|Orleans|2025-01-27|wild_avian|D1.1
1293,511,0.238319187633548,-101.641984990112,43.4189194101468,-101.67318657178,47.0324617706918,0.573052407361018,0.33473321972747,2024.83291368908,2025.07123287671,SRR32416347|A/canada_goose/ND/25-003472-002/2025|H5N1|USA-ND|Oliver|2025-01-27|wild_avian|D1.1
1335,636,0.193786975561978,-97.8556046350622,42.2646834435869,-97.7396598699823,42.1169765728967,0.573052407361018,0.37926543179904,2024.87744590115,2025.07123287671,SRR32654124|A/Guineafowl/NE/25-003247-003-original/2025|H5N1|USA-NE|Unknown|2025-01-27|domestic_avian|D1.1
737,738,0.246082482774221,-73.2889582239581,44.8749365246483,-76.4553176867604,39.3631852395156,0.574510295877901,0.32842781310368,2024.82660828246,2025.07269076523,NA
790,794,0.0597508313329699,-84.8775431825772,40.4741124198351,-85.3278676637459,42.3556828307184,0.575166051405045,0.515415220072075,2025.01359568942,2025.07334652076,NA
860,223,0.1695948853863,-90.3447864227955,37.1289900977108,-91.4410156685007,38.1287486486506,0.575792133388375,0.406197248002075,2024.90437771735,2025.07397260274,SRR33125126|A/Red-tailed_Hawk/MO/25-004415-009-original/2025|H5N1|USA-MO|Unknown|2025-01-28|wild_avian|D1.1
975,538,0.15596864363372,-92.2564784427818,39.3560063584243,-81.2187128186657,37.2390705195626,0.575792133388375,0.419823489754656,2024.91800395911,2025.07397260274,SRR32653672|A/Canada_Goose/WV/25-005199-001-original/2025|H5N1|USA-WV|Unknown|2025-01-28|wild_avian|D1.1
1058,1059,0.0043179341150954,-121.420731979993,36.7006940541436,-122.55337625871,37.5282409516021,0.576954474707338,0.572636540592242,2025.07081700994,2025.07513494406,NA
1027,1033,0.356814714840688,-110.51312143005,43.9232736375843,-124.033673589408,42.8686097624484,0.577723158185294,0.220908443344606,2024.7190889127,2025.07590362754,NA
857,858,0.264653299949941,-87.5001450203933,37.3959440841603,-94.6565559445627,42.9789040404094,0.578068218118495,0.313414918168554,2024.81159538752,2025.07624868747,NA
1099,332,0.273854128876412,-77.3582505054146,38.2327032316446,-84.3554573056677,42.9270794304293,0.578531859415733,0.30467773053932,2024.80285819989,2025.07671232877,SRR32512666|A/canada_goose/MI/25-004311-003/2025|H5N1|USA-MI|Shiawassee|2025-01-29|wild_avian|D1.1
963,283,0.265171111029143,-115.993578667368,40.5896158044713,-110.141957837009,38.5819162704823,0.578531859415733,0.31336074838659,2024.81154121774,2025.07671232877,SRR32513288|A/red_tailed_hawk/UT/25-003824-002/2025|H5N1|USA-UT|Unknown|2025-01-29|wild_avian|D1.1
1329,656,0.261754493529819,-95.340765326714,37.7361733951546,-101.580382714857,33.6685079901441,0.578531859415733,0.316777365885914,2024.81495783524,2025.07671232877,SRR32513289|A/red_tailed_hawk/TX/25-003592-003/2025|H5N1|USA-TX|Lubbock|2025-01-29|wild_avian|D1.1
685,118,0.259862917118864,-73.0700787880781,41.4494682640788,-72.9742151996718,41.2806074200854,0.578531859415733,0.318668942296868,2024.81684941165,2025.07671232877,SRR32512614|A/american_black_duck/CT/25-004298-002/2025|H5N1|USA-CT|New_Haven|2025-01-29|wild_avian|D1.1
1114,338,0.192966878424938,-105.209039318,41.3268864649244,-102.036549165436,33.6016151055486,0.578531859415733,0.385564980990794,2024.88374545034,2025.07671232877,SRR32512557|A/cackling_goose/TX/25-003592-001/2025|H5N1|USA-TX|Lubbock|2025-01-29|wild_avian|D1.1
883,171,0.164280650221711,-82.7135818361406,42.1898552963962,-82.1589836360611,41.2915279810733,0.578531859415733,0.414251209194022,2024.91243167855,2025.07671232877,SRR32804602|A/bald_eagle/OH/25-006046-002/2025|H5N1|USA-OH|Lorain|2025-01-29|wild_avian|D1.1
703,106,0.1613079046743,-72.7198724571354,42.0446374888868,-68.0484957759964,49.476707216709,0.578531859415733,0.417223954741433,2024.91540442409,2025.07671232877,EPI_ISL_19792250|A/Turkey/QC/FAV-0046-1/2025|H5N1|Canada-QC|Unknown|2025-01-29|domestic_avian|D1.1
865,227,0.160028851446596,-78.9176465774676,40.6424422508921,-80.5372793593035,40.9051878020318,0.578531859415733,0.418503007969136,2024.91668347732,2025.07671232877,SRR32804603|A/bald_eagle/OH/25-006046-001/2025|H5N1|USA-OH|Mahoning|2025-01-29|wild_avian|D1.1
831,206,0.153296794982211,-89.1792300819639,42.1508214747447,-83.887335065054,42.3202955453839,0.578531859415733,0.425235064433522,2024.92341553378,2025.07671232877,SRR32512665|A/canada_goose/MI/25-004311-004/2025|H5N1|USA-MI|Washtenaw|2025-01-29|wild_avian|D1.1
1290,516,0.135673992501578,-99.1383757663797,41.5990862908796,-101.444311461736,47.2744905565244,0.578531859415733,0.442857866914155,2024.94103833627,2025.07671232877,SRR32512609|A/canada_goose/ND/25-003829-001/2025|H5N1|USA-ND|Mercer|2025-01-29|wild_avian|D1.1
1300,553,0.363198873696118,-104.155039815976,42.8173057784662,-108.657321608998,43.3626512961251,0.58127158544309,0.218072711746972,2024.7162531811,2025.07945205479,SRR32513192|A/hawk/WY/25-004351-001/2025|H5N1|USA-WY|Fremont|2025-01-30|wild_avian|D1.1
861,230,0.258511294197076,-84.2417751092532,39.0523535491394,-91.3531329016714,37.4730538377413,0.58127158544309,0.322760291246014,2024.8209407606,2025.07945205479,SRR32654208|A/chicken/MO/25-003398-001-original/2025|H5N1|USA-MO|Unknown|2025-01-30|domestic_avian|D1.1
838,211,0.256870611751209,-86.2316510884972,40.3180661234995,-77.1304943542274,39.587907831218,0.58127158544309,0.324400973691881,2024.82258144304,2025.07945205479,SRR33125054|A/Mallard/MD/25-005882-005-original/2025|H5N1|USA-MD|Unknown|2025-01-30|wild_avian|D1.1
948,261,0.236357620120616,-101.305995096376,30.6529009804219,-120.731687178521,35.380286828943,0.58127158544309,0.344913965322474,2024.84309443467,2025.07945205479,SRR33508816|A/canada_goose/CA/25-003254-006/2025|H5N1|USA-CA|San_Luis_Obispo|2025-01-30|wild_avian|D1.1
1336,641,0.231695970431687,-97.3769288115142,38.7792714713293,-100.767180456629,38.3336864164721,0.58127158544309,0.349575615011403,2024.84775608436,2025.07945205479,SRR33682350|A/Bobcat/KS/25-014574-001-original/2025|H5N1|USA-KS|Unknown|2025-01-30|feline|D1.1
1102,329,0.169624769529035,-80.6430659134534,35.9482495886634,-79.9743990049599,32.894250775778,0.58127158544309,0.411646815914055,2024.90982728527,2025.07945205479,SRR32513174|A/great_horned_owl/SC/25-004165-001/2025|H5N1|USA-SC|Charleston|2025-01-30|wild_avian|D1.1
1033,1034,0.00591047542619882,-124.033673589408,42.8686097624484,-124.902780263778,43.5774835151256,0.583633633611493,0.577723158185294,2025.07590362754,2025.08181410296,NA
1041,1044,0.357377211557252,-106.574009614837,42.6931241861602,-111.144421777956,35.7490676562284,0.583676291345195,0.226299079787943,2024.72447954914,2025.0818567607,NA
775,20,0.160881233825646,-75.8435171877829,38.8995294619402,-76.746107111135,39.5931988492292,0.584011311470447,0.423130077644801,2024.921310547,2025.08219178082,SRR32415153|A/chicken/MD/25-003830-002-original/2025|H5N1|USA-MD|Unknown|2025-01-31|domestic_avian|D1.1
985,986,0.257394980851144,-95.9183530466894,42.1734802494312,-87.7594684252027,39.1692988066037,0.584080911442776,0.326685930591633,2024.82486639994,2025.08226138079,NA
1230,1231,0.197176039907952,-100.605745744013,42.1312715145316,-103.186703911509,38.2434063246872,0.586314553289673,0.389138513381721,2024.88731898273,2025.08449502264,NA
738,739,0.0127725297590126,-76.4553176867604,39.3631852395156,-79.1863225470963,39.6982786400803,0.587282825636914,0.574510295877901,2025.07269076523,2025.08546329499,NA
870,871,0.333860887858343,-85.345474482839,33.4232892061122,-83.6696281555088,39.1015534015234,0.587488865701006,0.253627977842663,2024.75180844719,2025.08566933505,NA
1044,1045,0.003872704924481,-111.144421777956,35.7490676562284,-111.569810614805,36.0987342111695,0.587548996269676,0.583676291345195,2025.0818567607,2025.08572946562,NA
813,815,0.351798879162365,-86.159470084818,38.0987106500506,-90.9277944861913,36.2101139688616,0.590956508861318,0.239157629698953,2024.73733809905,2025.08913697821,NA
739,740,0.00458380748545806,-79.1863225470963,39.6982786400803,-79.5590106921376,39.3371355130258,0.591866633122372,0.587282825636914,2025.08546329499,2025.09004710247,NA
1028,604,0.369084537133687,-110.495027959315,43.7903410141078,-84.9408992216551,30.1481892489547,0.592230489552747,0.22314595241906,2024.72132642177,2025.0904109589,SRR32653680|A/Canada_Goose/FL/25-004847-003-original/2025|H5N1|USA-FL|Unknown|2025-02-03|wild_avian|D1.1
952,247,0.331921848248562,-121.055623241135,46.6741853061015,-121.719960540452,46.957805481793,0.592230489552747,0.260308641304185,2024.75848911066,2025.0904109589,SRR32512878|A/Duck/WA/25-004661-001-original/2025|H5N1|USA-WA|Unknown|2025-02-03|domestic_avian|D1.1
859,221,0.261031260344404,-91.5691909776558,38.9305121428231,-93.1573889639102,32.4596848964112,0.592230489552747,0.331199229208343,2024.82937969856,2025.0904109589,SRR32415110|A/chicken/LA/25-004414-001-original/2025|H5N1|USA-LA|Unknown|2025-02-03|domestic_avian|D1.1
1065,565,0.212895091311483,-105.307953900324,43.0270844600068,-105.877390585063,40.6235406498706,0.592230489552747,0.379335398241264,2024.87751586759,2025.0904109589,SRR32512655|A/canada_goose/CO/25-004662-001/2025|H5N1|USA-CO|Larimer|2025-02-03|wild_avian|D1.1
735,73,0.178116037012886,-74.0570311817895,41.123953455524,-76.6125804675296,42.6124487543933,0.592230489552747,0.414114452539861,2024.91229492189,2025.0904109589,SRR32513235|A/snow_goose/NY/25-004092-002/2025|H5N1|USA-NY|Tompkins|2025-02-03|wild_avian|D1.1
791,39,0.0654172429450284,-85.571881302064,42.0648231372611,-88.0395424773548,43.1078645818291,0.592230489552747,0.526813246607719,2025.02499371596,2025.0904109589,SRR33508795|A/red_breasted_merganser/WI/25-005001-001/2025|H5N1|USA-WI|Milwaukee|2025-02-03|wild_avian|D1.1
1044,579,0.00855419820755221,-111.144421777956,35.7490676562284,-111.583099522544,34.8229412903091,0.592230489552747,0.583676291345195,2025.0818567607,2025.0904109589,SRR32415933|A/cattle/AZ/25-004003-001-original/2025|H5N1|USA-AZ|Unknown|2025-02-03|cattle|D1.1
1045,578,0.00468149328307121,-111.569810614805,36.0987342111695,-113.441759289613,36.2508470369458,0.592230489552747,0.587548996269676,2025.08572946562,2025.0904109589,SRR32415932|A/cattle/AZ/25-004003-002-original/2025|H5N1|USA-AZ|Unknown|2025-02-03|cattle|D1.1
746,67,0.246391880773559,-63.6807474056072,44.6207736035492,-65.5949310469016,44.2051946580966,0.594970215580104,0.348578334806545,2024.84675880416,2025.09315068493,EPI_ISL_20208379|A/American_Black_Duck/NS/FAV-0078-2/2025|H5N1|Canada-NS|Unknown|2025-02-04|wild_avian|D1.1
686,117,0.231297811625314,-72.5749948424321,41.4316406267057,-71.9130006703685,41.4074261363724,0.594970215580104,0.363672403954791,2024.86185287331,2025.09315068493,SRR33125072|A/Great_Horned_Owl/CT/25-005886-001-original/2025|H5N1|USA-CT|Unknown|2025-02-04|wild_avian|D1.1
923,273,0.177473416805161,-97.7225737617678,36.4704557602582,-106.94769131488,43.4303414031103,0.594970215580104,0.417496798774943,2024.91567726813,2025.09315068493,SRR32512649|A/Common_goldeneye/WY/25-004669-001/2025|H5N1|USA-WY|Natrona|2025-02-04|wild_avian|D1.1
798,8,0.378393675247152,-119.39214770127,42.9785291205032,-115.885996344304,41.8464448050529,0.597709941607462,0.219316266360309,2024.71749673571,2025.09589041096,SRR32653594|A/Red-tailed_Hawk/NV/25-005369-001-original/2025|H5N1|USA-NV|Unknown|2025-02-05|wild_avian|D1.1
910,127,0.271295584770867,-89.5332599352391,42.6608130488276,-87.6234981704867,43.0076152087785,0.597709941607462,0.326414356836595,2024.82459482619,2025.09589041096,SRR32512646|A/cougar/WI/25-004744-001/2025|H5N1|USA-WI|Redacted|2025-02-05|feline|D1.1
890,180,0.262926523878227,-87.5016811632257,44.1341784273503,-82.5248954157837,43.1115822378093,0.597709941607462,0.334783417729235,2024.83296388708,2025.09589041096,SRR33508810|A/bufflehead/MI/25-004779-004/2025|H5N1|USA-MI|St_Clair|2025-02-05|wild_avian|D1.1
885,173,0.129152200811781,-83.3435563287115,43.2101605681085,-83.6880966417751,43.2862799432535,0.597709941607462,0.468557740795681,2024.96673821015,2025.09589041096,SRR33508812|A/bald_eagle/MI/25-004779-002/2025|H5N1|USA-MI|Tuscola|2025-02-05|wild_avian|D1.1
1292,514,0.0751497881642211,-102.955616791859,41.5911747734596,-104.107139177076,40.9037225853004,0.597709941607462,0.522560153443241,2025.02074062279,2025.09589041096,SRR32513282|A/red_tailed_hawk/CO/25-004838-001/2025|H5N1|USA-CO|Weld|2025-02-05|wild_avian|D1.1
705,706,0.154829118583656,-69.0510380046083,42.4451223957996,-71.5357080268693,41.6525779211867,0.599709623915406,0.44488050533175,2024.94306097468,2025.09789009327,NA
759,45,0.377249458423473,-80.6470668314642,40.7248856336528,-97.0339627764283,45.6570220267661,0.600449667634819,0.223200209211346,2024.72138067856,2025.09863013699,SRR32512905|A/chicken/SD/25-004736-001-original/2025|H5N1|USA-SD|Unknown|2025-02-06|domestic_avian|D1.1
743,71,0.33452875453416,-67.1425368550166,44.2834674347733,-69.5565587227669,44.6747649169963,0.600449667634819,0.265920913100659,2024.76410138245,2025.09863013699,SRR33125120|A/mallard/ME/25-006143-001/2025|H5N1|USA-ME|Kennebec|2025-02-06|wild_avian|D1.1
711,94,0.278851817827832,-71.2600598987654,43.1224215012924,-71.5501113885615,43.6506741439864,0.600449667634819,0.321597849806987,2024.81977831916,2025.09863013699,SRR32653687|A/american_black_duck/NH/25-005332-016/2025|H5N1|USA-NH|Belknap|2025-02-06|wild_avian|D1.1
713,92,0.187816757375964,-70.2399942192736,41.8255227285387,-70.2453399156033,41.642360012065,0.600449667634819,0.412632910258855,2024.91081337961,2025.09863013699,SRR32868847|A/bufflehead/MA/25-007118-042/2025|H5N1|USA-MA|Barnstable|2025-02-06|wild_avian|D1.1
863,225,0.173914283878265,-82.9376719289723,40.1405145229443,-81.3179252577098,41.242059300835,0.600449667634819,0.426535383756554,2024.92471585311,2025.09863013699,SRR32512588|A/bald_eagle/OH/25-004768-001/2025|H5N1|USA-OH|Unknown|2025-02-06|wild_avian|D1.1
792,38,0.0674795306540016,-86.8549818033699,41.4104462344407,-87.879936741355,41.8800143583293,0.600449667634819,0.532970136980818,2025.03115060633,2025.09863013699,SRR32653607|A/red_breasted_merganser/IL/25-005366-003/2025|H5N1|USA-IL|Cook|2025-02-06|wild_avian|D1.1
1105,330,0.202851469354767,-78.0479326112206,38.0347709658735,-80.6108644146672,39.091764632118,0.603189393662177,0.40033792430741,2024.89851839366,2025.10136986301,SRR32974090|A/Canada_Goose/WV/25-005755-001-original-repeat2/2025|H5N1|USA-WV|Unknown|2025-02-07|wild_avian|D1.1
919,267,0.156977735936893,-97.6335940470488,36.6861238794304,-98.8113987551555,37.4709817274133,0.603189393662177,0.446211657725283,2024.94439212708,2025.10136986301,SRR32653665|A/cat/KS/25-005576-002-original/2025|H5N1|USA-KS|Unknown|2025-02-07|feline|D1.1
717,97,0.0392287069985973,-71.4639315285888,43.2979264016727,-70.7848973962578,43.7028378961814,0.603189393662177,0.563960686663579,2025.06214115602,2025.10136986301,SRR33125151|A/mallard/ME/25-006144-064/2025|H5N1|USA-ME|York|2025-02-07|wild_avian|D1.1
799,7,0.368800707121926,-112.281658592592,41.2327497533062,-106.058984009515,26.4337704259599,0.605929119689761,0.237128412567835,2024.73530888192,2025.10410958904,GenBank|A/goose/Durango/CPA-00444-25/2025|H5N1|Mexico-Durango|Unknown|2025-02-08|domestic_avian|D1.1
814,188,0.270103083449234,-90.7736300270617,41.021698346387,-88.3470982493246,36.0991434580102,0.605929119689761,0.335826036240527,2024.83400650559,2025.10410958904,SRR33125079|A/Black_Vulture/TN/25-006120-003-original/2025|H5N1|USA-TN|Unknown|2025-02-08|wild_avian|D1.1
907,134,0.186292740164804,-93.1424172625073,45.3476473017744,-93.1211151236014,44.0328074336009,0.605929119689761,0.419636379524957,2024.91781684888,2025.10410958904,SRR32512844|A/chicken/MN/25-004931-004-original/2025|H5N1|USA-MN|Unknown|2025-02-08|domestic_avian|D1.1
1043,586,0.360598943173267,-110.014184319392,41.0821206632898,-104.114511543997,32.9040251804818,0.611408571744476,0.250809628571209,2024.74899009792,2025.1095890411,SRR32653667|A/cat/NM/25-005387-001-original/2025|H5N1|USA-NM|Unknown|2025-02-10|feline|D1.1
833,216,0.297477536135752,-85.7474069416264,38.1039300628107,-83.9857848729014,34.1845528721307,0.611408571744476,0.313931035608724,2024.81211150496,2025.1095890411,SRR33125081|A/Black_Vulture/GA/25-005756-004-original/2025|H5N1|USA-GA|Unknown|2025-02-10|wild_avian|D1.1
732,76,0.296641743103203,-73.565783690828,41.1560298170071,-75.7160144732441,39.0424840684446,0.611408571744476,0.314766828641273,2024.81294729799,2025.1095890411,SRR32512885|A/chicken/DE/25-005230-002-original/2025|H5N1|USA-DE|Unknown|2025-02-10|domestic_avian|D1.1
991,525,0.3534662905958,-98.2854162255859,39.3764023346654,-76.0311931479343,40.0376190225408,0.614148297771834,0.260682007176034,2024.75886247653,2025.11232876712,SRR32804547|A/red_shouldered_hawk/PA/25-006939-001/2025|H5N1|USA-PA|Lancaster|2025-02-11|wild_avian|D1.1
834,217,0.290840767274715,-86.6537540393611,36.909235389815,-79.8339918433166,42.1452938723629,0.614148297771834,0.323307530497118,2024.82148799985,2025.11232876712,SRR33125061|A/herring_gull/PA/25-005864-001/2025|H5N1|USA-PA|Erie|2025-02-11|wild_avian|D1.1
698,112,0.228851092352032,-74.8199588299523,40.2505789041727,-74.5929033646257,41.1280141689998,0.614148297771834,0.385297205419802,2024.88347767477,2025.11232876712,SRR33125172|A/bald_eagle/NJ/25-006329-001/2025|H5N1|USA-NJ|Sussex|2025-02-11|wild_avian|D1.1
1338,642,0.194726982045679,-103.243791310458,41.1978478194437,-97.6641082077323,40.4622355708141,0.614148297771834,0.419421315726154,2024.91760178508,2025.11232876712,SRR32973810|A/chicken/NE/25-005224-001-original-repeat2/2025|H5N1|USA-NE|Unknown|2025-02-11|domestic_avian|D1.1
890,179,0.282104606069956,-87.5016811632257,44.1341784273503,-88.1233621767941,34.6046578855799,0.616888023799191,0.334783417729235,2024.83296388708,2025.11506849315,SRR33125038|A/Canada_Goose/AL/25-006220-001-original/2025|H5N1|USA-AL|Unknown|2025-02-12|wild_avian|D1.1
839,210,0.0576427642903372,-84.7670414676592,38.9120737618767,-84.5089225586584,38.6581585199676,0.616888023799191,0.559245259508854,2025.05742572886,2025.11506849315,SRR33319056|A/Great_Horned_Owl/KY/25-006499-001-original-repeat/2025|H5N1|USA-KY|Unknown|2025-02-12|wild_avian|D1.1
1023,566,0.392156273884236,-109.963709716478,44.7019201104331,-118.909490598263,58.1710784889345,0.619627749826776,0.227471475942539,2024.72565194529,2025.11780821918,EPI_ISL_20208387|A/Black-Billed_Magpie/AB/FAV-0102/2025|H5N1|Canada-AB|Unknown|2025-02-13|wild_avian|D1.1
709,100,0.351806595411418,-74.1272902768409,43.0532334163254,-71.6421326791913,41.6727096359932,0.619627749826776,0.267821154415358,2024.76600162377,2025.11780821918,SRR32868681|A/canada_goose/RI/25-007119-019/2025|H5N1|USA-RI|Kent|2025-02-13|wild_avian|D1.1
715,95,0.125389406250314,-69.4659179546812,42.9358411047079,-70.9281198486605,43.2553535438119,0.619627749826776,0.494238343576462,2024.99241881293,2025.11780821918,SRR32804576|A/red_tailed_hawk/NH/25-006653-001/2025|H5N1|USA-NH|Strafford|2025-02-13|wild_avian|D1.1
995,522,0.0923591413112154,-103.274233157569,36.4501836338042,-98.3320716398471,29.5670582030942,0.619627749826776,0.52726860851556,2025.02544907787,2025.11780821918,SRR32804622|A/black_vulture/TX/25-006660-004/2025|H5N1|USA-TX|Bexar|2025-02-13|wild_avian|D1.1
996,523,0.0762879415210583,-103.39443995168,36.3645196782752,-98.7832332008854,29.4768952277233,0.619627749826776,0.543339808305717,2025.04152027766,2025.11780821918,SRR32804616|A/black_vulture/TX/25-006661-005/2025|H5N1|USA-TX|Bexar|2025-02-13|wild_avian|D1.1
1301,556,0.406453998897482,-116.19416641956,48.3994671712627,-121.515190009021,49.1856460164166,0.622367475854133,0.215913476956651,2024.71409394631,2025.12054794521,EPI_ISL_19788008|A/Cooper_s_Hawk/BC/AIVPHL-3515/2025|H5N1|Canada-BC|Unknown|2025-02-14|wild_avian|D1.1
1330,657,0.305330473121244,-95.1632417822299,37.7331214491398,-110.781887991807,48.0972784350627,0.622367475854133,0.317037002732889,2024.81521747208,2025.12054794521,SRR32974108|A/Bald_Eagle/MT/25-009371-001-original/2025|H5N1|USA-MT|Unknown|2025-02-14|wild_avian|D1.1
774,21,0.211591399044918,-75.3523322477427,38.9076524306453,-81.7257160634448,36.902517116281,0.622367475854133,0.410776076809215,2024.90895654616,2025.12054794521,SRR32868736|A/Peregrine_Falcon/VA/25-007709-003-original/2025|H5N1|USA-VA|Unknown|2025-02-14|wild_avian|D1.1
1115,336,0.205315782897841,-104.468615232574,40.7281836441383,-101.634797125681,36.9436900496784,0.622367475854133,0.417051692956292,2024.91523216231,2025.12054794521,SRR32804591|A/snow_goose/OK/25-006647-001/2025|H5N1|USA-OK|Texas|2025-02-14|wild_avian|D1.1
996,524,0.0790276675484157,-103.39443995168,36.3645196782752,-101.994472275356,36.6308647721561,0.622367475854133,0.543339808305717,2025.04152027766,2025.12054794521,SRR32804590|A/snow_goose/OK/25-006648-001/2025|H5N1|USA-OK|Texas|2025-02-14|wild_avian|D1.1
794,34,0.0472014244490878,-85.3278676637459,42.3556828307184,-87.8486049378783,42.1535101796751,0.622367475854133,0.575166051405045,2025.07334652076,2025.12054794521,SRR32868800|A/herring_gull/IL/25-007474-006/2025|H5N1|USA-IL|Cook|2025-02-14|wild_avian|D1.1
703,107,0.21610242522213,-72.7198724571354,42.0446374888868,-71.6123085766997,42.4120550270097,0.633326379963563,0.417223954741433,2024.91540442409,2025.13150684931,SRR32804565|A/mallard/MA/25-006665-001/2025|H5N1|USA-MA|Worcester|2025-02-18|wild_avian|D1.1
884,170,0.210404057851948,-82.2135820981339,43.4219076413896,-91.3391268212419,43.3987090047751,0.633326379963563,0.422922322111615,2024.92110279146,2025.13150684931,SRR33125097|A/Snowy_Owl/IA/25-005856-001-original/2025|H5N1|USA-IA|Unknown|2025-02-18|wild_avian|D1.1
1026,568,0.315924289597743,-117.778563828251,43.3026185574197,-92.4889486647118,50.7314098470035,0.636066105991147,0.320141816393405,2024.81832228574,2025.13424657534,EPI_ISL_20208401|A/Canada_Goose/ON/FAV-0070-2/2025|H5N1|Canada-ON|Unknown|2025-02-19|wild_avian|D1.1
747,69,0.230252099949502,-63.8157774143622,44.7021581510137,-64.2020229765765,45.8306270118947,0.636066105991147,0.405814006041646,2024.90399447539,2025.13424657534,EPI_ISL_20208385|A/Bald_Eagle/NS/FAV-0148/2025|H5N1|Canada-NS|Unknown|2025-02-19|wild_avian|D1.1
1013,607,0.382639345752861,-119.884764207784,49.0837713312712,-127.608639115081,54.7224495245212,0.638805832018505,0.256166486265644,2024.75434695562,2025.13698630137,EPI_ISL_19788007|A/Canada_Goose/BC/AIVPHL-3503/2025|H5N1|Canada-BC|Unknown|2025-02-20|wild_avian|D1.1
928,3,0.483776547211331,-113.566700415388,44.4445945982662,-115.202734204412,44.6410873949299,0.641545558045862,0.157769010834531,2024.65594948019,2025.1397260274,SRR32804615|A/cat/ID/25-007150-001-original/2025|H5N1|USA-ID|Unknown|2025-02-21|feline|D1.1
1106,325,0.217105417419521,-80.3812577386028,37.9079761237264,-77.9045844956825,36.4190466741725,0.641545558045862,0.424440140626341,2024.92262060998,2025.1397260274,SRR32868875|A/Bald_Eagle/NC/25-007708-003-original/2025|H5N1|USA-NC|Unknown|2025-02-21|wild_avian|D1.1
704,111,0.234905442312611,-69.2168441901789,42.5050983347744,-63.113031553474,46.1987015769932,0.64428528407322,0.409379841760608,2024.90756031111,2025.14246575342,EPI_ISL_19792232|A/Canada_goose/PE/FAV-0072-1/2025|H5N1|Canada-PE|Unknown|2025-02-22|wild_avian|D1.1
745,66,0.216193971207796,-64.2094636065655,45.5565277051517,-62.862695130497,46.3187527475401,0.64428528407322,0.428091312865424,2024.92627178222,2025.14246575342,EPI_ISL_20208402|A/Canada_Goose/PE/FAV-0072-5/2025|H5N1|Canada-PE|Unknown|2025-02-22|wild_avian|D1.1
852,218,0.427315630392773,-88.2311649081977,38.2462900530504,-106.6704418254,36.4857299860328,0.649764736127934,0.222449105735162,2024.72062957509,2025.14794520548,SRR32804608|A/Skunk/NM/25-006932-001-original/2025|H5N1|USA-NM|Unknown|2025-02-24|other_mammal|D1.1
783,9,0.417919483131756,-83.7078527739501,37.2830214938249,-89.8795796232678,37.0806350954926,0.649764736127934,0.231845252996178,2024.73002572235,2025.14794520548,SRR32804645|A/Cooper_s_Hawk/MO/25-007115-002-original/2025|H5N1|USA-MO|Unknown|2025-02-24|wild_avian|D1.1
1008,613,0.343843582021182,-90.9087921187454,30.0174208444436,-85.0684362414737,29.7413364995349,0.652504462155519,0.308660880134338,2024.80684134949,2025.15068493151,SRR33124756|A/chicken/FL/25-006816-001-original/2025|H5N1|USA-FL|Unknown|2025-02-25|domestic_avian|D1.1
706,109,0.0527948382401132,-71.5357080268693,41.6525779211867,-71.5764037461575,41.6861792956521,0.652504462155519,0.599709623915406,2025.09789009327,2025.15068493151,SRR34784269|A/herring_gull/RI/25-019394-001/2025|H5N1|USA-RI|Kent|2025-02-25|wild_avian|D1.1
1102,328,0.243597372268822,-80.6430659134534,35.9482495886634,-80.9161989551066,36.944880004558,0.655244188182877,0.411646815914055,2024.90982728527,2025.15342465753,SRR32973981|A/Brown_Pelican/VA/25-008328-003-original/2025|H5N1|USA-VA|Unknown|2025-02-26|wild_avian|D1.1
757,55,0.234022960487397,-75.8092282269942,40.7638910131969,-76.2365764906049,42.3982361942596,0.655244188182877,0.42122122769548,2024.91940169705,2025.15342465753,SRR32868713|A/red_tailed_hawk/NY/25-007155-001/2025|H5N1|USA-NY|Tioga|2025-02-26|wild_avian|D1.1
1292,513,0.132684034739636,-102.955616791859,41.5911747734596,-104.874825470371,42.525700236582,0.655244188182877,0.522560153443241,2025.02074062279,2025.15342465753,SRR32868818|A/canada_goose/WY/25-008078-001/2025|H5N1|USA-WY|Platte|2025-02-26|wild_avian|D1.1
750,58,0.365762777075351,-75.8737776879533,45.0770034331239,-76.8126596465459,44.6522968510059,0.657983914210234,0.292221137134883,2024.79040160649,2025.15616438356,EPI_ISL_19792248|A/Turkey/ON/FAV-0069-2/2025|H5N1|Canada-ON|Unknown|2025-02-27|domestic_avian|D1.1
695,105,0.348706984978397,-71.2063538566775,39.9194541106151,-74.6629535784458,40.6626577870055,0.657983914210234,0.309276929231837,2024.80745739858,2025.15616438356,SRR32868891|A/dark_eyed_junco/NJ/25-007152-004/2025|H5N1|USA-NJ|Somerset|2025-02-27|wild_avian|D1.1
837,213,0.333997908611305,-95.4763528572888,38.3786875239729,-99.3353078013915,39.1704431530969,0.657983914210234,0.323986005598929,2024.82216647495,2025.15616438356,SRR32804611|A/cat/KS/25-007581-001-original/2025|H5N1|USA-KS|Unknown|2025-02-27|feline|D1.1
1056,619,0.236915029557877,-117.123456391124,38.7993055785363,-121.982014845756,38.4854723552309,0.657983914210234,0.421068884652357,2024.919249354,2025.15616438356,SRR33476791|A/Peregrine_falcon/CA/25-012990-002/2025|H5N1|USA-CA|Solano|2025-02-27|wild_avian|D1.1
1107,323,0.230824763117599,-80.1325362467557,37.6781493791482,-79.504808761203,39.0898112162037,0.657983914210234,0.427159151092634,2024.92533962044,2025.15616438356,SRR32868711|A/Red-tailed_Hawk/WV/25-007392-001-original/2025|H5N1|USA-WV|Unknown|2025-02-27|wild_avian|D1.1
1058,620,0.0853473736179917,-121.420731979993,36.7006940541436,-122.006319290296,37.6263068818306,0.657983914210234,0.572636540592242,2025.07081700994,2025.15616438356,SRR33476783|A/Sanderling/CA/25-012990-001/2025|H5N1|USA-CA|Alameda|2025-02-27|wild_avian|D1.1
686,116,0.299790962310158,-72.5749948424321,41.4316406267057,-71.5985803782735,42.5603097190846,0.663463366264949,0.363672403954791,2024.86185287331,2025.16164383562,SRR34710268|A/red_tailed_hawk/MA/25-019390-004/2025|H5N1|USA-MA|Middlesex|2025-03-01|wild_avian|D1.1
793,37,0.130246554583771,-86.9048193173432,41.4248732576003,-87.6875950944363,42.802059394783,0.663463366264949,0.533216811681178,2025.03139728103,2025.16164383562,SRR32974035|A/Peregrine_Falcon/WI/25-008493-001-original/2025|H5N1|USA-WI|Unknown|2025-03-01|wild_avian|D1.1
892,167,0.43599007207855,-89.1554194904062,37.696445429916,-83.6199228393957,33.8353691684053,0.668942818319891,0.232952746241341,2024.73113321559,2025.16712328767,SRR32868886|A/bald_eagle/GA/25-007707-001/2025|H5N1|USA-GA|Walton|2025-03-03|wild_avian|D1.1
1013,609,0.412776332054247,-119.884764207784,49.0837713312712,-118.504566724761,48.7279049768392,0.668942818319891,0.256166486265644,2024.75434695562,2025.16712328767,SRR33476782|A/Bald_Eagle/WA/25-013105-001-original/2025|H5N1|USA-WA|Unknown|2025-03-03|wild_avian|D1.1
742,72,0.403145138393849,-67.1391601967932,44.2894750224565,-64.5895667620194,44.924830418526,0.668942818319891,0.265797679926042,2024.76397814928,2025.16712328767,EPI_ISL_19792237|A/Chicken/NS/FAV-0075-2/2025|H5N1|Canada-NS|Unknown|2025-03-03|domestic_avian|D1.1
947,259,0.355158270371033,-91.7407367221407,34.8736279334202,-92.0694081879684,36.5882802691856,0.668942818319891,0.313784547948858,2024.8119650173,2025.16712328767,SRR33029790|A/turkey_vulture/MO/25-007994-001/2025|H5N1|USA-MO|Howell|2025-03-03|wild_avian|D1.1
880,175,0.352492741262528,-76.0214429416656,38.3625958793939,-77.3633840343911,42.2203234893848,0.668942818319891,0.316450077057363,2024.81463054641,2025.16712328767,SRR32868755|A/red_tailed_hawk/NY/25-007854-001/2025|H5N1|USA-NY|Steuben|2025-03-03|wild_avian|D1.1
1230,397,0.27980430493817,-100.605745744013,42.1312715145316,-99.4707370713519,39.5335970458149,0.668942818319891,0.389138513381721,2024.88731898273,2025.16712328767,SRR32974002|A/Skunk/KS/25-008665-001-original/2025|H5N1|USA-KS|Unknown|2025-03-03|other_mammal|D1.1
916,276,0.244526786628666,-101.843720944709,44.0389140886804,-101.849079275704,44.0472600174237,0.668942818319891,0.424416031691225,2024.92259650104,2025.16712328767,SRR32974025|A/Red-tailed_Hawk/SD/25-008825-001-original/2025|H5N1|USA-SD|Unknown|2025-03-03|wild_avian|D1.1
1220,408,0.243952220072904,-106.617848872039,43.6074280678478,-108.477429139284,43.1634757864992,0.668942818319891,0.424990598246987,2024.9231710676,2025.16712328767,SRR32868817|A/Canada_Goose/WY/25-008079-001-original/2025|H5N1|USA-WY|Unknown|2025-03-03|wild_avian|D1.1
793,36,0.135726006638713,-86.9048193173432,41.4248732576003,-86.1826386248131,40.9582941925118,0.668942818319891,0.533216811681178,2025.03139728103,2025.16712328767,SRR32868795|A/Bald_Eagle/IN/25-007837-001-original/2025|H5N1|USA-IN|Unknown|2025-03-03|wild_avian|D1.1
721,88,0.286551648928622,-72.9381528236408,40.2803562402801,-71.7647201560025,41.6585912090475,0.671682544347248,0.385130895418627,2024.88331136477,2025.1698630137,SRR34710265|A/Peregrine_Falcon/RI/25-019394-007-original/2025|H5N1|USA-RI|Unknown|2025-03-04|wild_avian|D1.1
1033,599,0.0966991121893114,-124.033673589408,42.8686097624484,-124.072174479437,42.9101739918889,0.674422270374606,0.577723158185294,2025.07590362754,2025.17260273973,SRR32974026|A/Red-tailed_Hawk/OR/25-008819-001-original/2025|H5N1|USA-OR|Unknown|2025-03-05|wild_avian|D1.1
976,978,0.251669448279284,-91.5304836473329,39.5413327731094,-87.7572130088643,33.3399522333163,0.676049928567162,0.424380480287878,2024.92256094964,2025.17423039792,NA
1293,339,0.342428776674493,-101.641984990112,43.4189194101468,-102.459704595014,42.2105621499809,0.677161996401963,0.33473321972747,2024.83291368908,2025.17534246575,SRR32868560|A/chicken/NE/25-008023-001-original/2025|H5N1|USA-NE|Unknown|2025-03-06|domestic_avian|D1.1
855,231,0.258525923085394,-90.542968957906,41.5650855384114,-87.253605674411,41.0016423863046,0.677161996401963,0.418636073316569,2024.91681654267,2025.17534246575,SRR32868618|A/chicken/IN/25-008062-001-original/2025|H5N1|USA-IN|Unknown|2025-03-06|domestic_avian|D1.1
1059,622,0.100207521694625,-122.55337625871,37.5282409516021,-122.315872213093,37.4403701811852,0.677161996401963,0.576954474707338,2025.07513494406,2025.17534246575,SRR33029846|A/barn_owl/CA/25-010283-002/2025|H5N1|USA-CA|San_Mateo|2025-03-06|wild_avian|D1.1
986,543,0.0930810849591869,-87.7594684252027,39.1692988066037,-85.3792765576006,38.4380750017847,0.677161996401963,0.584080911442776,2025.08226138079,2025.17534246575,SRR32974113|A/turkey_vulture/KY/25-009319-001/2025|H5N1|USA-KY|Oldham|2025-03-06|wild_avian|D1.1
871,872,0.0911002351199122,-83.6696281555088,39.1015534015234,-80.5665912224516,39.3049054210718,0.678589100820918,0.587488865701006,2025.08566933505,2025.17676957017,NA
1034,1035,0.0959703748948274,-124.902780263778,43.5774835151256,-123.504698178401,51.4861154607825,0.679604008506321,0.583633633611493,2025.08181410296,2025.17778447786,NA
775,19,0.256771644784519,-75.8435171877829,38.8995294619402,-70.8734783418967,43.9310413787401,0.67990172242932,0.423130077644801,2024.921310547,2025.17808219178,SRR34980370|A/American_Crow/ME/25-021406-005-original/2025|H5N1|USA-ME|Unknown|2025-03-07|wild_avian|D1.1
1073,301,0.252184734615447,-75.9374491956724,35.2970360614096,-76.48733987977,35.9238981761168,0.67990172242932,0.427716987813874,2024.92589745717,2025.17808219178,SRR32974111|A/Brown_Pelican/NC/25-009321-002-original/2025|H5N1|USA-NC|Unknown|2025-03-07|wild_avian|D1.1
1082,1083,0.251495166276391,-78.3489534566092,38.4892160173032,-78.7089229895695,40.5638472184565,0.680001136791939,0.428505970515548,2024.92668643987,2025.17818160614,NA
767,768,0.147078642177291,-81.9940222014121,38.0035804131583,-83.3694080901286,39.0244357166399,0.681154005448072,0.534075363270782,2025.03225583262,2025.1793344748,NA
1219,407,0.259809314941602,-106.14402156389,43.6844275992195,-97.7835159737751,36.0198815641533,0.682641448456905,0.422832133515303,2024.92101260287,2025.18082191781,SRR32868567|A/Guineafowl/OK/25-008449-003-original/2025|H5N1|USA-OK|Unknown|2025-03-08|domestic_avian|D1.1
1120,1218,0.168894145832453,-100.347133310217,41.7860882784187,-97.8097579029397,44.9243169959144,0.687377076115485,0.518482930283032,2025.01666339963,2025.18555754547,NA
1001,551,0.35057703172307,-109.450837689424,43.6021829224545,-118.813562369252,42.2514457624819,0.68812090051162,0.33754386878855,2024.83572433814,2025.18630136986,SRR33682322|A/Owl/OR/25-014765-001-original/2025|H5N1|USA-OR|Unknown|2025-03-10|wild_avian|D1.1
876,158,0.273214323210054,-90.035505534781,43.2850877861974,-78.5706689305771,43.0081643671576,0.68812090051162,0.414906577301566,2024.91308704665,2025.18630136986,SRR32974019|A/bald_eagle/NY/25-009027-001/2025|H5N1|USA-NY|Erie|2025-03-10|wild_avian|D1.1
738,64,0.113610604633719,-76.4553176867604,39.3631852395156,-76.3191799151049,39.6689639751689,0.68812090051162,0.574510295877901,2025.07269076523,2025.18630136986,SRR32868593|A/chicken/MD/25-008577-002-original/2025|H5N1|USA-MD|Unknown|2025-03-10|domestic_avian|D1.1
1319,1320,0.436792677007443,-95.3664065226249,41.3713441277891,-82.0786358824878,39.5733284426253,0.689105235754648,0.252312558747205,2024.7504930281,2025.18728570511,NA
1072,1074,0.279294127052428,-75.4496253005143,37.3954113557991,-77.2445505970576,32.9416949271889,0.69020231392092,0.410908186868491,2024.90908865622,2025.18838278327,NA
841,844,0.467432351888787,-88.0113789915464,38.2921723404225,-81.4245000961029,38.4216941404178,0.691895190791763,0.224462838902976,2024.72264330825,2025.19007566014,NA
721,722,0.306962606015308,-72.9381528236408,40.2803562402801,-74.8687659459142,42.3794041138314,0.692093501433935,0.385130895418627,2024.88331136477,2025.19027397079,NA
1054,575,0.398414444437571,-100.120001067646,39.8662678015968,-89.620861670255,39.4608491190015,0.693600352566335,0.295185908128764,2024.79336637748,2025.19178082192,SRR32973826|A/chicken/IL/25-009367-001-original/2025|H5N1|USA-IL|Unknown|2025-03-12|domestic_avian|D1.1
748,70,0.274333974423746,-63.4438263765623,44.7236779097071,-60.3690110820604,55.4007815265625,0.693600352566335,0.419266378142588,2024.91744684749,2025.19178082192,EPI_ISL_20208427|A/Mallard/NL/FAV-0141-13/2025|H5N1|Canada-NL|Unknown|2025-03-12|wild_avian|D1.1
692,124,0.270316647680288,-71.9891314807513,43.4467970450147,-74.0607380917577,41.0537379450927,0.693600352566335,0.423283704886047,2024.92146417424,2025.19178082192,SRR32974073|A/bald_eagle/NJ/25-009512-004/2025|H5N1|USA-NJ|Bergen|2025-03-12|wild_avian|D1.1
1059,621,0.116645877858997,-122.55337625871,37.5282409516021,-121.943398789196,37.6844720339128,0.693600352566335,0.576954474707338,2025.07513494406,2025.19178082192,SRR33682329|A/great_blue_heron/CA/25-014655-001/2025|H5N1|USA-CA|Alameda|2025-03-12|wild_avian|D1.1
1231,396,0.107285799276662,-103.186703911509,38.2434063246872,-95.0126755679183,35.7059758759238,0.693600352566335,0.586314553289673,2025.08449502264,2025.19178082192,SRR32868813|A/Canada_Goose/OK/25-009017-002-original/2025|H5N1|USA-OK|Unknown|2025-03-12|wild_avian|D1.1
1291,515,0.249599799051294,-98.2894919013283,40.5117850126005,-96.2458214704991,31.7587267315472,0.696340078593692,0.446740279542398,2024.94492074889,2025.19452054795,SRR33508799|A/Skunk/TX/25-010819-006-original/2025|H5N1|USA-TX|Unknown|2025-03-13|other_mammal|D1.1
858,219,0.118271860475197,-94.6565559445627,42.9789040404094,-93.22307141945,41.6008909590798,0.696340078593692,0.578068218118495,2025.07624868747,2025.19452054795,SRR32974022|A/Peregrine_Falcon/IA/25-009016-001-original/2025|H5N1|USA-IA|Unknown|2025-03-13|wild_avian|D1.1
733,77,0.366157259728668,-73.9226975942961,41.1664331989452,-72.7116749118866,43.5411891312063,0.699079804621277,0.332922544892609,2024.83110301424,2025.19726027397,SRR32974049|A/Canada_Goose/VT/25-009472-001-original/2025|H5N1|USA-VT|Unknown|2025-03-14|wild_avian|D1.1
1083,1084,0.0215326628107212,-78.7089229895695,40.5638472184565,-78.187233470673,41.6481671453494,0.70153379960266,0.680001136791939,2025.17818160614,2025.19971426895,NA
872,184,0.0232304298277163,-80.5665912224516,39.3049054210718,-82.1976960520413,40.1283929066402,0.701819530648634,0.678589100820918,2025.17676957017,2025.2,SRR33476771|A/black_vulture/OH/25-012888-001/2025|H5N1|USA-OH|Licking|2025-03-15|wild_avian|D1.1
1084,1085,0.00288983773001905,-78.187233470673,41.6481671453494,-78.2057039614908,41.6465583402098,0.704423637332679,0.70153379960266,2025.19971426895,2025.20260410668,NA
905,132,0.359089830273405,-85.0689269218011,41.8807614174363,-74.9806971804186,39.7730271922629,0.707298982703349,0.348209152429944,2024.84638962178,2025.20547945205,SRR32974069|A/bald_eagle/NJ/25-009514-002/2025|H5N1|USA-NJ|Camden|2025-03-17|wild_avian|D1.1
1053,560,0.358737604778161,-109.141727731415,41.1248382829125,-105.461453030257,36.4056904299458,0.707298982703349,0.348561377925189,2024.84674184728,2025.20547945205,SRR32973825|A/chicken/NM/25-009470-001-original/2025|H5N1|USA-NM|Unknown|2025-03-17|domestic_avian|D1.1
734,75,0.293935375768288,-74.1984735261331,41.1618903113416,-76.8214631509582,40.2197328706214,0.707298982703349,0.413363606935061,2024.91154407629,2025.20547945205,SRR33370215|A/black_vulture/PA/25-011842-001/2025|H5N1|USA-PA|Dauphin|2025-03-17|wild_avian|D1.1
885,172,0.238741241907668,-83.3435563287115,43.2101605681085,-81.9364219582426,51.8837571451755,0.707298982703349,0.468557740795681,2024.96673821015,2025.20547945205,EPI_ISL_20208437|A/Red-Tailed_Hawk/ON/FAV-0121-4/2025|H5N1|Canada-ON|Unknown|2025-03-17|wild_avian|D1.1
1318,646,0.48316081831806,-95.2002848502644,41.4056550636678,-107.289070487607,48.608947258233,0.710038708730707,0.226877890412646,2024.72505835976,2025.20821917808,SRR32973819|A/Duck/MT/25-009376-001-original/2025|H5N1|USA-MT|Unknown|2025-03-18|domestic_avian|D1.1
1018,593,0.467344886176011,-107.947736015341,42.4244337950912,-104.716969080183,25.6542770796643,0.710038708730707,0.242693822554696,2024.74087429191,2025.20821917808,EPI_ISL_20227034|A/Mexico/Dur_Indre_2292/2025|H5N1|Mexico-Durango|Unknown|2025-03-18|human|D1.1
1302,678,0.403862843001431,-101.44449303734,32.6243347846164,-101.558141619164,32.230532000084,0.710038708730707,0.306175865729275,2024.80435633508,2025.20821917808,SRR33508800|A/Skunk/TX/25-010819-005-original/2025|H5N1|USA-TX|Unknown|2025-03-18|other_mammal|D1.1
685,115,0.391369766433838,-73.0700787880781,41.4494682640788,-73.1631045435589,41.4449741326335,0.710038708730707,0.318668942296868,2024.81684941165,2025.20821917808,SRR33029808|A/Mallard/CT/25-010197-001-original/2025|H5N1|USA-CT|Unknown|2025-03-18|wild_avian|D1.1
998,547,0.372110714966606,-107.806609250223,41.3311986128897,-88.7024026987401,37.5296856111819,0.710038708730707,0.337927993764101,2024.83610846312,2025.20821917808,SRR33508852|A/Turkey/IL/25-009630-001-original/2025|H5N1|USA-IL|Unknown|2025-03-18|domestic_avian|D1.1
984,541,0.337227183951772,-86.9629698634356,38.5229809078187,-98.5844882639723,39.551139637977,0.710038708730707,0.372811524778934,2024.87099199413,2025.20821917808,SRR33029751|A/chicken/KS/25-009496-002-original/2025|H5N1|USA-KS|Unknown|2025-03-18|domestic_avian|D1.1
871,182,0.122549843029701,-83.6696281555088,39.1015534015234,-83.6129087872459,39.3579091622564,0.710038708730707,0.587488865701006,2025.08566933505,2025.20821917808,SRR33029849|A/black_vulture/OH/25-009864-005/2025|H5N1|USA-OH|Highland|2025-03-18|wild_avian|D1.1
706,108,0.110329084815301,-71.5357080268693,41.6525779211867,-71.7094673547951,41.6203823534124,0.710038708730707,0.599709623915406,2025.09789009327,2025.20821917808,SRR35089326|A/Fish_Crow/RI/25-021409-001-original/2025|H5N1|USA-RI|Unknown|2025-03-18|wild_avian|D1.1
844,846,0.0199013703802112,-81.4245000961029,38.4216941404178,-83.7811248422929,38.663916228029,0.711796561171974,0.691895190791763,2025.19007566014,2025.20997703052,NA
844,845,0.0205456052293872,-81.4245000961029,38.4216941404178,-83.214358233338,38.8342368920479,0.71244079602115,0.691895190791763,2025.19007566014,2025.21062126537,NA
717,98,0.148817748094712,-71.4639315285888,43.2979264016727,-71.1906754055806,43.7830274130506,0.712778434758291,0.563960686663579,2025.06214115602,2025.21095890411,SRR34980328|A/Gull/NH/25-021405-005-original/2025|H5N1|USA-NH|Unknown|2025-03-19|wild_avian|D1.1
815,208,0.121821925896973,-90.9277944861913,36.2101139688616,-87.1740654851243,32.453529691795,0.712778434758291,0.590956508861318,2025.08913697821,2025.21095890411,SRR33029853|A/Black_Vulture/AL/25-010338-002-original/2025|H5N1|USA-AL|Unknown|2025-03-19|wild_avian|D1.1
1085,1086,0.00967792925343625,-78.2057039614908,41.6465583402098,-75.5163381938409,40.4474391083674,0.714101566586116,0.704423637332679,2025.20260410668,2025.21228203594,NA
1083,1095,0.0346529644671462,-78.7089229895695,40.5638472184565,-77.3077709682838,38.9047160914362,0.714654101259085,0.680001136791939,2025.17818160614,2025.21283457061,NA
953,264,0.503042149924495,-110.888413009216,40.1071802772796,-116.951360950309,37.7852180866925,0.715518160785649,0.212476010861154,2024.71065648021,2025.21369863014,SRR33319031|A/Skunk/NV/25-011566-001-original/2025|H5N1|USA-NV|Unknown|2025-03-20|other_mammal|D1.1
887,178,0.474173226164039,-88.6826586138306,37.6538184993827,-85.990028508201,30.5938201003379,0.715518160785649,0.24134493462161,2024.73952540397,2025.21369863014,SRR33370194|A/Great_Horned_Owl/FL/25-012397-001-original/2025|H5N1|USA-FL|Unknown|2025-03-20|wild_avian|D1.1
1331,658,0.468969118612906,-92.6058552753997,39.3331569280403,-89.8399786260869,37.4562594153531,0.715518160785649,0.246549042172743,2024.74472951152,2025.21369863014,SRR33319026|A/turkey_vulture/MO/25-011519-002/2025|H5N1|USA-MO|Cape_Girardeau|2025-03-20|wild_avian|D1.1
912,138,0.466845959348929,-93.6389096704509,36.0106419174407,-83.4848920344504,30.5140142669206,0.715518160785649,0.248672201436719,2024.74685267079,2025.21369863014,SRR33029789|A/Bald_Eagle/FL/25-009986-004-original/2025|H5N1|USA-FL|Unknown|2025-03-20|wild_avian|D1.1
1035,1036,0.0375898547426909,-123.504698178401,51.4861154607825,-123.47743499737,51.7839704698713,0.717193863249011,0.679604008506321,2025.17778447786,2025.2153743326,NA
1320,1322,0.0290121388812493,-82.0786358824878,39.5733284426253,-85.0987051812798,38.8685109084012,0.718117374635897,0.689105235754648,2025.18728570511,2025.21629784399,NA
768,771,0.0370694210797603,-83.3694080901286,39.0244357166399,-85.6853653938071,38.8178880997794,0.718223426527833,0.681154005448072,2025.1793344748,2025.21640389588,NA
1224,402,0.170795617262071,-101.682451294924,49.8596435512566,-101.959362562066,48.7052769888291,0.718257886813006,0.547462269550935,2025.0456427389,2025.21643835616,SRR33319040|A/Ross_s_Goose/ND/25-011280-001-original/2025|H5N1|USA-ND|Unknown|2025-03-21|wild_avian|D1.1
1045,1046,0.130762850006418,-111.569810614805,36.0987342111695,-110.261053844851,35.8925119955783,0.718311846276093,0.587548996269676,2025.08572946562,2025.21649231563,NA
1095,1098,0.00710473286153523,-77.3077709682838,38.9047160914362,-77.3454770433798,39.1080019314273,0.721758834120621,0.714654101259085,2025.21283457061,2025.21993930347,NA
750,751,0.431733025030503,-75.8737776879533,45.0770034331239,-76.5240858962525,46.9469240596829,0.723954162165386,0.292221137134883,2024.79040160649,2025.22213463152,NA
1222,400,0.346492958534847,-101.166902979754,42.7902932007851,-97.0474306882424,40.9924665729883,0.726477064895078,0.379984106360231,2024.87816457571,2025.22465753425,SRR33508770|A/Duck/NE/25-010532-002-original/2025|H5N1|USA-NE|Unknown|2025-03-24|domestic_avian|D1.1
860,222,0.320279816893003,-90.3447864227955,37.1289900977108,-93.6065623092583,40.989265068764,0.726477064895078,0.406197248002075,2024.90437771735,2025.22465753425,SRR33029828|A/cat/IA/25-010114-001-original/2025|H5N1|USA-IA|Unknown|2025-03-24|feline|D1.1
739,60,0.139194239258165,-79.1863225470963,39.6982786400803,-76.9337231456482,38.7743362263423,0.726477064895078,0.587282825636914,2025.08546329499,2025.22465753425,SRR34710271|A/Turkey_Vulture/MD/25-019391-002-original/2025|H5N1|USA-MD|Unknown|2025-03-24|wild_avian|D1.1
1098,307,0.00471823077445765,-77.3454770433798,39.1080019314273,-76.4942257701718,39.6485181311592,0.726477064895078,0.721758834120621,2025.21993930347,2025.22465753425,SRR33508772|A/black_vulture/MA/25-010531-001/2025|H5N1|USA-MA|Harford|2025-03-24|wild_avian|D1.1
722,723,0.0369751245409787,-74.8687659459142,42.3794041138314,-74.5319382294757,43.8147338312933,0.729068625974914,0.692093501433935,2025.19027397079,2025.22724909533,NA
1046,580,0.0109049446465697,-110.261053844851,35.8925119955783,-110.882427697312,35.1889557360731,0.729216790922663,0.718311846276093,2025.21649231563,2025.22739726027,SRR33319085|A/cattle/AZ/25-010942-001-original/2025|H5N1|USA-AZ|Unknown|2025-03-25|cattle|D1.1
1231,1232,0.143203377480687,-103.186703911509,38.2434063246872,-99.1122488645544,43.3908610557454,0.72951793077036,0.586314553289673,2025.08449502264,2025.22769840012,NA
1287,512,0.403379060007835,-103.535127865873,40.9764768175141,-103.001654949007,40.8485516925744,0.73195651695002,0.328577456942185,2024.82675792629,2025.2301369863,SRR33508736|A/Red-tailed_Hawk/CO/25-010882-001-original/2025|H5N1|USA-CO|Unknown|2025-03-26|wild_avian|D1.1
748,68,0.312690138807432,-63.4438263765623,44.7236779097071,-62.9447498015175,45.2974296325351,0.73195651695002,0.419266378142588,2024.91744684749,2025.2301369863,EPI_ISL_20208452|A/Striped_Skunk/NS/FAV-0143/2025|H5N1|Canada-NS|Unknown|2025-03-26|other_mammal|D1.1
986,544,0.147875605507244,-87.7594684252027,39.1692988066037,-88.3179806599318,46.2871771369948,0.73195651695002,0.584080911442776,2025.08226138079,2025.2301369863,SRR33508738|A/Great_Horned_Owl/MI/25-010812-002-original/2025|H5N1|USA-MI|Unknown|2025-03-26|wild_avian|D1.1
869,187,0.315423179264907,-93.4839669562556,42.1641165923859,-93.0265113239941,43.7938889999968,0.734696242977378,0.419273063712471,2024.91745353306,2025.23287671233,SRR33370162|A/Mallard/MN/25-012246-005-original/2025|H5N1|USA-MN|Unknown|2025-03-27|wild_avian|D1.1
745,65,0.306604930111954,-64.2094636065655,45.5565277051517,-68.3819258873054,45.6843010202208,0.734696242977378,0.428091312865424,2024.92627178222,2025.23287671233,SRR34710257|A/Bald_Eagle/ME/25-019392-005-original/2025|H5N1|USA-ME|Unknown|2025-03-27|wild_avian|D1.1
1098,319,0.0129374088567572,-77.3454770433798,39.1080019314273,-76.0079694457185,40.0326180505759,0.734696242977378,0.721758834120621,2025.21993930347,2025.23287671233,SRR33508749|A/black_vulture/PA/25-010745-004/2025|H5N1|USA-PA|Lancaster|2025-03-27|wild_avian|D1.1
978,979,0.0592476370902526,-87.7572130088643,33.3399522333163,-84.8290837748904,33.1832528168972,0.735297565657415,0.676049928567162,2025.17423039792,2025.23347803501,NA
1046,1047,0.0176704771980161,-110.261053844851,35.8925119955783,-110.690449978034,36.0019034689008,0.735982323474109,0.718311846276093,2025.21649231563,2025.23416279283,NA
768,769,0.0589547061061477,-83.3694080901286,39.0244357166399,-83.1475064976241,40.6361345516047,0.74010871155422,0.681154005448072,2025.1793344748,2025.23828918091,NA
1355,282,0.60083523349448,-107.821736221332,40.9647299711311,-113.926661898196,38.31417287243,0.745655147087035,0.144819913592554,2024.64300038294,2025.24383561644,SRR33319032|A/Skunk/UT/25-011119-002-original/2025|H5N1|USA-UT|Unknown|2025-03-31|other_mammal|D1.1
718,78,0.504260000339116,-71.175388167021,40.9956010336745,-76.4011480291078,37.7838994347147,0.745655147087035,0.241395146747919,2024.7395756161,2025.24383561644,SRR33370138|A/Red_Fox/VA/25-012694-001-original/2025|H5N1|USA-VA|Unknown|2025-03-31|other_mammal|D1.1
993,530,0.434904284482257,-98.1780769773289,38.1054684993407,-99.9740196261012,47.583241893203,0.748394873114392,0.313490588632135,2024.81167105798,2025.24657534247,SRR33319029|A/Snow_Goose/ND/25-011281-001-original/2025|H5N1|USA-ND|Unknown|2025-04-01|wild_avian|D1.1
1291,517,0.301654593571994,-98.2894919013283,40.5117850126005,-99.0126899295695,48.6415177942274,0.748394873114392,0.446740279542398,2024.94492074889,2025.24657534247,SRR33319054|A/Great_Horned_Owl/ND/25-011283-001-original/2025|H5N1|USA-ND|Unknown|2025-04-01|wild_avian|D1.1
767,17,0.21431950984361,-81.9940222014121,38.0035804131583,-81.2154261334637,37.0056365755437,0.748394873114392,0.534075363270782,2025.03225583262,2025.24657534247,SRR33319022|A/Black_Vulture/VA/25-011541-002-original/2025|H5N1|USA-VA|Unknown|2025-04-01|wild_avian|D1.1
1034,603,0.164761239502899,-124.902780263778,43.5774835151256,-124.034689736173,47.4587911627702,0.748394873114392,0.583633633611493,2025.08181410296,2025.24657534247,SRR33682347|A/Canada_Goose/WA/25-014080-001-original/2025|H5N1|USA-WA|Unknown|2025-04-01|wild_avian|D1.1
794,35,0.175968547736704,-85.3278676637459,42.3556828307184,-86.2055954548873,42.4741117906033,0.75113459914175,0.575166051405045,2025.07334652076,2025.24931506849,SRR33370139|A/red_breasted_merganser/MI/25-011271-008/2025|H5N1|USA-MI|Allegan|2025-04-02|wild_avian|D1.1
722,724,0.0593044695698972,-74.8687659459142,42.3794041138314,-72.191041156525,42.6836079881424,0.751397971003832,0.692093501433935,2025.19027397079,2025.24957844036,NA
1104,326,0.421099939986014,-76.9303487389727,36.9365969588338,-88.2100883414818,50.7548301182966,0.753874325169107,0.332774385183092,2024.83095485453,2025.25205479452,EPI_ISL_20208455|A/Turkey_Vulture/ON/FAV-0138-2/2025|H5N1|Canada-ON|Unknown|2025-04-03|wild_avian|D1.1
693,122,0.327818306507208,-72.0407227972158,43.7377134538825,-76.9025904356666,61.3308640738813,0.753874325169107,0.426056018661899,2024.92423648801,2025.25205479452,EPI_ISL_20208447|A/Snow_Goose/QC/FAV-0146-5/2025|H5N1|Canada-QC|Unknown|2025-04-03|wild_avian|D1.1
1084,320,0.0523405255664465,-78.187233470673,41.6481671453494,-76.7773603786849,40.1403222515436,0.753874325169107,0.70153379960266,2025.19971426895,2025.25205479452,SRR33319024|A/black_vulture/PA/25-011728-001/2025|H5N1|USA-PA|York|2025-04-03|wild_avian|D1.1
872,183,0.0862441284578458,-80.5665912224516,39.3049054210718,-83.3969534837722,40.500714444078,0.764833229278764,0.678589100820918,2025.17676957017,2025.26301369863,SRR33370172|A/vulture/OH/25-012105-001/2025|H5N1|USA-OH|Unknown|2025-04-07|wild_avian|D1.1
845,149,0.0523924332576134,-83.214358233338,38.8342368920479,-82.891328935571,39.0588452558018,0.764833229278764,0.71244079602115,2025.21062126537,2025.26301369863,SRR33370169|A/vulture/OH/25-012105-004/2025|H5N1|USA-OH|Unknown|2025-04-07|wild_avian|D1.1
795,43,0.557388260160797,-110.702147996142,45.1994640564732,-111.581696870388,45.5961469854863,0.767572955306121,0.210184695145324,2024.7083651645,2025.26575342466,SRR33370196|A/Great_Horned_Owl/MT/25-012288-002-original/2025|H5N1|USA-MT|Unknown|2025-04-08|wild_avian|D1.1
908,131,0.504281677317817,-89.717481776035,44.0723851642747,-88.1516550501009,42.7854315824112,0.767572955306121,0.263291277988304,2024.76147174734,2025.26575342466,SRR33370177|A/Snowy_Owl/WI/25-012050-001-original/2025|H5N1|USA-WI|Unknown|2025-04-08|wild_avian|D1.1
869,186,0.34829989159365,-93.4839669562556,42.1641165923859,-92.7390528770998,41.2194677272861,0.767572955306121,0.419273063712471,2024.91745353306,2025.26575342466,SRR33370176|A/Trumpeter_Swan/IA/25-011816-001-original/2025|H5N1|USA-IA|Unknown|2025-04-08|wild_avian|D1.1
769,770,0.0280900295205517,-83.1475064976241,40.6361345516047,-83.2555744583011,41.4857260358813,0.768198741074772,0.74010871155422,2025.23828918091,2025.26637921043,NA
1029,595,0.522743435698718,-116.011423609062,46.7104790503664,-103.612458891446,39.7941081113882,0.773052407360836,0.250308971662118,2024.74848944101,2025.27123287671,SRR34710266|A/Red-tailed_Hawk/CO/25-019366-002-original/2025|H5N1|USA-CO|Unknown|2025-04-10|wild_avian|D1.1
1065,564,0.393717009119572,-105.307953900324,43.0270844600068,-92.2157609629588,38.5254060384969,0.773052407360836,0.379335398241264,2024.87751586759,2025.27123287671,SRR33476799|A/Cooper_s_Hawk/MO/25-012813-008-original/2025|H5N1|USA-MO|Unknown|2025-04-10|wild_avian|D1.1
855,232,0.354416334044267,-90.542968957906,41.5650855384114,-92.5704761745312,39.1714742501876,0.773052407360836,0.418636073316569,2024.91681654267,2025.27123287671,SRR33476774|A/Turkey_Vulture/MO/25-012813-002-original/2025|H5N1|USA-MO|Unknown|2025-04-10|wild_avian|D1.1
1227,406,0.219091902774616,-98.639945628983,42.2648232401172,-96.9180198025278,44.5479471769515,0.773052407360836,0.55396050458622,2025.05214097394,2025.27123287671,SRR33476801|A/Canada_Goose/SD/25-013305-001-original/2025|H5N1|USA-SD|Unknown|2025-04-10|wild_avian|D1.1
846,148,0.0612558461888616,-83.7811248422929,38.663916228029,-83.7930896069352,38.5530420735579,0.773052407360836,0.711796561171974,2025.20997703052,2025.27123287671,SRR33476805|A/black_vulture/KY/25-013218-001/2025|H5N1|USA-KY|Mason|2025-04-10|wild_avian|D1.1
845,150,0.0606116113396856,-83.214358233338,38.8342368920479,-83.7739881058315,38.6413250831342,0.773052407360836,0.71244079602115,2025.21062126537,2025.27123287671,SRR33476809|A/canada_goose/KY/25-013218-002/2025|H5N1|USA-KY|Mason|2025-04-10|wild_avian|D1.1
1322,654,0.0549350327249389,-85.0987051812798,38.8685109084012,-80.2085155172632,36.904481718335,0.773052407360836,0.718117374635897,2025.21629784399,2025.27123287671,SRR33370209|A/Black_Vulture/VA/25-012471-002-original/2025|H5N1|USA-VA|Unknown|2025-04-10|wild_avian|D1.1
858,220,0.197723915269926,-94.6565559445627,42.9789040404094,-86.097231641806,38.4769081259001,0.775792133388421,0.578068218118495,2025.07624868747,2025.27397260274,SRR33682307|A/Turkey_Vulture/IN/25-014056-001-original/2025|H5N1|USA-IN|Unknown|2025-04-11|wild_avian|D1.1
1095,1096,0.0651123771331601,-77.3077709682838,38.9047160914362,-76.8329141427464,40.4822627708985,0.779766478392245,0.714654101259085,2025.21283457061,2025.27794694774,NA
1110,334,0.55988706368005,-110.757327592599,45.1763802241372,-120.936859605733,36.3667317308035,0.781271585443136,0.221384521763086,2024.71956499111,2025.27945205479,SRR33682331|A/Cougar/CA/25-014656-002-original/2025|H5N1|USA-CA|Unknown|2025-04-13|feline|D1.1
724,725,0.037220595500528,-72.191041156525,42.6836079881424,-72.0243720286969,43.2624526436427,0.78861856650436,0.751397971003832,2025.24957844036,2025.28679903586,NA
979,980,0.0563179020701995,-84.8290837748904,33.1832528168972,-81.1565565888395,33.7470032358763,0.791615467727614,0.735297565657415,2025.23347803501,2025.28979593708,NA
766,18,0.411470052997985,-81.8490246679479,37.5218583860214,-74.8138947488531,40.3480827788749,0.792230489552793,0.380760436554807,2024.87894090591,2025.2904109589,SRR34425893|A/red_fox/NJ/25-018509-001/2025|H5N1|USA-NJ|Mercer|2025-04-17|other_mammal|D1.1
698,113,0.406933284132991,-74.8199588299523,40.2505789041727,-74.8127520290694,40.2479771039367,0.792230489552793,0.385297205419802,2024.88347767477,2025.2904109589,SRR34425892|A/red_fox/NJ/25-018509-002/2025|H5N1|USA-NJ|Mercer|2025-04-17|other_mammal|D1.1
1074,1075,0.102687437311163,-77.2445505970576,32.9416949271889,-80.7278130550398,32.8847648419117,0.792889751232082,0.69020231392092,2025.18838278327,2025.29107022058,NA
979,537,0.0596726499227349,-84.8290837748904,33.1832528168972,-83.8227863551883,33.1299533118885,0.79497021558015,0.735297565657415,2025.23347803501,2025.29315068493,SRR34270262|A/black_vulture/GA/25-017626-002/2025|H5N1|USA-GA|Monroe|2025-04-18|wild_avian|D1.1
1119,410,0.380425092564438,-105.976758177794,45.4259656423803,-100.680787108469,51.3022593430074,0.797709941607507,0.417284849043069,2024.91546531839,2025.29589041096,EPI_ISL_20208446|A/Snow_Goose/MB/FAV-0170-16/2025|H5N1|Canada-MB|Unknown|2025-04-19|wild_avian|D1.1
751,57,0.0737557794421209,-76.5240858962525,46.9469240596829,-69.3528061446396,45.5989260029235,0.797709941607507,0.723954162165386,2025.22213463152,2025.29589041096,SRR34710269|A/Snowy_Owl/ME/25-019392-006-original/2025|H5N1|USA-ME|Unknown|2025-04-19|wild_avian|D1.1
723,79,0.0713810416599512,-74.5319382294757,43.8147338312933,-72.205906639195,42.3428707235687,0.800449667634865,0.729068625974914,2025.22724909533,2025.29863013699,SRR35319688|A/Common_Eider/MA/25-021407-030-original/2025|H5N1|USA-MA|Unknown|2025-04-20|wild_avian|D1.1
1047,1048,0.0658248313526113,-110.690449978034,36.0019034689008,-108.886000712883,33.6767529728181,0.801807154826721,0.735982323474109,2025.23416279283,2025.29998762418,NA
777,25,0.576217092811274,-82.0058748424815,36.8579441244213,-78.8104932886787,43.2162336732848,0.803189393662222,0.226972300850949,2024.7251527702,2025.30136986301,SRR33565201|A/canada_goose/NY/25-013428-001/2025|H5N1|USA-NY|Niagara|2025-04-21|wild_avian|D1.1
1004,616,0.575261889121557,-108.024997833281,42.0057778543892,-107.491422489901,41.6414742731961,0.803189393662222,0.227927504540665,2024.72610797389,2025.30136986301,SRR33476770|A/Turkey_Vulture/WY/25-013045-001-original/2025|H5N1|USA-WY|Unknown|2025-04-21|wild_avian|D1.1
690,125,0.47432849743243,-73.4351956240637,42.755497430306,-76.2293974197647,44.1834667387472,0.803189393662222,0.328860896229792,2024.82704136558,2025.30136986301,SRR33830326|A/red_tailed_hawk/NY/25-013427-001/2025|H5N1|USA-NY|Jefferson|2025-04-21|wild_avian|D1.1
1227,405,0.249228889076002,-98.639945628983,42.2648232401172,-95.8487020247863,46.3540962966987,0.803189393662222,0.55396050458622,2025.05214097394,2025.30136986301,SRR33476668|A/chicken/MN/25-013149-001-original/2025|H5N1|USA-MN|Unknown|2025-04-21|domestic_avian|D1.1
1074,292,0.112987079741303,-77.2445505970576,32.9416949271889,-80.9344723098819,35.434473976982,0.803189393662222,0.69020231392092,2025.18838278327,2025.30136986301,SRR33682355|A/black_vulture/NC/25-013413-001/2025|H5N1|USA-NC|Mecklenburg|2025-04-21|wild_avian|D1.1
771,772,0.0851573551930893,-85.6853653938071,38.8178880997794,-89.2222319108773,42.41123080539,0.803380781720922,0.718223426527833,2025.21640389588,2025.30156125107,NA
1225,401,0.25459512330018,-101.752496003517,49.981060895509,-105.398097303557,54.5038284057855,0.805929119689579,0.5513339963894,2025.04951446574,2025.30410958904,EPI_ISL_20208438|A/Rosss_Goose/SK/FAV-0170-4/2025|H5N1|Canada-SK|Unknown|2025-04-22|wild_avian|D1.1
1096,1097,0.0286198024398261,-76.8329141427464,40.4822627708985,-75.8485434818437,40.4709494917882,0.808386280832072,0.779766478392245,2025.27794694774,2025.30656675018,NA
1226,403,0.241234384564504,-101.928064458521,50.5159959521536,-104.645965263168,50.7642373454147,0.808668845717164,0.56743446115266,2025.0656149305,2025.30684931507,EPI_ISL_20208439|A/Rosss_Goose/SK/FAV-0170-51/2025|H5N1|Canada-SK|Unknown|2025-04-23|wild_avian|D1.1
1047,581,0.0726865222430548,-110.690449978034,36.0019034689008,-111.994038561381,36.9443120986982,0.808668845717164,0.735982323474109,2025.23416279283,2025.30684931507,SRR33764593|A/cattle/AZ/25-013772-001-original-repeat2/2025|H5N1|USA-AZ|Unknown|2025-04-23|cattle|D1.1
770,13,0.0404701046423923,-83.2555744583011,41.4857260358813,-72.7491590951939,41.6267772184284,0.808668845717164,0.768198741074772,2025.26637921043,2025.30684931507,SRR33764586|A/Great_Horned_Owl/CT/25-013382-001-original-repeat2/2025|H5N1|USA-CT|Unknown|2025-04-23|wild_avian|D1.1
787,41,0.492138260031427,-85.980201384293,43.6096649924563,-85.9734478155043,44.4394741908572,0.811408571744522,0.319270311713094,2024.81745078106,2025.3095890411,SRR33764590|A/bald_eagle/MI/25-013929-001/2025|H5N1|USA-MI|Manistee|2025-04-24|wild_avian|D1.1
1036,601,0.0942147084955102,-123.47743499737,51.7839704698713,-119.814582562412,47.4030550182882,0.811408571744522,0.717193863249011,2025.2153743326,2025.3095890411,SRR33682312|A/Sand_Crane/WA/25-014081-001-original/2025|H5N1|USA-WA|Unknown|2025-04-24|wild_avian|D1.1
1352,627,0.499789721351017,-113.486170469013,42.3693063815779,-115.848818352098,43.3094616256197,0.814148297771879,0.314358576420862,2024.81253904577,2025.31232876712,SRR33682316|A/Red-tailed_Hawk/ID/25-014530-001-original/2025|H5N1|USA-ID|Unknown|2025-04-25|wild_avian|D1.1
782,28,0.377703990930858,-112.776504504823,43.9766442099837,-116.49979309507,48.7818590024103,0.814148297771879,0.436444306841021,2024.93462477619,2025.31232876712,SRR33682328|A/Great_Horned_Owl/ID/25-014531-001-original/2025|H5N1|USA-ID|Unknown|2025-04-25|wild_avian|D1.1
1232,340,0.0873700930288761,-99.1122488645544,43.3908610557454,-99.4429721295888,53.8863244199806,0.816888023799236,0.72951793077036,2025.22769840012,2025.31506849315,EPI_ISL_20208444|A/Snow_Goose/MB/FAV-0163-3/2025|H5N1|Canada-MB|Unknown|2025-04-26|wild_avian|D1.1
1120,1121,0.298580257253277,-100.347133310217,41.7860882784187,-98.1868588453706,39.6840713252834,0.817063187536309,0.518482930283032,2025.01666339963,2025.31524365689,NA
1121,1129,0.00461949263824624,-98.1868588453706,39.6840713252834,-98.138889532883,39.9871759718897,0.821682680174555,0.817063187536309,2025.31524365689,2025.31986314953,NA
1097,304,0.013981195022107,-75.8485434818437,40.4709494917882,-75.8367398518108,39.9561600296268,0.822367475854179,0.808386280832072,2025.30656675018,2025.32054794521,SRR33830330|A/black_vulture/PA/25-015563-001/2025|H5N1|USA-PA|Chester|2025-04-28|wild_avian|D1.1
725,726,0.0340349370262263,-72.0243720286969,43.2624526436427,-72.0790692393292,43.137142870206,0.822653503530586,0.78861856650436,2025.28679903586,2025.32083397288,NA
1232,1233,0.0952016368481523,-99.1122488645544,43.3908610557454,-97.4347439559532,43.4121979075576,0.824719567618513,0.72951793077036,2025.22769840012,2025.32290003697,NA
1320,1321,0.138011254102708,-82.0786358824878,39.5733284426253,-79.2757516820698,39.6833730602518,0.827116489857356,0.689105235754648,2025.18728570511,2025.32529695921,NA
740,741,0.235527261385891,-79.5590106921376,39.3371355130258,-74.3710763574376,39.7486319429506,0.827393894508263,0.591866633122372,2025.09004710247,2025.32557436386,NA
816,817,0.563596079671076,-89.2023419069068,42.1069729208556,-76.6042124475751,44.1019783362517,0.827617951986581,0.264021872315505,2024.76220234167,2025.32579842134,NA
923,924,0.410340599006015,-97.7225737617678,36.4704557602582,-90.5914124885603,34.305834274543,0.827837397780958,0.417496798774943,2024.91567726813,2025.32601786713,NA
1043,585,0.577037299337684,-110.014184319392,41.0821206632898,-111.784104738992,40.1224853740628,0.827846927908893,0.250809628571209,2024.74899009792,2025.32602739726,SRR33682297|A/Turkey_Vulture/UT/25-014690-001-original/2025|H5N1|USA-UT|Unknown|2025-04-30|wild_avian|D1.1
771,14,0.109623501381061,-85.6853653938071,38.8178880997794,-85.1687533624813,38.77824023243,0.827846927908893,0.718223426527833,2025.21640389588,2025.32602739726,SRR33564631|A/chicken/IN/25-014151-001-original/2025|H5N1|USA-IN|Unknown|2025-04-30|domestic_avian|D1.1
772,16,0.0244661461879713,-89.2222319108773,42.41123080539,-88.6329921169935,41.015078995608,0.827846927908893,0.803380781720922,2025.30156125107,2025.32602739726,SRR33564627|A/Guineafowl/IL/25-014146-002-original/2025|H5N1|USA-IL|Unknown|2025-04-30|domestic_avian|D1.1
1085,1087,0.123781984397795,-78.2057039614908,41.6465583402098,-74.9200541052339,40.0235570311506,0.828205621730474,0.704423637332679,2025.20260410668,2025.32638609108,NA
1075,1076,0.0365333215043109,-80.7278130550398,32.8847648419117,-81.7592396510818,34.161858244978,0.829423072736393,0.792889751232082,2025.29107022058,2025.32760354209,NA
1229,398,0.484578308643876,-102.108942216772,43.3050937746228,-98.3234466252402,51.1921252648929,0.830586653936251,0.346008345292375,2024.84418881464,2025.32876712329,EPI_ISL_20208450|A/Striped_Skunk/MB/FAV-0164-2/2025|H5N1|Canada-MB|Unknown|2025-05-01|other_mammal|D1.1
1226,404,0.263152192783591,-101.928064458521,50.5159959521536,-98.923185170081,48.1023602571266,0.830586653936251,0.56743446115266,2025.0656149305,2025.32876712329,SRR33682396|A/goose/ND/25-014293-001-original-repeat/2025|H5N1|USA-ND|Unknown|2025-05-01|domestic_avian|D1.1
1129,1130,0.00923287555400354,-98.138889532883,39.9871759718897,-98.3957519838279,40.2446249818356,0.830915555728559,0.821682680174555,2025.31986314953,2025.32909602508,NA
1075,1079,0.0403977476057243,-80.7278130550398,32.8847648419117,-80.6175776344343,34.5106221294105,0.833287498837807,0.792889751232082,2025.29107022058,2025.33146796819,NA
1218,412,0.145949303848123,-97.8097579029397,44.9243169959144,-107.63257575979,47.8700391892615,0.833326379963608,0.687377076115485,2025.18555754547,2025.33150684932,SRR33830328|A/Great_Horned_Owl/MT/25-015870-001-original/2025|H5N1|USA-MT|Unknown|2025-05-02|wild_avian|D1.1
817,818,0.00774846915325211,-76.6042124475751,44.1019783362517,-76.918503686402,43.8611046786065,0.835366421139833,0.827617951986581,2025.32579842134,2025.33354689049,NA
818,828,0.00497035444303651,-76.918503686402,43.8611046786065,-76.6988323569968,43.803097002951,0.84033677558287,0.835366421139833,2025.33354689049,2025.33851724493,NA
719,90,0.502300836265865,-70.9563964192382,40.9061594762475,-71.1011402661154,42.7084767168494,0.841545558045908,0.339244721780043,2024.83742519113,2025.3397260274,SRR33764587|A/Fox/MA/25-015209-001-original/2025|H5N1|USA-MA|Unknown|2025-05-05|other_mammal|D1.1
726,728,0.0202573697701495,-72.0790692393292,43.137142870206,-72.0369746826339,43.4423770812441,0.842910873300736,0.822653503530586,2025.32083397288,2025.34109134265,NA
1220,409,0.419294685826278,-106.617848872039,43.6074280678478,-99.9941362949022,43.3436166089893,0.844285284073265,0.424990598246987,2024.9231710676,2025.34246575342,SRR33764588|A/cat/SD/25-015467-001-original/2025|H5N1|USA-SD|Unknown|2025-05-06|feline|D1.1
741,62,0.016891389565002,-74.3710763574376,39.7486319429506,-76.8498426204519,39.0691679491069,0.844285284073265,0.827393894508263,2025.32557436386,2025.34246575342,SRR33764507|A/chicken/MD/25-014921-001-original/2025|H5N1|USA-MD|Unknown|2025-05-06|domestic_avian|D1.1
1322,1323,0.127672080266671,-85.0987051812798,38.8685109084012,-77.581507766529,36.953418676155,0.845789454902568,0.718117374635897,2025.21629784399,2025.34396992425,NA
806,235,0.512453234024737,-97.9217575557193,38.5477798023854,-92.5692247308321,41.393337218308,0.847025010100622,0.334571776075886,2024.83275224543,2025.34520547945,SRR33764582|A/Turkey_Vulture/IA/25-014877-001-original/2025|H5N1|USA-IA|Unknown|2025-05-07|wild_avian|D1.1
919,266,0.400813352375339,-97.6335940470488,36.6861238794304,-92.6346199442974,41.3996208461018,0.847025010100622,0.446211657725283,2024.94439212708,2025.34520547945,SRR33764581|A/Turkey_Vulture/IA/25-014877-002-original/2025|H5N1|USA-IA|Unknown|2025-05-07|wild_avian|D1.1
828,829,0.00870314965745111,-76.6988323569968,43.803097002951,-75.3661134200533,43.3486566660298,0.849039925240321,0.84033677558287,2025.33851724493,2025.34722039459,NA
1048,1049,0.0493170013200562,-108.886000712883,33.6767529728181,-110.854165081209,34.1065155770663,0.851124156146777,0.801807154826721,2025.29998762418,2025.3493046255,NA
1035,602,0.172900453649017,-123.504698178401,51.4861154607825,-118.124402786917,58.4115081518945,0.852504462155337,0.679604008506321,2025.17778447786,2025.35068493151,EPI_ISL_20208404|A/Chicken/AB/FAV-0161-1/2025|H5N1|Canada-AB|Unknown|2025-05-09|domestic_avian|D1.1
770,12,0.0843057210805653,-83.2555744583011,41.4857260358813,-74.3331541750756,40.5360966979845,0.852504462155337,0.768198741074772,2025.26637921043,2025.35068493151,SRR33682397|A/Duck/NJ/25-015044-006-original/2025|H5N1|USA-NJ|Unknown|2025-05-09|domestic_avian|D1.1
728,729,0.0102788025124664,-72.0369746826339,43.4423770812441,-70.4816505750157,42.9496432541398,0.853189675813202,0.842910873300736,2025.34109134265,2025.35137014516,NA
1228,399,0.510147718841772,-103.951712787067,44.3214995644266,-101.632716981129,54.8650008734207,0.855244188182922,0.34509646934115,2024.84327693869,2025.35342465753,EPI_ISL_20208451|A/Striped_Skunk/MB/FAV-0174-1/2025|H5N1|Canada-MB|Unknown|2025-05-10|other_mammal|D1.1
978,533,0.17919425961576,-87.7572130088643,33.3399522333163,-85.0669985663579,31.8562238635561,0.855244188182922,0.676049928567162,2025.17423039792,2025.35342465753,SRR33943918|A/Muscovy_Duck/GA/25-016493-001-original/2025|H5N1|USA-GA|Unknown|2025-05-10|wild_avian|D1.1
894,895,0.535291630102688,-86.0839219029375,34.7116725086556,-91.211167347622,34.8793481978423,0.856581236904537,0.32128960680185,2024.81947007615,2025.35476170626,NA
817,830,0.0297845966571449,-76.6042124475751,44.1019783362517,-81.508352912318,45.903526694761,0.857402548643726,0.827617951986581,2025.32579842134,2025.355583018,NA
1096,306,0.0891763399274635,-76.8329141427464,40.4822627708985,-78.1461095891335,40.3547945205363,0.868942818319709,0.779766478392245,2025.27794694774,2025.36712328767,SRR33993064|A/Black_Vulture/PA/25-017251-001-original/2025|H5N1|USA-PA|Unknown|2025-05-15|wild_avian|D1.1
1036,600,0.154488681098282,-123.47743499737,51.7839704698713,-120.272329439047,51.5890424570656,0.871682544347294,0.717193863249011,2025.2153743326,2025.3698630137,EPI_ISL_20212940|A/Bald_Eagle/BC/AIVPHL-3618/2025|H5N1|Canada-BC|Unknown|2025-05-16|wild_avian|D1.1
724,87,0.120284573343462,-72.191041156525,42.6836079881424,-73.0847557323197,42.4525094346099,0.871682544347294,0.751397971003832,2025.24957844036,2025.3698630137,SRR34710290|A/Great_Black-Backed_Gull/MA/25-019390-021-original/2025|H5N1|USA-MA|Unknown|2025-05-16|wild_avian|D1.1
1076,293,0.0532183757203299,-81.7592396510818,34.161858244978,-81.01240197903,34.631539854086,0.882641448456723,0.829423072736393,2025.32760354209,2025.38082191781,SRR33943914|A/black_vulture/SC/25-016638-004/2025|H5N1|USA-SC|Chester|2025-05-20|wild_avian|D1.1
1079,299,0.0493539496189165,-80.6175776344343,34.5106221294105,-81.1688244087497,34.6153943738338,0.882641448456723,0.833287498837807,2025.33146796819,2025.38082191781,SRR33943915|A/black_vulture/SC/25-016638-003/2025|H5N1|USA-SC|Chester|2025-05-20|wild_avian|D1.1
1048,582,0.0863137456849448,-108.886000712883,33.6767529728181,-109.325463040673,31.6385083525175,0.888120900511665,0.801807154826721,2025.29998762418,2025.38630136986,SRR33830342|A/chicken/AZ/25-016339-007-original/2025|H5N1|USA-AZ|Unknown|2025-05-22|domestic_avian|D1.1
830,204,0.0307183518679395,-81.508352912318,45.903526694761,-85.0573718723532,47.177161527874,0.888120900511665,0.857402548643726,2025.355583018,2025.38630136986,EPI_ISL_20208403|A/Caspian_Tern/ON/FAV-0181-4/2025|H5N1|Canada-ON|Unknown|2025-05-22|wild_avian|D1.1
1323,651,0.045071171636455,-77.581507766529,36.953418676155,-77.4749547177866,36.9569795435407,0.890860626539023,0.845789454902568,2025.34396992425,2025.38904109589,SRR34710267|A/Black_Vulture/VA/25-019364-001-original/2025|H5N1|USA-VA|Unknown|2025-05-23|wild_avian|D1.1
881,169,0.532925128274573,-76.340927168646,38.0584681088103,-73.6372254730216,43.6767655067466,0.90181953064868,0.368894402374107,2024.86707487173,2025.4,SRR33993059|A/Turkey_Vulture/NY/25-016857-001-original/2025|H5N1|USA-NY|Unknown|2025-05-27|wild_avian|D1.1
1294,518,0.681387606977713,-110.028325193131,44.4781831523774,-108.227639009036,40.4205457068862,0.907298982703395,0.225911375725682,2024.72409184508,2025.40547945205,SRR33993061|A/Red_Fox/CO/25-017245-001-original/2025|H5N1|USA-CO|Unknown|2025-05-29|other_mammal|D1.1
789,33,0.469085711985377,-87.731291469306,43.2429291779466,-85.389561357367,44.0835335458633,0.907298982703395,0.438213270718018,2024.93639374007,2025.40547945205,SRR33993066|A/bald_eagle/MI/25-017061-001/2025|H5N1|USA-MI|Osceola|2025-05-29|wild_avian|D1.1
888,176,0.461349412747004,-86.4445420022277,43.434101175333,-86.3227634825561,44.0793370043876,0.907298982703395,0.445949569956391,2024.94413003931,2025.40547945205,SRR33993065|A/bald_eagle/MI/25-017061-002/2025|H5N1|USA-MI|Mason|2025-05-29|wild_avian|D1.1
1130,1131,0.0817802824765993,-98.3957519838279,40.2446249818356,-98.0241651821789,40.0174090207544,0.912695838205158,0.830915555728559,2025.32909602508,2025.41087630756,NA
1218,411,0.225401358642624,-97.8097579029397,44.9243169959144,-149.661049603051,65.5725292349265,0.912778434758109,0.687377076115485,2025.18555754547,2025.41095890411,SRR34542596|A/bald_eagle/AK/25-017393-001/2025|H5N1|USA-AK|Yukon-Koyukuk|2025-05-31|wild_avian|D1.1
728,85,0.0753470135123158,-72.0369746826339,43.4423770812441,-72.8550695305601,42.6748942969944,0.918257886813052,0.842910873300736,2025.34109134265,2025.41643835616,SRR34710258|A/Common_Eider/MA/25-019390-025-original/2025|H5N1|USA-MA|Unknown|2025-06-02|wild_avian|D1.1
1086,308,0.206896046254293,-75.5163381938409,40.4474391083674,-75.4297730599782,40.5449686868574,0.920997612840409,0.714101566586116,2025.21228203594,2025.41917808219,SRR34270259|A/black_vulture/PA/25-017748-001/2025|H5N1|USA-PA|Lehigh|2025-06-03|wild_avian|D1.1
1097,305,0.112611332008337,-75.8485434818437,40.4709494917882,-75.4376065519718,40.5261847814437,0.920997612840409,0.808386280832072,2025.30656675018,2025.41917808219,SRR34270258|A/black_vulture/PA/25-017748-002/2025|H5N1|USA-PA|Lehigh|2025-06-03|wild_avian|D1.1
888,177,0.480527494938733,-86.4445420022277,43.434101175333,-87.22169366772,45.0247655058383,0.926477064895124,0.445949569956391,2024.94413003931,2025.42465753425,SRR34425901|A/caspian_tern/WI/25-018001-001/2025|H5N1|USA-WI|Door|2025-06-05|wild_avian|D1.1
1049,583,0.0753529087483468,-110.854165081209,34.1065155770663,-110.873639488087,34.1146196596301,0.926477064895124,0.851124156146777,2025.3493046255,2025.42465753425,SRR34270136|A/chicken/AZ/25-017630-002-original/2025|H5N1|USA-AZ|Unknown|2025-06-05|domestic_avian|D1.1
977,532,0.500849285022239,-86.8557215559474,38.5502923981435,-78.9403462004928,36.1663202749215,0.929216790922481,0.428367505900242,2024.92654797525,2025.42739726027,SRR34270261|A/turkey_vulture/NC/25-017667-001/2025|H5N1|USA-NC|Durham|2025-06-06|wild_avian|D1.1
1233,1234,0.105743275644375,-97.4347439559532,43.4121979075576,-98.0635506536677,44.00484084634,0.930462843262887,0.824719567618513,2025.32290003697,2025.42864331261,NA
726,727,0.12020685824163,-72.0790692393292,43.137142870206,-71.1561242535107,43.2652444595957,0.942860361772217,0.822653503530586,2025.32083397288,2025.44104083112,NA
772,15,0.139534639338573,-89.2222319108773,42.41123080539,-88.1695548892187,41.9258561596517,0.942915421059495,0.803380781720922,2025.30156125107,2025.44109589041,SRR34425894|A/Peregrine_falcon/IL/25-018249-001/2025|H5N1|USA-IL|DuPage|2025-06-11|wild_avian|D1.1
1131,1136,0.0317014225391538,-98.0241651821789,40.0174090207544,-98.1900886778247,39.6281751751103,0.944397260744312,0.912695838205158,2025.41087630756,2025.4425777301,NA
1121,1122,0.130086834207084,-98.1868588453706,39.6840713252834,-110.940717098426,44.7600394030263,0.947150021743393,0.817063187536309,2025.31524365689,2025.44533049109,NA
1122,1123,0.00111481203333019,-110.940717098426,44.7600394030263,-110.669663007945,44.7129844205688,0.948264833776723,0.947150021743393,2025.44533049109,2025.44644530313,NA
1130,1216,0.117516749095871,-98.3957519838279,40.2446249818356,-88.3008736341901,41.677085540338,0.948432304824429,0.830915555728559,2025.32909602508,2025.44661277418,NA
1123,1124,0.00578603168727221,-110.669663007945,44.7129844205688,-114.238196752635,44.0389637850382,0.954050865463995,0.948264833776723,2025.44644530313,2025.45223133482,NA
1136,1137,0.0122178855317445,-98.1900886778247,39.6281751751103,-98.2120895380048,40.4597407174542,0.956615146276056,0.944397260744312,2025.4425777301,2025.45479561563,NA
1137,1194,0.00351526550153658,-98.2120895380048,40.4597407174542,-96.5558206064595,38.6176933039491,0.960130411777593,0.956615146276056,2025.45479561563,2025.45831088113,NA
1194,1195,0.00428590372473381,-96.5558206064595,38.6176933039491,-97.2818708771059,38.7498387751874,0.964416315502327,0.960130411777593,2025.45831088113,2025.46259678485,NA
1124,1125,0.0105115173535085,-114.238196752635,44.0389637850382,-113.344347729106,44.2217383090904,0.964562382817504,0.954050865463995,2025.45223133482,2025.46274285217,NA
1137,1138,0.00981586146231794,-98.2120895380048,40.4597407174542,-99.982315950388,41.6186254662316,0.966431007738374,0.956615146276056,2025.45479561563,2025.46461147709,NA
1138,1180,0.00367982874893102,-99.982315950388,41.6186254662316,-99.9131589699632,40.6240772558825,0.970110836487305,0.966431007738374,2025.46461147709,2025.46829130584,NA
1087,1090,0.143999518754068,-74.9200541052339,40.0235570311506,-72.9810687912485,38.7522518087903,0.972205140484542,0.828205621730474,2025.32638609108,2025.47038560984,NA
1234,1262,0.0420992317412485,-98.0635506536677,44.00484084634,-97.2595788902663,41.5070503960304,0.972562075004136,0.930462843262887,2025.42864331261,2025.47074254436,NA
1234,1235,0.0438469177142617,-98.0635506536677,44.00484084634,-96.226133592143,43.2345222272674,0.974309760977149,0.930462843262887,2025.42864331261,2025.47249023033,NA
1235,1241,0.000410136465850419,-96.226133592143,43.2345222272674,-96.4678945247013,43.0435109897786,0.974719897443,0.974309760977149,2025.47249023033,2025.47290036679,NA
1076,1077,0.145781988886642,-81.7592396510818,34.161858244978,-80.1832797670142,35.6494568850445,0.975205061623036,0.829423072736393,2025.32760354209,2025.47338553097,NA
829,203,0.126752208147918,-75.3661134200533,43.3486566660298,-74.3952976326776,43.4443263109616,0.975792133388239,0.849039925240321,2025.34722039459,2025.47397260274,SRR34542593|A/Caspian_Tern/NY/25-019019-002-original/2025|H5N1|USA-NY|Unknown|2025-06-23|wild_avian|D1.1
1241,1247,0.00430382506024385,-96.4678945247013,43.0435109897786,-93.9637555556469,42.2075077434751,0.979023722503243,0.974719897443,2025.47290036679,2025.47720419185,NA
1180,1181,0.00900369064404161,-99.9131589699632,40.6240772558825,-99.7761079162135,40.4678970013058,0.979114527131347,0.970110836487305,2025.46829130584,2025.47729499648,NA
1262,1265,0.00681339927187308,-97.2595788902663,41.5070503960304,-97.3037264930405,41.5036508008525,0.979375474276009,0.972562075004136,2025.47074254436,2025.47755594363,NA
1265,1266,0.00167437970984663,-97.3037264930405,41.5036508008525,-97.0125377196356,41.4390922462746,0.981049853985856,0.979375474276009,2025.47755594363,2025.47923032334,NA
769,11,0.241162873888961,-83.1475064976241,40.6361345516047,-74.0764541975461,40.3108003885009,0.981271585443181,0.74010871155422,2025.23828918091,2025.47945205479,SRR34542590|A/Domestic_Cat/NJ/25-019482-001-original/2025|H5N1|USA-NJ|Unknown|2025-06-25|feline|D1.1
1138,1139,0.0151075998945173,-99.982315950388,41.6186254662316,-102.483848899593,42.3808803570941,0.981538607632891,0.966431007738374,2025.46461147709,2025.47971907698,NA
1136,1209,0.0374559630568796,-98.1900886778247,39.6281751751103,-97.7278043341118,39.6027436364271,0.981853223801191,0.944397260744312,2025.4425777301,2025.48003369315,NA
1235,1236,0.00811480730008551,-96.226133592143,43.2345222272674,-95.2480168377951,42.3239472971841,0.982424568277235,0.974309760977149,2025.47249023033,2025.48060503763,NA
1241,1242,0.00875990885880928,-96.4678945247013,43.0435109897786,-95.5422126400662,43.0287259296076,0.983479806301809,0.974719897443,2025.47290036679,2025.48166027565,NA
727,82,0.0411509496983218,-71.1561242535107,43.2652444595957,-71.1147023701796,43.2413623386493,0.984011311470538,0.942860361772217,2025.44104083112,2025.48219178082,SRR34980327|A/Herring_Gull/NH/25-021405-002-original/2025|H5N1|USA-NH|Unknown|2025-06-26|wild_avian|D1.1
1181,1193,0.00508945670612004,-99.7761079162135,40.4678970013058,-98.8140123360081,42.4815829930781,0.984203983837467,0.979114527131347,2025.47729499648,2025.48238445319,NA
1242,1243,0.00245908825308172,-95.5422126400662,43.0287259296076,-97.1665983871852,43.7758561065246,0.985938894554891,0.983479806301809,2025.48166027565,2025.48411936391,NA
1216,1217,0.0376126152992744,-88.3008736341901,41.677085540338,-82.0126269655445,40.6890655002363,0.986044920123704,0.948432304824429,2025.44661277418,2025.48422538948,NA
1139,1147,0.00708136642756618,-102.483848899593,42.3808803570941,-111.281896252607,44.0382806884851,0.988619974060458,0.981538607632891,2025.47971907698,2025.48680044341,NA
1262,1263,0.0175261396271502,-97.2595788902663,41.5070503960304,-97.9696450705419,42.1111025196785,0.990088214631286,0.972562075004136,2025.47074254436,2025.48826868398,NA
1125,1126,0.0271684734394048,-113.344347729106,44.2217383090904,-112.467112139743,44.2498395192441,0.991730856256908,0.964562382817504,2025.46274285217,2025.48991132561,NA
727,81,0.049370127780394,-71.1561242535107,43.2652444595957,-67.9107847610698,44.5243612934948,0.992230489552611,0.942860361772217,2025.44104083112,2025.4904109589,SRR34980362|A/Common_Eider/ME/25-021406-018-original/2025|H5N1|USA-ME|Unknown|2025-06-29|wild_avian|D1.1
1266,1268,0.0117160403367402,-97.0125377196356,41.4390922462746,-97.8457955830342,40.0510069549506,0.992765894322596,0.981049853985856,2025.47923032334,2025.49094636367,NA
1181,1182,0.0145908144134799,-99.7761079162135,40.4678970013058,-97.74814566828,38.7556893446601,0.993705341544827,0.979114527131347,2025.47729499648,2025.4918858109,NA
846,847,0.281958165312864,-83.7811248422929,38.663916228029,-84.5116332600309,38.5204896231997,0.993754726484838,0.711796561171974,2025.20997703052,2025.49193519584,NA
818,819,0.158410487151544,-76.918503686402,43.8611046786065,-76.7372058693253,43.6781403244827,0.993776908291377,0.835366421139833,2025.33354689049,2025.49195737764,NA
1194,1205,0.0348328158142369,-96.5558206064595,38.6176933039491,-99.5873759318518,39.2671989735246,0.99496322759183,0.960130411777593,2025.45831088113,2025.49314369694,NA
819,820,0.001226508931091,-76.7372058693253,43.6781403244827,-77.8084209150014,43.5447237195889,0.995003417222468,0.993776908291377,2025.49195737764,2025.49318388657,NA
1079,1080,0.161736048825183,-80.6175776344343,34.5106221294105,-79.6117199446875,34.4699965144566,0.99502354766299,0.833287498837807,2025.33146796819,2025.49320401701,NA
1209,1210,0.0132706707697448,-97.7278043341118,39.6027436364271,-97.7048062607596,39.6500037582125,0.995123894570936,0.981853223801191,2025.48003369315,2025.49330436392,NA
1243,1244,0.01031544904302,-97.1665983871852,43.7758561065246,-97.4447966361022,43.6687911335264,0.996254343597911,0.985938894554891,2025.48411936391,2025.49443481295,NA
1182,1183,0.00393692604564488,-97.74814566828,38.7556893446601,-96.4798020280261,38.3941817744302,0.997642267590472,0.993705341544827,2025.4918858109,2025.49582273694,NA
1086,309,0.283608375021437,-75.5163381938409,40.4474391083674,-79.2450631751258,41.9952128188287,0.997709941607553,0.714101566586116,2025.21228203594,2025.49589041096,SRR34542496|A/Mallard_Duck/PA/25-019408-006-original/2025|H5N1|USA-PA|Unknown|2025-07-01|wild_avian|D1.1
1139,1140,0.0162934462122682,-102.483848899593,42.3808803570941,-101.292225185713,41.0548174767611,0.99783205384516,0.981538607632891,2025.47971907698,2025.4960125232,NA
1183,1184,0.000811425129886634,-96.4798020280261,38.3941817744302,-96.7834005078597,38.3724646571021,0.998453692720358,0.997642267590472,2025.49582273694,2025.49663416207,NA
1268,1269,0.00583852934229379,-97.8457955830342,40.0510069549506,-99.3914170577511,40.1987687881755,0.99860442366489,0.992765894322596,2025.49094636367,2025.49678489302,NA
1269,1270,0.000602528172863548,-99.3914170577511,40.1987687881755,-99.5665218658914,40.1545237704093,0.999206951837753,0.99860442366489,2025.49678489302,2025.49738742119,NA
1247,1248,0.0209901703410782,-93.9637555556469,42.2075077434751,-96.2072047482198,45.0578527005389,1.00001389284432,0.979023722503243,2025.47720419185,2025.4981943622,NA
828,191,0.16011289205204,-76.6988323569968,43.803097002951,-76.2798307454695,44.0946708515219,1.00044966763491,0.84033677558287,2025.33851724493,2025.49863013699,SRR34784273|A/caspian_tern/NY/25-019811-001/2025|H5N1|USA-NY|Jefferson|2025-07-02|wild_avian|D1.1
829,192,0.151409742394589,-75.3661134200533,43.3486566660298,-75.911060424257,44.0350827852126,1.00044966763491,0.849039925240321,2025.34722039459,2025.49863013699,SRR34784272|A/caspian_tern/NY/25-019811-002/2025|H5N1|USA-NY|Jefferson|2025-07-02|wild_avian|D1.1
1265,1276,0.0212208178396238,-97.3037264930405,41.5036508008525,-97.2070709348502,41.5158288178186,1.00059629211563,0.979375474276009,2025.47755594363,2025.49877676147,NA
1268,1271,0.00793269150670461,-97.8457955830342,40.0510069549506,-99.1908647629119,39.7533370097246,1.0006985858293,0.992765894322596,2025.49094636367,2025.49887905518,NA
729,83,0.149999717849065,-70.4816505750157,42.9496432541398,-70.3604054706069,44.4012111871488,1.00318939366227,0.853189675813202,2025.35137014516,2025.50136986301,SRR34980293|A/Common_Eider/ME/25-021406-010-original/2025|H5N1|USA-ME|Unknown|2025-07-03|wild_avian|D1.1
1271,1272,0.00496891690361134,-99.1908647629119,39.7533370097246,-98.551815288957,40.57602508633,1.00566750273291,1.0006985858293,2025.49887905518,2025.50384797208,NA
729,84,0.152739443876423,-70.4816505750157,42.9496432541398,-72.6313906808774,42.6147980808882,1.00592911968962,0.853189675813202,2025.35137014516,2025.50410958904,SRR35089324|A/Great_black-backed_gull/MA/25-021407-023-original/2025|H5N1|USA-MA|Unknown|2025-07-04|wild_avian|D1.1
1147,1148,0.0181588502047138,-111.281896252607,44.0382806884851,-100.110513370392,41.6049302042403,1.00677882426517,0.988619974060458,2025.48680044341,2025.50495929362,NA
1148,1160,0.00245853055319145,-100.110513370392,41.6049302042403,-99.3526599203364,41.8423273353189,1.00923735481836,1.00677882426517,2025.50495929362,2025.50741782417,NA
1248,1249,0.0105300261032468,-96.2072047482198,45.0578527005389,-98.3174047853668,47.7607361803853,1.01054391894757,1.00001389284432,2025.4981943622,2025.5087243883,NA
1087,1088,0.183941166865117,-74.9200541052339,40.0235570311506,-75.2280062962369,39.6723339269578,1.01214678859559,0.828205621730474,2025.32638609108,2025.51032725795,NA
1147,1161,0.027116086203867,-111.281896252607,44.0382806884851,-111.267101968492,44.0716240888647,1.01573606026432,0.988619974060458,2025.48680044341,2025.51391652962,NA
819,823,0.0226707339986105,-76.7372058693253,43.6781403244827,-76.7171318447032,42.8699629194334,1.01644764228999,0.993776908291377,2025.49195737764,2025.51462811164,NA
1236,1238,0.0356764723312056,-95.2480168377951,42.3239472971841,-94.9908418190119,42.6673399268247,1.01810104060844,0.982424568277235,2025.48060503763,2025.51628150996,NA
1077,1078,0.044412801829285,-80.1832797670142,35.6494568850445,-80.4291448412595,35.7792757377509,1.01961786345232,0.975205061623036,2025.47338553097,2025.5177983328,NA
725,86,0.231009183322279,-72.0243720286969,43.2624526436427,-71.7883321762051,42.7823320014086,1.01962774982664,0.78861856650436,2025.28679903586,2025.51780821918,SRR34980314|A/Common_Eider/NH/25-021405-003-original/2025|H5N1|USA-NH|Unknown|2025-07-09|wild_avian|D1.1
1217,423,0.0335828297029357,-82.0126269655445,40.6890655002363,-82.8315668018256,40.2186974268386,1.01962774982664,0.986044920123704,2025.48422538948,2025.51780821918,SRR36209098|A/Blue-winged_Teal/OH/25G02925-001-original/2025|H5N1|USA-OH|Unknown|2025-07-09|wild_avian|D1.1
834,215,0.699059945356878,-86.6537540393611,36.909235389815,-101.406645655499,48.3611468723287,1.022367475854,0.323307530497118,2024.82148799985,2025.52054794521,SRR35151399|A/snow_goose/ND/25-020340-001/2025|H5N1|USA-ND|Ward|2025-07-10|wild_avian|D1.1
723,80,0.298778301934025,-74.5319382294757,43.8147338312933,-72.0007484975032,42.7402493281102,1.02784692790894,0.729068625974914,2025.22724909533,2025.52602739726,SRR34980303|A/Common_Eider/NH/25-021405-004-original/2025|H5N1|USA-NH|Unknown|2025-07-12|wild_avian|D1.1
1195,1201,0.0650977843758234,-97.2818708771059,38.7498387751874,-90.2969317688048,38.6911228027305,1.02951409987815,0.964416315502327,2025.46259678485,2025.52769456923,NA
1161,1167,0.0138728301626743,-111.267101968492,44.0716240888647,-113.27621686598,44.382125885164,1.029608890427,1.01573606026432,2025.51391652962,2025.52778935978,NA
751,56,0.30663249177091,-76.5240858962525,46.9469240596829,-72.5199621219639,42.6402144471908,1.0305866539363,0.723954162165386,2025.22213463152,2025.52876712329,SRR35089323|A/Great_black-backed_gull/MA/25-021407-024-original/2025|H5N1|USA-MA|Unknown|2025-07-13|wild_avian|D1.1
1167,1176,0.00215022369504148,-113.27621686598,44.382125885164,-113.211920202751,44.3536507088285,1.03175911412204,1.029608890427,2025.52778935978,2025.52993958347,NA
1090,1091,0.0598408197522267,-72.9810687912485,38.7522518087903,-72.4433775063762,40.7922108230775,1.03204596023677,0.972205140484542,2025.47038560984,2025.53022642959,NA
741,63,0.211411937510105,-74.3710763574376,39.7486319429506,-68.7744746637683,45.8362004116253,1.03880583201837,0.827393894508263,2025.32557436386,2025.53698630137,SRR35151393|A/Common_Tern/ME/25-021406-008-original-repeat2/2025|H5N1|USA-ME|Unknown|2025-07-16|wild_avian|D1.1
847,848,0.0479767242619125,-84.5116332600309,38.5204896231997,-81.9470222866083,39.4236738720798,1.04173145074675,0.993754726484838,2025.49193519584,2025.5399119201,NA
1049,584,0.204120032035963,-110.854165081209,34.1065155770663,-110.932862187862,34.0985321987529,1.05524418818274,0.851124156146777,2025.3493046255,2025.55342465753,SRR35150577|A/cattle/AZ/25-021143-001-original-repeat2/2025|H5N1|USA-AZ|Unknown|2025-07-22|cattle|D1.1
1249,1250,0.053219479439687,-98.3174047853668,47.7607361803853,-87.146572820033,43.6523492117664,1.06376339838726,1.01054391894757,2025.5087243883,2025.56194386774,NA
1140,1141,0.0667457879710134,-101.292225185713,41.0548174767611,-120.153056286615,44.9159628503128,1.06457784181617,0.99783205384516,2025.4960125232,2025.56275831117,NA
1161,1162,0.0489573587120247,-111.267101968492,44.0716240888647,-112.954261251695,44.7871843283162,1.06469341897635,1.01573606026432,2025.51391652962,2025.56287388833,NA
1148,1149,0.0581936938678445,-100.110513370392,41.6049302042403,-98.9242802837882,41.390997777582,1.06497251813302,1.00677882426517,2025.50495929362,2025.56315298748,NA
1210,1211,0.0703724751625542,-97.7048062607596,39.6500037582125,-111.619822027155,38.578618619359,1.06549636973349,0.995123894570936,2025.49330436392,2025.56367683908,NA
1263,1264,0.0756407457845283,-97.9696450705419,42.1111025196785,-91.7601803676932,46.1761783815057,1.06572896041581,0.990088214631286,2025.48826868398,2025.56390942977,NA
1244,1245,0.070746167437195,-97.4447966361022,43.6687911335264,-96.3780580470015,45.7443109813669,1.06700051103511,0.996254343597911,2025.49443481295,2025.56518098039,NA
1141,1142,0.00263787458688092,-120.153056286615,44.9159628503128,-119.592260004125,44.7492404812627,1.06721571640305,1.06457784181617,2025.56275831117,2025.56539618575,NA
1236,1237,0.0851371314146977,-95.2480168377951,42.3239472971841,-98.2004189325543,43.4897004636912,1.06756169969193,0.982424568277235,2025.48060503763,2025.56574216904,NA
1276,1277,0.0677847905348674,-97.2070709348502,41.5158288178186,-89.7890305198943,41.786947819795,1.0683810826505,1.00059629211563,2025.49877676147,2025.566561552,NA
1277,1278,4.78652364077625e-05,-89.7890305198943,41.786947819795,-89.7730303527195,41.6946752489061,1.06842894788691,1.0683810826505,2025.566561552,2025.56660941724,NA
1091,1092,0.0370789072986759,-72.4433775063762,40.7922108230775,-71.4617434922296,39.9589850731182,1.06912486753544,1.03204596023677,2025.53022642959,2025.56730533689,NA
1201,1203,0.0404659749176226,-90.2969317688048,38.6911228027305,-89.2000214468374,38.3850184033096,1.06998007479577,1.02951409987815,2025.52769456923,2025.56816054415,NA
1184,1185,0.0718492660053642,-96.7834005078597,38.3724646571021,-97.0136488745396,38.4904747255518,1.07030295872572,0.998453692720358,2025.49663416207,2025.56848342808,NA
1141,1146,0.00608780186562763,-120.153056286615,44.9159628503128,-120.561093715124,44.9875273343608,1.0706656436818,1.06457784181617,2025.56275831117,2025.56884611303,NA
1278,1279,0.00236832845159385,-89.7730303527195,41.6946752489061,-89.3997267998101,41.8549357526746,1.0707972763385,1.06842894788691,2025.56660941724,2025.56897774569,NA
1245,1246,0.00409856997314129,-96.3780580470015,45.7443109813669,-96.9200724992032,45.7716940407929,1.07109908100825,1.06700051103511,2025.56518098039,2025.56927955036,NA
1185,1186,0.000942925910038195,-97.0136488745396,38.4904747255518,-97.5078541686702,38.5897595417282,1.07124588463576,1.07030295872572,2025.56848342808,2025.56942635399,NA
1272,1273,0.0656438459551951,-98.551815288957,40.57602508633,-102.156310445656,40.9863560076358,1.07131134868811,1.00566750273291,2025.50384797208,2025.56949181804,NA
1211,1212,0.00623148988269051,-111.619822027155,38.578618619359,-112.200990294537,38.2737318866094,1.07172785961618,1.06549636973349,2025.56367683908,2025.56990832897,NA
1279,1281,0.0021851684016827,-89.3997267998101,41.8549357526746,-87.7223384474673,41.8805141130479,1.07298244474018,1.0707972763385,2025.56897774569,2025.57116291409,NA
1131,1132,0.160321997199369,-98.0241651821789,40.0174090207544,-73.9027326308628,37.9026141141131,1.07301783540453,0.912695838205158,2025.41087630756,2025.57119830476,NA
1142,1145,0.00637511096276833,-119.592260004125,44.7492404812627,-119.618587841021,44.7546382899875,1.07359082736582,1.06721571640305,2025.56539618575,2025.57177129672,NA
1250,1252,0.0100371782430586,-87.146572820033,43.6523492117664,-84.6604648447062,41.8476105567771,1.07380057663031,1.06376339838726,2025.56194386774,2025.57198104598,NA
1201,1202,0.0443491967019858,-90.2969317688048,38.6911228027305,-89.949886459352,38.7331215171569,1.07386329658014,1.02951409987815,2025.52769456923,2025.57204376593,NA
1185,1187,0.00362565577485463,-97.0136488745396,38.4904747255518,-97.6071778292004,37.7251773428773,1.07392861450058,1.07030295872572,2025.56848342808,2025.57210908385,NA
1210,1214,0.0788671028954896,-97.7048062607596,39.6500037582125,-109.74674427799,42.393470429252,1.07399099746643,0.995123894570936,2025.49330436392,2025.57217146682,NA
1132,1133,0.00128864652975746,-73.9027326308628,37.9026141141131,-75.0573833026666,38.4217452322218,1.07430648193428,1.07301783540453,2025.57119830476,2025.57248695129,NA
1162,1164,0.00986185904057724,-112.954261251695,44.7871843283162,-113.154252515713,44.8308226192015,1.07455527801693,1.06469341897635,2025.56287388833,2025.57273574737,NA
820,822,0.0799765443595097,-77.8084209150014,43.5447237195889,-72.6125317730741,44.0963901198976,1.07497996158198,0.995003417222468,2025.49318388657,2025.57316043093,NA
1277,1285,0.00703184248732613,-89.7890305198943,41.786947819795,-88.8337363426565,42.2619997333289,1.07541292513783,1.0683810826505,2025.566561552,2025.57359339449,NA
1323,1324,0.229674621774555,-77.581507766529,36.953418676155,-81.7886007598126,39.4419685597408,1.07546407667712,0.845789454902568,2025.34396992425,2025.57364454603,NA
1167,1168,0.0462070067043905,-113.27621686598,44.382125885164,-121.538046356525,48.497747099928,1.07581589713139,1.029608890427,2025.52778935978,2025.57399636648,NA
1168,1170,6.02348114819851e-05,-121.538046356525,48.497747099928,-121.518145207796,48.4837874661105,1.07587613194287,1.07581589713139,2025.57399636648,2025.57405660129,NA
1252,1257,0.00231695057107761,-84.6604648447062,41.8476105567771,-84.5700064312054,41.7899295133596,1.07611752720139,1.07380057663031,2025.57198104598,2025.57429799655,NA
1149,1150,0.0117293143265225,-98.9242802837882,41.390997777582,-98.9233401248117,41.3596631883971,1.07670183245954,1.06497251813302,2025.56315298748,2025.57488230181,NA
823,824,0.0606514630827024,-76.7171318447032,42.8699629194334,-79.6304607911627,44.8369423400495,1.07709910537269,1.01644764228999,2025.51462811164,2025.57527957472,NA
1150,1152,0.000484898199409223,-98.9233401248117,41.3596631883971,-98.987519129271,41.3622808297967,1.07718673065895,1.07670183245954,2025.57488230181,2025.57536720001,NA
1142,1143,0.0102606381360757,-119.592260004125,44.7492404812627,-115.931975412831,45.144725750734,1.07747635453913,1.06721571640305,2025.56539618575,2025.57565682389,NA
1212,1213,0.00576308005526038,-112.200990294537,38.2737318866094,-114.200195481098,38.6284187049312,1.07749093967144,1.07172785961618,2025.56990832897,2025.57567140902,NA
1164,1165,0.00297985591910588,-113.154252515713,44.8308226192015,-114.278386456764,45.1726253158732,1.07753513393603,1.07455527801693,2025.57273574737,2025.57571560329,NA
1088,1089,0.0654420026039781,-75.2280062962369,39.6723339269578,-75.0411438317569,39.2848808719661,1.07758879119957,1.01214678859559,2025.51032725795,2025.57576926055,NA
1150,1151,0.00112880024243456,-98.9233401248117,41.3596631883971,-98.8450224841246,41.4200048354176,1.07783063270197,1.07670183245954,2025.57488230181,2025.57601110205,NA
1149,1153,0.0129122771803893,-98.9242802837882,41.390997777582,-98.9026733508229,41.1969805255118,1.07788479531341,1.06497251813302,2025.56315298748,2025.57606526466,NA
1252,1253,0.00410194455077528,-84.6604648447062,41.8476105567771,-84.0164499768537,41.4431285320101,1.07790252118109,1.07380057663031,2025.57198104598,2025.57608299053,NA
980,981,0.286356500306714,-81.1565565888395,33.7470032358763,-82.9626798888711,31.609047256498,1.07797196803433,0.791615467727614,2025.28979593708,2025.57615243739,NA
1285,1286,0.00342983902081762,-88.8337363426565,42.2619997333289,-90.3837297364441,42.4543456424373,1.07884276415864,1.07541292513783,2025.57359339449,2025.57702323351,NA
1205,1206,0.0839935586251929,-99.5873759318518,39.2671989735246,-104.534720869042,35.7634712251405,1.07895678621702,0.99496322759183,2025.49314369694,2025.57713725557,NA
1253,1254,0.00117723032759232,-84.0164499768537,41.4431285320101,-83.5686294023087,41.7258740828622,1.07907975150868,1.07790252118109,2025.57608299053,2025.57726022086,NA
1257,1259,0.00304488693068716,-84.5700064312054,41.7899295133596,-84.4424151539536,42.1188492312231,1.07916241413208,1.07611752720139,2025.57429799655,2025.57734288348,NA
1170,1171,0.00343904207093715,-121.518145207796,48.4837874661105,-121.050704975822,48.3040749678897,1.07931517401381,1.07587613194287,2025.57405660129,2025.57749564337,NA
847,850,0.0861151826282043,-84.5116332600309,38.5204896231997,-84.1873499604687,38.2530255659473,1.07986990911304,0.993754726484838,2025.49193519584,2025.57805037846,NA
1266,1267,0.0988775088847533,-97.0125377196356,41.4390922462746,-97.4489967711391,40.0862980083599,1.07992736287061,0.981049853985856,2025.47923032334,2025.57810783222,NA
1133,1134,0.00565859751662012,-75.0573833026666,38.4217452322218,-73.9301350182577,37.4970529550656,1.0799650794509,1.07430648193428,2025.57248695129,2025.5781455488,NA
989,990,0.835171370708111,-101.341659537915,40.0473378414644,-94.7634706253258,35.9982138568984,1.07997405875368,0.244802688045568,2024.7429831574,2025.57815452811,NA
820,821,0.0850480935083235,-77.8084209150014,43.5447237195889,-79.327904864603,43.9847689005907,1.08005151073079,0.995003417222468,2025.49318388657,2025.57823198008,NA
1153,1154,0.00227012323861731,-98.9026733508229,41.1969805255118,-98.9327061962478,41.1859704829208,1.08015491855202,1.07788479531341,2025.57606526466,2025.5783353879,NA
1195,1196,0.115740786840745,-97.2818708771059,38.7498387751874,-99.0950579671367,35.7451315568817,1.08015710234307,0.964416315502327,2025.46259678485,2025.57833757169,NA
1259,1260,0.00132494278590234,-84.4424151539536,42.1188492312231,-83.2309188271169,41.7247591522619,1.08048735691798,1.07916241413208,2025.57734288348,2025.57866782627,NA
1092,1094,0.0124552512675435,-71.4617434922296,39.9589850731182,-74.7014423472581,40.6171774691548,1.08158011880299,1.06912486753544,2025.56730533689,2025.57976058815,NA
1279,1280,0.0109560337143837,-89.3997267998101,41.8549357526746,-89.1995452893302,41.8546959300553,1.08175331005289,1.0707972763385,2025.56897774569,2025.5799337794,NA
1257,1258,0.00584831162613919,-84.5700064312054,41.7899295133596,-83.8018829468777,42.0586288005924,1.08196583882753,1.07611752720139,2025.57429799655,2025.58014630818,NA
1154,1155,0.00192378718836839,-98.9327061962478,41.1859704829208,-98.0367442566446,41.1374317150087,1.08207870574039,1.08015491855202,2025.5783353879,2025.58025917509,NA
1271,1274,0.0827058966002483,-99.1908647629119,39.7533370097246,-99.1625903126049,38.5811896775561,1.08340448242955,1.0006985858293,2025.49887905518,2025.58158495178,NA
1274,1275,0.000460012103467466,-99.1625903126049,38.5811896775561,-99.1791589761553,38.5909466620485,1.08386449453302,1.08340448242955,2025.58158495178,2025.58204496388,NA
1214,1215,0.0102241514482047,-109.74674427799,42.393470429252,-108.905227571648,41.0507352420531,1.08421514891463,1.07399099746643,2025.57217146682,2025.58239561827,NA
1155,1156,0.00489775952767668,-98.0367442566446,41.1374317150087,-98.5621129717909,40.3805535005849,1.08697646526807,1.08207870574039,2025.58025917509,2025.58515693462,NA
824,826,0.0102240552457673,-79.6304607911627,44.8369423400495,-80.1283198573002,44.8992566956243,1.08732316061846,1.07709910537269,2025.57527957472,2025.58550362997,NA
1183,1188,0.090665748668414,-96.4798020280261,38.3941817744302,-102.714235023013,39.4735565064787,1.08830801625889,0.997642267590472,2025.49582273694,2025.58648848561,NA
850,851,0.00916264318833915,-84.1873499604687,38.2530255659473,-84.180328955451,38.3600020403319,1.08903255230138,1.07986990911304,2025.57805037846,2025.58721302165,NA
1153,1159,0.0132838745447865,-98.9026733508229,41.1969805255118,-91.5526761596896,44.4185585942841,1.09116866985819,1.07788479531341,2025.57606526466,2025.58934913921,NA
1126,1128,0.100156033937725,-112.467112139743,44.2498395192441,-115.425095609157,43.2705147046762,1.09188689019463,0.991730856256908,2025.48991132561,2025.59006735955,NA
1176,1177,0.0602918590898569,-113.211920202751,44.3536507088285,-115.162836359225,45.0713161036313,1.0920509732119,1.03175911412204,2025.52993958347,2025.59023144256,NA
1281,1282,0.0199622356850087,-87.7223384474673,41.8805141130479,-87.7224299875698,41.8807129882217,1.09294468042519,1.07298244474018,2025.57116291409,2025.59112514978,NA
1196,1197,0.0131293361219587,-99.0950579671367,35.7451315568817,-99.5596338083562,34.9955315186176,1.09328643846503,1.08015710234307,2025.57833757169,2025.59146690782,NA
1278,1284,0.0252034360040143,-89.7730303527195,41.6946752489061,-88.5564462806172,42.1975740814735,1.09363238389092,1.06842894788691,2025.56660941724,2025.59181285324,NA
1155,1158,0.0118842962307102,-98.0367442566446,41.1374317150087,-97.0832840592041,41.0671899617236,1.0939630019711,1.08207870574039,2025.58025917509,2025.59214347132,NA
1143,1144,0.016590690073327,-115.931975412831,45.144725750734,-114.749247799575,45.7514463245197,1.09406704461246,1.07747635453913,2025.57565682389,2025.59224751396,NA
848,849,0.0524488201520756,-81.9470222866083,39.4236738720798,-74.4641080392653,38.3703377544819,1.09418027089883,1.04173145074675,2025.5399119201,2025.59236074025,NA
1156,1157,0.0081275560675822,-98.5621129717909,40.3805535005849,-99.871196759368,41.059324752473,1.09510402133565,1.08697646526807,2025.58515693462,2025.59328449069,NA
1250,1251,0.0314000734237407,-87.146572820033,43.6523492117664,-88.0316411560178,43.9064019684527,1.095163471811,1.06376339838726,2025.56194386774,2025.59334394116,NA
1253,1255,0.017520406132371,-84.0164499768537,41.4431285320101,-84.5608881992935,41.6923147619319,1.09542292731346,1.07790252118109,2025.57608299053,2025.59360339666,NA
1134,1135,0.0167845942339346,-73.9301350182577,37.4970529550656,-74.5921528064842,37.3196535781219,1.09674967368484,1.0799650794509,2025.5781455488,2025.59493014304,NA
1182,1191,0.103669980685626,-97.74814566828,38.7556893446601,-92.3196194384645,40.9882180996114,1.09737532223045,0.993705341544827,2025.4918858109,2025.59555579158,NA
1188,1189,0.0104207795441023,-102.714235023013,39.4735565064787,-103.577382272878,38.0315214114856,1.09872879580299,1.08830801625889,2025.58648848561,2025.59690926515,NA
1191,1192,0.00171034867395847,-92.3196194384645,40.9882180996114,-92.5425599951106,41.3106215512808,1.09908567090441,1.09737532223045,2025.59555579158,2025.59726614026,NA
826,827,0.0138928702084471,-80.1283198573002,44.8992566956243,-78.5274186670883,43.6959796843943,1.1012160308269,1.08732316061846,2025.58550362997,2025.59939650018,NA
1238,1239,0.0837539454764378,-94.9908418190119,42.6673399268247,-94.8601010981133,42.6942888337139,1.10185498608488,1.01810104060844,2025.51628150996,2025.60003545544,NA
1092,1093,0.0340474995345428,-71.4617434922296,39.9589850731182,-70.0953365347769,40.5312281133603,1.10317236706999,1.06912486753544,2025.56730533689,2025.60135283642,NA
1171,1173,0.025380923368872,-121.050704975822,48.3040749678897,-120.438513327293,47.4427165017155,1.10469609738268,1.07931517401381,2025.57749564337,2025.60287656673,NA
824,825,0.0315283185573345,-79.6304607911627,44.8369423400495,-71.2672842562254,42.9990344736007,1.10862742393002,1.07709910537269,2025.57527957472,2025.60680789328,NA
1255,1256,0.0139315571086509,-84.5608881992935,41.6923147619319,-84.3518883996603,41.928430478664,1.10935448442211,1.09542292731346,2025.59360339666,2025.60753495377,NA
1168,1169,0.0371511992330138,-121.538046356525,48.497747099928,-121.990656557983,48.6097586157894,1.1129670963644,1.07581589713139,2025.57399636648,2025.61114756572,NA
1089,310,0.0379293695859431,-75.0411438317569,39.2848808719661,-76.0050695843384,40.1457509114958,1.11551816078551,1.07758879119957,2025.57576926055,2025.61369863014,SRR35319489|A/Black_Vulture/PA/25-023113-001-original/2025|H5N1|USA-PA|Unknown|2025-08-13|wild_avian|D1.1
800,6,0.817373474059793,-112.238687487082,41.4931231716873,-113.846858763018,42.0795599013722,1.11825788681287,0.300884412753076,2024.7990648821,2025.61643835616,SRR35949988|A/duck_mallard/ID/25-023507-024/2025|H5N1|USA-ID|Cassia|2025-08-14|wild_avian|D1.1
1078,294,0.0986400233605491,-80.4291448412595,35.7792757377509,-79.5958195138581,36.1580265065421,1.11825788681287,1.01961786345232,2025.5177983328,2025.61643835616,SRR35949967|A/Black_Vulture/NC/25-023724-001-original/2025|H5N1|USA-NC|Unknown|2025-08-14|wild_avian|D1.1
1189,1190,0.0202963549990396,-103.577382272878,38.0315214114856,-103.576735786657,38.0152676278666,1.11902515080203,1.09872879580299,2025.59690926515,2025.61720562015,NA
830,190,0.271814242278801,-81.508352912318,45.903526694761,-73.6333276893498,44.005610192416,1.12921679092253,0.857402548643726,2025.355583018,2025.62739726027,SRR35950029|A/Bald_Eagle/NY/25-023581-001-original/2025|H5N1|USA-NY|Unknown|2025-08-18|wild_avian|D1.1
1094,313,0.0503763981468954,-74.7014423472581,40.6171774691548,-74.1239087037218,40.6701214428321,1.13195651694988,1.08158011880299,2025.57976058815,2025.6301369863,SRR35950028|A/Black_Vulture/NJ/25-023587-001-original/2025|H5N1|USA-NJ|Unknown|2025-08-19|wild_avian|D1.1
1094,314,0.0503763981468954,-74.7014423472581,40.6171774691548,-74.751203765754,39.1609864052055,1.13195651694988,1.08158011880299,2025.57976058815,2025.6301369863,SRR35949975|A/Black_Vulture/NJ/25-023587-003-original/2025|H5N1|USA-NJ|Unknown|2025-08-19|wild_avian|D1.1
827,194,0.0362199381779214,-78.5274186670883,43.6959796843943,-76.094972619494,43.6835865770725,1.13743596900483,1.1012160308269,2025.59939650018,2025.63561643836,SRR35318191|A/chicken/NY/25-023583-002-original/2025|H5N1|USA-NY|Unknown|2025-08-21|domestic_avian|D1.1
1203,1204,0.070044164710412,-89.2000214468374,38.3850184033096,-87.2013821906927,38.6842625240173,1.14002423950618,1.06998007479577,2025.56816054415,2025.63820470886,NA
1162,1163,0.0816118538426835,-112.954261251695,44.7871843283162,-112.317909018006,46.4377233412275,1.14630527281903,1.06469341897635,2025.56287388833,2025.64448574217,NA
895,165,0.291813636209718,-91.211167347622,34.8793481978423,-88.7233610765676,15.3898021652754,1.14839487311426,0.856581236904537,2025.35476170626,2025.64657534247,EPI_ISL_20180701|A/duck/Izabal/FLU-340/2025|H5N1|Guatemala-Izabal|Unknown|2025-08-25|domestic_avian|D1.1
1280,356,0.0693812890889549,-89.1995452893302,41.8546959300553,-99.7420033127016,44.8902110955889,1.15113459914184,1.08175331005289,2025.5799337794,2025.64931506849,SRR35318189|A/Turkey/SD/25-023747-001-original/2025|H5N1|USA-SD|Unknown|2025-08-26|domestic_avian|D1.1
981,535,0.0813818091895846,-82.9626798888711,31.609047256498,-82.9371600010424,32.4815864482369,1.15935377722391,1.07797196803433,2025.57615243739,2025.65753424658,SRR35949432|A/chicken/GA/25-024057-002-original/2025|H5N1|USA-GA|Unknown|2025-08-29|domestic_avian|D1.1
1248,379,0.162079610406948,-96.2072047482198,45.0578527005389,-96.8232877977136,46.2074138293234,1.16209350325127,1.00001389284432,2025.4981943622,2025.6602739726,SRR35949426|A/Domestic_Grower/Meat-type_Turkey/ND/25-024186-001-original/2025|H5N1|USA-ND|Unknown|2025-08-30|domestic_avian|D1.1
1197,1198,0.0710614216719556,-99.5596338083562,34.9955315186176,-99.7957950214316,34.6749030658823,1.16434786013699,1.09328643846503,2025.59146690782,2025.66252832949,NA
1237,373,0.097271529586695,-98.2004189325543,43.4897004636912,-102.897807788371,44.0395901038429,1.16483322927863,1.06756169969193,2025.56574216904,2025.66301369863,SRR35949424|A/Domestic_Grower/Meat-type_Turkey/SD/25-024189-001-original/2025|H5N1|USA-SD|Unknown|2025-08-31|domestic_avian|D1.1
1244,369,0.174058337735659,-97.4447966361022,43.6687911335264,-111.425040493302,41.6534201645416,1.17031268133357,0.996254343597911,2025.49443481295,2025.66849315068,SRR36211907|A/Canada_Goose/UT/25-024323-001-original/2025|H5N1|USA-UT|Unknown|2025-09-02|wild_avian|D1.1
1189,441,0.0743236115579391,-103.577382272878,38.0315214114856,-111.513902080966,49.7077722749266,1.17305240736093,1.09872879580299,2025.59690926515,2025.67123287671,EPI_ISL_20208456|A/Turkey/AB/FAV-0270/2025|H5N1|Canada-AB|Unknown|2025-09-03|domestic_avian|D1.1
1125,419,0.211229750570781,-113.344347729106,44.2217383090904,-116.378535403414,44.2702582306575,1.17579213338828,0.964562382817504,2025.46274285217,2025.67397260274,SRR35705730|A/Mallard_Duck/ID/25-024960-007-original/2025|H5N1|USA-ID|Unknown|2025-09-04|wild_avian|D1.1
1242,367,0.195052053113833,-95.5422126400662,43.0287259296076,-100.914347707707,43.3984824927358,1.17853185941564,0.983479806301809,2025.48166027565,2025.67671232877,SRR35705007|A/Turkey/SD/25-024863-004-original/2025|H5N1|USA-SD|Unknown|2025-09-05|domestic_avian|D1.1
1080,298,0.18624803778001,-79.6117199446875,34.4699965144566,-79.3153585815751,34.5237941966136,1.181271585443,0.99502354766299,2025.49320401701,2025.67945205479,SRR35705677|A/Black_Vulture/NC/25-025013-001-original/2025|H5N1|USA-NC|Unknown|2025-09-06|wild_avian|D1.1
1246,371,0.110172504434752,-96.9200724992032,45.7716940407929,-87.2603658812116,41.9080465675389,1.181271585443,1.07109908100825,2025.56927955036,2025.67945205479,SRR35705728|A/blue-winged_Teal/IL/25-025061-004-original/2025|H5N1|USA-IL|Unknown|2025-09-06|wild_avian|D1.1
1251,382,0.0888478396595878,-88.0316411560178,43.9064019684527,-96.8633633880974,45.3594639873099,1.18401131147058,1.095163471811,2025.59334394116,2025.68219178082,SRR35586405|A/Turkey/SD/25-024550-002-original/2025|H5N1|USA-SD|Unknown|2025-09-07|domestic_avian|D1.1
1206,1208,0.106620260311602,-104.534720869042,35.7634712251405,-95.0018378340283,31.0518334014795,1.18557704652862,1.07895678621702,2025.57713725557,2025.68375751588,NA
1090,318,0.214545897013399,-72.9810687912485,38.7522518087903,-78.4721735800436,39.9945620029311,1.18675103749794,0.972205140484542,2025.47038560984,2025.68493150685,SRR36212204|A/Black_Vulture/PA/25-025223-001-original/2025|H5N1|USA-PA|Unknown|2025-09-08|wild_avian|D1.1
1126,1127,0.195396100610335,-112.467112139743,44.2498395192441,-113.709454876344,51.3624581522799,1.18712695686724,0.991730856256908,2025.48991132561,2025.68530742622,NA
1324,1325,0.113733384251432,-81.7886007598126,39.4419685597408,-81.830139057957,36.6177104529223,1.18919746092855,1.07546407667712,2025.57364454603,2025.68737793028,NA
1273,350,0.118179414837192,-102.156310445656,40.9863560076358,-104.314176644079,40.2074953722492,1.1894907635253,1.07131134868811,2025.56949181804,2025.68767123288,SRR36212521|A/Mallard_Duck/CO/25-025267-001-original/2025|H5N1|USA-CO|Unknown|2025-09-09|wild_avian|D1.1
1127,414,0.00236380665805558,-113.709454876344,51.3624581522799,-116.048766929729,52.6799635968387,1.1894907635253,1.18712695686724,2025.68530742622,2025.68767123288,EPI_ISL_20208457|A/Turkey/AB/FAV-0274/2025|H5N1|Canada-AB|Unknown|2025-09-09|domestic_avian|D1.1
1206,1207,0.110742877088571,-104.534720869042,35.7634712251405,-121.019800268178,37.8294126906352,1.18969966330559,1.07895678621702,2025.57713725557,2025.68788013266,NA
1282,1283,0.0984222702351933,-87.7224299875698,41.8807129882217,-81.8467851249603,42.638749840534,1.19136695066039,1.09294468042519,2025.59112514978,2025.68954742001,NA
740,61,0.600363856430284,-79.5590106921376,39.3371355130258,-78.8894298153891,39.6242331727974,1.19223048955266,0.591866633122372,2025.09004710247,2025.6904109589,SRR35705785|A/Vulture/MD/25-024862-001-original/2025|H5N1|USA-MD|Unknown|2025-09-10|wild_avian|D1.1
1243,368,0.206291594997766,-97.1665983871852,43.7758561065246,-100.488590793922,48.7351668157911,1.19223048955266,0.985938894554891,2025.48411936391,2025.6904109589,SRR35705788|A/Swainson_s_Hawk/ND/25-024871-001-original/2025|H5N1|USA-ND|Unknown|2025-09-10|other|D1.1
1173,1174,0.0885309797899856,-120.438513327293,47.4427165017155,-105.171819614519,48.5263919409525,1.19322707717267,1.10469609738268,2025.60287656673,2025.69140754652,NA
1184,442,0.196516522859655,-96.7834005078597,38.3724646571021,-110.719740488477,43.17036708669,1.19497021558001,0.998453692720358,2025.49663416207,2025.69315068493,SRR36212532|A/Mallard_Duck/WY/25-025186-001-original/2025|H5N1|USA-WY|Unknown|2025-09-11|wild_avian|D1.1
1093,315,0.0917978485100257,-70.0953365347769,40.5312281133603,-74.5374122812035,40.5363500089321,1.19497021558001,1.10317236706999,2025.60135283642,2025.69315068493,SRR36212431|A/Black_Vulture/NJ/25-025220-003-original/2025|H5N1|USA-NJ|Unknown|2025-09-11|wild_avian|D1.1
1093,316,0.0917978485100257,-70.0953365347769,40.5312281133603,-75.2491529568429,39.8409244953628,1.19497021558001,1.10317236706999,2025.60135283642,2025.69315068493,SRR36212060|A/Black_Vulture/NJ/25-025220-002-original/2025|H5N1|USA-NJ|Unknown|2025-09-11|wild_avian|D1.1
1255,385,0.102287014294138,-84.5608881992935,41.6923147619319,-100.245112280542,47.5182971278748,1.1977099416076,1.09542292731346,2025.59360339666,2025.69589041096,SRR36211905|A/Canada_Goose/ND/25-025249-001-original/2025|H5N1|USA-ND|Unknown|2025-09-12|wild_avian|D1.1
1274,351,0.117045185205407,-99.1625903126049,38.5811896775561,-98.7801883271395,38.4975450948548,1.20044966763496,1.08340448242955,2025.58158495178,2025.69863013699,SRR36211787|A/blue_winged_teal/KS/25-025843-026/2025|H5N1|USA-KS|Barton|2025-09-13|wild_avian|D1.1
1275,352,0.116585173101939,-99.1791589761553,38.5909466620485,-99.0205192313969,38.6680544780692,1.20044966763496,1.08386449453302,2025.58204496388,2025.69863013699,SRR36211782|A/blue_winged_teal/KS/25-025843-038/2025|H5N1|USA-KS|Barton|2025-09-13|wild_avian|D1.1
1165,1166,0.123014587597814,-114.278386456764,45.1726253158732,-120.75427206987,47.8494937389454,1.20054972153385,1.07753513393603,2025.57571560329,2025.69873019089,NA
1260,1261,0.120199025889306,-83.2309188271169,41.7247591522619,-83.1863371634029,42.6102090841929,1.20068638280729,1.08048735691798,2025.57866782627,2025.69886685216,NA
1286,357,0.127086355531026,-90.3837297364441,42.4543456424373,-93.5745275749419,44.7168494957836,1.20592911968967,1.07884276415864,2025.57702323351,2025.70410958904,SRR36212111|A/mallard_duck/MN/25-025867-005/2025|H5N1|USA-MN|Scott|2025-09-15|wild_avian|D1.1
825,196,0.0973016957596455,-71.2672842562254,42.9990344736007,-73.3277451205408,46.2127742416964,1.20592911968967,1.10862742393002,2025.60680789328,2025.70410958904,EPI_ISL_20208424|A/Duck/QC/FAV-0272-2/2025|H5N1|Canada-QC|Unknown|2025-09-15|domestic_avian|D1.1
1171,1172,0.127907795439435,-121.050704975822,48.3040749678897,-118.945950104403,48.2286584898682,1.20722296945324,1.07931517401381,2025.57749564337,2025.7054034388,NA
1325,1326,0.0181910309710309,-81.830139057957,36.6177104529223,-80.713248864506,37.5664198528069,1.20738849189959,1.18919746092855,2025.68737793028,2025.70556896125,NA
1214,461,0.134677848250602,-109.74674427799,42.393470429252,-119.55674812596,38.6956405504666,1.20866884571703,1.07399099746643,2025.57217146682,2025.70684931507,SRR36211763|A/Gadwell/NV/25G01828-004-original/2025|H5N1|USA-NV|Unknown|2025-09-16|wild_avian|D1.1
1284,355,0.115036461826105,-88.5564462806172,42.1975740814735,-91.7072177731612,41.5352801149551,1.20866884571703,1.09363238389092,2025.59181285324,2025.70684931507,SRR36211924|A/Red-tailed_Hawk/IA/25-025278-001-original/2025|H5N1|USA-IA|Unknown|2025-09-16|wild_avian|D1.1
825,197,0.100041421787003,-71.2672842562254,42.9990344736007,-72.1632792162331,43.5604502240396,1.20866884571703,1.10862742393002,2025.60680789328,2025.70684931507,SRR36212518|A/Mallard_Duck/NH/25-025612-017-original-repeat2/2025|H5N1|USA-NH|Unknown|2025-09-16|wild_avian|D1.1
1239,1240,0.109095323260629,-94.8601010981133,42.6942888337139,-92.3316669218392,41.0379205143496,1.21095030934551,1.10185498608488,2025.60003545544,2025.7091307787,NA
1169,474,0.098441475379982,-121.990656557983,48.6097586157894,-111.232971998512,48.9439393636386,1.21140857174439,1.1129670963644,2025.61114756572,2025.7095890411,SRR36212466|A/Great_horned_Owl/MT/25-025599-001-original/2025|H5N1|USA-MT|Unknown|2025-09-17|wild_avian|D1.1
1282,362,0.121203617346777,-87.7224299875698,41.8807129882217,-83.0108183338576,40.5903417676903,1.21414829777197,1.09294468042519,2025.59112514978,2025.71232876712,SRR36211892|A/Mallard_Duck/OH/25-025982-002-original/2025|H5N1|USA-OH|Unknown|2025-09-18|wild_avian|D1.1
1261,383,0.0134619149646826,-83.1863371634029,42.6102090841929,-84.0358689107409,43.4755323412217,1.21414829777197,1.20068638280729,2025.69886685216,2025.71232876712,SRR36212068|A/wood_duck/MI/25-025965-014/2025|H5N1|USA-MI|Saginaw|2025-09-18|wild_avian|D1.1
1198,1199,0.0542507260735674,-99.7957950214316,34.6749030658823,-94.4256535748213,37.3000209715426,1.21859858621055,1.16434786013699,2025.66252832949,2025.71677905556,NA
1272,366,0.219439699148488,-98.551815288957,40.57602508633,-91.9669587332355,32.2945163720193,1.2251072018814,1.00566750273291,2025.50384797208,2025.72328767123,SRR36211605|A/American_blue-winged_Teal/LA/25G01386-003-original/2025|H5N1|USA-LA|Unknown|2025-09-22|wild_avian|D1.1
848,151,0.183375751134649,-81.9470222866083,39.4236738720798,-82.0736591328037,39.2991078242775,1.2251072018814,1.04173145074675,2025.5399119201,2025.72328767123,SRR36211881|A/Black_Vulture/OH/25-026070-003-original/2025|H5N1|USA-OH|Unknown|2025-09-22|wild_avian|D1.1
1188,438,0.136799185622514,-102.714235023013,39.4735565064787,-123.406814923135,47.5885985014089,1.2251072018814,1.08830801625889,2025.58648848561,2025.72328767123,SRR36212227|A/Great_horned_Owl/WA/25G01455-001-original/2025|H5N1|USA-WA|Unknown|2025-09-22|wild_avian|D1.1
821,199,0.147795417177965,-79.327904864603,43.9847689005907,-77.5172705025714,43.21363438999,1.22784692790876,1.08005151073079,2025.57823198008,2025.72602739726,SRR36211866|A/wood_duck/NY/25-026198-009/2025|H5N1|USA-NY|Monroe|2025-09-23|wild_avian|D1.1
1261,384,0.0271605451014696,-83.1863371634029,42.6102090841929,-84.306696041653,43.2054757516999,1.22784692790876,1.20068638280729,2025.69886685216,2025.72602739726,SRR36211854|A/wood_duck/MI/25G01274-008/2025|H5N1|USA-MI|Saginaw|2025-09-23|wild_avian|D1.1
1177,1178,0.13583011011889,-115.162836359225,45.0713161036313,-121.214253186713,49.1018890274008,1.22788108333079,1.0920509732119,2025.59023144256,2025.72606155268,NA
1269,341,0.231982230271452,-99.3914170577511,40.1987687881755,-85.1671327005174,30.7637953714672,1.23058665393634,0.99860442366489,2025.49678489302,2025.72876712329,SRR36212429|A/blue-winged_Teal/FL/25-026196-001-original/2025|H5N1|USA-FL|Unknown|2025-09-24|wild_avian|D1.1
1128,416,0.138699763741709,-115.425095609157,43.2705147046762,-117.307062914371,46.2715768608834,1.23058665393634,1.09188689019463,2025.59006735955,2025.72876712329,SRR36212382|A/wild_goose/WA/25G01700-001-original/2025|H5N1|USA-WA|Unknown|2025-09-24|wild_avian|D1.1
1284,361,0.136954270045419,-88.5564462806172,42.1975740814735,-89.7141188480599,45.1588939168407,1.23058665393634,1.09363238389092,2025.59181285324,2025.72876712329,SRR36212149|A/Mallard_Duck/WI/25G02258-001-original/2025|H5N1|USA-WI|Unknown|2025-09-24|wild_avian|D1.1
849,153,0.136406383037516,-74.4641080392653,38.3703377544819,-84.947359840585,39.0342436937866,1.23058665393634,1.09418027089883,2025.59236074025,2025.72876712329,SRR36212441|A/Black_Vulture/IN/25G01314-001-original/2025|H5N1|USA-IN|Unknown|2025-09-24|wild_avian|D1.1
1192,432,0.131500983031931,-92.5425599951106,41.3106215512808,-75.7107408519724,44.1916599405379,1.23058665393634,1.09908567090441,2025.59726614026,2025.72876712329,SRR36406419|A/american_green_winged_teal/NY/25G02842-011/2025|H5N1|USA-NY|Jefferson|2025-09-24|wild_avian|D1.1
1280,360,0.151573069910814,-89.1995452893302,41.8546959300553,-89.4633300647087,39.9901269003217,1.2333263799637,1.08175331005289,2025.5799337794,2025.73150684932,SRR36212424|A/Canada_Goose/IL/25-026184-001-original/2025|H5N1|USA-IL|Unknown|2025-09-25|wild_avian|D1.1
851,156,0.144293827662318,-84.180328955451,38.3600020403319,-85.0617105479897,37.2404873364293,1.2333263799637,1.08903255230138,2025.58721302165,2025.73150684932,SRR36212433|A/Black_Vulture/KY/25G01831-001-original/2025|H5N1|USA-KY|Unknown|2025-09-25|wild_avian|D1.1
1208,456,0.0477493334350749,-95.0018378340283,31.0518334014795,-86.0859426136232,30.8646567442773,1.2333263799637,1.18557704652862,2025.68375751588,2025.73150684932,SRR36211970|A/Mottled_Duck/FL/25G01837-001-original/2025|H5N1|USA-FL|Unknown|2025-09-25|wild_avian|D1.1
1088,312,0.223919317395465,-75.2280062962369,39.6723339269578,-76.0022767391033,39.2686437642419,1.23606610599106,1.01214678859559,2025.51032725795,2025.73424657534,SRR36203399|A/Black_Vulture/MD/25-026167-001-original/2025|H5N1|USA-MD|Unknown|2025-09-26|wild_avian|D1.1
1324,647,0.160602029313934,-81.7886007598126,39.4419685597408,-81.0141417885605,39.5442470911006,1.23606610599106,1.07546407667712,2025.57364454603,2025.73424657534,SRR36212436|A/Black_Vulture/WV/25G01830-001-original/2025|H5N1|USA-WV|Unknown|2025-09-26|wild_avian|D1.1
1325,648,0.0468686450625015,-81.830139057957,36.6177104529223,-81.8973129774466,36.1407332835763,1.23606610599106,1.18919746092855,2025.68737793028,2025.73424657534,SRR36163010|A/chicken/NC/25-026098-002-original/2025|H5N1|USA-NC|Unknown|2025-09-26|domestic_avian|D1.1
1326,649,0.0286776140914706,-80.713248864506,37.5664198528069,-80.6714551310245,37.6610506090114,1.23606610599106,1.20738849189959,2025.70556896125,2025.73424657534,SRR36212435|A/Black_Vulture/WV/25G01830-002-original/2025|H5N1|USA-WV|Unknown|2025-09-26|wild_avian|D1.1
1146,462,0.168140188336613,-120.561093715124,44.9875273343608,-121.98180488431,45.0277890348954,1.23880583201841,1.0706656436818,2025.56884611303,2025.73698630137,SRR36211600|A/American_blue-winged_Teal/OR/25G01565-017-original/2025|H5N1|USA-OR|Unknown|2025-09-27|wild_avian|D1.1
1174,1175,0.0466638275126323,-105.171819614519,48.5263919409525,-102.082314559234,44.739012964355,1.2398909046853,1.19322707717267,2025.69140754652,2025.73807137404,NA
1270,348,0.245078332235603,-99.5665218658914,40.1545237704093,-105.717443013412,42.0656681229092,1.24428528407336,0.999206951837753,2025.49738742119,2025.74246575342,SRR36211769|A/Canada_Goose/WY/25G01869-001-original/2025|H5N1|USA-WY|Unknown|2025-09-29|wild_avian|D1.1
1256,387,0.134930799651245,-84.3518883996603,41.928430478664,-96.0889619127047,46.4999461381431,1.24428528407336,1.10935448442211,2025.60753495377,2025.74246575342,SRR36212318|A/canada_goose/MN/25G01920-001/2025|H5N1|USA-MN|Otter_Tail|2025-09-29|wild_avian|D1.1
1127,413,0.0571583272061129,-113.709454876344,51.3624581522799,-111.294132935631,48.556428090316,1.24428528407336,1.18712695686724,2025.68530742622,2025.74246575342,SRR36163011|A/chicken/MT/25-026086-002-original/2025|H5N1|USA-MT|Unknown|2025-09-29|domestic_avian|D1.1
1238,375,0.228923969492273,-94.9908418190119,42.6673399268247,-104.246965554032,30.2053601619345,1.24702501010071,1.01810104060844,2025.51628150996,2025.74520547945,SRR36212386|A/wild_duck/TX/25G01488-001-original/2025|H5N1|USA-TX|Unknown|2025-09-30|wild_avian|D1.1
1264,343,0.181296049684899,-91.7601803676932,46.1761783815057,-88.9166815380647,45.7051181874126,1.24702501010071,1.06572896041581,2025.56390942977,2025.74520547945,SRR36163013|A/chicken/WI/25-026290-001-original/2025|H5N1|USA-WI|Unknown|2025-09-30|domestic_avian|D1.1
1213,446,0.169534070429272,-114.200195481098,38.6284187049312,-109.845991404694,36.8092059095246,1.24702501010071,1.07749093967144,2025.57567140902,2025.74520547945,SRR36212241|A/Canada_Goose/AZ/25G01642-001-original/2025|H5N1|USA-AZ|Unknown|2025-09-30|wild_avian|D1.1
1145,464,0.176173908762248,-119.618587841021,44.7546382899875,-111.172491159613,46.3632248572808,1.24976473612807,1.07359082736582,2025.57177129672,2025.74794520548,SRR36212238|A/Canada_Goose/MT/25G01677-001-original/2025|H5N1|USA-MT|Unknown|2025-10-01|wild_avian|D1.1
850,155,0.169894827015028,-84.1873499604687,38.2530255659473,-84.8609365703234,39.3576483297473,1.24976473612807,1.07986990911304,2025.57805037846,2025.74794520548,SRR36209119|A/black_vulture/IN/25G01855-003/2025|H5N1|USA-IN|Franklin|2025-10-01|wild_avian|D1.1
990,527,0.169790677374392,-94.7634706253258,35.9982138568984,-106.891579981942,55.2371487581825,1.24976473612807,1.07997405875368,2025.57815452811,2025.74794520548,EPI_ISL_20208421|A/Chicken/SK/FAV-0326-1/2025|H5N1|Canada-SK|Unknown|2025-10-01|domestic_avian|D1.1
1233,395,0.430524620564273,-97.4347439559532,43.4121979075576,-110.033023526479,51.7276904305606,1.25524418818279,0.824719567618513,2025.32290003697,2025.75342465753,EPI_ISL_20206696|A/Chicken/AB/FAV-0340-001/2025__H5N1_|H5N1|Canada-AB|Unknown|2025-10-03|domestic_avian|D1.1
1077,296,0.28003912655975,-80.1832797670142,35.6494568850445,-80.2005140711024,35.9769029599507,1.25524418818279,0.975205061623036,2025.47338553097,2025.75342465753,SRR36162690|A/chicken/NC/25G01772-001-original/2025|H5N1|USA-NC|Unknown|2025-10-03|domestic_avian|D1.1
1276,354,0.254647896067153,-97.2070709348502,41.5158288178186,-83.7173604044082,42.3362839428149,1.25524418818279,1.00059629211563,2025.49877676147,2025.75342465753,SRR36212006|A/mallard_duck/MI/25G01983-007/2025|H5N1|USA-MI|Washtenaw|2025-10-03|wild_avian|D1.1
1240,376,0.0442938788372782,-92.3316669218392,41.0379205143496,-88.4816741659544,41.134733638989,1.25524418818279,1.21095030934551,2025.7091307787,2025.75342465753,SRR36162674|A/Domestic_Duck/IL/25G03338-009-original/2025|H5N1|USA-IL|Unknown|2025-10-03|domestic_avian|D1.1
1240,377,0.0442938788372782,-92.3316669218392,41.0379205143496,-88.9133774469023,39.013120111809,1.25524418818279,1.21095030934551,2025.7091307787,2025.75342465753,SRR36162678|A/chicken/IL/25G03338-005-original/2025|H5N1|USA-IL|Unknown|2025-10-03|domestic_avian|D1.1
1270,342,0.25877696237239,-99.5665218658914,40.1545237704093,-92.6266349343318,34.346447532293,1.25798391421014,0.999206951837753,2025.49738742119,2025.75616438356,SRR36212242|A/Canada_Goose/AR/25G01638-001-original/2025|H5N1|USA-AR|Unknown|2025-10-04|wild_avian|D1.1
1146,463,0.187318270528342,-120.561093715124,44.9875273343608,-106.47026625554,40.9380155306914,1.25798391421014,1.0706656436818,2025.56884611303,2025.75616438356,SRR36211975|A/mallard_duck/CO/25G02242-003/2025|H5N1|USA-CO|Jackson|2025-10-04|wild_avian|D1.1
1160,503,0.251486285419365,-99.3526599203364,41.8423273353189,-121.932559057063,43.7963011165959,1.26072364023773,1.00923735481836,2025.50741782417,2025.75890410959,SRR36162760|A/chicken/OR/25G01792-001-original/2025|H5N1|USA-OR|Unknown|2025-10-05|domestic_avian|D1.1
1321,653,0.436346876407729,-79.2757516820698,39.6833730602518,-80.0896485714704,38.8399439595426,1.26346336626509,0.827116489857356,2025.32529695921,2025.76164383562,SRR36212366|A/Black_Vulture/WV/25G02062-001-original/2025|H5N1|USA-WV|Unknown|2025-10-06|wild_avian|D1.1
1246,372,0.192364285256838,-96.9200724992032,45.7716940407929,-93.4879192917296,44.8310648141996,1.26346336626509,1.07109908100825,2025.56927955036,2025.76164383562,SRR36212344|A/sandhill_crane/MN/25G02201-001/2025|H5N1|USA-MN|Hennepin|2025-10-06|wild_avian|D1.1
1124,418,0.312152226828448,-114.238196752635,44.0389637850382,-112.996884597356,43.5449350802652,1.26620309229244,0.954050865463995,2025.45223133482,2025.76438356164,SRR36162812|A/Guinea_Fowl/ID/25G01895-002-original/2025|H5N1|USA-ID|Unknown|2025-10-07|domestic_avian|D1.1
1144,466,0.172136047679986,-114.749247799575,45.7514463245197,-116.173603461804,45.9159579746063,1.26620309229244,1.09406704461246,2025.59224751396,2025.76438356164,SRR36162806|A/Peafowl/ID/25G01896-003-original/2025|H5N1|USA-ID|Unknown|2025-10-07|wild_avian|D1.1
1256,386,0.156848607870331,-84.3518883996603,41.928430478664,-90.3816620227488,45.650942937267,1.26620309229244,1.10935448442211,2025.60753495377,2025.76438356164,SRR36211964|A/Trumpeter_Swan/WI/25G01871-001-original/2025|H5N1|USA-WI|Unknown|2025-10-07|wild_avian|D1.1
826,193,0.181619657701342,-80.1283198573002,44.8992566956243,-75.6119527344221,39.2851843753029,1.2689428183198,1.08732316061846,2025.58550362997,2025.76712328767,SRR36212136|A/Peregrine_Falcon/DE/25G02350-001-original/2025|H5N1|USA-DE|Unknown|2025-10-08|wild_avian|D1.1
1264,344,0.205953583931343,-91.7601803676932,46.1761783815057,-84.9560978222537,43.5050170934622,1.27168254434716,1.06572896041581,2025.56390942977,2025.7698630137,SRR36211770|A/canada_goose/MI/25G01985-002/2025|H5N1|USA-MI|Isabella|2025-10-09|wild_avian|D1.1
1159,500,0.180513874488966,-91.5526761596896,44.4185585942841,-101.781223353152,49.9293632146266,1.27168254434716,1.09116866985819,2025.58934913921,2025.7698630137,EPI_ISL_20249109|A/Whooping_crane/SK/FAV-0436-1/2025|H5N1|Canada-SK|Unknown|2025-10-09|wild_avian|D1.1
1178,470,0.0438014610163702,-121.214253186713,49.1018890274008,-123.050689745094,49.6603223110607,1.27168254434716,1.22788108333079,2025.72606155268,2025.7698630137,EPI_ISL_20258472|A/American_Wigeon/BC/AIVPHL-3746/2025|H5N1|Canada-BC|Unknown|2025-10-09|wild_avian|D1.1
1187,435,0.200493655873938,-97.6071778292004,37.7251773428773,-96.8217289599071,37.7847523906468,1.27442227037451,1.07392861450058,2025.57210908385,2025.77260273973,SRR36406423|A/canada_goose/KS/25G02613-001/2025|H5N1|USA-KS|Butler|2025-10-10|wild_avian|D1.1
1215,459,0.190207121459884,-108.905227571648,41.0507352420531,-107.07884784637,42.5503916250116,1.27442227037451,1.08421514891463,2025.58239561827,2025.77260273973,SRR36211962|A/Turkey_Vulture/WY/25G02109-001-original/2025|H5N1|USA-WY|Unknown|2025-10-10|wild_avian|D1.1
1152,491,0.199975265743152,-98.987519129271,41.3622808297967,-78.0100896157343,42.8955110792227,1.2771619964021,1.07718673065895,2025.57536720001,2025.77534246575,SRR36203306|A/mallard_duck/NY/25G02284-011/2025|H5N1|USA-NY|Genesee|2025-10-11|wild_avian|D1.1
1143,465,0.19968564186297,-115.931975412831,45.144725750734,-119.363039314089,39.3176382499746,1.2771619964021,1.07747635453913,2025.57565682389,2025.77534246575,SRR36538296|A/american_green_winged_teal/NV/25G04893-003/2025|H5N1|USA-NV|Lyon|2025-10-11|wild_avian|D1.1
1254,390,0.198082244893418,-83.5686294023087,41.7258740828622,-78.9283285239677,41.7583368328566,1.2771619964021,1.07907975150868,2025.57726022086,2025.77534246575,SRR36209116|A/Mallard_Duck/PA/25G02313-006-original-repeat2/2025|H5N1|USA-PA|Unknown|2025-10-11|wild_avian|D1.1
1254,389,0.198082244893418,-83.5686294023087,41.7258740828622,-78.3842124294329,42.9954740174145,1.2771619964021,1.07907975150868,2025.57726022086,2025.77534246575,SRR36212325|A/american_green_winged_teal/NY/25G02284-024/2025|H5N1|USA-NY|Genesee|2025-10-11|wild_avian|D1.1
990,528,0.197187937648421,-94.7634706253258,35.9982138568984,-97.7188643497125,38.3944846061631,1.2771619964021,1.07997405875368,2025.57815452811,2025.77534246575,SRR36211847|A/american_blue_winged_teal/KS/25G02173-002/2025|H5N1|USA-KS|McPherson|2025-10-11|wild_avian|D1.1
1196,429,0.197004894059027,-99.0950579671367,35.7451315568817,-117.877605743878,39.6345143891514,1.2771619964021,1.08015710234307,2025.57833757169,2025.77534246575,SRR36538389|A/american_blue_winged_teal/NV/25G04892-001/2025|H5N1|USA-NV|Churchill|2025-10-11|wild_avian|D1.1
1078,295,0.260283858977136,-80.4291448412595,35.7792757377509,-76.7358937459905,36.0133852495063,1.27990172242946,1.01961786345232,2025.5177983328,2025.77808219178,SRR36211960|A/Vulture/NC/25G02114-001-original/2025|H5N1|USA-NC|Unknown|2025-10-12|wild_avian|D1.1
1247,394,0.303617725953571,-93.9637555556469,42.2075077434751,-94.4538432045035,35.1232992682598,1.28264144845681,0.979023722503243,2025.47720419185,2025.78082191781,SRR36212343|A/Swan/OK/25G02155-001-original/2025|H5N1|USA-OK|Unknown|2025-10-13|wild_avian|D1.1
1275,353,0.201516679951155,-99.1791589761553,38.5909466620485,-104.666650803939,40.4780632691326,1.28538117448417,1.08386449453302,2025.58204496388,2025.78356164384,SRR36212302|A/canada_goose/CO/25G02439-001/2025|H5N1|USA-CO|Weld|2025-10-14|wild_avian|D1.1
1245,370,0.223860115503781,-96.3780580470015,45.7443109813669,-97.7433038749048,46.8247969630634,1.29086062653889,1.06700051103511,2025.56518098039,2025.78904109589,SRR36212274|A/Pintail_Duck/ND/25G02720-001-original/2025|H5N1|USA-ND|Unknown|2025-10-16|wild_avian|D1.1
1198,1200,0.128440957235765,-99.7957950214316,34.6749030658823,-96.9502036575088,36.8740840834835,1.29278881737275,1.16434786013699,2025.66252832949,2025.79096928672,NA
1286,359,0.214757588407827,-90.3837297364441,42.4543456424373,-91.0794897886305,42.4182193720749,1.29360035256647,1.07884276415864,2025.57702323351,2025.79178082192,SRR36209083|A/Green-winged_Teal/IA/25G03115-001-original/2025|H5N1|USA-IA|Unknown|2025-10-17|wild_avian|D1.1
1192,433,0.19451468166206,-92.5425599951106,41.3106215512808,-95.0874244892043,34.5246484051759,1.29360035256647,1.09908567090441,2025.59726614026,2025.79178082192,SRR36211957|A/Wild_Goose/OK/25G02530-001-original/2025|H5N1|USA-OK|Unknown|2025-10-17|wild_avian|D1.1
1326,650,0.0862118606668854,-80.713248864506,37.5664198528069,-81.3270034924563,38.7458593568075,1.29360035256647,1.20738849189959,2025.70556896125,2025.79178082192,SRR36211659|A/Black_Vulture/WV/25G03060-003-original/2025|H5N1|USA-WV|Unknown|2025-10-17|wild_avian|D1.1
1260,388,0.215852721675847,-83.2309188271169,41.7247591522619,-83.2160627372148,41.6215532085964,1.29634007859383,1.08048735691798,2025.57866782627,2025.79452054795,SRR36406418|A/northern_shoveler/OH/25G03080-047/2025|H5N1|USA-OH|Ottawa|2025-10-18|wild_avian|D1.1
1193,444,0.314875820783719,-98.8140123360081,42.4815829930781,-99.2765612193563,44.0834233972356,1.29907980462119,0.984203983837467,2025.48238445319,2025.79726027397,SRR36162647|A/Turkey/SD/25G02403-003-original/2025|H5N1|USA-SD|Unknown|2025-10-19|domestic_avian|D1.1
1163,480,0.152774531802153,-112.317909018006,46.4377233412275,-117.565993335087,44.0688826357712,1.29907980462119,1.14630527281903,2025.64448574217,2025.79726027397,SRR36212130|A/Ring-necked_Duck/OR/25G02626-019-original/2025|H5N1|USA-OR|Unknown|2025-10-19|wild_avian|D1.1
815,207,0.710863021787225,-90.9277944861913,36.2101139688616,-90.5968772910965,31.4084744757134,1.30181953064854,0.590956508861318,2025.08913697821,2025.8,SRR36211724|A/Black_Vulture/MS/25G02635-003-original/2025|H5N1|USA-MS|Unknown|2025-10-20|wild_avian|D1.1
924,271,0.476721858894943,-90.5914124885603,34.305834274543,-93.6916132428269,35.6220885850058,1.3045592566759,0.827837397780958,2025.32601786713,2025.80273972603,SRR36211667|A/Black_Vulture/AR/25G03056-001-original/2025|H5N1|USA-AR|Unknown|2025-10-21|wild_avian|D1.1
823,198,0.288111614385913,-76.7171318447032,42.8699629194334,-75.380054208533,39.4956724226933,1.3045592566759,1.01644764228999,2025.51462811164,2025.80273972603,SRR36538387|A/american_crow/NJ/25G04652-002/2025|H5N1|USA-NJ|Salem|2025-10-21|wild_avian|D1.1
1135,506,0.207809582991062,-74.5921528064842,37.3196535781219,-75.4272159602169,39.7199429975341,1.3045592566759,1.09674967368484,2025.59493014304,2025.80273972603,SRR36538388|A/american_crow/NJ/25G04652-001/2025|H5N1|USA-NJ|Salem|2025-10-21|wild_avian|D1.1
1283,364,0.113192306015514,-81.8467851249603,42.638749840534,-86.0132461148585,39.5384183913791,1.3045592566759,1.19136695066039,2025.68954742001,2025.80273972603,SRR36211652|A/canada_goose/IN/25G02680-001/2025|H5N1|USA-IN|Johnson|2025-10-21|wild_avian|D1.1
1321,652,0.48018249284613,-79.2757516820698,39.6833730602518,-82.1692583988109,37.3434308375654,1.30729898270349,0.827116489857356,2025.32529695921,2025.80547945205,SRR36211670|A/Black_Vulture/VA/25G03055-006-original/2025|H5N1|USA-VA|Unknown|2025-10-22|wild_avian|D1.1
1205,453,0.312335755111656,-99.5873759318518,39.2671989735246,-123.018782608228,49.8561561705537,1.30729898270349,0.99496322759183,2025.49314369694,2025.80547945205,EPI_ISL_20258482|A/Barred_Owl/BC/AIVPHL-3767/2025|H5N1|Canada-BC|Unknown|2025-10-22|wild_avian|D1.1
1170,483,0.231422850760614,-121.518145207796,48.4837874661105,-94.1281174856833,39.9283642519257,1.30729898270349,1.07587613194287,2025.57405660129,2025.80547945205,SRR36209114|A/Red-tailed_Hawk/MO/25G02853-005-original/2025|H5N1|USA-MO|Unknown|2025-10-22|wild_avian|D1.1
1239,378,0.205443996618607,-94.8601010981133,42.6942888337139,-92.1882128565286,39.8153191994141,1.30729898270349,1.10185498608488,2025.60003545544,2025.80547945205,SRR36212529|A/Canada_Goose/MO/25G02853-004-original/2025|H5N1|USA-MO|Unknown|2025-10-22|wild_avian|D1.1
1190,440,0.188273831901458,-103.576735786657,38.0152676278666,-113.034908918805,39.438344333792,1.30729898270349,1.11902515080203,2025.61720562015,2025.80547945205,SRR36203374|A/Canada_Goose/UT/25G03448-005-original/2025|H5N1|USA-UT|Unknown|2025-10-22|wild_avian|D1.1
980,536,0.518423241003228,-81.1565565888395,33.7470032358763,-82.4083138187268,32.1069464875502,1.31003870873084,0.791615467727614,2025.28979593708,2025.80821917808,SRR36162703|A/chicken/GA/25G02650-001-original/2025|H5N1|USA-GA|Unknown|2025-10-23|domestic_avian|D1.1
1193,443,0.325834724893376,-98.8140123360081,42.4815829930781,-104.935447641641,41.9828011366675,1.31003870873084,0.984203983837467,2025.48238445319,2025.80821917808,SRR36212527|A/Canada_Goose/WY/25G02891-001-original/2025|H5N1|USA-WY|Unknown|2025-10-23|wild_avian|D1.1
1259,391,0.230876294598764,-84.4424151539536,42.1188492312231,-83.3599830502219,41.5761410136037,1.31003870873084,1.07916241413208,2025.57734288348,2025.80821917808,SRR36406301|A/american_wigeon/OH/25G04131-008/2025|H5N1|USA-OH|Ottawa|2025-10-23|wild_avian|D1.1
1129,445,0.499314932665717,-98.138889532883,39.9871759718897,-86.913895293882,34.4968148352399,1.32099761284027,0.821682680174555,2025.31986314953,2025.81917808219,SRR36203333|A/Canada_Goose/AL/25G03828-001-original/2025|H5N1|USA-AL|Unknown|2025-10-27|wild_avian|D1.1
851,154,0.231965060538891,-84.180328955451,38.3600020403319,-84.5300807366723,38.5038133198147,1.32099761284027,1.08903255230138,2025.58721302165,2025.81917808219,SRR36538272|A/black_vulture/KY/25G04374-002/2025|H5N1|USA-KY|Grant|2025-10-27|wild_avian|D1.1
849,152,0.226817341941446,-74.4641080392653,38.3703377544819,-84.5621436811269,38.6196833131806,1.32099761284027,1.09418027089883,2025.59236074025,2025.81917808219,SRR36538273|A/black_vulture/KY/25G04374-001/2025|H5N1|USA-KY|Grant|2025-10-27|wild_avian|D1.1
1191,431,0.22362229060982,-92.3196194384645,40.9882180996114,-87.4856531771517,32.6297420841957,1.32099761284027,1.09737532223045,2025.59555579158,2025.81917808219,SRR36212524|A/Domestic_Goose/AL/25G03044-002-original/2025|H5N1|USA-AL|Unknown|2025-10-27|domestic_avian|D1.1
1080,297,0.328713791204868,-79.6117199446875,34.4699965144566,-79.6236486516882,34.5486635933034,1.32373733886786,0.99502354766299,2025.49320401701,2025.82191780822,SRR36209096|A/Black_Vulture/SC/25G03063-001-original/2025|H5N1|USA-SC|Unknown|2025-10-28|wild_avian|D1.1
1178,471,0.0958562555370701,-121.214253186713,49.1018890274008,-121.645443971775,48.8417737489912,1.32373733886786,1.22788108333079,2025.72606155268,2025.82191780822,SRR36406354|A/cackling_goose/WA/25G03972-002/2025|H5N1|USA-WA|Whatcom|2025-10-28|wild_avian|D1.1
1207,455,0.136777401589621,-121.019800268178,37.8294126906352,-122.044569020985,38.5338619115121,1.32647706489521,1.18969966330559,2025.68788013266,2025.82465753425,SRR36406399|A/american_green_winged_teal/CA/25G03928-006/2025|H5N1|USA-CA|Yolo|2025-10-29|wild_avian|D1.1
1199,428,0.107878478684661,-94.4256535748213,37.3000209715426,-122.000119833932,38.7349939221788,1.32647706489521,1.21859858621055,2025.71677905556,2025.82465753425,SRR36406410|A/american_wigeon/CA/25G03928-001/2025|H5N1|USA-CA|Yolo|2025-10-29|wild_avian|D1.1
1263,345,0.339128576291286,-97.9696450705419,42.1111025196785,-79.459935725979,41.334203219213,1.32921679092257,0.990088214631286,2025.48826868398,2025.82739726027,SRR36209076|A/Black_Swan/PA/25G03182-002-original/2025|H5N1|USA-PA|Unknown|2025-10-30|wild_avian|D1.1
1158,497,0.235253788951471,-97.0832840592041,41.0671899617236,-83.892286218313,30.2541720894269,1.32921679092257,1.0939630019711,2025.59214347132,2025.82739726027,SRR36209051|A/Muscovy_Duck/FL/25G03354-001-original/2025|H5N1|USA-FL|Unknown|2025-10-30|wild_avian|D1.1
1144,468,0.235149746310115,-114.749247799575,45.7514463245197,-121.120628403344,48.6771691552234,1.32921679092257,1.09406704461246,2025.59224751396,2025.82739726027,SRR36406351|A/cackling_goose/WA/25G03973-001/2025|H5N1|USA-WA|Whatcom|2025-10-30|wild_avian|D1.1
1283,363,0.140589566289543,-81.8467851249603,42.638749840534,-93.2485311601073,45.0580866716886,1.33195651694993,1.19136695066039,2025.68954742001,2025.8301369863,SRR36406409|A/wood_duck/MN/25G04157-001/2025|H5N1|USA-MN|Anoka|2025-10-31|wild_avian|D1.1
1258,392,0.252730404149756,-83.8018829468777,42.0586288005924,-83.3327438573235,41.5362072776391,1.33469624297729,1.08196583882753,2025.58014630818,2025.83287671233,SRR36406415|A/american_green_winged_teal/OH/25G04131-027/2025|H5N1|USA-OH|Ottawa|2025-11-01|wild_avian|D1.1
1169,475,0.221729146612884,-121.990656557983,48.6097586157894,-120.817516108559,48.7866502785281,1.33469624297729,1.1129670963644,2025.61114756572,2025.83287671233,SRR36406349|A/red_tailed_hawk/WA/25G03976-001/2025|H5N1|USA-WA|Whatcom|2025-11-01|wild_avian|D1.1
1165,476,0.262640561096197,-114.278386456764,45.1726253158732,-122.906424758148,54.1041086631012,1.34017569503223,1.07753513393603,2025.57571560329,2025.83835616438,EPI_ISL_20258508|A/Canada_Goose/BC/AIVPHL-3850/2025|H5N1|Canada-BC|Unknown|2025-11-03|wild_avian|D1.1
1267,346,0.26024833216162,-97.4489967711391,40.0862980083599,-84.667088251976,35.2465671818606,1.34017569503223,1.07992736287061,2025.57810783222,2025.83835616438,SRR36162625|A/Red-breasted_Goose/TN/25G03365-002-original/2025|H5N1|USA-TN|Unknown|2025-11-03|wild_avian|D1.1
1186,434,0.271669536423826,-97.5078541686702,38.5897595417282,-106.536622517131,36.8195405943931,1.34291542105959,1.07124588463576,2025.56942635399,2025.84109589041,SRR36203396|A/wild_goose/NM/25G03506-001-original/2025|H5N1|USA-NM|Unknown|2025-11-04|wild_avian|D1.1
1204,451,0.202891181553402,-87.2013821906927,38.6842625240173,-98.264567235494,46.2094312177592,1.34291542105959,1.14002423950618,2025.63820470886,2025.84109589041,SRR36202277|A/Domestic_Cat/ND/25G03436-001-original/2025|H5N1|USA-ND|Unknown|2025-11-04|feline|D1.1
1172,489,0.135692451606343,-118.945950104403,48.2286584898682,-111.446437587764,41.8013878887217,1.34291542105959,1.20722296945324,2025.7054034388,2025.84109589041,SRR36203296|A/Swan/UT/25G03453-001-original/2025|H5N1|USA-UT|Unknown|2025-11-04|wild_avian|D1.1
1133,505,0.274088391180017,-75.0573833026666,38.4217452322218,-75.3465790932396,38.843824653324,1.3483948731143,1.07430648193428,2025.57248695129,2025.84657534247,SRR36202234|A/chicken/DE/25G03562-002-original/2025|H5N1|USA-DE|Unknown|2025-11-06|domestic_avian|D1.1
822,201,0.273414911532323,-72.6125317730741,44.0963901198976,-71.3142355991959,43.0770743024109,1.3483948731143,1.07497996158198,2025.57316043093,2025.84657534247,SRR36202283|A/chicken/NH/25G03769-001-original/2025|H5N1|USA-NH|Unknown|2025-11-06|domestic_avian|D1.1
821,200,0.268343362383509,-79.327904864603,43.9847689005907,-74.9679724446673,44.2704871558623,1.3483948731143,1.08005151073079,2025.57823198008,2025.84657534247,SRR36406342|A/Striped_skunk/NY/25G03988-001/2025|H5N1|USA-NY|St_Lawrence|2025-11-06|other_mammal|D1.1
1177,1179,0.257890330649935,-115.162836359225,45.0713161036313,-113.87482950034,42.8764839079464,1.34994130386183,1.0920509732119,2025.59023144256,2025.84812177321,NA
1135,507,0.25438492545682,-74.5921528064842,37.3196535781219,-77.936539028213,34.2981980663072,1.35113459914166,1.09674967368484,2025.59493014304,2025.84931506849,SRR36538326|A/canada_goose/NC/25G04376-001/2025|H5N1|USA-NC|New_Hanover|2025-11-07|wild_avian|D1.1
1216,421,0.405442020344814,-88.3008736341901,41.677085540338,-87.4807274523298,40.7712699105754,1.35387432516924,0.948432304824429,2025.44661277418,2025.85205479452,SRR36203391|A/wood_duck/IN/25G03805-006/2025|H5N1|USA-IN|Newton|2025-11-08|wild_avian|D1.1
1237,374,0.286312625477311,-98.2004189325543,43.4897004636912,-86.0052020608508,40.1700439144713,1.35387432516924,1.06756169969193,2025.56574216904,2025.85205479452,SRR36538290|A/bald_eagle/IN/25G04807-001/2025|H5N1|USA-IN|Hamilton|2025-11-08|wild_avian|D1.1
1212,447,0.282146465553063,-112.200990294537,38.2737318866094,-95.0433259811771,35.4749556211882,1.35387432516924,1.07172785961618,2025.56990832897,2025.85205479452,SRR36538295|A/american_green_winged_teal/OK/25G04973-021/2025|H5N1|USA-OK|Sequoyah|2025-11-08|wild_avian|D1.1
1199,427,0.13527573895869,-94.4256535748213,37.3000209715426,-95.1527814556531,37.7061111471425,1.35387432516924,1.21859858621055,2025.71677905556,2025.85205479452,SRR36406324|A/gadwall/KS/25G04225-001/2025|H5N1|USA-KS|Neosho|2025-11-08|wild_avian|D1.1
1200,425,0.0610855077964918,-96.9502036575088,36.8740840834835,-95.4358743737205,37.5867448624498,1.35387432516924,1.29278881737275,2025.79096928672,2025.85205479452,SRR36538311|A/gadwall/KS/25G04225-031/2025|H5N1|USA-KS|Neosho|2025-11-08|wild_avian|D1.1
1176,482,0.327594663101918,-113.211920202751,44.3536507088285,-97.4228883895983,45.2688130772048,1.35935377722396,1.03175911412204,2025.52993958347,2025.85753424658,SRR36538310|A/gadwall/SD/25G04284-006/2025|H5N1|USA-SD|Day|2025-11-10|wild_avian|D1.1
1091,317,0.327307816987189,-72.4433775063762,40.7922108230775,-73.221480117896,41.506775047908,1.35935377722396,1.03204596023677,2025.53022642959,2025.85753424658,SRR36203383|A/Black_Vulture/CT/25G03770-001-original/2025|H5N1|USA-CT|Unknown|2025-11-10|wild_avian|D1.1
1281,365,0.286371332483774,-87.7223384474673,41.8805141130479,-95.229624887308,45.1881516346581,1.35935377722396,1.07298244474018,2025.57116291409,2025.85753424658,SRR36406411|A/great_horned_owl/MN/25G04156-001/2025|H5N1|USA-MN|Kandiyohi|2025-11-10|wild_avian|D1.1
1152,492,0.282167046565011,-98.987519129271,41.3622808297967,-82.0024992375654,38.9062485695122,1.35935377722396,1.07718673065895,2025.57536720001,2025.85753424658,SRR36538325|A/canada_goose/WV/25G04377-001/2025|H5N1|USA-WV|Mason|2025-11-10|wild_avian|D1.1
1179,473,0.00941247336212592,-113.87482950034,42.8764839079464,-111.996486918992,42.512017476241,1.35935377722396,1.34994130386183,2025.84812177321,2025.85753424658,SRR36406343|A/trumpeter_swan/ID/25G03984-001/2025|H5N1|USA-ID|Bannock|2025-11-10|wild_avian|D1.1
895,166,0.508251992374135,-91.211167347622,34.8793481978423,-91.7716378623021,15.0404714409065,1.36483322927867,0.856581236904537,2025.35476170626,2025.86301369863,EPI_ISL_20254739|A/chicken/San_Marcos/FLU-383/2025|H5N1|Guatemala-San_Marcos|Unknown|2025-11-12|domestic_avian|D1.1
1123,417,0.41656839550195,-110.669663007945,44.7129844205688,-93.1358493703449,31.2577026834535,1.36483322927867,0.948264833776723,2025.44644530313,2025.86301369863,SRR36538417|A/ross_s_goose/LA/25G04375-002/2025|H5N1|USA-LA|Vernon|2025-11-12|wild_avian|D1.1
1089,311,0.287244438079104,-75.0411438317569,39.2848808719661,-77.2603898031093,39.8354367897077,1.36483322927867,1.07758879119957,2025.57576926055,2025.86301369863,SRR36406338|A/black_vulture/PA/25G03999-001/2025|H5N1|USA-PA|Adams|2025-11-12|wild_avian|D1.1
1157,496,0.269729207943023,-99.871196759368,41.059324752473,-102.102936111877,40.9488429311789,1.36483322927867,1.09510402133565,2025.59328449069,2025.86301369863,SRR36406276|A/snow_goose/CO/25G04393-001/2025|H5N1|USA-CO|Sedgwick|2025-11-12|wild_avian|D1.1
1166,479,0.164283507744827,-120.75427206987,47.8494937389454,-124.479273796072,49.8487740699156,1.36483322927867,1.20054972153385,2025.69873019089,2025.86301369863,EPI_ISL_20258525|A/American_Crow/BC/AIVPHL-3863/2025|H5N1|Canada-BC|Unknown|2025-11-12|wild_avian|D1.1
1175,486,0.124942324593375,-102.082314559234,44.739012964355,-102.114561337034,35.04815748763,1.36483322927867,1.2398909046853,2025.73807137404,2025.86301369863,SRR36538334|A/wild_goose/TX/25G04762-002/2025|H5N1|USA-TX|Randall|2025-11-12|wild_avian|D1.1
1179,472,0.0148919254168407,-113.87482950034,42.8764839079464,-116.067788499649,43.3915856987816,1.36483322927867,1.34994130386183,2025.84812177321,2025.86301369863,SRR36406329|A/trumpeter_swan/ID/25G04021-001/2025|H5N1|USA-ID|Ada|2025-11-12|wild_avian|D1.1
1211,510,0.30207658557254,-111.619822027155,38.578618619359,-121.759139653053,43.4580506161895,1.36757295530603,1.06549636973349,2025.56367683908,2025.86575342466,SRR36406291|A/red_tailed_hawk/OR/25G04260-001/2025|H5N1|USA-OR|Klamath|2025-11-13|wild_avian|D1.1
981,534,0.289600987271702,-82.9626798888711,31.609047256498,-83.596006142131,32.4275609464381,1.36757295530603,1.07797196803433,2025.57615243739,2025.86575342466,SRR36538281|A/black_vulture/GA/25G04368-001/2025|H5N1|USA-GA|Houston|2025-11-13|wild_avian|D1.1
1215,460,0.2833578063914,-108.905227571648,41.0507352420531,-103.128193871959,42.2262482432313,1.36757295530603,1.08421514891463,2025.58239561827,2025.86575342466,SRR36406289|A/canada_goose/NE/25G04294-001/2025|H5N1|USA-NE|Box_Butte|2025-11-13|wild_avian|D1.1
1251,381,0.272409483495034,-88.0316411560178,43.9064019684527,-88.1798683640202,44.8886583350892,1.36757295530603,1.095163471811,2025.59334394116,2025.86575342466,SRR36582225|A/mallard_duck/WI/25G04982-005/2025|H5N1|USA-WI|Oconto|2025-11-13|wild_avian|D1.1
1172,488,0.160349985852787,-118.945950104403,48.2286584898682,-121.260123047159,42.0023236013338,1.36757295530603,1.20722296945324,2025.7054034388,2025.86575342466,SRR36406292|A/red_tailed_hawk/OR/25G04259-001/2025|H5N1|USA-OR|Klamath|2025-11-13|wild_avian|D1.1
1202,452,0.296449384753479,-89.949886459352,38.7331215171569,-93.3124832495622,44.453979525876,1.37031268133362,1.07386329658014,2025.57204376593,2025.86849315069,SRR36406424|A/trumpeter_swan/MN/25G04483-001/2025|H5N1|USA-MN|Rice|2025-11-14|wild_avian|D1.1
1145,467,0.29946157999515,-119.618587841021,44.7546382899875,-110.965794216766,42.2756450158262,1.37305240736097,1.07359082736582,2025.57177129672,2025.87123287671,SRR36406282|A/trumpeter_swan/WY/25G04344-002/2025|H5N1|USA-WY|Lincoln|2025-11-15|wild_avian|D1.1
1197,424,0.279765968895942,-99.5596338083562,34.9955315186176,-110.709277282499,43.2096051355589,1.37305240736097,1.09328643846503,2025.59146690782,2025.87123287671,SRR36406281|A/trumpeter_swan/WY/25G04344-003/2025|H5N1|USA-WY|Lincoln|2025-11-15|wild_avian|D1.1
1217,422,0.389747213264626,-82.0126269655445,40.6890655002363,-83.1099622952297,41.5661818585582,1.37579213338833,0.986044920123704,2025.48422538948,2025.87397260274,SRR36538390|A/american_black_duck/OH/25G04930-025/2025|H5N1|USA-OH|Ottawa|2025-11-16|wild_avian|D1.1
1187,437,0.301863518887753,-97.6071778292004,37.7251773428773,-89.0911579022853,38.3321856034158,1.37579213338833,1.07392861450058,2025.57210908385,2025.87397260274,SRR36406371|A/canvasback_duck/IL/25G04631-002/2025|H5N1|USA-IL|Jefferson|2025-11-16|wild_avian|D1.1
1203,449,0.308551784619914,-89.2000214468374,38.3850184033096,-89.4936341714466,38.5506580957682,1.37853185941569,1.06998007479577,2025.56816054415,2025.87671232877,SRR36406429|A/mallard_duck/IL/25G04430-008/2025|H5N1|USA-IL|Clinton|2025-11-17|wild_avian|D1.1
1208,457,0.192954812887063,-95.0018378340283,31.0518334014795,-81.772603037255,26.7091227328425,1.37853185941569,1.18557704652862,2025.68375751588,2025.87671232877,SRR36406277|A/Fish_crow/FL/25G04379-001/2025|H5N1|USA-FL|Lee|2025-11-17|wild_avian|D1.1
1273,349,0.309960236754938,-102.156310445656,40.9863560076358,-105.930561177388,40.6701713172943,1.38127158544304,1.07131134868811,2025.56949181804,2025.87945205479,SRR36538318|A/canada_goose/CO/25G04853-001/2025|H5N1|USA-CO|Larimer|2025-11-18|wild_avian|D1.1
1267,347,0.301344222572435,-97.4489967711391,40.0862980083599,-101.700858841182,35.562743150401,1.38127158544304,1.07992736287061,2025.57810783222,2025.87945205479,SRR36538338|A/wild_goose/TX/25G04760-001/2025|H5N1|USA-TX|Potter|2025-11-18|wild_avian|D1.1
1166,478,0.180721863909199,-120.75427206987,47.8494937389454,-121.310700939528,48.2584463979607,1.38127158544305,1.20054972153385,2025.69873019089,2025.87945205479,SRR36538351|A/trumpeter_swan/WA/25G04846-002/2025|H5N1|USA-WA|Snohomish|2025-11-18|wild_avian|D1.1
773,22,1.05241676455404,-82.3787584923328,37.9337319652572,-80.0225068126455,32.8553341439056,1.38675103749799,0.334334272943945,2024.8325147423,2025.88493150685,SRR36582238|A/Black_vulture/SC/25G05160-001/2025|H5N1|USA-SC|Charleston|2025-11-20|wild_avian|D1.1
924,272,0.558913639717029,-90.5914124885603,34.305834274543,-94.0800702178275,35.9122072564405,1.38675103749799,0.827837397780958,2025.32601786713,2025.88493150685,SRR36538271|A/black_vulture/AR/25G04946-001/2025|H5N1|USA-AR|Washington|2025-11-20|wild_avian|D1.1
1213,430,0.309260097826546,-114.200195481098,38.6284187049312,-121.935373866361,37.9747193763193,1.38675103749799,1.07749093967144,2025.57567140902,2025.88493150685,SRR36538343|A/western_gull/CA/25G04840-001/2025|H5N1|USA-CA|Contra_Costa|2025-11-20|wild_avian|D1.1
1128,415,0.294864147303354,-115.425095609157,43.2705147046762,-97.244444574119,35.2066651071657,1.38675103749799,1.09188689019463,2025.59006735955,2025.88493150685,SRR36538357|A/snow_goose/OK/25G05185-001/2025|H5N1|USA-OK|Cleveland|2025-11-20|wild_avian|D1.1
1207,454,0.197051374192393,-121.019800268178,37.8294126906352,-121.450404136652,38.4351294693828,1.38675103749799,1.18969966330559,2025.68788013266,2025.88493150685,SRR36538375|A/red_tailed_hawk/CA/25G04838-002/2025|H5N1|USA-CA|Sacramento|2025-11-20|wild_avian|D1.1
1175,485,0.146860132812689,-102.082314559234,44.739012964355,-99.2688412830797,45.8355365096344,1.38675103749799,1.2398909046853,2025.73807137404,2025.88493150685,SRR36538363|A/ross_s_goose/SD/25G04635-003/2025|H5N1|USA-SD|McPherson|2025-11-20|wild_avian|D1.1
1159,499,0.298322093667152,-91.5526761596896,44.4185585942841,-92.6091801519004,45.6847802908607,1.38949076352534,1.09116866985819,2025.58934913921,2025.88767123288,SRR36582215|A/ring_necked_duck/WI/25G05226-008/2025|H5N1|USA-WI|Burnet|2025-11-21|wild_avian|D1.1
1122,420,0.445080467809309,-110.940717098426,44.7600394030263,-76.9869623265692,37.1625035421589,1.3922304895527,0.947150021743393,2025.44533049109,2025.8904109589,SRR36582245|A/american_green_winged_teal/VA/25G05021-005/2025|H5N1|USA-VA|Surry|2025-11-22|wild_avian|D1.1
1202,448,0.318367192972566,-89.949886459352,38.7331215171569,-81.4650017353738,31.6085664612739,1.3922304895527,1.07386329658014,2025.57204376593,2025.8904109589,SRR36582243|A/american_green_winged_teal/GA/25G05285-010/2025|H5N1|USA-GA|McIntosh|2025-11-22|wild_avian|D1.1
1151,494,0.314399856850728,-98.8450224841246,41.4200048354176,-81.6259663692484,28.8944055879924,1.3922304895527,1.07783063270197,2025.57601110205,2025.8904109589,SRR36538366|A/ring_necked_duck/FL/25G04963-061/2025|H5N1|USA-FL|Lake|2025-11-22|wild_avian|D1.1
1173,484,0.287534392170021,-120.438513327293,47.4427165017155,-76.558607704106,36.7101693073379,1.3922304895527,1.10469609738268,2025.60287656673,2025.8904109589,SRR36538305|A/greater_scaup/VA/25G04885-001/2025|H5N1|USA-VA|Suffolk|2025-11-22|wild_avian|D1.1
1160,502,0.388472586789053,-99.3526599203364,41.8423273353189,-94.263685958734,39.3682616665242,1.39770994160742,1.00923735481836,2025.50741782417,2025.89589041096,SRR36538359|A/snow_goose/MO/25G04856-004/2025|H5N1|USA-MO|Clay|2025-11-24|wild_avian|D1.1
1285,358,0.32229701646959,-88.8337363426565,42.2619997333289,-85.7279297539091,43.464445064689,1.39770994160742,1.07541292513783,2025.57359339449,2025.89589041096,SRR36538286|A/bald_eagle/MI/25G04925-005/2025|H5N1|USA-MI|Newaygo|2025-11-24|wild_avian|D1.1
1258,393,0.315744102779885,-83.8018829468777,42.0586288005924,-84.2740274695638,43.4490302025816,1.39770994160742,1.08196583882753,2025.58014630818,2025.89589041096,SRR36538288|A/bald_eagle/MI/25G04925-001/2025|H5N1|USA-MI|Saginaw|2025-11-24|wild_avian|D1.1
1200,426,0.104921124234665,-96.9502036575088,36.8740840834835,-90.1946871405479,38.6041557144705,1.39770994160742,1.29278881737275,2025.79096928672,2025.89589041096,SRR36538302|A/mallard_duck/MO/25G04856-003/2025|H5N1|USA-MO|St_Louis|2025-11-24|wild_avian|D1.1
1186,436,0.32920378299924,-97.5078541686702,38.5897595417282,-80.5041460756925,33.7373124030581,1.400449667635,1.07124588463576,2025.56942635399,2025.89863013699,SRR36582221|A/Mute_swan/SC/25G05056-001/2025|H5N1|USA-SC|Sumter|2025-11-25|wild_avian|D1.1
822,202,0.325469706053023,-72.6125317730741,44.0963901198976,-68.5721532504527,44.9138405696615,1.400449667635,1.07497996158198,2025.57316043093,2025.89863013699,SRR36538185|A/Domestic_goose/ME/25G04880-003/2025|H5N1|USA-ME|Penobscot|2025-11-25|domestic_avian|D1.1
1154,501,0.320294749082979,-98.9327061962478,41.1859704829208,-68.5331728034397,45.6631815413654,1.400449667635,1.08015491855202,2025.5783353879,2025.89863013699,SRR36538193|A/Domestic_chicken/ME/25G05080-001/2025|H5N1|USA-ME|Penobscot|2025-11-25|domestic_avian|D1.1
827,195,0.299233636808096,-78.5274186670883,43.6959796843943,-76.7451160737139,42.1586789915431,1.400449667635,1.1012160308269,2025.59939650018,2025.89863013699,SRR36538317|A/canada_goose/NY/25G04881-001/2025|H5N1|USA-NY|Chemung|2025-11-25|wild_avian|D1.1
1174,487,0.207222590462335,-105.171819614519,48.5263919409525,-105.075790969965,48.1075431986833,1.400449667635,1.19322707717267,2025.69140754652,2025.89863013699,SRR36582231|A/canada_goose/MT/25G05375-001/2025|H5N1|USA-MT|Roosevelt|2025-11-25|wild_avian|D1.1
1180,504,0.435818283202411,-99.9131589699632,40.6240772558825,-81.4005542248781,19.388016581421,1.40592911968972,0.970110836487305,2025.46829130584,2025.90410958904,EPI_ISL_20261049|H5N1/chicken/CaymanIslands/25AIV50/2025|H5N1|CaymanIslands|Unknown|2025-11-27|domestic_avian|D1.1
1204,450,0.265904880183531,-87.2013821906927,38.6842625240173,-78.0529038978616,35.4181540958664,1.40592911968972,1.14002423950618,2025.63820470886,2025.90410958904,SRR36538195|A/Domestic_turkey/NC/25G05083-001/2025|H5N1|USA-NC|Wayne|2025-11-27|domestic_avian|D1.1
1132,509,0.335651010312547,-73.9027326308628,37.9026141141131,-74.6101101518255,40.1359284460554,1.40866884571707,1.07301783540453,2025.57119830476,2025.90684931507,SRR36582240|A/Bald_eagle/NJ/25G05298-001/2025|H5N1|USA-NJ|Burlington|2025-11-28|wild_avian|D1.1
1134,508,0.331443492293527,-73.9301350182577,37.4970529550656,-85.2300152663607,31.7571124167766,1.41140857174443,1.0799650794509,2025.5781455488,2025.9095890411,SRR36582196|A/Wood_duck/AL/25G05286-007/2025|H5N1|USA-AL|Barbour|2025-11-29|wild_avian|D1.1
1190,439,0.295123146969761,-103.576735786657,38.0152676278666,-97.3702731532724,40.9601515045281,1.41414829777179,1.11902515080203,2025.61720562015,2025.91232876712,SRR36582209|A/snow_goose/NE/25G05292-001/2025|H5N1|USA-NE|York|2025-11-30|wild_avian|D1.1
1249,380,0.406344104851804,-98.3174047853668,47.7607361803853,-96.1350634137222,41.1497822295938,1.41688802379937,1.01054391894757,2025.5087243883,2025.91506849315,SRR36582207|A/snow_goose/NE/25G05294-001/2025|H5N1|USA-NE|Sarpy|2025-12-01|wild_avian|D1.1
1151,493,0.3390573910974,-98.8450224841246,41.4200048354176,-98.6046846087134,40.4809865907021,1.41688802379937,1.07783063270197,2025.57601110205,2025.91506849315,SRR36582206|A/snow_goose/NE/25G05295-001/2025|H5N1|USA-NE|Adams|2025-12-01|wild_avian|D1.1
1156,498,0.329911558531305,-98.5621129717909,40.3805535005849,-101.99289733263,33.4931405834582,1.41688802379937,1.08697646526807,2025.58515693462,2025.91506849315,SRR36582197|A/wild_goose/TX/25G05380-001/2025|H5N1|USA-TX|Lubbock|2025-12-01|wild_avian|D1.1
1163,481,0.27058275098034,-112.317909018006,46.4377233412275,-110.897450468856,45.7455719409999,1.41688802379937,1.14630527281903,2025.64448574217,2025.91506849315,SRR36582205|A/snow_goose/MT/25G05372-001/2025|H5N1|USA-MT|Gallatin|2025-12-01|wild_avian|D1.1
1140,469,0.421795695981571,-101.292225185713,41.0548174767611,-95.0628801455335,29.2548718203351,1.41962774982673,0.99783205384516,2025.4960125232,2025.91780821918,SRR36582198|A/Wild_duck/TX/25G05240-001/2025|H5N1|USA-TX|Galveston|2025-12-02|wild_avian|D1.1
1158,495,0.325664747855629,-97.0832840592041,41.0671899617236,-96.4574356396842,39.1634903612605,1.41962774982673,1.0939630019711,2025.59214347132,2025.91780821918,SRR36582213|A/snow_goose/KS/25G05234-001/2025|H5N1|USA-KS|Riley|2025-12-02|wild_avian|D1.1
1157,490,0.32452372849108,-99.871196759368,41.059324752473,-89.5828380070631,43.6558687681156,1.41962774982673,1.09510402133565,2025.59328449069,2025.91780821918,SRR36538194|A/peafowl/WI/25G05091-001/2025|H5N1|USA-WI|Marquette|2025-12-02|wild_avian|D1.1
1209,458,0.440514252052896,-97.7278043341118,39.6027436364271,-93.682032881484,41.8842204649102,1.42236747585409,0.981853223801191,2025.48003369315,2025.92054794521,SRR36538358|A/snow_goose/IA/25G05071-001/2025|H5N1|USA-IA|Story|2025-12-03|wild_avian|D1.1
1164,477,0.353291649891876,-113.154252515713,44.8308226192015,-122.979990086867,48.6639926460477,1.4278469279088,1.07455527801693,2025.57273574737,2025.92602739726,SRR36582220|A/Raccoon/WA/25G05425-001/2025|H5N1|USA-WA|San_Juan|2025-12-05|other_mammal|D1.1
